200.0 0.0 0.0 0.0 0.0 0.0
201.0 0.0 0.0 0.0 0.0 0.0
202.0 0.0 0.0 0.0 0.0 0.0
203.0 0.0 0.0 0.0 0.0 0.0
204.0 0.0 0.0 0.0 0.0 0.0
205.0 0.0 0.0 0.0 0.0 0.0
206.0 0.0 0.0 0.0 0.0 0.0
207.0 0.0 0.0 0.0 0.0 0.0
208.0 0.0 0.0 0.0 0.0 0.0
209.0 0.0 0.0 0.0 0.0 0.0
210.0 0.0 0.0 0.0 0.0 0.0
211.0 0.0 0.0 0.0 0.0 0.0
212.0 0.0 0.0 0.0 0.0 0.0
213.0 0.0 0.0 0.0 0.0 0.0
214.0 0.0 0.0 0.0 0.0 0.0
215.0 0.0 0.0 0.0 0.0 0.0
216.0 0.0 0.0 0.0 0.0 0.0
217.0 0.0 0.0 0.0 0.0 0.0
218.0 0.0 0.0 0.0 0.0 0.0
219.0 0.0 0.0 0.0 0.0 0.0
220.0 0.0 0.0 0.0 0.0 0.0
221.0 0.0 0.0 0.0 0.0 0.0
222.0 0.0 0.0 0.0 0.0 0.0
223.0 0.0 0.0 0.0 0.0 0.0
224.0 0.0 0.0 0.0 0.0 0.0
225.0 0.0 0.0 0.0 0.0 0.0
226.0 0.0 0.0 0.0 0.0 0.0
227.0 0.0 0.0 0.0 0.0 0.0
228.0 0.0 0.0 0.0 0.0 0.0
229.0 0.0 0.0 0.0 0.0 0.0
230.0 0.0 0.0 0.0 0.0 0.0
231.0 0.0 0.0 0.0 0.0 0.0
232.0 0.0 0.0 0.0 0.0 0.0
233.0 0.0 0.0 0.0 0.0 0.0
234.0 0.0 0.0 0.0 0.0 0.0
235.0 0.0 0.0 0.0 0.0 0.0
236.0 0.0 0.0 0.0 0.0 0.0
237.0 0.0 0.0 0.0 0.0 0.0
238.0 0.0 0.0 0.0 0.0 0.0
239.0 0.0 0.0 0.0 0.0 0.0
240.0 0.0 0.0 0.0 0.0 0.0
241.0 0.0 0.0 0.0 0.0 0.0
242.0 0.0 0.0 0.0 0.0 0.0
243.0 0.0 0.0 0.0 0.0 0.0
244.0 0.0 0.0 0.0 0.0 0.0
245.0 0.0 0.0 0.0 0.0 0.0
246.0 0.0 0.0 0.0 0.0 0.0
247.0 0.0 0.0 0.0 0.0 0.0
248.0 0.0 0.0 0.0 0.0 0.0
249.0 0.0 0.0 0.0 0.0 0.0
250.0 0.0 0.0 0.0 0.0 0.0
251.0 0.0 0.0 0.0 0.0 0.0
252.0 0.0 0.0 0.0 0.0 0.0
253.0 0.0 0.0 0.0 0.0 0.0
254.0 0.0 0.0 0.0 0.0 0.0
255.0 0.0 0.0 0.0 0.0 0.0
256.0 0.0 0.0 0.0 0.0 0.0
257.0 0.0 0.0 0.0 0.0 0.0
258.0 0.0 0.0 0.0 0.0 0.0
259.0 0.0 0.0 0.0 0.0 0.0
260.0 0.0 0.0 0.0 0.0 0.0
261.0 0.0 0.0 0.0 0.0 0.0
262.0 0.0 0.0 0.0 0.0 0.0
263.0 0.0 0.0 0.0 0.0 0.0
264.0 0.0 0.0 0.0 0.0 0.0
265.0 0.0 0.0 0.0 0.0 0.0
266.0 0.0 0.0 0.0 0.0 0.0
267.0 0.0 0.0 0.0 0.0 0.0
268.0 0.0 0.0 0.0 0.0 0.0
269.0 0.0 0.0 0.0 0.0 0.0
270.0 0.0 0.0 0.0 0.0 0.0
271.0 0.0 0.0 0.0 0.0 0.0
272.0 0.0 0.0 0.0 0.0 0.0
273.0 0.0 0.0 0.0 0.0 0.0
274.0 0.0 0.0 0.0 0.0 0.0
275.0 0.0 0.0 0.0 0.0 0.0
276.0 0.0 0.0 0.0 0.0 0.0
277.0 0.0 0.0 0.0 0.0 0.0
278.0 0.0 0.0 0.0 0.0 0.0
279.0 0.0 0.0 0.0 0.0 0.0
280.0 0.0 0.0 0.0 0.0 0.0
281.0 0.0 0.0 0.0 0.0 0.0
282.0 0.0 0.0 0.0 0.0 0.0
283.0 0.0 0.0 0.0 0.0 0.0
284.0 0.0 0.0 0.0 0.0 0.0
285.0 0.0 0.0 0.0 0.0 0.0
286.0 0.0 0.0 0.0 0.0 0.0
287.0 0.0 0.0 0.0 0.0 0.0
288.0 0.0 0.0 0.0 0.0 0.0
289.0 0.0 0.0 0.0 0.0 0.0
290.0 0.0 0.0 0.0 0.0 0.0
291.0 0.0 0.0 0.0 0.0 0.0
292.0 0.0 0.0 0.0 0.0 0.0
293.0 0.0 0.0 0.0 0.0 0.0
294.0 0.0 0.0 0.0 0.0 0.0
295.0 0.0 0.0 0.0 0.0 0.0
296.0 0.0 0.0 0.0 0.0 0.0
297.0 0.0 0.0 0.0 0.0 0.0
298.0 0.0 0.0 0.0 0.0 0.0
299.0 0.0 0.0 0.0 0.0 0.0
300.0 0.0 0.0 0.0 0.0 0.0
301.0 0.0 0.0 0.0 0.0 0.0
302.0 0.0 0.0 0.0 0.0 0.0
303.0 0.0 0.0 0.0 0.0 0.0
304.0 0.0 0.0 0.0 0.0 0.0
305.0 0.0 0.0 0.0 0.0 0.0
306.0 0.0 0.0 0.0 0.0 0.0
307.0 0.0 0.0 0.0 0.0 0.0
308.0 0.0 0.0 0.0 0.0 0.0
309.0 0.0 0.0 0.0 0.0 0.0
310.0 0.0 0.0 0.0 0.0 0.0
311.0 0.0 0.0 0.0 0.0 0.0
312.0 0.0 0.0 0.0 0.0 0.0
313.0 0.0 0.0 0.0 0.0 0.0
314.0 0.0 0.0 0.0 0.0 0.0
315.0 0.0 0.0 0.0 0.0 0.0
316.0 0.0 0.0 0.0 0.0 0.0
317.0 0.0 0.0 0.0 0.0 0.0
318.0 0.0 0.0 0.0 0.0 0.0
319.0 0.0 0.0 0.0 0.0 0.0
320.0 0.0 0.0 0.0 0.0 0.0
321.0 0.0 0.0 0.0 0.0 0.0
322.0 0.0 0.0 0.0 0.0 0.0
323.0 0.0 0.0 0.0 0.0 0.0
324.0 0.0 0.0 0.0 0.0 0.0
325.0 0.0 0.0 0.0 0.0 0.0
326.0 0.0 0.0 0.0 0.0 0.0
327.0 0.0 0.0 0.0 0.0 0.0
328.0 0.0 0.0 0.0 0.0 0.0
329.0 0.0 0.0 0.0 0.0 0.0
330.0 0.0 0.0 0.0 0.0 0.0
331.0 0.0 0.0 0.0 0.0 0.0
332.0 0.0 0.0 0.0 0.0 0.0
333.0 0.0 0.0 0.0 0.0 0.0
334.0 0.0 0.0 0.0 0.0 0.0
335.0 0.0 0.0 0.0 0.0 0.0
336.0 0.0 0.0 0.0 0.0 0.0
337.0 0.0 0.0 0.0 0.0 0.0
338.0 0.0 0.0 0.0 0.0 0.0
339.0 0.0 0.0 0.0 0.0 0.0
340.0 0.0 0.0 0.0 0.0 0.0
341.0 0.0 0.0 0.0 0.0 0.0
342.0 0.0 0.0 0.0 0.0 0.0
343.0 0.0 0.0 0.0 0.0 0.0
344.0 0.0 0.0 0.0 0.0 0.0
345.0 0.0 0.0 0.0 0.0 0.0
346.0 0.0 0.0 0.0 0.0 0.0
347.0 0.0 0.0 0.0 0.0 0.0
348.0 0.0 0.0 0.0 0.0 0.0
349.0 0.0 0.0 0.0 0.0 0.0
350.0 0.0 0.0 0.0 0.0 0.0
351.0 0.0 0.0 0.0 0.0 0.0
352.0 0.0 0.0 0.0 0.0 0.0
353.0 0.0 0.0 0.0 0.0 0.0
354.0 0.0 0.0 0.0 0.0 0.0
355.0 0.0 0.0 0.0 0.0 0.0
356.0 0.0 0.0 0.0 0.0 0.0
357.0 0.0 0.0 0.0 0.0 0.0
358.0 0.0 0.0 0.0 0.0 0.0
359.0 0.0 0.0 0.0 0.0 0.0
360.0 0.0 0.0 0.0 0.0 0.0
361.0 0.0 0.0 0.0 0.0 0.0
362.0 0.0 0.0 0.0 0.0 0.0
363.0 0.0 0.0 0.0 0.0 0.0
364.0 0.0 0.0 0.0 0.0 0.0
365.0 0.0 0.0 0.0 0.0 0.0
366.0 0.0 0.0 0.0 0.0 0.0
367.0 0.0 0.0 0.0 0.0 0.0
368.0 0.0 0.0 0.0 0.0 0.0
369.0 0.0 0.0 0.0 0.0 0.0
370.0 0.0 0.0 0.0 0.0 0.0
371.0 0.0 0.0 0.0 0.0 0.0
372.0 0.0 0.0 0.0 0.0 0.0
373.0 0.0 0.0 0.0 0.0 0.0
374.0 0.0 0.0 0.0 0.0 0.0
375.0 0.0 0.0 0.0 0.0 0.0
376.0 0.0 0.0 0.0 0.0 0.0
377.0 0.0 0.0 0.0 0.0 0.0
378.0 0.0 0.0 0.0 0.0 0.0
379.0 0.0 0.0 0.0 0.0 0.0
380.0 0.0 0.0 0.0 0.0 0.0
381.0 0.0 0.0 0.0 0.0 0.0
382.0 0.0 0.0 0.0 0.0 0.0
383.0 0.0 0.0 0.0 0.0 0.0
384.0 0.0 0.0 0.0 0.0 0.0
385.0 0.0 0.0 0.0 0.0 0.0
386.0 0.0 0.0 0.0 0.0 0.0
387.0 0.0 0.0 0.0 0.0 0.0
388.0 0.0 0.0 0.0 0.0 0.0
389.0 0.0 0.0 0.0 0.0 0.0
390.0 0.0 0.0 0.0 0.0 0.0
391.0 0.0 0.0 0.0 0.0 0.0
392.0 0.0 0.0 0.0 0.0 0.0
393.0 0.0 0.0 0.0 0.0 0.0
394.0 0.0 0.0 0.0 0.0 0.0
395.0 0.0 0.0 0.0 0.0 0.0
396.0 0.0 0.0 0.0 0.0 0.0
397.0 0.0 0.0 0.0 0.0 0.0
398.0 0.0 0.0 0.0 0.0 0.0
399.0 0.0 0.0 0.0 0.0 0.0
400.0 0.0 0.0 0.0 0.0 0.0
401.0 0.0 0.0 0.0 0.0 0.0
402.0 0.0 0.0 0.0 0.0 0.0
403.0 0.0 0.0 0.0 0.0 0.0
404.0 0.0 0.0 0.0 0.0 0.0
405.0 0.0 0.0 0.0 0.0 0.0
406.0 0.0 0.0 0.0 0.0 0.0
407.0 0.0 0.0 0.0 0.0 0.0
408.0 0.0 0.0 0.0 0.0 0.0
409.0 0.0 0.0 0.0 0.0 0.0
410.0 0.0 0.0 0.0 0.0 0.0
411.0 0.0 0.0 0.0 0.0 0.0
412.0 0.0 0.0 0.0 0.0 0.0
413.0 0.0 0.0 0.0 0.0 0.0
414.0 0.0 0.0 0.0 0.0 0.0
415.0 0.0 0.0 0.0 0.0 0.0
416.0 0.0 0.0 0.0 0.0 0.0
417.0 0.0 0.0 0.0 0.0 0.0
418.0 0.0 0.0 0.0 0.0 0.0
419.0 0.0 0.0 0.0 0.0 0.0
420.0 0.0 0.0 0.0 0.0 0.0
421.0 0.0 0.0 0.0 0.0 0.0
422.0 0.0 0.0 0.0 0.0 0.0
423.0 0.0 0.0 0.0 0.0 0.0
424.0 0.0 0.0 0.0 0.0 0.0
425.0 0.0 0.0 0.0 0.0 0.0
426.0 0.0 0.0 0.0 0.0 0.0
427.0 0.0 0.0 0.0 0.0 0.0
428.0 0.0 0.0 0.0 0.0 0.0
429.0 0.0 0.0 0.0 0.0 0.0
430.0 0.0 0.0 0.0 0.0 0.0
431.0 0.0 0.0 0.0 0.0 0.0
432.0 0.0 0.0 0.0 0.0 0.0
433.0 0.0 0.0 0.0 0.0 0.0
434.0 0.0 0.0 0.0 0.0 0.0
435.0 0.0 0.0 0.0 0.0 0.0
436.0 0.0 0.0 0.0 0.0 0.0
437.0 0.0 0.0 0.0 0.0 0.0
438.0 0.0 0.0 0.0 0.0 0.0
439.0 0.0 0.0 0.0 0.0 0.0
440.0 0.0 0.0 0.0 0.0 0.0
441.0 0.0 0.0 0.0 0.0 0.0
442.0 0.0 0.0 0.0 0.0 0.0
443.0 0.0 0.0 0.0 0.0 0.0
444.0 0.0 0.0 0.0 0.0 0.0
445.0 0.0 0.0 0.0 0.0 0.0
446.0 0.0 0.0 0.0 0.0 0.0
447.0 0.0 0.0 0.0 0.0 0.0
448.0 0.0 0.0 0.0 0.0 0.0
449.0 0.0 0.0 0.0 0.0 0.0
450.0 0.0 0.0 0.0 0.0 0.0
451.0 0.0 0.0 0.0 0.0 0.0
452.0 0.0 0.0 0.0 0.0 0.0
453.0 0.0 0.0 0.0 0.0 0.0
454.0 0.0 0.0 0.0 0.0 0.0
455.0 0.0 0.0 0.0 0.0 0.0
456.0 0.0 0.0 0.0 0.0 0.0
457.0 0.0 0.0 0.0 0.0 0.0
458.0 0.0 0.0 0.0 0.0 0.0
459.0 0.0 0.0 0.0 0.0 0.0
460.0 0.0 0.0 0.0 0.0 0.0
461.0 0.0 0.0 0.0 0.0 0.0
462.0 0.0 0.0 0.0 0.0 0.0
463.0 0.0 0.0 0.0 0.0 0.0
464.0 0.0 0.0 0.0 0.0 0.0
465.0 0.0 0.0 0.0 0.0 0.0
466.0 0.0 0.0 0.0 0.0 0.0
467.0 0.0 0.0 0.0 0.0 0.0
468.0 0.0 0.0 0.0 0.0 0.0
469.0 0.0 0.0 0.0 0.0 0.0
470.0 0.0 0.0 0.0 0.0 0.0
471.0 0.0 0.0 0.0 0.0 0.0
472.0 0.0 0.0 0.0 0.0 0.0
473.0 0.0 0.0 0.0 0.0 0.0
474.0 0.0 0.0 0.0 0.0 0.0
475.0 0.0 0.0 0.0 0.0 0.0
476.0 0.0 0.0 0.0 0.0 0.0
477.0 0.0 0.0 0.0 0.0 0.0
478.0 0.0 0.0 0.0 0.0 0.0
479.0 0.0 0.0 0.0 0.0 0.0
480.0 0.0 0.0 0.0 0.0 0.0
481.0 0.0 0.0 0.0 0.0 0.0
482.0 0.0 0.0 0.0 0.0 0.0
483.0 0.0 0.0 0.0 0.0 0.0
484.0 0.0 0.0 0.0 0.0 0.0
485.0 0.0 0.0 0.0 0.0 0.0
486.0 0.0 0.0 0.0 0.0 0.0
487.0 0.0 0.0 0.0 0.0 0.0
488.0 0.0 0.0 0.0 0.0 0.0
489.0 0.0 0.0 0.0 0.0 0.0
490.0 0.0 0.0 0.0 0.0 0.0
491.0 0.0 0.0 0.0 0.0 0.0
492.0 0.0 0.0 0.0 0.0 0.0
493.0 0.0 0.0 0.0 0.0 0.0
494.0 0.0 0.0 0.0 0.0 0.0
495.0 0.0 0.0 0.0 0.0 0.0
496.0 0.0 0.0 0.0 0.0 0.0
497.0 1.0265341954082156e-16 8.055074854344428e-18 1.1661568378756091e-20 5.625996205865975e-59 2.9250444318397045e-19
498.0 1.0261159235534675e-16 8.093047184162073e-18 1.1871371227609488e-20 6.964923727033599e-59 2.9584647516530167e-19
499.0 1.0256972242436553e-16 8.131027228124394e-18 1.208405820399055e-20 8.615107901354684e-59 2.9921240387532373e-19
500.0 1.0252781004515489e-16 8.169014440885673e-18 1.2299654779564013e-20 1.0647183499732011e-58 3.0260226424286943e-19
501.0 1.0248585550961833e-16 8.207008279932836e-18 1.2518186477672597e-20 1.3147422978703232e-58 3.0601609036682647e-19
502.0 1.0244385910422607e-16 8.245008205567322e-18 1.2739678871819542e-20 1.622111149300083e-58 3.09453915516405e-19
503.0 1.0240182111002415e-16 8.283013680892169e-18 1.2964157584154426e-20 1.9996631484234636e-58 3.129157721316475e-19
504.0 1.0235974180258497e-16 8.321024171794177e-18 1.3191648283947355e-20 2.463040205312541e-58 3.1640169182380503e-19
505.0 1.0231762145198747e-16 8.359039146928112e-18 1.3422176686062158e-20 3.031284722029327e-58 3.199117053758396e-19
506.0 2.045509206456331e-16 1.6794116155404585e-17 2.731153709885558e-20 7.455120333082105e-58 6.468916854860474e-19
507.0 2.044665173482104e-16 1.6870160876518293e-17 2.778489935099593e-20 9.160040731000622e-58 6.540082661067932e-19
508.0 2.0438203351867836e-16 1.6946211410921503e-17 2.8264491813430306e-20 1.1245714772925701e-57 6.611732092169107e-19
509.0 2.0429746965285665e-16 1.70222667177425e-17 2.875036624993179e-20 1.3795127426955137e-57 6.683865697675378e-19
510.0 3.0631923935299074e-16 2.564748864221386e-17 4.3863861750091833e-20 2.536335407971167e-57 1.0134726015887505e-18
511.0 3.061921556091961e-16 2.576158126793088e-17 4.461175271411299e-20 3.106343643732916e-57 1.0244381321149391e-18
512.0 3.060649539409511e-16 2.5875676416455037e-17 4.536930023970663e-20 3.801433950209095e-57 1.0354765212353686e-18
513.0 4.0791684669912085e-16 3.465303007783245e-17 6.151544319909493e-20 6.197853247902731e-57 1.3954504553152823e-18
514.0 4.0774693269112505e-16 3.480515756281814e-17 6.255156981388355e-20 7.572783572718861e-57 1.4103628839169109e-18
515.0 5.094710801079668e-16 4.3696602906467344e-17 7.950110563458764e-20 1.1556889263760892e-56 1.7817159219900622e-18
516.0 5.092583021471666e-16 4.38867529460233e-17 8.08293646728906e-20 1.4098712449435306e-56 1.800600128998003e-18
517.0 6.108543995924627e-16 5.289227348984268e-17 9.860924410729632e-20 2.062358976002303e-56 2.1835275964716725e-18
518.0 6.105986083571122e-16 5.3120430370047265e-17 1.0024350326193387e-19 2.5120878532499606e-56 2.2064815518648096e-18
519.0 7.120663550183052e-16 6.223999974429646e-17 1.1888120091777807e-19 3.5671477641243145e-56 2.6011791592778657e-18
520.0 8.134484609045138e-16 7.143559074192446e-17 1.3809787765934064e-19 4.95819230142196e-56 3.0037726147916586e-18
521.0 9.147448146304994e-16 8.070718946192818e-17 1.5790405312648325e-19 6.77889546751416e-56 3.4143354469846464e-18
522.0 1.0159553054689014e-15 9.005478007017496e-17 1.7831035208395835e-19 9.146903206743897e-56 3.832941246783142e-18
523.0 1.1170798233209413e-15 9.947834481150629e-17 1.9932750449939156e-19 1.2209584863930282e-55 4.25966366339809e-18
524.0 1.3196281135770429e-15 1.1805935269014884e-16 2.393802077459443e-19 1.749701721384617e-55 5.08579110028845e-18
525.0 1.4205374643753518e-15 1.2767280199603922e-16 2.6194841721960324e-19 2.2831861357480622e-55 5.532964996459855e-18
526.0 1.6227845105964274e-15 1.4651963167654489e-16 3.041748132361822e-19 3.1594236659784025e-55 6.387734737525495e-18
527.0 1.824859179859008e-15 1.6551830812088038e-16 3.476675205060874e-19 4.300498349696533e-55 7.25903315412721e-18
528.0 2.02676125570135e-15 1.8466878263365853e-16 3.924487366579316e-19 5.777238038127733e-55 8.147007862750563e-18
529.0 2.2284905226304862e-15 2.0397100278934405e-16 4.385408701644528e-19 7.677932779496548e-55 9.05180655763992e-18
530.0 2.4300467660613878e-15 2.2342491245488597e-16 4.859665403834501e-19 1.0112379638674805e-54 9.973577002747542e-18
531.0 2.7326386096507417e-15 2.5237777688182604e-16 5.553158305634079e-19 1.3725155799550752e-54 1.1332177293840233e-17
532.0 3.0349707088530455e-15 2.8155809719273383e-16 6.266893102786452e-19 1.8385642300661436e-54 1.2716383392603241e-17
533.0 3.4381652514341054e-15 3.203889836406489e-16 7.21337345623653e-19 2.510353423824137e-54 1.4554490336636394e-17
534.0 3.841012974238116e-15 3.5952298160789675e-16 8.187389241711595e-19 3.377800771859055e-54 1.6427083596007767e-17
535.0 4.24351345286522e-15 3.9895995429325807e-16 9.1894070812381e-19 4.4915060869686963e-54 1.8334458991078677e-17
536.0 4.645666264153138e-15 4.3869975768495678e-16 1.0219897812228213e-18 5.914149221473249e-54 2.0276912406397362e-17
537.0 5.249369825495077e-15 4.978919302269332e-16 1.1730509945459692e-18 8.032129245309174e-54 2.3144929365754663e-17
538.0 5.852551434357182e-15 5.575381517577236e-16 1.3284365504250282e-18 1.0756006475728427e-53 2.606588425105505e-17
539.0 6.455210458827718e-15 6.176381845006418e-16 1.4882183641940647e-18 1.423977818223583e-53 2.9040220962980333e-17
540.0 7.15816550064831e-15 6.878802340643892e-16 1.6760756822440431e-18 1.8940345635424482e-53 3.252650318458545e-17
541.0 7.961285531680882e-15 7.683775747425484e-16 1.8931534874461142e-18 2.525054082232618e-53 3.6538347734169e-17
542.0 8.864439313984204e-15 8.592433899528848e-16 2.1406214347024194e-18 3.3678261447139e-53 4.1089519348388473e-17
543.0 9.766806671503578e-15 9.507888212829472e-16 2.394983561082336e-18 4.441944076091876e-53 4.572256401868447e-17
544.0 1.0869676975917457e-14 1.06269294771599e-15 2.7064713884521285e-18 5.913873384155023e-53 5.138981057274192e-17
545.0 1.1971584545301363e-14 1.175426987393932e-15 3.026571516530066e-18 7.786750818945711e-53 5.71582197806182e-17
546.0 1.3273644047099507e-14 1.3088210198910875e-15 3.4070440644438902e-18 1.0314780734773044e-52 6.399827579599536e-17
547.0 1.4775592272297726e-14 1.4631010292437282e-15 3.8503186465876114e-18 1.3708736200840336e-52 7.193802509585029e-17
548.0 1.6376695070641356e-14 1.6285019789575994e-15 4.332297487348835e-18 1.8129278164901168e-52 8.051187178043416e-17
549.0 1.8076819632741895e-14 1.805136247838649e-15 4.854342790646959e-18 2.3861546100345604e-52 8.973468860968144e-17
550.0 1.997621593346672e-14 2.003182331010627e-15 5.445206471806812e-18 3.1422026143219365e-52 1.0012463458556118e-16
551.0 2.20746192940244e-14 2.222865422669787e-15 6.107500278125032e-18 4.135063699238911e-52 1.117107894408052e-16
552.0 2.4472059942004638e-14 2.4745520828743997e-15 6.8720531039807424e-18 5.455727187791619e-52 1.2503496614429646e-16
553.0 2.6967637813982146e-14 2.738221456698061e-15 7.685661982770152e-18 7.150637588000701e-52 1.3910664381775008e-16
554.0 2.986184118452498e-14 3.0446357205364937e-15 8.63682586526403e-18 9.411660930416145e-52 1.5550723507492674e-16
555.0 3.2953812818120623e-14 3.3737357277448907e-15 9.6720693343039e-18 1.2337658633293557e-51 1.7324226842489335e-16
556.0 3.634340528185257e-14 3.736037382271716e-15 1.0824119054715139e-17 1.6153294122273808e-51 1.9287377559721132e-16
557.0 4.013029461007642e-14 4.142206616025084e-15 1.2127455558291004e-17 2.1161609775504545e-51 2.1498322191154596e-16
558.0 4.431394846450164e-14 4.592691928290893e-15 1.3587686024087122e-17 2.770713210886707e-51 2.396308241894624e-16
559.0 4.8793846261741595e-14 5.077536480036222e-15 1.5179422568161456e-17 3.6151497019612334e-51 2.663316249693899e-16
560.0 5.376947286090652e-14 5.6179597128294346e-15 1.6970266891056323e-17 4.717847148165132e-51 2.962336792540677e-16
561.0 5.934006004220053e-14 6.225000774893602e-15 1.8999459414572566e-17 6.162275081586712e-51 3.299690430828389e-16
562.0 6.530509703052645e-14 6.8782961616896806e-15 2.1210871034709974e-17 8.021669159265387e-51 3.665089021233409e-16
563.0 7.196347890852661e-14 7.609955496635214e-15 2.370934993108257e-17 1.0449495605845821e-50 4.076125794364888e-16
564.0 7.911473671285314e-14 8.399576150753425e-15 2.6438632230166658e-17 1.3572142033049553e-50 4.522479613587987e-16
565.0 8.715708683212472e-14 9.290232529602419e-15 2.954177236552781e-17 1.765408588032183e-50 5.027957950769935e-16
566.0 9.579029097057915e-14 1.0250927766973722e-14 3.2929553313859254e-17 2.2896051303941055e-50 5.576556374263253e-16
567.0 1.0541207481649371e-13 1.1325145373543808e-14 3.675052858457136e-17 2.9714773433726636e-50 6.192652157869635e-16
568.0 1.158219184997988e-13 1.2492515417389837e-14 4.0949759345359524e-17 3.8482521142206026e-50 6.866017722716615e-16
569.0 1.2731737791099305e-13 1.378626257252529e-14 4.5647212244685546e-17 4.983107023223575e-50 7.615806241201816e-16
570.0 1.3979747334201514e-13 1.519679267466981e-14 5.082420407504688e-17 6.441722387720828e-50 8.437772741134302e-16
571.0 1.535592225394386e-13 1.675777460634478e-14 5.6607071344369e-17 8.325693881058958e-50 9.35171034396478e-16
572.0 1.6860087355194929e-13 1.847065016953844e-14 6.301690348156624e-17 1.0749770853078115e-49 1.0359719890277467e-15
573.0 1.8502003777161667e-13 2.0347786844730484e-14 7.01128320092348e-17 1.3864598499010635e-49 1.1470081129536376e-15
574.0 2.0301346672804387e-13 2.2412663639618247e-14 7.799454986043645e-17 1.7869734641187472e-49 1.2697512703246247e-15
575.0 2.2257899737432929e-13 2.466704977587543e-14 8.66889058918564e-17 2.3000592025989723e-49 1.4044642753480468e-15
576.0 2.4411139205731523e-13 2.7156869100674025e-14 9.63799494009125e-17 2.9598014372865344e-49 1.5539389791298298e-15
577.0 2.675087557978561e-13 2.987325369966774e-14 1.0706202099948757e-16 3.803571674123149e-49 1.7178691256867078e-15
578.0 2.9306593904670487e-13 3.2851637876668743e-14 1.1888885936692194e-16 4.8838087555557525e-49 1.8984991582478908e-15
579.0 3.2107724988569414e-13 3.6127896838228565e-14 1.3202112259372959e-16 6.267645189268327e-49 2.0981401020591453e-15
580.0 3.515392936767524e-13 3.970478296196868e-14 1.4650270221022784e-16 8.034029248334819e-49 2.3172115227569436e-15
581.0 3.8484470244592565e-13 4.3629942155026425e-14 1.62545536691702e-16 1.0291389863648041e-48 2.5587697220934136e-15
582.0 4.210884935376244e-13 4.7917822088161435e-14 1.8024394933063754e-16 1.3169109648415972e-48 2.8239698224023576e-15
583.0 4.606622521021738e-13 5.2616907790672555e-14 1.9982408899272219e-16 1.6839412282372396e-48 3.116000056277176e-15
584.0 5.037590892691549e-13 5.775359788287845e-14 2.21434975195609e-16 2.1512773445888906e-48 3.436790910644719e-15
585.0 5.507694037346114e-13 6.337732345371726e-14 2.4531920622923393e-16 2.7462599963157025e-48 3.7896814482935955e-15
586.0 6.019840807077721e-13 6.952668849372759e-14 2.716849539470368e-16 3.5028819357229244e-48 4.1774181777319266e-15
587.0 6.576934538366255e-13 7.624073034287013e-14 3.0074848751304074e-16 4.4637940379786687e-48 4.6028194385495485e-15
588.0 7.183846894406686e-13 8.358188379401952e-14 3.3282578624608518e-16 5.683953082667064e-48 5.070169196595128e-15
589.0 7.844453903705349e-13 9.160178928906805e-14 3.681995838879202e-16 7.231738780844227e-48 5.583167026389435e-15
590.0 8.562624224217123e-13 1.0035266364659207e-13 4.0716360766759324e-16 9.19281371695033e-48 6.145609051027892e-15
591.0 9.34419026572121e-13 1.0991048397081686e-13 4.501177514890157e-16 1.1676721169526824e-47 6.762815475014006e-15
592.0 1.0194973404655272e-12 1.203520937726308e-13 4.974781030123728e-16 1.4821093051719496e-47 7.440249964065581e-15
593.0 1.1118814631444734e-12 1.317318688304299e-13 5.495799350776858e-16 1.8795154115620571e-47 8.182071860007665e-15
594.0 1.2122500109322692e-12 1.4413986179738315e-13 6.069183637676166e-16 2.381509654505429e-47 8.994732123415586e-15
595.0 1.3213786827786231e-12 1.5767887045537038e-13 6.7005796290402e-16 3.015371253762895e-47 9.885587847899841e-15
596.0 1.4398450397761948e-12 1.7242929085208824e-13 7.394847322386197e-16 3.8147342895189308e-47 1.0860707409905085e-14
597.0 1.5685203788003695e-12 1.8850780958610977e-13 8.158559458459599e-16 4.822325771610436e-47 1.1928552059123088e-14
598.0 1.7081760906513718e-12 2.060205540070922e-13 8.998029003608877e-16 6.091170376770018e-47 1.3097050996350374e-14
599.0 1.859778463451018e-12 2.2509856114131528e-13 9.920854068641733e-16 7.688046836927014e-47 1.437585151304035e-14
600.0 2.0241937795752663e-12 2.4586237440670565e-13 1.0934395709523614e-15 9.69571037876505e-47 1.5774084493307205e-14
601.0 2.2025809465074458e-12 2.6846968792051096e-13 1.204789793803636e-15 1.2218539034651811e-46 1.7303420213782544e-14
602.0 2.3959005259192984e-12 2.930559180377626e-13 1.3269874743556716e-15 1.53852377914178e-46 1.8974275625684794e-14
603.0 2.6055032470817755e-12 3.198060160572001e-13 1.4611349395398036e-15 1.9358170184221752e-46 2.0800452829915654e-14
604.0 2.8327372273702076e-12 3.489069231194511e-13 1.6083767291280856e-15 2.433921143954232e-46 2.2796106171268978e-14
605.0 3.078850046836465e-12 3.8053546190863853e-13 1.769844120899729e-15 3.057789559978066e-46 2.4974951107690436e-14
606.0 3.3453804608847827e-12 4.1490670407690754e-13 1.946880428026753e-15 3.8386256575574116e-46 2.7353438568979904e-14
607.0 3.63396205064458e-12 4.522501566469103e-13 2.1409366419368786e-15 4.815209603627949e-46 2.99492351300598e-14
608.0 3.946420765022385e-12 4.928221459258743e-13 2.3536341000119568e-15 6.035832126635987e-46 3.2782068858426365e-14
609.0 4.284578982177151e-12 5.368816767669184e-13 2.5866543591375643e-15 7.56025213346797e-46 3.587215684973395e-14
610.0 4.6504508760974376e-12 5.847149894173449e-13 2.8418597151516972e-15 9.462675801690696e-46 3.924185809841227e-14
611.0 5.0461443025577234e-12 6.366235916838175e-13 3.121240929798143e-15 1.1834958809165477e-45 4.2914908051241574e-14
612.0 5.473958152563811e-12 6.929367833181046e-13 3.426983109613863e-15 1.479091862572868e-45 4.6917290226310075e-14
613.0 5.936576976846364e-12 7.540367850273139e-13 3.761597751693552e-15 1.847207823074784e-45 5.127898748352453e-14
614.0 6.436485026455203e-12 8.202848868682409e-13 4.127563351861339e-15 2.3052326992642634e-45 5.6029017605080184e-14
615.0 6.976648899495181e-12 8.921083108203049e-13 4.527762611054675e-15 2.8747532473739466e-45 6.12013622430513e-14
616.0 7.560224134381248e-12 9.699635987805178e-13 4.9653102801810674e-15 3.5824355574731716e-45 6.6832543945694e-14
617.0 8.190359999545869e-12 1.054311888220837e-12 5.44343295842846e-15 4.4610797909305617e-45 7.295996037045792e-14
618.0 8.870686062144583e-12 1.1456817410971674e-12 5.965798349071463e-15 5.5512619681860175e-45 7.962625921732522e-14
619.0 9.605019191707006e-12 1.244632204260595e-12 6.536337331201171e-15 6.902961328963186e-45 8.687686230345827e-14
620.0 1.039746029604881e-11 1.3517657866929316e-12 7.159320746434108e-15 8.577748036248203e-45 9.476092262175195e-14
621.0 1.1252296419857431e-11 1.467716297055468e-12 7.839305514639794e-15 1.0651310537332216e-44 1.0333053504259267e-13
622.0 1.2174388775400009e-11 1.593200021314729e-12 8.58141877926039e-15 1.3217000432510675e-44 1.1264440358188642e-13
623.0 1.316858880706325e-11 1.728940284291699e-12 9.390968359759136e-15 1.6389199525316248e-44 1.2276261099323065e-13
624.0 1.424032038418032e-11 1.875744115222894e-12 1.0273865969225518e-14 2.0308641087670728e-44 1.3375209815156227e-13
625.0 1.5395384381978863e-11 2.0344776475727297e-12 1.1236512242787506e-14 2.5148088665163134e-44 1.4568503087553855e-13
626.0 1.6639860763797443e-11 2.2060539434112816e-12 1.2285744459194423e-14 3.111925040078348e-44 1.5863801594986512e-13
627.0 1.7980495423619086e-11 2.3914850414850746e-12 1.3429141733574738e-14 3.8482088835562674e-44 1.7269593305786206e-13
628.0 1.9424311100768806e-11 2.59183146451095e-12 1.467476433120818e-14 4.755471696263009e-44 1.8794842564925229e-13
629.0 2.0978703430068386e-11 2.8082156676250853e-12 1.6031244186960362e-14 5.872620660516176e-44 2.0449095649740995e-13
630.0 2.2651923726059462e-11 3.041887667070694e-12 1.7508179725853438e-14 7.247345171308679e-44 2.224297034526885e-13
631.0 2.4452593267056425e-11 3.2941614356286927e-12 1.9115799575374316e-14 8.937898728325672e-44 2.4187708594844576e-13
632.0 2.638979895260217e-11 3.5664286198003627e-12 2.0865060979896025e-14 1.101539841432838e-43 2.629528769318692e-13
633.0 2.8473575125349976e-11 3.860224855451237e-12 2.2768062604574193e-14 1.3566805259295017e-43 2.8578923416221294e-13
634.0 3.071432174066417e-11 4.177152663460722e-12 2.4837623912284517e-14 1.669808566501173e-43 3.1052519130214385e-13
635.0 3.3123478973983105e-11 4.51897426438345e-12 2.7087861302025613e-14 2.053862773407874e-43 3.3731369192943597e-13
636.0 3.5712849234760645e-11 4.887521014278321e-12 2.9533683356873114e-14 2.5245856651828726e-43 3.6631504965724735e-13
637.0 3.84954639403157e-11 5.284813170017039e-12 3.2191541410629143e-14 3.1011770257995435e-43 3.9770607112355476e-13
638.0 4.1485002076587794e-11 5.712982443376277e-12 3.5079004580369584e-14 3.806988811207044e-43 4.316744975777045e-13
639.0 4.469598108614849e-11 6.174299750782436e-12 3.8214963739564197e-14 4.670413944713539e-43 4.684212857834965e-13
640.0 4.814404345472226e-11 6.6712167132683155e-12 4.161992989805136e-14 5.725977522840227e-43 5.08163987692551e-13
641.0 5.184585749667204e-11 7.2063542667929926e-12 4.531601284878919e-14 7.0156174728684114e-43 5.511361619878561e-13
642.0 5.5819210783130463e-11 7.782517875934271e-12 4.932706567612124e-14 8.590247949277783e-43 5.975888080731996e-13
643.0 6.00829109963084e-11 8.402686054794677e-12 5.3678663925929683e-14 1.0511612977941735e-42 6.477897708551412e-13
644.0 6.465735967700712e-11 9.070093025429826e-12 5.839868808921943e-14 1.2854635932043886e-42 7.02030411290076e-13
645.0 6.956387570220859e-11 9.788136926064307e-12 6.351679975206923e-14 1.5710023640165586e-42 7.606188738783912e-13
646.0 7.482546064877101e-11 1.0560489782077134e-11 6.906521020942006e-14 1.9187675018219114e-42 8.238889262209468e-13
647.0 8.046650644502218e-11 1.1391059707616156e-11 7.507850940198312e-14 2.342056763567115e-42 8.921974285037057e-13
648.0 8.651298334839567e-11 1.228402055712093e-11 8.159393223320393e-14 2.8569529788030216e-42 9.659270377399815e-13
649.0 9.299262732362053e-11 1.3243841972376097e-11 8.865163755304638e-14 3.4828988224724285e-42 1.045488998929065e-12
650.0 9.993493522027311e-11 1.427529245364556e-11 9.629481546575391e-14 4.24338068481574e-42 1.1313238549297283e-12
651.0 1.0737125567649478e-10 1.5383456131587986e-11 1.0456988979675212e-13 5.166751445576116e-42 1.2239032530268899e-12
652.0 1.1533497540845324e-10 1.6573763477459324e-11 1.1352682237149009e-13 6.28722164848193e-42 1.3237328968372987e-12
653.0 1.2386160923646342e-10 1.7852008614778103e-11 1.2321933562518903e-13 7.646043464956385e-42 1.431354482004937e-12
654.0 1.3298898539429526e-10 1.9224380633335997e-11 1.337052393272394e-13 9.2929344322e-42 1.547348792219233e-12
655.0 1.4275723911072166e-10 2.0697467578573278e-11 1.4504657708171567e-13 1.1287768868050889e-41 1.6723366468464793e-12
656.0 1.5320909267799378e-10 2.227830208008682e-11 1.5731006955005723e-13 1.3702620807127272e-41 1.8069832345486958e-12
657.0 1.6439003914705864e-10 2.397439364047634e-11 1.7056747884133145e-13 1.6624203240778892e-41 1.9520014470587156e-12
658.0 1.763484299872443e-10 2.5793747345220914e-11 1.8489588757330156e-13 2.0156774332301988e-41 2.1081541647213075e-12
659.0 1.8913537169028452e-10 2.7744854767202774e-11 2.0037778489783427e-13 2.4425579719190574e-41 2.276254297187331e-12
660.0 2.0280538511055007e-10 2.9836796816426685e-11 2.1710196591416301e-13 2.9581052175112047e-41 2.4571740276992115e-12
661.0 2.1741649112545084e-10 3.2079263630801617e-11 2.3516385826446094e-13 3.580376381238286e-41 2.6518473932670834e-12
662.0 2.330300103111253e-10 3.4482532363412536e-11 2.5466554643494094e-13 4.3310270994891766e-41 2.86126941016474e-12
663.0 2.4971131478272305e-10 3.70575857545182e-11 2.757168384198881e-13 5.236023817570146e-41 3.0865068854798236e-12
664.0 2.675296264741796e-10 3.981609070777839e-11 2.9843532440881554e-13 6.326475586015814e-41 3.328697748626886e-12
665.0 2.865584813935972e-10 4.27704757446686e-11 3.229471775130363e-13 7.639636746767211e-41 3.5890586420013255e-12
666.0 3.068759072842419e-10 4.593396674408156e-11 3.4938766551401285e-13 9.220094227196528e-41 3.868889145376497e-12
667.0 3.2856460061786537e-10 4.932062303028844e-11 3.779016800140849e-13 1.1121178191146085e-40 4.16957609898939e-12
668.0 3.517123876590384e-10 5.294541667024068e-11 4.086446141182191e-13 1.3406647579769214e-40 4.492601663098717e-12
669.0 3.764122096310036e-10 5.6824241101058836e-11 4.417827205064395e-13 1.6152675296239086e-40 4.839545510205632e-12
670.0 4.0276296112608405e-10 6.097404888379492e-11 4.774944869424527e-13 1.9450238968072232e-40 5.212098073761975e-12
671.0 4.3086909378516485e-10 6.541280414284289e-11 5.159706003261335e-13 2.3407903858260837e-40 5.61205815979796e-12
672.0 4.6084154708018557e-10 7.015963602323178e-11 5.574154953821062e-13 2.8155183710651767e-40 6.041347781096405e-12
673.0 4.927976346776314e-10 7.523483506973233e-11 6.020477027800422e-13 3.3846470148692794e-40 6.502013708215275e-12
674.0 5.268619717423065e-10 8.066000866758689e-11 6.501014822246997e-13 4.066575079610092e-40 6.99624281329207e-12
675.0 5.631661697763114e-10 8.645804963426357e-11 7.018269968747195e-13 4.883210997189031e-40 7.526361444707893e-12
676.0 6.018499499304706e-10 9.265332238904039e-11 7.574922604161904e-13 5.860634434848135e-40 8.09485375489164e-12
677.0 6.430610245326542e-10 9.927166180169261e-11 8.173836114938052e-13 7.0298686211686855e-40 8.70436395859258e-12
678.0 6.8695573406532e-10 1.0634048866766054e-10 8.81807160165989e-13 8.427799477592055e-40 9.357708855478846e-12
679.0 7.336997762210216e-10 1.1388894108963327e-10 9.510904132105814e-13 1.0098263670232772e-39 1.0057891979669022e-11
680.0 7.834681778728995e-10 1.2194788986509378e-10 1.0255829761478115e-12 1.2093323449120414e-39 1.0808107721553878e-11
681.0 8.364462094584194e-10 1.3055010087458324e-10 1.10565851192549e-12 1.447478323472576e-39 1.1611758557851603e-11
682.0 8.928301077026174e-10 1.3973036979258708e-10 1.1917165277515776e-12 1.731597786214817e-39 1.2472470123224998e-11
683.0 9.52826948274956e-10 1.4952552522538632e-10 1.2841830870329595e-12 2.0703864144892996e-39 1.339409475603587e-11
684.0 1.016656024229302e-09 1.5997466844408243e-10 1.3835135759337872e-12 2.4741514112516268e-39 1.4380736323197416e-11
685.0 1.0845490909535658e-09 1.7111923777383203e-10 1.4901940368648271e-12 2.9551029442231984e-39 1.543675968730443e-11
686.0 1.1567508919584872e-09 1.8300311801488048e-10 1.6047429284102827e-12 3.5276975460668584e-39 1.656680437794232e-11
687.0 1.233520340216421e-09 1.9567285517040762e-10 1.7277138633431244e-12 4.2090440921997656e-39 1.7775808042900332e-11
688.0 1.3151307562083654e-09 2.0917772412688245e-10 1.8596971266191505e-12 5.0193783819146777e-39 1.9069016908378073e-11
689.0 1.401871137074979e-09 2.235699613536674e-10 2.0013227050070698e-12 5.982624368956676e-39 2.0452011469733554e-11
690.0 1.4940464831487433e-09 2.3890485008011644e-10 2.153262082652457e-12 7.127049968678808e-39 2.1930719089425126e-11
691.0 1.5919788728629288e-09 2.5524092626015856e-10 2.3162311749336793e-12 8.486039906523195e-39 2.3511437889966507e-11
692.0 1.6960084398785359e-09 2.7264017152424017e-10 2.4909932308780164e-12 1.0099002610917193e-38 2.520085984340005e-11
693.0 1.806494252760237e-09 2.911681928782679e-10 2.67836169730664e-12 1.2012433550947827e-38 2.7006093006598587e-11
694.0 1.9238151911245925e-09 3.108944040353413e-10 2.87920317775222e-12 1.4281161668355595e-38 2.8934684258790618e-11
695.0 2.048371005300363e-09 3.31892238672571e-10 3.094440770201553e-12 1.696981105181349e-38 3.0994645374329484e-11
696.0 2.1805834652536293e-09 3.5423938084448103e-10 3.325057659992583e-12 2.015451376928077e-38 3.319448111846526e-11
697.0 2.320897598372769e-09 3.7801801274873284e-10 3.5721009783622382e-12 2.392491619873958e-38 3.554321942335599e-11
698.0 2.469782548818859e-09 4.0331500379520326e-10 3.83668521204933e-12 2.838652283366748e-38 3.8050436508870456e-11
699.0 2.627733179775005e-09 4.30222223440453e-10 4.119996886415787e-12 3.366344510611072e-38 4.0726294090137184e-11
700.0 2.795271016520129e-09 4.5883674984133093e-10 4.42329838085185e-12 3.990160741640423e-38 4.358156729794479e-11
