200.0 5.688629697593587e-83 1.2856513755795498e-85 8.966764558293797e-93 6.251587425679472e-194 2.6920547910488325e-89
201.0 3.657077068100789e-83 8.519483604153984e-86 6.449562183668181e-93 1.4998649872892342e-193 1.8607054326537386e-89
202.0 2.3594437851897408e-83 5.6639846129756655e-86 4.6504065753434105e-93 3.5645143869232404e-193 1.2897599077121015e-89
203.0 1.5276230122803287e-83 3.7777523743296496e-86 3.361297351175347e-93 8.392678195857304e-193 8.965287113867822e-90
204.0 9.925125617777425e-84 2.5277356520565587e-86 2.4353842050326532e-93 1.9580196071650823e-192 6.249285354323306e-90
205.0 6.470704729651598e-84 1.6966837647900457e-86 1.7687315650605724e-93 4.527022984060701e-192 4.368116840598916e-90
206.0 4.232974451644055e-84 1.1424199995580347e-86 1.2875963213441734e-93 1.0374070281142181e-191 3.061561292992749e-90
207.0 2.7784411460546297e-84 7.715980291590262e-87 9.395296266684488e-94 2.3566052939104122e-191 2.151610938221071e-90
208.0 1.829791010251528e-84 5.227353022017954e-87 6.871378879909374e-94 5.3074364392872495e-191 1.5161564540035862e-90
209.0 1.209010289994996e-84 3.5520834442504585e-87 5.036975147756989e-94 1.1852253974290002e-190 1.0712019785589617e-90
210.0 8.014389598371412e-85 2.4209203590883368e-87 3.7006513197678267e-94 2.6247746145620266e-190 7.588108418287835e-91
211.0 5.329749669520775e-85 1.6548531834461213e-87 2.72495315748353e-94 5.765189455291909e-190 5.389126826386614e-91
212.0 3.5556849353569714e-85 1.1345035793827773e-87 2.0109562097909977e-94 1.2560881151204345e-189 3.837196638043663e-91
213.0 2.379601598032714e-85 7.800199521197175e-88 1.4873020745205616e-94 2.714969475819712e-189 2.739105082474265e-91
214.0 1.5974761961740292e-85 5.378302115591744e-88 1.1023998972037678e-94 5.822378286812733e-189 1.9601562233327333e-91
215.0 1.0757183227167775e-85 3.718867540778368e-88 8.188664537241229e-95 1.2390184415434647e-188 1.406204709069806e-91
216.0 7.265773298328277e-86 2.5786288553933427e-88 6.095531326926977e-95 2.6166597557265382e-188 1.0112788991594532e-91
217.0 4.922316321556129e-86 1.7929424251743926e-88 4.547004394486263e-95 5.484766355838658e-188 7.290321656409613e-92
218.0 3.344622410665598e-86 1.2500580266595652e-88 3.398954527615658e-95 1.1411919412287254e-187 5.268230134156781e-92
219.0 2.2792936397932185e-86 8.739114948555406e-89 2.5460238791105838e-95 2.35719928805226e-187 3.8160511545909e-92
220.0 1.557811759077559e-86 6.125837639249359e-89 1.911031290565412e-95 4.834119500960942e-187 2.7706666568575277e-92
221.0 1.0677689814765076e-86 4.3053824789278824e-89 1.437316814701112e-95 9.843906426729205e-187 2.0163428845861458e-92
222.0 7.339619570711697e-87 3.0338483581084792e-89 1.083198067364724e-95 1.9906332229315808e-186 1.4707675116912795e-92
223.0 5.059297544518166e-87 2.143382535268058e-89 8.179472394705653e-96 3.9979053123706405e-186 1.0752584147952644e-92
224.0 3.497147900398503e-87 1.5181587028948513e-89 6.188654448990017e-96 7.975064759051185e-186 7.878810122328575e-93
225.0 2.4239951954076825e-87 1.0780389935032164e-89 4.6915061515819134e-96 1.580296397337582e-185 5.785984860809325e-93
226.0 1.6847308927577658e-87 7.674319570473817e-90 3.5634046584638923e-96 3.110905812407104e-185 4.258462895099085e-93
227.0 1.174079722314884e-87 5.476736729046005e-90 2.7117308146322272e-96 6.08442779104057e-185 3.1410693581748594e-93
228.0 8.203899055147103e-88 3.918041575216539e-90 2.06751404236419e-96 1.182434285460432e-184 2.321889581601038e-93
229.0 5.747596679045614e-88 2.8097661470092545e-90 1.5792933031471444e-96 2.2834829084264298e-184 1.720027517155922e-93
230.0 4.0372279754651825e-88 2.019827082401697e-90 1.2085973115790127e-96 4.382484173370177e-184 1.2768784618711834e-93
231.0 2.8431462337252393e-88 1.455426084043016e-90 9.266102965306768e-97 8.35954114898136e-184 9.498930759242146e-94
232.0 2.0073455755677269e-88 1.0512046622963229e-90 7.117075020191734e-97 1.5849697460185177e-183 7.081115108737097e-94
233.0 1.4208242735844297e-88 7.610179865464408e-91 5.476300070771961e-97 2.987254692238738e-183 5.289580765458633e-94
234.0 1.0081897517161825e-88 5.522078569575026e-91 4.2213040992993777e-97 5.597213712306946e-183 3.959355766307996e-94
235.0 7.171606399663038e-89 4.0160572654450905e-91 3.2596598101509226e-97 1.0426891806901088e-182 2.9696317631722635e-94
236.0 5.113892513284363e-89 2.9273634212917356e-91 2.5214871951815365e-97 1.9313257539118272e-182 2.2317559751252197e-94
237.0 3.655414280245686e-89 2.1385663361006325e-91 1.9538571506816894e-97 3.557194501683039e-182 1.6805374350530995e-94
238.0 2.6191507710814476e-89 1.5657708091893046e-91 1.5166074684457295e-97 6.515447269845931e-182 1.26793943153678e-94
239.0 1.8811024802009695e-89 1.1489026020686083e-91 1.1792089978526045e-97 1.1868557353841348e-181 9.584936014257253e-95
240.0 1.354196836444433e-89 8.448470469994346e-92 9.184141089634468e-98 2.1503079745993193e-181 7.25958821662503e-95
241.0 9.771426716718111e-90 6.225915941646168e-92 7.164889823275958e-98 3.875108130888228e-181 5.508820044024564e-95
242.0 7.0669271320892665e-90 4.597791292560505e-92 5.5988239740904245e-98 6.946695357000987e-181 4.1881370659691764e-95
243.0 5.122588137992869e-90 3.402567648323493e-92 4.382214575174334e-98 1.238837234410675e-180 3.190001327914278e-95
244.0 3.721554100866291e-90 2.5232866773239467e-92 3.4355262652299444e-98 2.1979691200559976e-180 2.4342242878821485e-95
245.0 2.7097256232567386e-90 1.875079338527564e-92 2.6976715702067814e-98 3.87998027611824e-180 1.860896593904663e-95
246.0 1.9773453557517844e-90 1.3962299923916977e-92 2.1216536134380698e-98 6.815014625939566e-180 1.4251746259731241e-95
247.0 1.446059763040803e-90 1.0417648190160704e-92 1.6712560983025378e-98 1.1911368561753321e-179 1.0934287208431307e-95
248.0 1.0598071907468098e-90 7.788414978467798e-93 1.3185245933229408e-98 2.0717717074569304e-179 8.403919554346316e-96
249.0 7.783858210855981e-91 5.834270037603704e-93 1.0418467321870756e-98 3.5862023567807905e-179 6.470455586728799e-96
250.0 5.729029486212219e-91 4.378985440057833e-93 8.244864817770785e-99 6.178274119466725e-179 4.990476811348033e-96
251.0 4.225480087351107e-91 3.2930748411297353e-93 6.534632387388828e-99 1.059413292647256e-178 3.8556372149611e-96
252.0 3.1229916004158863e-91 2.4812043059110945e-93 5.186932303950428e-99 1.808237430352627e-178 2.983939728740215e-96
253.0 2.3128972501569897e-91 1.873044444161457e-93 4.123307735350782e-99 3.072294039770386e-178 2.3132182027034585e-96
254.0 1.716420760032621e-91 1.4166095969107055e-93 3.282620593098137e-99 5.196518231776027e-178 1.7962584414965537e-96
255.0 1.2763339327680968e-91 1.0733981168307417e-93 2.6171552988727263e-99 8.750424762360826e-178 1.397139562199134e-96
256.0 9.509755825232544e-92 8.148396303381196e-94 2.0896152111149433e-99 1.4670234542802881e-177 1.088485557902211e-96
257.0 7.09954271237838e-92 6.196926330340126e-94 1.6708035818733262e-99 2.4488380290299626e-177 8.493969778071212e-97
258.0 5.310542906793262e-92 4.721344696608602e-94 1.3378302662801897e-99 4.07025475617313e-177 6.638917019162396e-97
259.0 3.980033122619153e-92 3.603567608422793e-94 1.0727228648691117e-99 6.736661306155955e-177 5.197274647468112e-97
260.0 2.9885839386653083e-92 2.755305320997484e-94 8.613494545179664e-100 1.1103300863364102e-176 4.075111364692266e-97
261.0 2.2483666279588637e-92 2.110422805320005e-94 6.925817451740148e-100 1.8224939362948135e-176 3.200237793442221e-97
262.0 1.6946643731201156e-92 1.6192898020224702e-94 5.576440336770903e-100 2.9792614633326844e-176 2.5170834599296555e-97
263.0 1.279697323462571e-92 1.2445943796526545e-94 4.496059544597691e-100 4.8506650662118614e-176 1.982801779804028e-97
264.0 9.681218311491825e-93 9.582351561736353e-95 3.6298668713441845e-100 7.866206633992344e-176 1.564303789384568e-97
265.0 7.337434708135619e-93 7.390100230411524e-95 2.934456819131272e-100 1.2706376435295562e-175 1.2359954629707146e-97
266.0 5.571118048501403e-93 5.708941068461654e-95 2.375406424207084e-100 2.044518130034031e-175 9.780489236307497e-98
267.0 4.237569492927603e-93 4.417544359390405e-95 1.9253786910127937e-100 3.277127559759891e-175 7.75079444921412e-98
268.0 3.2289420181938823e-93 3.423888518321775e-95 1.5626342457678947e-100 5.232976535377911e-175 6.15131378289158e-98
269.0 2.464706850724666e-93 2.658060986007624e-95 1.2698617048448234e-100 8.324859335790295e-175 4.888996414315436e-98
270.0 1.8846238081371202e-93 2.066856234474743e-95 1.033257229682913e-100 1.3194623506658478e-174 3.8913111197990736e-98
271.0 1.443548239867699e-93 1.6097152335162425e-95 8.41799180922725e-101 2.083665914101722e-174 3.101636374908955e-98
272.0 1.1075876319307196e-93 1.2556680062914625e-95 6.866757367646707e-101 3.2786032547971783e-174 2.475704780371441e-98
273.0 8.51251887891155e-94 9.810275528825243e-96 5.6083260562715354e-101 5.140409938522329e-174 1.978856496310948e-98
274.0 6.553365431347667e-94 7.676475550902168e-96 4.5861515532173185e-101 8.031060281626579e-174 1.58391440127144e-98
275.0 5.053475770806289e-94 6.016038282054353e-96 3.754848717902892e-101 1.2503514764114845e-173 1.2695377761902125e-98
276.0 3.903271615821001e-94 4.72194804565798e-96 3.077944125170259e-101 1.939961042937507e-173 1.0189448524619058e-98
277.0 3.019767484188502e-94 3.711826118104477e-96 2.5260891217979757e-101 2.9996659060585598e-173 8.189201192248365e-99
278.0 2.3400105904008355e-94 2.9221589358437556e-96 2.0756384613883666e-101 4.622626348467729e-173 6.590417879738914e-99
279.0 1.8161647840281186e-94 2.3039014157520396e-96 1.7075182712938286e-101 7.099986200627192e-173 5.310797188671073e-99
280.0 1.4118201834004823e-94 1.8191224153550937e-96 1.4063233047367107e-101 1.086914947010628e-172 4.285255232051599e-99
281.0 1.0992181925384699e-94 1.4384412589152154e-96 1.1595961270910386e-101 1.6585143819324928e-172 3.4622530358268357e-99
282.0 8.571613234573394e-95 1.1390657033252517e-96 9.57250848311126e-102 2.5225778865023202e-172 2.800922086116588e-99
283.0 6.694361969388003e-95 9.032878965807337e-97 7.911118422140897e-102 3.8246120189128597e-172 2.26881142348767e-99
284.0 5.23621755588749e-95 7.173296417081069e-97 6.545440529334755e-102 5.780470736587889e-172 1.8401194415508676e-99
285.0 4.101871150300364e-95 5.704544859668246e-97 5.421563414766926e-102 8.709382788195003e-172 1.4943042027674784e-99
286.0 3.218075518181145e-95 4.5428394495433555e-97 4.495631531326298e-102 1.3082025880732105e-171 1.2149897564819052e-99
287.0 2.5284504703768288e-95 3.622701388397678e-97 3.7319280975058625e-102 1.9590294407462753e-171 9.89104249691757e-100
288.0 1.989531672778419e-95 2.8928845606100375e-97 3.1013312173582073e-102 2.9248252022818667e-171 8.061997964570489e-100
289.0 1.567760454785391e-95 2.3132246187485328e-97 2.5800690764678256e-102 4.353778305392802e-171 6.57915064298446e-100
290.0 1.2371869119539416e-95 1.852198054287331e-97 2.148715100266142e-102 6.461812950225817e-171 5.37550071920373e-100
291.0 9.777145536672179e-96 1.4850285318472846e-97 1.7913758730822053e-102 9.562647758110288e-171 4.3972933014541004e-100
292.0 7.737567454192718e-96 1.1922156762397403e-97 1.4950340829340135e-102 1.411079443305283e-170 3.601346263001205e-100
293.0 6.132067691269885e-96 9.583904390128618e-98 1.2490162893395146e-102 2.0762895900351724e-170 2.952927820793243e-100
294.0 4.86647099173881e-96 7.714232918751947e-98 1.0445613117437075e-102 3.0464985245808764e-170 2.4240686114943e-100
295.0 3.8674142156738434e-96 6.217284290353031e-98 8.744698218081096e-103 4.4576281594361666e-170 1.9922176242248465e-100
296.0 3.077664665936889e-96 5.017201438597351e-98 7.328195441407715e-103 6.504434909256969e-170 1.639170603813052e-100
297.0 2.452509707812509e-96 4.053875136730337e-98 6.147335249497573e-103 9.465227016010007e-170 1.3502146306099616e-100
298.0 1.9569684666016853e-96 3.2796119109493436e-98 5.161913731207096e-103 1.3736652274327604e-169 1.1134444279640605e-100
299.0 1.5636352932589233e-96 2.6565200187063154e-98 4.33875337359321e-103 1.9882531614866103e-169 9.192152568751178e-101
300.0 1.2510094544324876e-96 2.1544559963600668e-98 3.650446546413908e-103 2.870223317992591e-169 7.597045816656342e-101
301.0 1.0021995753018238e-96 1.7494094169133225e-98 3.074328673671601e-103 4.1326162082144224e-169 6.285604609198614e-101
302.0 8.039173346081986e-97 1.422230666454399e-98 2.591638213822114e-103 5.934878334520969e-169 5.206191697892323e-101
303.0 6.45694736516845e-97 1.157627583442774e-98 2.1868287380834552e-103 8.501346894879287e-169 4.3167815484881896e-101
304.0 5.192744398197498e-97 9.433731145162576e-99 1.8470049777194933e-103 1.2146872567730314e-168 3.583132655990613e-101
305.0 4.181342280261665e-97 7.696788029551903e-99 1.5614600202038743e-103 1.7312250190377878e-168 2.977314575670327e-101
306.0 3.3711559967976203e-97 6.2869877003281465e-99 1.321295121410782e-103 2.4613093360817226e-168 2.476519462208891e-101
307.0 2.721332881542282e-97 5.141365127001602e-99 1.1191070668318202e-103 3.4907093184945227e-168 2.0621020699721576e-101
308.0 2.1994777137214918e-97 4.209328144241057e-99 9.487308196516443e-104 4.938635768482786e-168 1.7188034196420735e-101
309.0 1.7798687492719782e-97 3.450177282405278e-99 8.050274657958791e-104 6.970388805877056e-168 1.434122288011744e-101
310.0 1.4420568925419946e-97 2.831132347166153e-99 6.837093088624436e-104 9.814641111683845e-168 1.1978058074434856e-101
311.0 1.1697642811649811e-97 2.3257602874374126e-99 5.811954638865841e-104 1.3787001782853358e-167 1.0014361466847954e-101
312.0 9.5001716265986e-98 1.912721230866447e-99 4.944925146876256e-104 1.932207036515993e-167 8.380947833396477e-102
313.0 7.724623451434769e-98 1.574767092245953e-99 4.2109578860912866e-104 2.7016942389882342e-167 7.020895056869205e-102
314.0 6.288276703118779e-98 1.2979409269555512e-99 3.5890760789724986e-104 3.7690126562031135e-167 5.887321839560228e-102
315.0 5.124956240282005e-98 1.070936028832795e-99 3.061695335300968e-104 5.2461157964976665e-167 4.941576761365201e-102
316.0 4.1816593641673803e-98 8.84582297800482e-100 2.6140615305198626e-104 7.285794351392618e-167 4.1517609785920584e-102
317.0 3.4158826623601575e-98 7.314341245886622e-100 2.233784015672966e-104 1.0096118861788866e-166 3.491521827361906e-102
318.0 2.7935014995943198e-98 6.05439346057747e-100 1.910447628288578e-104 1.3959830076691934e-166 2.939066625702298e-102
319.0 2.287085839673778e-98 5.01673018246949e-100 1.6352899016905378e-104 1.9260317121002463e-166 2.476355647825165e-102
320.0 1.8745609895883277e-98 4.1612307256892245e-100 1.4009322689694373e-104 2.6516349090126997e-166 2.088441040420934e-102
321.0 1.538141340937736e-98 3.4551754936098657e-100 1.2011560248044375e-104 3.642841373036114e-166 1.7629247371383419e-102
322.0 1.2634804447758634e-98 2.871851880234418e-100 1.0307154228061191e-104 4.994041591182804e-166 1.489513501683006e-102
323.0 1.0389927241074615e-98 2.389428086232062e-100 8.851816124308224e-105 6.832166103153949e-166 1.2596533301177491e-102
324.0 8.553115256918504e-99 1.9900423607488994e-100 7.608122102824883e-105 9.327557442252815e-166 1.0662287595303479e-102
325.0 7.048556007173744e-99 1.6590656560598728e-100 6.544421984302547e-105 1.2708359001299225e-165 9.033153157388183e-103
326.0 5.814819191152776e-99 1.3845040295406917e-100 5.6339258207214195e-105 1.7279521132118621e-165 7.659755094917249e-103
327.0 4.802073050875779e-99 1.1565137862984394e-100 4.853938488637874e-105 2.344785732666613e-165 6.500905568521853e-103
328.0 3.9698499734231104e-99 9.670076736519217e-101 4.185217757182679e-105 3.1755012823997844e-165 5.522214340272238e-103
329.0 3.2852509394522633e-99 8.093346902840931e-101 3.611435448385548e-105 4.292076167231274e-165 4.69494043269425e-103
330.0 2.72150100806398e-99 6.7801947584729e-101 3.1187247470185935e-105 5.789976073777284e-165 3.9950421573790195e-103
331.0 2.2567859160988957e-99 5.685499734623756e-101 2.69529956384898e-105 7.795580424382976e-165 3.402390505305166e-103
332.0 1.8733140503023272e-99 4.7720424471464044e-101 2.331134214361386e-105 1.0475879564400339e-164 2.900117197268363e-103
333.0 1.5565593049828994e-99 4.0090907304749963e-101 2.0176936301967885e-105 1.4051115508870434e-164 2.474073840434652e-103
334.0 1.2946492798309612e-99 3.371244032762341e-101 1.7477059430215616e-105 1.8811229885829695e-164 2.11238284294197e-103
335.0 1.0778703855782086e-99 2.8374880107025952e-101 1.5149706281299517e-105 2.5137227320950963e-164 1.805064178322989e-103
336.0 8.982670896141801e-100 2.3904203147598386e-101 1.3141965152852673e-105 3.352887390039974e-164 1.543724907478304e-103
337.0 7.493170495918028e-100 2.0156159360154318e-101 1.1408649063113291e-105 4.46405460755142e-164 1.3213006733694677e-103
338.0 6.256674873145396e-100 1.7011064437660518e-101 9.911138150334993e-106 5.932754741510775e-164 1.13184027613926e-103
339.0 5.229210350021365e-100 1.4369522574962826e-101 8.616399919621898e-106 7.870584645335843e-164 9.70325990051575e-104
340.0 4.374615895061392e-100 1.2148909913391872e-101 7.496159356015034e-106 1.0422899283250225e-163 8.325235603294754e-104
341.0 3.6631255453423586e-100 1.0280480626535664e-101 6.526195426428446e-106 1.3778698375929124e-163 7.148568680261865e-104
342.0 3.0702132947662233e-100 8.70698312411254e-102 5.685744255805201e-106 1.8183313168461918e-163 6.14303115490423e-104
343.0 2.5756508988655827e-100 7.38069458986958e-102 4.956992409258119e-106 2.395465931681579e-163 5.283050972612862e-104
344.0 2.1627385775381368e-100 6.261798912954642e-102 4.324646345054323e-106 3.1504024007597395e-163 4.5469770865565827e-104
345.0 1.817676261306336e-100 5.317046765421918e-102 3.775566308602356e-106 4.136260890847154e-163 3.916463292073717e-104
346.0 1.5290491962896846e-100 4.518647721602218e-102 3.29845478613411e-106 5.421536794350332e-163 3.375951187388563e-104
347.0 1.287406694630761e-100 3.843353391652262e-102 2.883591187442033e-106 7.094407569153863e-163 2.912235951260411e-104
348.0 1.0849168274171904e-100 3.2716979421415786e-102 2.522605728925476e-106 9.268205751347611e-163 2.5141013700455273e-104
349.0 9.150830953143456e-101 2.787368416213361e-102 2.208286582025657e-106 1.2088362982769207e-162 2.1720128178979803e-104
350.0 7.725117295025204e-101 2.3766821996748708e-102 1.9344152719153305e-106 1.5741206715402106e-162 1.8778587769182153e-104
351.0 6.527203932139107e-101 2.028153013553785e-102 1.695626085303513e-106 2.0465086707407241e-162 1.6247330466094488e-104
352.0 5.51980769300679e-101 1.7321301153640714e-102 1.4872858980545425e-106 2.656442685298659e-162 1.406751089711863e-104
353.0 4.671889097332161e-101 1.480498096054315e-102 1.3053913826992338e-106 3.4427444602871773e-162 1.2188950401476291e-104
354.0 3.9575835128890924e-101 1.2664268773352052e-102 1.1464810192819456e-106 4.454846172381147e-162 1.0568827961437629e-104
355.0 3.3553191824810185e-101 1.0841633341584312e-102 1.0075597241046492e-106 5.755595433132281e-162 9.170573687117097e-105
356.0 2.8470887815005994e-101 9.28857462226009e-103 8.860342413299656e-107 7.424776665554155e-162 7.962932782335027e-105
357.0 2.41784723168397e-101 7.9641723963248e-103 7.796577216822433e-107 9.563525359722788e-162 6.919173110836468e-105
358.0 2.055013437541795e-101 6.833873433226554e-103 6.86482148770485e-107 1.229985360544604e-161 6.016413815697495e-105
359.0 1.74805764069931e-101 5.868477142153388e-103 6.048174735727765e-107 1.5795556753891452e-161 5.235056064461565e-105
360.0 1.4881593755776724e-101 5.043286517080933e-103 5.3319648709422834e-107 2.0254834170393447e-161 4.558300018762153e-105
361.0 1.2679236960335033e-101 4.337396849955372e-103 4.7034460487718304e-107 2.5935034341330143e-161 3.9717346589647054e-105
362.0 1.0811455390689432e-101 3.7330993665215064e-103 4.1515385894533015e-107 3.3160029151245785e-161 3.4629892143830286e-105
363.0 9.226138893973639e-102 3.215380807554169e-103 3.66660496254973e-107 4.233683764627356e-161 3.0214367260950705e-105
364.0 7.879488812927653e-102 2.7715031782799974e-103 3.240256706620463e-107 5.3976260498566714e-161 2.6379417592422735e-105
365.0 6.734661816020396e-102 2.3906505381977887e-103 2.8651879017553274e-107 6.871845804087003e-161 2.3046455320873136e-105
366.0 5.760639887192189e-102 2.0636318989637802e-103 2.5350314488007538e-107 8.736461358990405e-161 2.0147827793728443e-105
367.0 4.931287962568765e-102 1.7826311187830617e-103 2.2442349506969822e-107 1.1091607755042807e-160 1.762525550343249e-105
368.0 4.224567393088176e-102 1.540996193055793e-103 1.9879534527855105e-107 1.4062269575432286e-160 1.5428498844347459e-105
369.0 3.6218789181742154e-102 1.3330615965088453e-103 1.761956692371722e-107 1.7804239873439365e-160 1.3514219328399563e-105
370.0 3.1075133702991083e-102 1.153998375848665e-103 1.5625488434764237e-107 2.2511458042638512e-160 1.1845006208655175e-105
371.0 2.668192068190144e-102 9.996875605122921e-104 1.3864990292784463e-107 2.8425034097930577e-160 1.0388543900851857e-105
372.0 2.2926819401671803e-102 8.666131823687028e-104 1.2309811195595337e-107 3.584433278318368e-160 9.1168993396972e-106
373.0 1.9714729653615213e-102 7.517717980297132e-104 1.0935215397585309e-107 4.5140570450061546e-160 8.0059115704441385e-106
374.0 1.696507624785138e-102 6.52595910220367e-104 9.719539972751946e-108 5.6773473441757683e-160 7.034668549397614e-106
375.0 1.4609537946269733e-102 5.668891043705333e-104 8.643801839244629e-108 7.131166194983246e-160 6.185058387402639e-106
376.0 1.2590139548452769e-102 4.9277106722115656e-104 7.691356447191666e-108 8.945756177292886e-160 5.441384183065076e-106
377.0 1.0857647797129997e-102 4.286309473916173e-104 6.847601156818782e-108 1.1207781257626303e-159 4.790033212123372e-106
378.0 9.3702216664921e-103 3.7308776313892254e-104 6.099717298921368e-108 1.4024034044005946e-159 4.2191926118578263e-106
379.0 8.092275809577645e-103 3.2495676793565196e-104 5.436445738052174e-108 1.7525950097612848e-159 3.7186048633036304e-106
380.0 6.993522761811564e-103 2.8322085661271995e-104 4.847891470046796e-108 2.1875098450693008e-159 3.279357361635394e-106
381.0 6.048165167305909e-103 2.4700623916254503e-104 4.325353396751619e-108 2.7269851550330795e-159 2.893701203764223e-106
382.0 5.234214010779713e-103 2.1556173044706847e-104 3.8611759463913464e-108 3.395347849963186e-159 2.554895034850602e-106
383.0 4.532912764332321e-103 1.8824110580846026e-104 3.448619660202598e-108 4.2223953918081353e-159 2.257070401434952e-106
384.0 3.9282506297240204e-103 1.6448805810860863e-104 3.0817482552765143e-108 5.244583242285155e-159 1.9951155745535376e-106
385.0 3.406550784643375e-103 1.4382336366561608e-104 2.7553300089208843e-108 6.506460732425043e-159 1.7645752452867083e-106
386.0 2.956121817806713e-103 1.2583392511552695e-104 2.4647515989466205e-108 8.062405360618536e-159 1.5615638693201334e-106
387.0 2.566962438803315e-103 1.1016341024213097e-104 2.2059427836164612e-108 9.978715194117373e-159 1.3826907560914692e-106
388.0 2.2305111374969606e-103 9.650424882386655e-105 1.9753105201863606e-108 1.2336130508124534e-158 1.2249952702667443e-106
389.0 1.9394337967715019e-103 8.45907858267912e-105 1.7696813067868923e-108 1.5232869364405217e-158 1.0858907456538246e-106
390.0 1.6874433748622917e-103 7.419341990158333e-105 1.5862506929652082e-108 1.878827787872812e-158 9.631159101840172e-107
391.0 1.4691467053865223e-103 6.511358201746252e-105 1.422539043015396e-108 2.3147214886421523e-158 8.546927902941129e-107
392.0 1.2799142444123233e-103 5.717943094178543e-105 1.2763527563205658e-108 2.8485313093237306e-158 7.588902082190733e-107
393.0 1.1157692493046987e-103 5.024216078086107e-105 1.1457502528751967e-108 3.5015285183199274e-158 6.741921099701966e-107
394.0 9.732934243377757e-104 4.41728314653687e-105 1.0290121221820232e-108 4.29944744315326e-158 5.992700682095219e-107
395.0 8.495465303778087e-104 3.885964633741675e-105 9.246149117348555e-109 5.273388593618766e-158 5.3295939545535706e-107
396.0 7.419978446549961e-104 3.4205612249259155e-105 8.312080989458472e-109 6.4608977561804866e-158 4.742383812881681e-107
397.0 6.484676837060469e-104 3.012652712999046e-105 7.47593849061818e-109 7.907254015993099e-158 4.222102343605965e-107
398.0 5.670774779677881e-104 2.654924808087939e-105 6.727092125633248e-109 9.667005583523361e-158 3.760873676655386e-107
399.0 4.962071185509153e-104 2.341019994430707e-105 6.056104597851951e-109 1.1805799241243605e-157 3.3517771504548275e-107
400.0 4.3445849239683017e-104 2.0654090143675275e-105 5.45459288954687e-109 1.4402557349403785e-157 2.9887280951211735e-107
401.0 3.8062428712843816e-104 1.8232800569700224e-105 4.915106772783342e-109 1.755206585152273e-157 2.6663739057729302e-107
402.0 3.336612863250341e-104 1.6104431525853449e-105 4.431021737982993e-109 2.136804782310026e-157 2.3800033932922116e-107
403.0 2.926674937618233e-104 1.4232476354984591e-105 3.996444580635686e-109 2.5986810068701738e-157 2.1254676714820358e-107
404.0 2.5686252476880983e-104 1.2585108445197826e-105 3.6061301071279255e-109 3.157156538956766e-157 1.8991110736056393e-107
405.0 2.255707871569863e-104 1.1134564936662052e-105 3.2554076128626354e-109 3.831755075847367e-157 1.6977107931399888e-107
406.0 1.9820704553295964e-104 9.856613689999127e-106 2.940115953413234e-109 4.6458082143992644e-157 1.5184241177252775e-107
407.0 1.7426402329755934e-104 8.730091988822377e-106 2.6565461756176114e-109 5.627171057485593e-157 1.3587422756329926e-107
408.0 1.533017479019429e-104 7.73650708286879e-106 2.401390803126457e-109 6.809067174691082e-157 1.2164500439636309e-107
409.0 1.3493838843937436e-104 6.859690075081343e-106 2.171698982324575e-109 8.231085364600383e-157 1.0895903800347462e-107
410.0 1.1884237158864297e-104 6.085495851239645e-106 1.9648367919025648e-109 9.940354397443465e-157 9.764334345080716e-108
411.0 1.0472559330656574e-104 5.401542773990808e-106 1.7784521044639714e-109 1.1992926240988974e-156 8.754493888160384e-108
412.0 9.23375703451093e-105 4.796986739667524e-106 1.6104434629823905e-109 1.4455403279028786e-156 7.85284632182052e-108
413.0 8.146039836463475e-105 4.2623249476745023e-106 1.4589325000726707e-109 1.7406850823299838e-156 7.047408565472679e-108
414.0 7.190440273357457e-105 3.789225376636002e-106 1.3222394850628355e-109 2.0941042913230764e-156 6.327567023312875e-108
415.0 6.350438456164791e-105 3.3703785146007363e-106 1.1988616338232128e-109 2.5169097127600695e-156 5.68391635329408e-108
416.0 5.611637853975576e-105 2.9993683655288948e-106 1.0874538600902528e-109 3.022256305048142e-156 5.1081177615231606e-108
417.0 4.961485112268609e-105 2.6705601623901066e-106 9.868116854190674e-110 3.625703931480627e-156 4.592774393044886e-108
418.0 4.389027780047441e-105 2.379002568085681e-106 8.958560585884037e-110 4.3456405988954936e-156 4.1313217000393185e-108
419.0 3.884704692238992e-105 2.120342447235161e-106 8.13619864841238e-110 5.203777269993551e-156 3.717930937906816e-108
420.0 3.440164498783621e-105 1.890750551712668e-106 7.392359313162242e-110 6.225725855805768e-156 3.347424174104607e-108
421.0 3.0481084688194297e-105 1.6868566865950117e-106 6.719263578354207e-110 7.441673795340839e-156 3.015199398502537e-108
422.0 2.702154243341934e-105 1.5056931160382985e-106 6.109930222667339e-110 8.887170696460497e-156 2.717164501550715e-108
423.0 2.396717676280362e-105 1.3446451349049461e-106 5.55809127318814e-110 1.0604044883072972e-155 2.4496790411993127e-108
424.0 2.1269103035670978e-105 1.2014078754374685e-106 5.058116711425016e-110 1.264147041128088e-155 2.2095028542673556e-108
425.0 1.8884503223243163e-105 1.0739485421404494e-106 4.6049473777453937e-110 1.505720822932389e-155 1.9937506854710123e-108
426.0 1.6775852560668191e-105 9.604733750196297e-107 4.1940351549024325e-110 1.7919048717504876e-155 1.799852109837165e-108
427.0 1.4910247339297644e-105 8.593987337957425e-107 3.821289617345207e-110 2.1306486916418644e-155 1.6255161137174592e-108
428.0 1.3258820283959609e-105 7.693257756664784e-107 3.483030426450786e-110 2.5312666404228744e-155 1.468699777759959e-108
429.0 1.1796231819890262e-105 6.89018268376169e-107 3.1759448342609813e-110 3.0046633095200337e-155 1.3275805734854236e-108
430.0 1.050022713276225e-105 6.173831402394827e-107 2.897049731018489e-110 3.563594629061352e-155 1.2005318447995923e-108
431.0 9.351250300635007e-106 5.534534206477012e-107 2.6436577360292772e-110 4.222970121982447e-155 1.0861010979939281e-108
432.0 8.332107960245678e-106 4.9637326954083077e-107 2.413346888066426e-110 5.0002025175854025e-155 9.82990769467726e-109
433.0 7.427675989423028e-106 4.453848333155304e-107 2.203933541643582e-110 5.915611830331558e-155 8.90041180408919e-109
434.0 6.624643565756343e-106 3.998166984639067e-107 2.0134481197894644e-110 6.992892027960551e-155 8.062154227142339e-109
435.0 5.911289718828614e-106 3.590737435950107e-107 1.8401134131097508e-110 8.259649570243648e-155 7.305859511301976e-109
436.0 5.277288146621604e-106 3.2262821599561807e-107 1.6823251496041503e-110 9.748024413922292e-155 6.623226835308278e-109
437.0 4.713536630448098e-106 2.900118810424648e-107 1.5386345903684776e-110 1.1495405570688718e-154 6.006824348606866e-109
438.0 4.2120078697370265e-106 2.6080911204810738e-107 1.407732933500112e-110 1.3545254996300745e-154 5.449995310103147e-109
439.0 3.7656189786634997e-106 2.3465080487842883e-107 1.288437332576831e-110 1.5948055505158883e-154 4.946774670867775e-109
440.0 3.3681172504357745e-106 2.112090162712077e-107 1.1796783574387963e-110 1.8762400574816504e-154 4.491814905435183e-109
441.0 3.013980109635438e-106 1.9019223748321853e-107 1.0804887439004881e-110 2.2056246360150784e-154 4.0803200368092367e-109
442.0 2.698327445398822e-106 1.7134122596380102e-107 9.899932958224692e-111 2.5908349013581178e-154 3.707986923965268e-109
443.0 2.416844754023816e-106 1.544253273974403e-107 9.073998178557714e-111 3.040991354490554e-154 3.3709529893268873e-109
444.0 2.1657157239503644e-106 1.3923922887313813e-107 8.319909704068064e-111 3.566648399704256e-154 3.065749659440807e-109
445.0 1.9415630731873507e-106 1.2560009127884502e-107 7.631169501129753e-111 4.180010871133128e-154 2.789260876330598e-109
446.0 1.741396602916322e-106 1.1334501542924497e-107 7.001889095629171e-111 4.8951818963801726e-154 2.538686111274868e-109
447.0 1.5625675643386072e-106 1.0232880203332181e-107 6.4267303927571025e-111 5.7284464333369696e-154 2.311507378195362e-109
448.0 1.4027285516033388e-106 9.242197050012461e-108 5.900852432059482e-111 6.698595388292004e-154 2.1054598015409142e-109
449.0 1.2597982342417554e-106 8.350900585920649e-108 5.4198634638967885e-111 7.827295867154712e-154 1.9185053444754948e-109
450.0 1.1319303299496523e-106 7.548680681359621e-108 4.979777798816974e-111 9.139513835548963e-154 1.7488093481032e-109
451.0 1.0174862945852381e-106 6.826331121785072e-108 4.576976939561498e-111 1.0663996277124351e-153 1.5947195721374149e-109
452.0 9.150112724009803e-107 6.175627814126178e-108 4.208174557297105e-111 1.2433820853222892e-153 1.4547474624733338e-109
453.0 8.232129071124281e-107 5.5892208188179735e-108 3.8703849198873314e-111 1.448702209269779e-153 1.327551402097897e-109
454.0 7.409426645574306e-107 5.060538594869715e-108 3.5608944212090175e-111 1.686730429107872e-153 1.2119217291517837e-109
455.0 6.671793614100611e-107 4.5837030383785335e-108 3.2772358973005283e-111 1.962485258794273e-153 1.1067673301921092e-109
456.0 6.010146325125098e-107 4.15345406421924e-108 3.017165447901825e-111 2.2817255135983175e-153 1.0111036381340239e-109
457.0 5.4164010262958943e-107 3.7650826293099e-108 2.7786415112393702e-111 2.651055089273229e-153 9.24041883334523e-110
458.0 4.8833605743482627e-107 3.414371226359956e-108 2.55980596603917e-111 3.0780419375453144e-153 8.447794630874015e-110
459.0 4.4046143386600157e-107 3.0975409916871968e-108 2.3589670581136947e-111 3.5713530743213986e-153 7.72591309695849e-110
460.0 3.974449721130737e-107 2.811204671473591e-108 2.174583969739276e-111 4.140907683126601e-153 7.068221504926299e-110
461.0 3.5877739083833644e-107 2.5523247794495737e-108 2.005252868698233e-111 4.798050628802812e-153 6.468795648864328e-110
462.0 3.2400446413812745e-107 2.3181763569635644e-108 1.84969429055102e-111 5.555748978332727e-153 5.922277539023571e-110
463.0 2.927208935485622e-107 2.1063138150152314e-108 1.7067417226380134e-111 6.428814440025517e-153 5.423819469059712e-110
464.0 2.645648813449842e-107 1.914541398249671e-108 1.575331271674024e-111 7.434154982741385e-153 4.969033783873625e-110
465.0 2.3921332272293726e-107 1.740886864137899e-108 1.454492308767132e-111 8.591059287261825e-153 4.5539477495512096e-110
466.0 2.1637754438206135e-107 1.5835780174825049e-108 1.3433389964160827e-111 9.92151811663728e-153 4.174962991546617e-110
467.0 1.9579952573990634e-107 1.4410217817427078e-108 1.2410626116416592e-111 1.1450587176074886e-152 3.82881902470192e-110
468.0 1.7724854663863705e-107 1.3117855251663802e-108 1.1469245880250994e-111 1.3206796570950585e-152 3.512560449826859e-110
469.0 1.6051821210499936e-107 1.1945803919085286e-108 1.0602502071436914e-111 1.522261256948443e-152 3.223507437022494e-110
470.0 1.4542381060351032e-107 1.0882464167451067e-108 9.804228768229193e-112 1.7534958040887929e-152 2.959229156418073e-110
471.0 1.3179996738577783e-107 9.91739227100742e-109 9.068789398421118e-112 2.0185798677284815e-152 2.717519853039667e-110
472.0 1.1949855907455546e-107 9.041181582961394e-109 8.391029623117467e-112 2.322280292602367e-152 2.49637729464101e-110
473.0 1.0838685960722985e-107 8.245356275311565e-109 7.766234559490867e-112 2.6700084466414435e-152 2.2939833499339292e-110
474.0 9.834589117003161e-108 7.522276294741107e-109 7.190089929887541e-112 3.067903707084535e-152 2.1086864801908382e-110
475.0 8.926895683697464e-108 6.865052316668283e-109 6.658646765032318e-112 3.5229272804225207e-152 1.9389859499221764e-110
476.0 8.106033434298651e-108 6.267469615495218e-109 6.168289325548549e-112 4.042967574941926e-152 1.783517582660087e-110
477.0 7.363411280962308e-108 5.723919889323386e-109 5.71570593865776e-112 4.636958481102654e-152 1.641040905981112e-110
478.0 6.691315634787292e-108 5.229340184042351e-109 5.297862476419842e-112 5.315012065957741e-152 1.5104275460999402e-110
479.0 6.0828180317331914e-108 4.779158156107027e-109 4.9119782283224975e-112 6.088567354642743e-152 1.3906507468080197e-110
480.0 5.531692765735057e-108 4.369242997102423e-109 4.55550394491596e-112 6.9705570563013536e-152 1.2807759004582061e-110
481.0 5.03234341484718e-108 3.9958614174631346e-109 4.226101850655806e-112 7.975594295327e-152 1.1799519902395128e-110
482.0 4.579737273575592e-108 3.655638152630477e-109 3.9216274434677705e-112 9.120181633377876e-152 1.0874038533120835e-110
483.0 4.1693468169778e-108 3.3455205134537294e-109 3.6401129159984984e-112 1.042294491535065e-151 1.002425183613099e-110
484.0 3.797097421392759e-108 3.06274655461303e-109 3.3797520492453144e-112 1.190489474560056e-151 9.243722014134737e-111
485.0 3.459320654366298e-108 2.8048164809960183e-109 3.1388864434231288e-112 1.358971870154602e-151 8.526579241028113e-111
486.0 3.152712523905525e-108 2.5694669530178662e-109 2.915992963744309e-112 1.5504107723224186e-151 7.867469793161965e-111
487.0 2.8742961457451323e-108 2.35464798834356e-109 2.709672290314397e-112 1.7678120482048243e-151 7.261509074508202e-111
488.0 2.6213883479850756e-108 2.1585021899363214e-109 2.5186384717806703e-112 2.014558993330166e-151 6.704239059470055e-111
489.0 2.3915697861502164e-108 1.979346059236233e-109 2.341709391783659e-112 2.2944576698145895e-151 6.19158972481286e-111
490.0 2.1826581892588215e-108 1.8156531789794314e-109 2.1777980657616092e-112 2.611787440581643e-151 5.719844084993872e-111
491.0 1.992684399601356e-108 1.6660390730672482e-109 2.0259046933463686e-112 2.9713572659388963e-151 5.28560648359275e-111
492.0 1.819870906244654e-108 1.5292475712900207e-109 1.8851093985329602e-112 3.378568387335445e-151 4.885773828015311e-111
493.0 1.6626126053634962e-108 1.4041385248938877e-109 1.7545655960919229e-112 3.8394840873121846e-151 4.517509485614374e-111
494.0 1.5194595498313499e-108 1.2896767351793458e-109 1.633493928366151e-112 4.360907285049919e-151 4.17821958715319e-111
495.0 1.389101476545094e-108 1.1849219717871359e-109 1.5211767217477693e-112 4.950466804120929e-151 3.865531508553855e-111
496.0 1.270353923050734e-108 1.089019970215729e-109 1.416952916771767e-112 5.616713233611758e-151 3.577274324297484e-111
497.0 1.162145765562089e-108 1.0011943096363183e-109 1.3202134299865995e-112 6.369225396447221e-151 3.3114610460606122e-111
498.0 1.063508028682775e-108 9.207390823476073e-110 1.2303969095728119e-112 7.218728540155454e-151 3.0662724783200668e-111
499.0 9.735638333367982e-109 8.470122753967224e-110 1.1469858501388838e-112 8.177225476297652e-151 2.8400425390015415e-111
500.0 8.915193638109727e-109 7.794297931000899e-110 1.0695030352586454e-112 9.258142016180062e-151 2.631244907959599e-111
501.0 8.166557476151296e-109 7.174600565334329e-110 9.975082791546667e-113 1.0476488183169392e-150 2.438480879318274e-111
502.0 7.483217532558e-109 6.606191226190836e-110 9.305954415068104e-113 1.1849036826941869e-150 2.260468305625901e-111
503.0 6.859272211589462e-109 6.084662713088272e-110 8.683896917039533e-113 1.3394521423386945e-150 2.096031532529611e-111
504.0 6.289371520033192e-109 5.606000146116859e-110 8.105450009767218e-113 1.5133855016815013e-150 1.9440922323591717e-111
505.0 5.768663847650643e-109 5.16654485916614e-110 7.567418427724025e-113 1.7090372449785524e-150 1.8036610537392656e-111
506.0 5.292748039409239e-109 4.762961722728842e-110 7.066850834841578e-113 1.9290098231744445e-150 1.67383001223344e-111
507.0 4.857630217997532e-109 4.3922095605980534e-110 6.601020472293927e-113 2.1762042621980557e-150 1.5537655541176732e-111
508.0 4.45968487210115e-109 4.051514358610905e-110 6.167407398188072e-113 2.4538528747047515e-150 1.4427022318053964e-111
509.0 4.095619776688289e-109 3.738344993874712e-110 5.76368218364792e-113 2.7655553839103786e-150 1.3399369352269887e-111
510.0 3.762444356894173e-109 3.450391240100066e-110 5.387690941705385e-113 3.1153187971700377e-150 1.2448236286981435e-111
511.0 3.457441147562358e-109 3.185543829050128e-110 5.037441576247177e-113 3.5076013985213956e-150 1.1567685475348397e-111
512.0 3.1781400366344963e-109 2.9418763699941015e-110 4.71109114811365e-113 3.947361263750577e-150 1.0752258129390548e-111
513.0 2.9222950128705996e-109 2.717628948703731e-110 4.406934264419709e-113 4.4401097388873864e-150 9.996934275390997e-112
514.0 2.6878631672250734e-109 2.5111932451659263e-110 4.1233924053134834e-113 4.991970363612047e-150 9.297096174536368e-112
515.0 2.4729857230122055e-109 2.3210990250478128e-110 3.8590041098379127e-113 5.609743765172511e-150 8.648494899084757e-112
516.0 2.275970893049214e-109 2.1460018741810978e-110 3.6124159493033995e-113 6.300979096284308e-150 8.0472197828516355e-112
517.0 2.0952783826205773e-109 1.9846720581539395e-110 3.382374222767617e-113 7.074052642502169e-150 7.48967049070103e-112
518.0 1.929505375557397e-109 1.8359844005944243e-110 3.1677173148007536e-113 7.938254280925895e-150 6.972531475049483e-112
519.0 1.7773738572872161e-109 1.6989090841125197e-110 2.967368660870599e-113 8.903882533351982e-150 6.492748608662975e-112
520.0 1.637719143498896e-109 1.5725032871695595e-110 2.7803302703134503e-113 9.982349023266232e-150 6.047507802143949e-112
521.0 1.5094794963532453e-109 1.4559035785523632e-110 2.605676761138897e-113 1.1186293218035801e-149 5.634215431958762e-112
522.0 1.3916867220507336e-109 1.3483189986749988e-110 2.442549864778792e-113 1.252970841550314e-149 5.250480420579844e-112
523.0 1.2834576542389669e-109 1.2490247637473142e-110 2.2901533624477225e-113 1.402808001858374e-149 4.894097824646823e-112
524.0 1.1839864372971723e-109 1.157356534975907e-110 2.1477484180017863e-113 1.5698537232731939e-149 4.563033799989317e-112
525.0 1.0925375321222506e-109 1.0727052005001992e-110 2.014649275147979e-113 1.7560019419993329e-149 4.255411824150081e-112
526.0 1.0084393747337568e-109 9.945121227452978e-111 1.890219289540267e-113 1.9633458450175255e-149 3.969500067700172e-112
527.0 9.31078624931147e-110 9.222648083734142e-111 1.773867268766674e-113 2.194197850523172e-149 3.703699815344963e-112
528.0 8.59894948445217e-110 8.554929620734193e-111 1.6650440954826956e-113 2.451111491783726e-149 3.4565348466257475e-112
529.0 7.943762815997682e-110 7.93764889086915e-111 1.563239610997119e-113 2.7369053759986595e-149 3.22664169400674e-112
530.0 7.340545325150004e-110 7.366842146784515e-111 1.467979738502259e-113 3.054689404316642e-149 3.012760703416545e-112
531.0 6.785016773887633e-110 6.838868917420388e-111 1.3788238268578194e-113 3.40789345489323e-149 2.813727828913379e-112
532.0 6.273262144424809e-110 6.350384704320007e-111 1.295362197407315e-113 3.8002987478341273e-149 2.628467099142369e-112
533.0 5.801699417664532e-110 5.898316061464475e-111 1.2172138777502954e-113 4.23607212918509e-149 2.455983698725535e-112
534.0 5.367050285773434e-110 5.479837843929588e-111 1.1440245077064002e-113 4.719803530860975e-149 2.2953576126845953e-112
535.0 4.9663135235374825e-110 5.0923524305882275e-111 1.0754644039134474e-113 5.256546884681701e-149 2.145737786518794e-112
536.0 4.59674076975892e-110 4.733470744117015e-111 1.0112267706083941e-113 5.851864791613433e-149 2.0063367586803633e-112
537.0 4.255814493883969e-110 4.4009949078511985e-111 9.5102604514684e-114 6.511877271994684e-149 1.876425725928153e-112
538.0 3.941227944646808e-110 4.092902393806663e-111 8.945963677464702e-114 7.243314949114843e-149 1.7553300054589074e-112
539.0 3.6508668969626885e-110 3.807331529546282e-111 8.416901657881455e-114 8.05357704713122e-149 1.6424248608229058e-112
540.0 3.3827930308299486e-110 3.5425682436579144e-111 7.920768437842334e-114 8.950794615075814e-149 1.5371316614587693e-112
541.0 3.135228791833425e-110 3.297033940589545e-111 7.455415708407269e-114 9.943899421832164e-149 1.4389143482711113e-112
542.0 2.9065435971e-110 3.0692744055085747e-111 7.018841580915379e-114 1.1042699002543602e-148 1.3472761800238085e-112
543.0 2.695241263436261e-110 2.8579496488571327e-111 6.60918019183735e-114 1.2257958375166655e-148 1.2617567374689622e-112
544.0 2.4999485460109932e-110 2.6618246084464963e-111 6.224692074448849e-114 1.360148898699318e-148 1.1819291640933317e-112
545.0 2.319404686436333e-110 2.4797606343303725e-111 5.8637552386744994e-114 1.5086245495098735e-148 1.107397624147894e-112
546.0 2.1524518785880277e-110 2.3107076884175656e-111 5.524856905099034e-114 1.672643103205508e-148 1.0377949602587549e-112
547.0 1.9980265690762896e-110 2.1536971968827454e-111 5.2065858434083454e-114 1.853761165912134e-148 9.727805344078702e-113
548.0 1.855151517020104e-110 2.0078354989636797e-111 4.907625269426734e-114 2.0536840763671064e-148 9.120382374302283e-113
549.0 1.722928544785001e-110 1.8722978407625166e-111 4.626746258522203e-114 2.2742794216148763e-148 8.552746534184616e-113
550.0 1.6005319176750738e-110 1.746322867229824e-111 4.362801636448479e-114 2.5175917164565517e-148 8.022173665597418e-113
551.0 1.487202296303037e-110 1.6292075696600468e-111 4.114720311737281e-114 2.785858341181974e-148 7.526133989688499e-113
552.0 1.3822412105453878e-110 1.5203026497931526e-111 3.881502016540268e-114 3.0815268393138537e-148 7.062277690287343e-113
553.0 1.2850060086844154e-110 1.4190082650439004e-111 3.66221242538954e-114 3.4072736848095155e-148 6.628421606176128e-113
554.0 1.1949052395908844e-110 1.3247701224970208e-111 3.45597862371132e-114 3.7660246364296514e-148 6.222536943958271e-113
555.0 1.1113944296499763e-110 1.2370758921389172e-111 3.261984900097141e-114 4.160976805823649e-148 5.84273793050977e-113
556.0 1.0339722196214856e-110 1.1554519123746652e-111 3.0794688383368064e-114 4.595622575341343e-148 5.487271330642337e-113
557.0 9.621768297874362e-111 1.0794601632262016e-111 2.9077176870599205e-114 5.073775511700638e-148 5.15450676169223e-113
558.0 8.955828246073795e-111 1.0086954847446926e-111 2.746064986530875e-114 5.599598432467973e-148 4.842927742322693e-113
559.0 8.337981506967025e-111 9.427830201105343e-112 2.593887433690713e-114 6.177633793855017e-148 4.551123417906158e-113
560.0 7.764614243075394e-111 8.813758646734428e-112 2.450601967996775e-114 6.81283658072262e-148 4.277780909559735e-113
561.0 7.232394466254038e-111 8.241529037928401e-112 2.3156630619188888e-114 7.510609892862885e-148 4.0216782381586644e-113
562.0 6.738249271388678e-111 7.708168238125926e-112 2.1885602011791627e-114 8.276843435738984e-148 3.781677778590015e-113
563.0 6.279343971020007e-111 7.210922818446943e-112 2.0688155409466586e-114 9.117955138907755e-148 3.556720203104525e-113
564.0 5.8530629671095524e-111 6.747242212602305e-112 1.9559817252387696e-114 1.0040936141431602e-147 3.345818875928754e-113
565.0 5.456992210684482e-111 6.314763208990395e-112 1.8496398577319145e-114 1.1053399400697086e-147 3.14805466431533e-113
566.0 5.08890311332641e-111 5.911295670285855e-112 1.749397613071403e-114 1.2163632199352363e-147 2.962571133993594e-113
567.0 4.746737786480203e-111 5.534809380111824e-112 1.654887478585237e-114 1.338065284457323e-147 2.7885700995317643e-113
568.0 4.428595495465292e-111 5.183421924848138e-112 1.565765117053919e-114 1.4714271874612188e-147 2.625307502453474e-113
569.0 4.132720225017028e-111 4.855387526384252e-112 1.481707841887375e-114 1.6175158109757393e-147 2.4720895921080756e-113
570.0 3.857489262202831e-111 4.549086748675107e-112 1.4024131966952803e-114 1.77749099083728e-147 2.3282693862572874e-113
571.0 3.6014027107898514e-111 4.26301700742967e-112 1.3275976318330634e-114 1.952613201382377e-147 2.1932433901601977e-113
572.0 3.363073858615484e-111 3.9957838181545943e-112 1.2569952710503038e-114 2.1442518404837588e-147 2.066448554599924e-113
573.0 3.1412203263158078e-111 3.7460927231597704e-112 1.1903567618704717e-114 2.3538941590239467e-147 1.9473594548210766e-113
574.0 2.9346559319852533e-111 3.512741843081612e-112 1.1274482038034744e-114 2.583154881937644e-147 1.835485673763547e-113
575.0 2.7422832119694556e-111 3.2946150029637365e-112 1.0680501489160514e-114 2.833786571163012e-147 1.7303693742588465e-113
576.0 2.5630865431589507e-111 3.090675387079932e-112 1.0119566696904457e-114 3.107690784275426e-147 1.6315830460557446e-113
577.0 2.3961258168289466e-111 2.8999596804410468e-112 9.58974489465331e-115 3.4069300862109635e-147 1.5387274146277792e-113
578.0 2.240530618352161e-111 2.7215726583862837e-112 9.08922171095774e-115 3.733740975356127e-147 1.4514294997250826e-113
579.0 2.095494871013404e-111 2.554682188822295e-112 8.616293597851652e-115 4.0905477893931605e-147 1.3693408125607513e-113
580.0 1.9602719057041744e-111 2.398514614558637e-112 8.169360763309923e-115 4.4799776606474586e-147 1.2921356813702947e-113
581.0 1.8341699215304016e-111 2.2523504858501777e-112 7.746920573002484e-115 4.9048765953322124e-147 1.2195096958742431e-113
582.0 1.7165478053148742e-111 2.1155206156691533e-112 7.3475613889493865e-115 5.368326755981416e-147 1.1511782618888107e-113
583.0 1.6068112806944932e-111 1.9874024324729105e-112 6.969956815059194e-115 5.873665031616271e-147 1.0868752580058026e-113
584.0 1.5044093599644478e-111 1.8674166072525122e-112 6.612860321608632e-115 6.424502985691645e-147 1.0263517868661577e-113
585.0 1.4088310740889855e-111 1.7550239335329098e-112 6.275100222762611e-115 7.02474827777716e-147 9.693750141260897e-114
586.0 1.319602458348439e-111 1.6497224406980696e-112 5.955574983033989e-115 7.678627661132817e-147 9.157270887301947e-114
587.0 1.2362837729784357e-111 1.5510447225921541e-112 5.653248830305973e-115 8.390711664954085e-147 8.652041385897757e-114
588.0 1.1584669398754106e-111 1.4585554647880784e-112 5.367147654612894e-115 9.165941077056525e-147 8.176153362070266e-114
589.0 1.0857731780145154e-111 1.371849155237889e-112 5.096355173338089e-115 1.0009655350182027e-146 7.72782029194573e-114
590.0 1.0178508216637061e-111 1.2905479642339092e-112 4.840009344844396e-115 1.092762306295741e-146 7.305369310171462e-114
591.0 9.54373306793682e-112 1.214299780725932e-112 4.59729901381618e-115 1.1926074574862036e-146 6.907233676310899e-114
592.0 8.950373122852164e-112 1.1427763930620478e-112 4.367460772753218e-115 1.3011737023347992e-146 6.531945760178871e-114
593.0 8.39561043636572e-112 1.0756718031614634e-112 4.149776025140804e-115 1.4191871820575782e-146 6.1781305090476976e-114
594.0 7.87682647883365e-112 1.0127006639940973e-112 3.943568236834816e-115 1.547431481710618e-146 5.84449936240867e-114
595.0 7.391587493620054e-112 9.535968310307154e-113 3.7482003631139625e-115 1.6867519310260672e-146 5.5298445824754265e-114
596.0 6.937630967970259e-112 8.981120190624652e-113 3.563072439737874e-115 1.8380602085942688e-146 5.233033970984363e-114
597.0 6.512853129645887e-112 8.460145564569923e-113 3.3876193271438115e-115 2.002339269434658e-146 4.95300594499266e-114
598.0 6.115297388929644e-112 7.970882295343208e-113 3.2213085976575093e-115 2.180648617226761e-146 4.6887649463656025e-114
599.0 5.743143652130785e-112 7.511312103161767e-113 3.0636385562992766e-115 2.3741299437810395e-146 4.43937716150819e-114
600.0 5.3946984386535395e-112 7.079550614209935e-113 2.9141363863969737e-115 2.584013159695407e-146 4.203966529582412e-114
601.0 5.068385739177673e-112 6.673838123603322e-113 2.7723564118284786e-115 2.811622841603729e-146 3.9817110190477915e-114
602.0 4.76273855749571e-112 6.292531019326432e-113 2.6378784682651245e-115 3.058385122951213e-146 3.7718391538115105e-114
603.0 4.476391083154069e-112 5.93409381818202e-113 2.510306376308099e-115 3.325835056850708e-146 3.5736267716299224e-114
604.0 4.208071446256834e-112 5.597091768531127e-113 2.3892665098877294e-115 3.6156244812805733e-146 3.386393998648838e-114
605.0 3.9565950096704095e-112 5.280183978066599e-113 2.274406453747738e-115 3.9295304186908035e-146 3.209502425133831e-114
606.0 3.7208581574151684e-112 4.9821170280364884e-113 2.165393744249757e-115 4.269464043981446e-146 3.0423524685089286e-114
607.0 3.4998325412865837e-112 4.701719038255807e-113 2.0619146881169115e-115 4.637480256818736e-146 2.8843809108087542e-114
608.0 3.2925597507626593e-112 4.437894149969964e-113 1.963673254105713e-115 5.03578789637985e-146 2.735058598582364e-114
609.0 3.0981463739817844e-112 4.1896173960892436e-113 1.8703900329161633e-115 5.466760638822411e-146 2.5938882941174355e-114
610.0 2.9157594201297393e-112 3.9559299306432756e-113 1.7818012609767353e-115 5.932948620149082e-146 2.4604026676625993e-114
611.0 2.744622075877018e-112 3.7359345913922103e-113 1.6976579040184707e-115 6.437090829579816e-146 2.3341624210383476e-114
612.0 2.584009770666473e-112 3.5287917715139136e-113 1.6177247966361695e-115 6.982128321188346e-146 2.214754533722508e-114
613.0 2.433246527587853e-112 3.333715578050394e-113 1.5417798342695495e-115 7.571218294245924e-146 2.1017906231006182e-114
614.0 2.2917015784119525e-112 3.1499702564990497e-113 1.469613214289639e-115 8.207749095658566e-146 1.9949054111782605e-114
615.0 2.1587862230016095e-112 2.9768668624455944e-113 1.4010267230838995e-115 8.895356200896203e-146 1.893755290577831e-114
616.0 2.0339509148449663e-112 2.8137601625505934e-113 1.335833066236197e-115 9.637939232990802e-146 1.7980169831418098e-114
617.0 1.9166825558753973e-112 2.660045748526242e-113 1.273855239095172e-115 1.0439680082583636e-145 1.7073862849394993e-114
618.0 1.806501985029233e-112 2.5151573489364448e-113 1.2149259351960664e-115 1.1305062195517338e-145 1.6215768918979669e-114
619.0 1.7029616461834757e-112 2.3785643247673426e-113 1.1588869901648398e-115 1.2238891098168476e-145 1.540319300676578e-114
620.0 1.6056434222244012e-112 2.2497693357613763e-113 1.1055888588942249e-115 1.3246316234680958e-145 1.4633597797853731e-114
621.0 1.5141566229969702e-112 2.1283061654437963e-113 1.054890123916493e-115 1.4332854194311508e-145 1.3904594062813053e-114
622.0 1.4281361158251489e-112 2.0137376936629308e-113 1.0066570330369012e-115 1.5504413411444482e-145 1.321393163703942e-114
623.0 1.3472405881515408e-112 1.905654006279628e-113 9.607630644164621e-116 1.676732042538745e-145 1.2559490972094751e-114
624.0 1.2711509326314976e-112 1.8036706323878996e-113 9.170885174058353e-116 1.812834779177403e-145 1.1939275221339368e-114
625.0 1.1995687457536762e-112 1.7074269001555096e-113 8.755201275457795e-116 1.9594743742471246e-145 1.1351402824798617e-114
626.0 1.132214931724952e-112 1.616584403008227e-113 8.359507042463104e-116 2.1174263696070704e-145 1.0794100560530676e-114
627.0 1.0688284039835e-112 1.5308255684853805e-113 7.982787897551634e-116 2.2875203726609538e-145 1.0265697032030034e-114
628.0 1.0091648772741934e-112 1.4498523226435033e-113 7.624083381132249e-116 2.470643610393068e-145 9.764616563245759e-115
629.0 9.529957437490961e-113 1.3733848433964616e-113 7.282484128775285e-116 2.6677447025174325e-145 9.289373474716116e-115
630.0 9.001070270422603e-113 1.301160396652154e-113 6.957129024688358e-116 2.879837666321927e-145 8.838566716095848e-115
631.0 8.502984087214882e-113 1.2329322495490633e-113 6.647202520755923e-116 3.1080061664657936e-145 8.410874832046479e-115
632.0 8.03382321930217e-113 1.1684686554947583e-113 6.351932111097631e-116 3.3534080236776305e-145 8.0050512399574455e-115
633.0 7.591831074208139e-113 1.1075519060908648e-113 6.070585952764092e-116 3.617279997043586e-145 7.619919799446562e-115
634.0 7.175362275326583e-113 1.0499774453742962e-113 5.802470623761263e-116 3.9009428553412644e-145 7.254370654905407e-115
635.0 6.782875339967779e-113 9.955530421288936e-114 5.546929010152916e-116 4.205806753683181e-145 6.907356333610788e-115
636.0 6.412925857494158e-113 9.440980163182627e-114 5.303338314490714e-116 4.533376932566899e-145 6.577888083064797e-115
637.0 6.064160132202873e-113 8.954425159737473e-114 5.071108178333962e-116 4.8852597573351496e-145 6.265032432345124e-115
638.0 5.735309258154591e-113 8.494268411226038e-114 4.8496789120370486e-116 5.263169116949121e-145 5.967907963210297e-115
639.0 5.425183595572649e-113 8.059008115853915e-114 4.6385198254332057e-116 5.668933201971032e-145 5.6856822776784875e-115
640.0 5.132667620616386e-113 7.647231756886411e-114 4.437127653412726e-116 6.104501682643058e-145 5.417569149641145e-115
641.0 4.856715122406211e-113 7.257610571487777e-114 4.245025070787881e-116 6.57195330903426e-145 5.162825848917932e-115
642.0 4.596344723048526e-113 6.888894375709846e-114 4.061759291165542e-116 7.07350395632502e-145 4.920750626897464e-115
643.0 4.3506356981626524e-113 6.539906721843723e-114 3.886900744875266e-116 7.611515139456711e-145 4.690680353620255e-115
644.0 4.118724077040391e-113 6.209540366005268e-114 3.7200418313118103e-116 8.188503022607252e-145 4.471988296829949e-115
645.0 3.8997990030497923e-113 5.896753025324145e-114 3.560795741318487e-116 8.807147950191235e-145 4.2640820341147695e-115
646.0 3.693099336312552e-113 5.600563405568719e-114 3.408795345530365e-116 9.470304527464319e-145 4.066401489867494e-115
647.0 3.497910481931784e-113 5.320047481298562e-114 3.263692144811101e-116 1.0181012280131658e-144 3.878417089286664e-115
648.0 3.313561428273251e-113 5.054335011913635e-114 3.1251552791827266e-116 1.0942506923878511e-144 3.699628022180324e-115
649.0 3.13942198088118e-113 4.802606278068603e-114 2.9928705918437054e-116 1.1758232276203003e-144 3.529560609772842e-115
650.0 2.974900178645755e-113 4.56408902399843e-114 2.866539745088238e-116 1.2631852844549021e-144 3.3677667681660754e-115
651.0 2.8194398797815576e-113 4.338055592276322e-114 2.7458793851273554e-116 1.3567267126377967e-144 3.213822562507116e-115
652.0 2.6725185060524e-113 4.123820238435366e-114 2.6306203529904565e-116 1.4568621658534395e-144 3.0673268462922346e-115
653.0 2.533644934500081e-113 3.920736613747355e-114 2.520506938862855e-116 1.5640325855100544e-144 2.927899980600432e-115
654.0 2.402357526675732e-113 3.728195405220736e-114 2.4152961773596045e-116 1.6787067674746997e-144 2.795182628365203e-115
655.0 2.2782222860895494e-113 3.545622122641236e-114 2.314757181401334e-116 1.801383016063804e-144 2.668834619122145e-115
656.0 2.1608311352297693e-113 3.372475023140041e-114 2.218670512482897e-116 1.9325908897925865e-144 2.548533879942398e-115
657.0 2.04980030411195e-113 3.2082431644226485e-114 2.1268275852638577e-116 2.0728930436036795e-144 2.4339754285407466e-115
658.0 1.9447688228776446e-113 3.052444578382034e-114 2.0390301045314451e-116 2.222887172518446e-144 2.3248704247983464e-115
659.0 1.845397111479417e-113 2.9046245573693428e-114 1.9550895327005716e-116 2.3832080618857564e-144 2.220945277174659e-115
660.0 1.7513656599719188e-113 2.76435404591017e-114 1.8748265861244116e-116 2.5545297496458753e-144 2.121940800704814e-115
661.0 1.6623737933749813e-113 2.6312281311308478e-114 1.7980707585894157e-116 2.737567806277848e-144 2.0276114234836498e-115
662.0 1.578138515493783e-113 2.504864625610155e-114 1.724659870467608e-116 2.933081738367361e-144 1.9377244387349093e-115
663.0 1.498393426461775e-113 2.3849027367783702e-114 1.65443964208292e-116 3.14187752199814e-144 1.8520592997382084e-115
664.0 1.4228877091358955e-113 2.271001817380606e-114 1.587263289937988e-116 3.3648102724649153e-144 1.7704069550617225e-115
665.0 1.3513851798017195e-113 2.1628401918735365e-114 1.5229911445212722e-116 3.602787057092671e-144 1.692569221700324e-115
666.0 1.2836633989624442e-113 2.06011405397101e-114 1.4614902884958463e-116 3.8567698582719143e-144 1.6183581938750403e-115
667.0 1.2195128382648464e-113 1.9625364308534107e-114 1.40263421413138e-116 4.127778694122725e-144 1.5475956853774752e-115
668.0 1.1587360998921538e-113 1.869836209862196e-114 1.3463024989165775e-116 4.41689490455772e-144 1.4801127034839124e-115
669.0 1.1011471849955002e-113 1.7817572237619867e-114 1.2923804983430358e-116 4.725264610846732e-144 1.415748952576381e-115
670.0 1.0465708079699377e-113 1.69805739091097e-114 1.240759054912484e-116 5.0541023571557527e-144 1.3543523657251101e-115
671.0 9.948417535986053e-114 1.6185079069212085e-114 1.1913342224766677e-116 5.404694942921796e-144 1.2957786625964297e-115
672.0 9.458042742822684e-114 1.5428924846005305e-114 1.1440070050624824e-116 5.778405455292748e-144 1.2398909321412519e-115
673.0 8.993115247663332e-114 1.471006639187846e-114 1.0986831093931059e-116 6.176677511305583e-144 1.1865592386237354e-115
674.0 8.552250319440347e-114 1.4026570160749992e-114 1.055272710353102e-116 6.601039719874488e-144 1.1356602496284276e-115
675.0 8.134141974788437e-114 1.3376607583927477e-114 1.0136902286914498e-116 7.05311037411228e-144 1.0870768847699868e-115
676.0 7.737558311405084e-114 1.2758449120078657e-114 9.738541202978305e-117 7.534602384980639e-144 1.0406979839078887e-115
677.0 7.361337128862119e-114 1.2170458656303445e-114 9.356866764216738e-117 8.04732846772056e-144 9.96417993736815e-116
678.0 7.004381818514326e-114 1.1611088238804562e-114 8.991138342423533e-117 8.593206593034601e-144 9.541366716946875e-116
679.0 6.665657505352971e-114 1.107887311300098e-114 8.640649972307748e-117 9.17426571549658e-144 9.137588061920606e-116
680.0 6.344187425778531e-114 1.0572427054197228e-114 8.304728647734567e-117 9.79265179219939e-144 8.751939522254051e-116
681.0 6.039049526337462e-114 1.0090437971141995e-114 7.982732705618819e-117 1.0450634105223173e-143 8.383561814948319e-116
682.0 5.7493732694320964e-114 9.6316637658942e-115 7.674050292754558e-117 1.115061190206554e-143 8.031638461966489e-116
683.0 5.474336632947274e-114 9.194928434488173e-115 7.378097911151014e-117 1.1895121368801273e-143 7.695393557128404e-116
684.0 5.2131632915713286e-114 8.779118393831437e-115 7.094319037666825e-117 1.268684295133558e-143 7.374089654629368e-116
685.0 4.9651199684056206e-114 8.383179021213261e-115 6.822182813994277e-117 1.3528609040791713e-143 7.06702577229818e-116
686.0 4.7295139461813934e-114 8.006111393625064e-115 6.561182803241594e-117 1.4423412039721893e-143 6.773535503091622e-116
687.0 4.505690728105336e-114 7.646969214906731e-115 6.310835809580868e-117 1.5374412826531647e-143 6.492985228717355e-116
688.0 4.293031839008809e-114 7.304855919492078e-115 6.070680757635851e-117 1.6384949636276451e-143 6.224772429646845e-116
689.0 4.090952758052096e-114 6.978921942178718e-115 5.8402776284301614e-117 1.7458547376643768e-143 5.968324086077862e-116
690.0 3.8989009748314495e-114 6.668362144058076e-115 5.619206448937132e-117 1.859892739882564e-143 5.723095164770826e-116
691.0 3.716354161238145e-114 6.372413385311899e-115 5.407066332403174e-117 1.9810017743719022e-143 5.488567186946109e-116
692.0 3.542818451913678e-114 6.0903522361616345e-115 5.203474566776767e-117 2.1095963884734114e-143 5.264246872714991e-116
693.0 3.377826826615984e-114 5.821492817814318e-115 5.008065748739383e-117 2.246113998942173e-143 5.049664857798043e-116
694.0 3.2209375882169096e-114 5.565184765712702e-115 4.820490960940281e-117 2.391016072293299e-143 4.8443744784990165e-116
695.0 3.0717329304712316e-114 5.320811307902083e-115 4.6404169901961e-117 2.5447893617341325e-143 4.6479506211642056e-116
696.0 2.9298175900586543e-114 5.087787451746121e-115 4.467525584521683e-117 2.707947203178944e-143 4.459988632557918e-116
697.0 2.794817577751118e-114 4.865558272640073e-115 4.301512746976991e-117 2.8810308729407483e-143 4.280103287792941e-116
698.0 2.666378983886708e-114 4.653597298761603e-115 4.142088064428847e-117 3.0646110098036175e-143 4.1079278126525006e-116
699.0 2.5441668536279363e-114 4.451404986247566e-115 3.988974069417066e-117 3.259289104277463e-143 3.9431129573095445e-116
700.0 2.4278641277801524e-114 4.258507279547727e-115 3.841905633432128e-117 3.4656990579631227e-143 3.785326118640231e-116
