200.0 1.8006802024758644e-13 6.37555979027731e-20 1.9377167739261797e-28 2.7352355249696354e-119 1.1778454652005708e-14
201.0 2.2489640927876594e-13 8.573504406503545e-20 2.872794892630842e-28 1.2019905891144485e-118 1.4911678305166178e-14
202.0 2.2470743968159776e-13 9.216577142555633e-20 3.4015012010692233e-28 4.173370055578424e-118 1.510064147160697e-14
203.0 2.6942175912390063e-13 1.1880867926916161e-19 4.824924354312258e-28 1.7176055882588117e-117 1.8347930050177636e-14
204.0 3.589256062576161e-13 1.7004926896582154e-19 7.591912886940224e-28 7.760065068513693e-117 2.4767301003421392e-14
205.0 4.0344942465769246e-13 2.0521556779611411e-19 1.0062816386022416e-27 2.923114458636952e-116 2.8205082100813662e-14
206.0 4.926863569423376e-13 2.6887046161337303e-19 1.4467372754458868e-27 1.182290143507976e-115 3.489135548879605e-14
207.0 5.817703932471707e-13 3.403927829865992e-19 2.0080500032197797e-27 4.570638469403972e-115 4.173051698914437e-14
208.0 6.707012481820672e-13 4.204584536858903e-19 2.7169444426084e-27 1.7055854349199537e-114 4.8722851316061625e-14
209.0 8.041538748884399e-13 5.397735891271678e-19 3.817281534789412e-27 6.545172693289082e-114 5.915500928574517e-14
210.0 9.373763238563799e-13 6.732592008841858e-19 5.206388356061673e-27 2.415025557093203e-113 6.981733082334391e-14
211.0 1.0703682482114005e-12 8.22088828645959e-19 6.945712902131546e-27 8.634225687262971e-113 8.071016162980417e-14
212.0 1.247689680079383e-12 1.0240817650991475e-18 9.445258658997324e-27 3.1174747181686827e-112 9.523506642363245e-14
213.0 1.469225231500011e-12 1.2879177465130148e-18 1.2956596133162674e-26 1.1250725455128311e-111 1.135074244853534e-13
214.0 1.734859336697408e-12 1.6231875062714044e-18 1.7796823791041353e-26 4.029085220365273e-111 1.3564279200004066e-13
215.0 2.0000311419600688e-12 1.9961012026295627e-18 2.3833056531368588e-26 1.3942692664153735e-110 1.5824042180536207e-13
216.0 2.3535535431955923e-12 2.5040996853218935e-18 3.2533393718904286e-26 4.8750785614282183e-110 1.8841058988000157e-13
217.0 2.7064588437698335e-12 3.0679949301231728e-18 4.3338601393563917e-26 1.6491024543055403e-109 2.1919780271886539e-13
218.0 3.1474058943276137e-12 3.799085910102196e-18 5.830535583171601e-26 5.585842175554785e-109 2.578663677051285e-13
219.0 3.676163068702459e-12 4.722209048059291e-18 7.867826529209104e-26 1.8818295439232777e-108 3.0464788616856573e-13
220.0 4.248246022777304e-12 5.804148398966016e-18 1.0490687260750543e-25 6.212444369750224e-108 3.5606510077849006e-13
221.0 4.907752581145495e-12 7.127669880191494e-18 1.396525636596552e-25 2.0308477013805773e-107 4.159817388387597e-13
222.0 5.654450836641415e-12 8.72473719671444e-18 1.851714187300393e-25 6.559295913877985e-107 4.846296755508678e-13
223.0 6.488108856050377e-12 1.0630194401772408e-17 2.442146306006672e-25 2.090460755612847e-106 5.622408092849778e-13
224.0 7.496691089924268e-12 1.3035303974352078e-17 3.2393157629204215e-25 6.647975071046969e-106 6.567737675522582e-13
225.0 8.635674403061156e-12 1.5927466083311636e-17 4.278360087825186e-25 2.0888319121599628e-105 7.647900634902948e-13
226.0 9.904711137360557e-12 1.9367099641018925e-17 5.6194609038399785e-25 6.477090870043895e-105 8.866372947795773e-13
227.0 1.134743608763291e-11 2.3510903363470257e-17 7.363828345979785e-25 1.9886635039218686e-104 1.026642144572372e-12
228.0 1.3007329736545683e-11 2.854223093667852e-17 9.643512837194457e-25 6.056498370647344e-104 1.1892855815081409e-12
229.0 1.4883813272245343e-11 3.457199648504936e-17 1.2592076829398291e-24 1.8256237509064652e-103 1.3751463065236685e-12
230.0 1.6976308251349418e-11 4.172046184053578e-17 1.6370572554600253e-24 5.439337186039133e-103 1.5848026427365995e-12
231.0 1.94157201279245e-11 5.045949299438496e-17 2.131667603514255e-24 1.6115784770658655e-102 1.831233568196375e-12
232.0 2.211354558186267e-11 6.074659560528697e-17 2.7611118007930778e-24 4.716152183996302e-102 2.107019176176092e-12
233.0 2.5200343915750975e-11 7.31370719272065e-17 3.574474692316383e-24 1.3697758504838341e-101 2.4254845127647972e-12
234.0 2.8675076156057354e-11 8.788185668824965e-17 4.615482958546619e-24 3.940836883106566e-101 2.787668300550956e-12
235.0 3.258037793373091e-11 1.0539327791231035e-16 5.944402533563673e-24 1.1231878737335583e-100 3.198896130907877e-12
236.0 3.6958731964340656e-11 1.2613545415692068e-16 7.635673051350019e-24 3.171326150233014e-100 3.664646458795428e-12
237.0 4.1939661014125826e-11 1.5094267159411033e-16 9.801168032595189e-24 8.888619501025559e-100 4.199280587650999e-12
238.0 4.747799622185931e-11 1.8011615258250946e-16 1.2537709051623269e-23 2.4665359858412467e-99 4.800005442798273e-12
239.0 5.374632161384404e-11 2.1482794926595727e-16 1.602150518959406e-23 6.793147402759392e-99 5.486082364491642e-12
240.0 6.074268477076378e-11 2.556988419151983e-16 2.0419200845727435e-23 1.8540684580404978e-98 6.259463151233014e-12
241.0 6.859546360231799e-11 3.039738702466669e-16 2.597749254297309e-23 5.019483097724754e-98 7.135653552214696e-12
242.0 7.734577054422371e-11 3.6066098113674886e-16 3.2966112386547457e-23 1.3470809973060022e-97 8.121501758378016e-12
243.0 8.716466522496307e-11 4.275064937979928e-16 4.1771348771825497e-23 3.5874975190855235e-97 9.237792933480934e-12
244.0 9.813594374967149e-11 5.06046213636375e-16 5.282697390758192e-23 9.477893481786172e-97 1.049665270581054e-11
245.0 1.1038639003552984e-10 5.98218449450484e-16 6.668383978993588e-23 2.484322020789744e-96 1.1915180123738081e-11
246.0 1.240423347673301e-10 7.061889775613022e-16 8.401277021550524e-23 6.460763830350828e-96 1.3510927240528831e-11
247.0 1.3922965677856938e-10 8.323694877827666e-16 1.0562707209121148e-22 1.6669266125976783e-95 1.5301897714797607e-11
248.0 1.5616013238471912e-10 9.79978905737141e-16 1.325819645536133e-22 4.268847131465194e-95 1.7316120185206906e-11
249.0 1.749585119057296e-10 1.1520587344122377e-15 1.6608393025348188e-22 1.0848039348197938e-94 1.9572726194014857e-11
250.0 1.9587839152623662e-10 1.3528570701586303e-15 2.0771578264419987e-22 2.736736850274765e-94 2.210588511607951e-11
251.0 2.1908634588953578e-10 1.5865048134859341e-15 2.59301792080747e-22 6.853000460497926e-94 2.494086471542801e-11
252.0 2.447913759949936e-10 1.857888777066853e-15 3.2308361249479523e-22 1.7033448146950438e-93 2.8108467278663733e-11
253.0 2.7328770451603545e-10 2.173101246514388e-15 4.0187721185469094e-22 4.203611523692581e-93 3.165019548202629e-11
254.0 3.048685079877247e-10 2.5389220252137015e-15 4.990805027958462e-22 1.030145337635827e-92 3.560859745245719e-11
255.0 3.397830132945444e-10 2.962497037960853e-15 6.186985273648137e-22 2.5066309612918145e-92 4.002220896656433e-11
256.0 3.783224299973111e-10 3.452090674190285e-15 7.655927298642489e-22 6.056258254694282e-92 4.4935543640608256e-11
257.0 4.2094825919968175e-10 4.018452696959934e-15 9.459449118103191e-22 1.453470620541958e-91 5.041466760089565e-11
258.0 4.679491916990587e-10 4.671828230936876e-15 1.166768034418163e-21 3.464364782912409e-91 5.650661124584837e-11
259.0 5.197839172373173e-10 5.425237696343734e-15 1.4368410047215436e-21 8.202329858151913e-91 6.328024979226524e-11
260.0 5.769095017565667e-10 6.293074472779923e-15 1.7666438525277582e-21 1.9292263416773993e-90 7.080608088333171e-11
261.0 6.397813941188372e-10 7.291203464057043e-15 2.1686412026328264e-21 4.507843985907327e-90 7.915621777030823e-11
262.0 7.089387188886295e-10 8.438079386015784e-15 2.657925630707074e-21 1.0464947314178696e-89 8.841501868079926e-11
263.0 7.849186970882038e-10 9.754014721664458e-15 3.2523997624712672e-21 2.4138016831760613e-89 9.866874352619776e-11
264.0 8.68426926037184e-10 1.1263516185871082e-14 3.974005964697998e-21 5.532787515309079e-89 1.1002711826379981e-10
265.0 9.600389260715238e-10 1.2991858522484328e-14 4.848134508648264e-21 1.260218724745293e-88 1.225860601618238e-10
266.0 1.060498163660324e-09 1.4969091204999066e-14 5.905607634175383e-21 2.8526788499089054e-88 1.3646538211774963e-10
267.0 1.1706304029490838e-09 1.722944486705157e-14 7.183319760494479e-21 6.418220887772903e-88 1.5179851843919425e-10
268.0 1.2912160899720638e-09 1.9809833239220534e-14 8.724499118162946e-21 1.435283983812593e-87 1.6871625722572329e-10
269.0 1.4232024583052461e-09 2.2753327899910557e-14 1.058116248235559e-20 3.1905645229619283e-87 1.873744394135411e-10
270.0 1.567533423157943e-09 2.6107112117633674e-14 1.2814481504270092e-20 7.050547426987276e-87 2.079322201915137e-10
271.0 1.725234211287588e-09 2.9924215414367276e-14 1.549692862591408e-20 1.548914693714595e-86 2.305633606204693e-10
272.0 1.8974532769304287e-09 3.426485004815134e-14 1.8714626788937725e-20 3.38311515612661e-86 2.5546227199996643e-10
273.0 2.0854195322567586e-09 3.91963826395035e-14 2.256932125616561e-20 7.34721038945611e-86 2.8283882380629635e-10
274.0 2.2903998024618303e-09 4.4793173536842276e-14 2.718047678109636e-20 1.5865898931411503e-85 3.1291292712710224e-10
275.0 2.5138251408988054e-09 5.1139696230866425e-14 3.268966650937019e-20 3.407040906738372e-85 3.4593210131150847e-10
276.0 2.757121626790785e-09 5.832805176253902e-14 3.926206206967024e-20 7.275701381588279e-85 3.821488322050892e-10
277.0 3.0219629052045934e-09 6.646398996954187e-14 4.7093751428804675e-20 1.545237952649777e-84 4.2185579596009635e-10
278.0 3.310058868768671e-09 7.566365636704087e-14 5.641377325437619e-20 3.2640923388354187e-84 4.653573723974098e-10
279.0 3.6231975179409665e-09 8.605534308732646e-14 6.748978398994274e-20 6.857954801650683e-84 5.129757446207768e-10
280.0 3.963412531590615e-09 9.778461184868478e-14 8.063734371957165e-20 1.4332603661459399e-83 5.650751698475836e-10
281.0 4.332772509834806e-09 1.1101073690026857e-13 9.622346296739263e-20 2.979708741702624e-83 6.22032931955581e-10
282.0 4.733548443043446e-09 1.2591210596605324e-13 1.146780334021494e-19 6.162643798803345e-83 6.84263713612073e-10
283.0 5.168087243208296e-09 1.4268456570168992e-13 1.3650060547665504e-19 1.2680126143689399e-82 7.522021816540926e-10
284.0 5.639020578252468e-09 1.6154870892283113e-13 1.6227648317880358e-19 2.5958093425451775e-82 8.263339536593346e-10
285.0 6.149096474015353e-09 1.827473632722154e-13 1.9268548360556667e-19 5.28735013348469e-82 9.071721519323418e-10
286.0 6.7012205822722555e-09 2.0654860140659326e-13 2.2851712167752163e-19 1.07161978673342e-81 9.952640941049454e-10
287.0 7.298455514113808e-09 2.332477907174723e-13 2.706867510124655e-19 2.1612253423350464e-81 1.091191957702681e-09
288.0 7.944228610506722e-09 2.631766663127567e-13 3.2026221125676154e-19 4.337553906301981e-81 1.1956048086750362e-09
289.0 8.641997184298712e-09 2.966954058873334e-13 3.7847340933543923e-19 8.663480797259945e-81 1.3091696742384736e-09
290.0 9.395539616306576e-09 3.342047195248937e-13 4.467475886645523e-19 1.722127381457992e-80 1.4326160551063865e-09
291.0 1.020887122311446e-08 3.7614641209988457e-13 5.267347351711964e-19 3.407103926380387e-80 1.5667245779416951e-09
292.0 1.1086242685391513e-08 4.2300666696892007e-13 6.203394312491656e-19 6.709242933240671e-80 1.712327897612643e-09
293.0 1.2032222463196944e-08 4.753228300757327e-13 7.297618388374343e-19 1.315079751614296e-79 1.8703246424492928e-09
294.0 1.3051570948943713e-08 5.336825653011536e-13 8.575320205182251e-19 2.5659001587862128e-79 2.0416612661900456e-09
295.0 1.4149405422879118e-08 5.987344962927399e-13 1.0065663325508276e-18 4.9837616932931485e-79 2.2273589283793315e-09
296.0 1.533115715871906e-08 6.711913902631369e-13 1.1802189317168031e-18 9.636626555586897e-79 2.4285084239003815e-09
297.0 1.6602528656142312e-08 7.518332586545557e-13 1.38233863596476e-18 1.855075275868251e-78 2.646264874707655e-09
298.0 1.796965822930644e-08 8.415200547146627e-13 1.617350143624697e-18 3.5553925761761245e-78 2.881875419214445e-09
299.0 1.943899373110633e-08 9.411921222880491e-13 1.890322015846281e-18 6.7845653963234e-78 3.1366609365300628e-09
300.0 2.101737408946136e-08 1.0518801907411156e-12 2.2070606124226707e-18 1.2890919016835658e-77 3.412030756484845e-09
301.0 2.2711986754494165e-08 1.174710082909724e-12 2.574204070791547e-18 2.438881877037793e-77 3.7094775791491362e-09
302.0 2.4530571560264902e-08 1.3109205297636392e-12 2.9993559190461428e-18 4.594758882985625e-77 4.030612626256567e-09
303.0 2.6481131108679276e-08 1.4618562613263832e-12 3.491177926343179e-18 8.620176555365551e-77 4.377120420921356e-09
304.0 2.857234017225745e-08 1.6289983203053949e-12 4.0595803989264984e-18 1.610537729177463e-76 4.750828082655207e-09
305.0 3.081317380252305e-08 1.813953269438791e-12 4.715834310344586e-18 2.996700979163681e-76 5.1536463521931254e-09
306.0 3.3213193118492153e-08 2.0184787507643094e-12 5.472786167422561e-18 5.553301389446756e-76 5.587619064725285e-09
307.0 3.578254300749411e-08 2.2444947045804966e-12 6.345061460946195e-18 1.0249727859655872e-75 6.054925548817459e-09
308.0 3.8531826798073405e-08 2.4940872026830224e-12 7.349268018166066e-18 1.8842697069061708e-75 6.557862064716026e-09
309.0 4.147230907043172e-08 2.7695332749908437e-12 8.504281742986328e-18 3.450329501350319e-75 7.0988786661353645e-09
310.0 4.461583152262708e-08 3.0733090775561947e-12 9.831514332672196e-18 6.293342082681089e-75 7.680567846632754e-09
311.0 4.7974891749571695e-08 3.408109268172552e-12 1.1355243536467926e-17 1.143462192565407e-74 8.305680887244057e-09
312.0 5.156264126524781e-08 3.776862189414566e-12 1.3102965109213727e-17 2.0696555151498246e-74 8.977130596133412e-09
313.0 5.539292322251338e-08 4.182748785574175e-12 1.5105793917319613e-17 3.731865119056841e-74 9.698000976269206e-09
314.0 5.9480351582232683e-08 4.629226054940749e-12 1.7398923803205552e-17 6.7038051986289444e-74 1.0471564400052962e-08
315.0 6.384030774649978e-08 5.1200458500079315e-12 2.0022118400143378e-17 1.1997759146558304e-73 1.1301284624077526e-08
316.0 6.848885607781882e-08 5.659267858647962e-12 2.302022699726816e-17 2.139325965440879e-73 1.2190805333544049e-08
317.0 7.344306681618507e-08 6.251306958913385e-12 2.644389253339017e-17 3.800735177212661e-73 1.3144011092703142e-08
318.0 7.872076819594119e-08 6.900936379467209e-12 3.0350149773994137e-17 6.728014131395178e-73 1.4164987454863686e-08
319.0 8.434066501770839e-08 7.613321289885933e-12 3.4803208536776285e-17 1.1867229293246614e-72 1.5258045908455907e-08
320.0 9.032253845866412e-08 8.394062874344031e-12 3.987536788187891e-17 2.085787072010266e-72 1.642776427463601e-08
321.0 9.668699807836469e-08 9.249204011959854e-12 4.5647839959269787e-17 3.6531109873221054e-72 1.7678946370630686e-08
322.0 1.034557628278271e-07 1.0185284282064544e-11 5.221188988406868e-17 6.375912539455683e-72 1.9016677453861413e-08
323.0 1.1065165593985698e-07 1.1209371993499227e-11 5.966997830084205e-17 1.1089774350125659e-71 2.0446328411045977e-08
324.0 1.1829847992906586e-07 1.2329085131383439e-11 6.8136949821428e-17 1.922283868383727e-71 2.19735376291283e-08
325.0 1.2642129521528544e-07 1.3552654875238617e-11 7.774156644635915e-17 3.320784004486618e-71 2.360426748415412e-08
326.0 1.3504633473680092e-07 1.488895553718035e-11 8.86280035921762e-17 5.717492268899888e-71 2.534479410743155e-08
327.0 1.4420108010188846e-07 1.6347552992124575e-11 1.0095759064909361e-16 9.811282590566131e-71 2.720172710826605e-08
328.0 1.539143370130791e-07 1.793875621368769e-11 1.1491073587446914e-16 1.6780872062149694e-70 2.9182029576711808e-08
329.0 1.6421619043249038e-07 1.9673657734913604e-11 1.3068895831696777e-16 2.8607819056323792e-70 3.1293015581635736e-08
330.0 1.7513816020004106e-07 2.1564199883913055e-11 1.485172744180186e-16 4.8612656251182296e-70 3.35423857768982e-08
331.0 1.8671327622985479e-07 2.3623236005201995e-11 1.686467766166336e-16 8.234196082744989e-70 3.5938248399213993e-08
332.0 1.989759520743936e-07 2.5864569245313693e-11 1.9135728231641837e-16 1.3903134466453135e-69 3.8489101668479604e-08
333.0 2.1196234084095537e-07 2.8303055409108846e-11 2.169606907235929e-16 2.34011159296397e-69 4.12039091999141e-08
334.0 2.2571004816187376e-07 3.0954627625814836e-11 2.4580405467572677e-16 3.926493371785046e-69 4.4092051831932965e-08
335.0 2.4025844694307535e-07 3.3836402134350527e-11 2.7827354748746513e-16 6.567949319557654e-69 4.7163395908399115e-08
336.0 2.556487108900009e-07 3.696675297945685e-11 3.1479854736293657e-16 1.0952756978065333e-68 5.0428307860332505e-08
337.0 2.719236877147146e-07 4.0365366569032244e-11 3.558558980562778e-16 1.8209481035597852e-68 5.38976371690069e-08
338.0 2.891281726066316e-07 4.40533572295997e-11 4.019750657135364e-16 3.0183101636791588e-68 5.758277828728526e-08
339.0 3.0730898090534976e-07 4.80533608455108e-11 4.537435650570248e-16 4.988087191007871e-68 6.14956939056179e-08
340.0 3.2651482072641614e-07 5.238960149390346e-11 5.118125879637864e-16 8.219008907405957e-68 6.56488983729251e-08
341.0 3.4679656517985166e-07 5.708802415593368e-11 5.769037416928075e-16 1.3503037287993944e-67 7.00555210744662e-08
342.0 3.682071246830993e-07 6.217637023807968e-11 6.498157944900945e-16 2.2119798052524847e-67 7.472929015628016e-08
343.0 3.908017979037214e-07 6.768433649154518e-11 7.314328462368603e-16 3.613097372917177e-67 7.968461307540062e-08
344.0 4.146381035635719e-07 7.364365477080882e-11 8.227323519172316e-16 5.884883838652325e-67 8.493655275575687e-08
345.0 4.397759315085663e-07 8.008822967028292e-11 9.247944218756986e-16 9.55799084084805e-67 9.050086844616654e-08
346.0 4.662776927323809e-07 8.705428428072309e-11 1.0388119960215065e-15 1.54801979858685e-66 9.639405717187464e-08
347.0 4.942082704673384e-07 9.458047652942341e-11 1.1661015005354564e-15 2.5002192831448216e-66 1.0263335467315562e-07
348.0 5.236352491874734e-07 1.0270807337403227e-10 1.3081150675001354e-15 4.027001832197116e-66 1.0923679399360046e-07
349.0 5.546289046101399e-07 1.1148108840716501e-10 1.4664532926190975e-15 6.468416765748266e-66 1.1622321522556537e-07
350.0 5.87262312996099e-07 1.2094644892485118e-10 1.6428793820637811e-15 1.0361837614280978e-65 1.236123002561166e-07
351.0 6.216114591555206e-07 1.3115417131431903e-10 1.839334540460142e-15 1.655420254858644e-65 1.3142460779909528e-07
352.0 6.577553057216346e-07 1.4215753694733284e-10 2.057954580410522e-15 2.6376817427069697e-65 1.396816007513049e-07
353.0 6.957759002051056e-07 1.5401328442628564e-10 2.301088063937462e-15 4.191688558348269e-65 1.4840568193632596e-07
354.0 7.357584828765584e-07 1.6678181147245732e-10 2.5713160019198887e-15 6.643819762997301e-65 1.5762023056429382e-07
355.0 7.777915932826865e-07 1.8052738631746067e-10 2.8714732245103323e-15 1.0503125000343884e-64 1.67349638937768e-07
356.0 8.219670586630099e-07 1.953183411541755e-10 3.2046710936166968e-15 1.6561533915627415e-64 1.7761932416678297e-07
357.0 8.683802972224375e-07 2.112273486661747e-10 3.574323296299855e-15 2.6047937678456575e-64 1.8845580808157657e-07
358.0 9.171303051819977e-07 2.2833163723738996e-10 3.984172598897397e-15 4.086450151362304e-64 1.9988672984635666e-07
359.0 9.683196838299538e-07 2.467132234954295e-10 4.438319864238985e-15 6.394819758995926e-64 2.1194086718230232e-07
360.0 1.0220549798966369e-06 2.6645923522304515e-10 4.9412568602726366e-15 9.982257763687371e-64 2.246482265355466e-07
361.0 1.0784465541486545e-06 2.876621286465693e-10 5.497899589364382e-15 1.5543778491600444e-63 2.3804003092441378e-07
362.0 1.1376088032639382e-06 3.1042000587821473e-10 6.113625907169248e-15 2.414463503279361e-63 2.5214878528126283e-07
363.0 1.1996603808442254e-06 3.348369489637907e-10 6.794316274600078e-15 3.741362100877923e-63 2.6700834275012875e-07
364.0 1.2647241435971419e-06 3.610232929457834e-10 7.546396247630996e-15 5.783524621566694e-63 2.8265391069916334e-07
365.0 1.3329272926376499e-06 3.8909596337382423e-10 8.376883304515412e-15 8.919032971011231e-63 2.991221001343677e-07
366.0 1.4044016721907908e-06 4.1917887601867215e-10 9.293438403260498e-15 1.3721886350649096e-62 3.164510112707001e-07
367.0 1.479283635159715e-06 4.514032264402567e-10 1.0304418800543212e-14 2.106149185980274e-62 3.3468022266087987e-07
368.0 1.5577144189506805e-06 4.85907943988047e-10 1.1418938272474342e-14 3.225165799218379e-62 3.5385089539886773e-07
369.0 1.639840128148973e-06 5.228400467074667e-10 1.2646929332372763e-14 4.927320351022112e-62 3.740057896228295e-07
370.0 1.7258118737657252e-06 5.623550580585938e-10 1.3999211201142596e-14 7.5105808848769765e-62 3.9518931667363264e-07
371.0 1.8157860679658418e-06 6.046174930519272e-10 1.5487564250404027e-14 1.1422161915584005e-61 4.1744762765762647e-07
372.0 1.9099242888488144e-06 6.498012230459205e-10 1.712480649225022e-14 1.7331777617950464e-61 4.408286042780031e-07
373.0 2.0083936131331364e-06 6.980900100559836e-10 1.8924879634137705e-14 2.6240118744872704e-61 4.653819572391295e-07
374.0 2.111366830828899e-06 7.496780269145077e-10 2.0902940735861035e-14 3.963913753153132e-61 4.911592989010485e-07
375.0 2.219022386767838e-06 8.047703017851399e-10 2.3075457938440484e-14 5.974836484281377e-61 5.182141531978509e-07
376.0 2.33154459427501e-06 8.635832749995889e-10 2.546031569511561e-14 8.986258481684107e-61 5.466020289183359e-07
377.0 2.4491239260515938e-06 9.263454095081782e-10 2.8076928673614057e-14 1.3486225284429706e-60 5.763805121967359e-07
378.0 2.5719569932280533e-06 9.93297709779548e-10 3.0946360476186036e-14 2.0196123067243546e-60 6.076092867865351e-07
379.0 2.700246756952639e-06 1.0646943471191807e-09 3.409145334675293e-14 3.017999014309689e-60 6.403502092355144e-07
380.0 2.8342027396761163e-06 1.1408033112506966e-09 3.7536967246440886e-14 4.500398657682332e-60 6.746673850008229e-07
381.0 2.9740411191467857e-06 1.2219070408829316e-09 4.130972728046757e-14 6.696855468288766e-60 7.106272175429993e-07
382.0 3.1199850155299552e-06 1.3083031572899298e-09 4.5438784087538164e-14 9.944571821502756e-60 7.482985041060838e-07
383.0 3.2722644679623132e-06 1.40030509749964e-09 4.995558106027929e-14 1.4736812582375342e-59 7.877524581356161e-07
384.0 3.431116720757437e-06 1.498242899980037e-09 5.489413748729736e-14 2.179366927857032e-59 8.290628062450057e-07
385.0 3.5967864310241028e-06 1.6024639892698934e-09 6.02912433655845e-14 3.2164249661637536e-59 8.723058675095267e-07
386.0 3.769525759454252e-06 1.7133339382887592e-09 6.618666561082095e-14 4.737395432902661e-59 9.175606052801423e-07
387.0 3.949594576948701e-06 1.8312373095992932e-09 7.26233700944867e-14 6.963631700939507e-59 9.649087076250826e-07
388.0 4.137260708779295e-06 1.956578546647726e-09 7.964775948874472e-14 1.0215711752129148e-58 1.0144346779182331e-06
389.0 4.332799946868797e-06 2.089782788386526e-09 8.730992263929743e-14 1.4957010590691597e-58 1.0662258695023231e-06
390.0 4.536496485047214e-06 2.2312969148924214e-09 9.566390874474453e-14 2.1856011284005092e-58 1.1203726247108124e-06
391.0 4.748642853184159e-06 2.3815903895042427e-09 1.0476800969611097e-13 3.187524017376716e-58 1.1769682918264822e-06
392.0 4.9695403892977925e-06 2.541156395967477e-09 1.1468507224126862e-13 4.639796665228672e-58 1.2361093753276988e-06
393.0 5.199499095392499e-06 2.7105127064913396e-09 1.2548281697760882e-13 6.740835677364818e-58 1.2978955346236977e-06
394.0 5.438838108317727e-06 2.8902028931867973e-09 1.372341918999516e-13 9.774716534753489e-58 1.3624297359044747e-06
395.0 5.687885823061783e-06 3.080797405497197e-09 1.500177409421656e-13 1.414739598971275e-57 1.4298183189209415e-06
396.0 5.946980054549792e-06 3.2828947032248292e-09 1.6391799678945027e-13 2.0437932288698196e-57 1.500171073934366e-06
397.0 6.216468198438667e-06 3.497122426484304e-09 1.7902589842411302e-13 2.947078099281444e-57 1.5736013190671802e-06
398.0 6.496707621261128e-06 3.7241387353951758e-09 1.95439241690089e-13 4.2417655260490187e-57 1.6502260365559546e-06
399.0 6.788065704527501e-06 3.96463350167647e-09 2.1326314836833396e-13 6.09407804276062e-57 1.730165922647172e-06
400.0 7.090920041917053e-06 4.219329624133521e-09 2.3261056852094466e-13 8.739400809356168e-57 1.8135454766669454e-06
401.0 7.405658826689122e-06 4.488984502968521e-09 2.536028203613814e-13 1.2510466242791118e-56 1.900493139725624e-06
402.0 7.732680893894046e-06 4.7743913583332194e-09 2.763701521870598e-13 1.7876782710089724e-56 1.9911413463407357e-06
403.0 8.072396029826837e-06 5.076380752260459e-09 3.010523474476439e-13 2.5499697891296323e-56 2.0856266451027578e-06
404.0 8.425225241817436e-06 5.395822139602004e-09 3.277993656818355e-13 3.6309163389910494e-56 2.1840898104444535e-06
405.0 8.791600799142124e-06 5.733625322700314e-09 3.5677201324602856e-13 5.161056881367869e-56 2.28667589605006e-06
406.0 9.171966653708328e-06 6.090742196199941e-09 3.8814266892057175e-13 7.323317371198553e-56 2.39353438734712e-06
407.0 9.566778631116132e-06 6.468168402539988e-09 4.2209604419429174e-13 1.0373598362569995e-55 2.5048192958184523e-06
408.0 9.976504508069917e-06 6.866944960129236e-09 4.588299830623368e-13 1.4669282195459675e-55 2.6206892242021987e-06
409.0 1.0401624543536283e-05 7.288160252977745e-09 4.98556329283674e-13 2.07086414122773e-55 2.7413075514254467e-06
410.0 1.0842631402266162e-05 7.7329516652621e-09 5.41501816699987e-13 2.918522557767037e-55 2.8668424593620805e-06
411.0 1.1300030646871819e-05 8.202507662861595e-09 5.879090379533939e-13 4.10627986223896e-55 2.9974671097520747e-06
412.0 1.1774340773127455e-05 8.698069615723193e-09 6.380374468324785e-13 5.7678421621955024e-55 3.133359701831952e-06
413.0 1.2266093624392214e-05 9.220933949949997e-09 6.921644374538662e-13 8.088402576261597e-55 3.274703631092029e-06
414.0 1.277583461502686e-05 9.772454229040376e-09 7.505864755206846e-13 1.1324053396297658e-54 3.4216875987286994e-06
415.0 1.3304122839895846e-05 1.0354043208318537e-08 8.136202864935392e-13 1.5828361175074754e-54 3.574505691354088e-06
416.0 1.3851531485360852e-05 1.0967175181923319e-08 8.816041282694716e-13 2.2088690781622617e-54 3.7333575422420063e-06
417.0 1.441864805029636e-05 1.161338825620835e-08 9.548991243248023e-13 3.0775776550068533e-54 3.8984484430173696e-06
418.0 1.500607456628904e-05 1.2294286688034137e-08 1.0338906705569927e-12 4.281126646881249e-54 4.06998945595556e-06
419.0 1.561442785505388e-05 1.3011543320821288e-08 1.118989922080103e-12 5.945961383327356e-54 4.248197537228449e-06
420.0 1.6244339822021755e-05 1.3766902122436874e-08 1.210635364326638e-12 8.245290124583549e-54 4.4332956710257765e-06
421.0 1.6896457749697866e-05 1.4562180798584053e-08 1.3092944702943542e-12 1.1416014123269899e-53 4.625513004793475e-06
422.0 1.757144451385251e-05 1.5399273415792832e-08 1.4154654418792719e-12 1.5781655354152948e-53 4.8250849644522485e-06
423.0 1.8269978799976123e-05 1.6280153096626564e-08 1.5296790443757937e-12 2.1783360067142156e-53 5.03225337046218e-06
424.0 1.8992755581117114e-05 1.7206875024986823e-08 1.6525005611765615e-12 3.0021760630708638e-53 5.247266626870263e-06
425.0 1.9740486106581905e-05 1.8181579099115536e-08 1.7845318115053596e-12 4.1313413956074516e-53 5.470379776887088e-06
426.0 2.051389845320121e-05 1.9206493167080278e-08 1.9264133232102037e-12 5.676678203155426e-53 5.701854714438559e-06
427.0 2.131373762477939e-05 2.0283935940546702e-08 2.0788265802407352e-12 7.788437021867677e-53 5.941960272185291e-06
428.0 2.2140765876211878e-05 2.1416320194448e-08 2.2424964073289278e-12 1.0669983120874509e-52 6.190972372516592e-06
429.0 2.299576299863857e-05 2.2606156019095293e-08 2.4181934751609644e-12 1.4596173964110019e-52 6.44917416888935e-06
430.0 2.3879526716547266e-05 2.3856054272897144e-08 2.606736947117598e-12 1.993795737487328e-52 6.7168562197258155e-06
431.0 2.4792872746410825e-05 2.5168729792711836e-08 2.8089972255976795e-12 2.7195249085731506e-52 6.994316568445313e-06
432.0 2.5736635266497913e-05 2.6547005098456527e-08 3.0258988822796995e-12 3.704081516798843e-52 7.281860939759601e-06
433.0 2.6711667197948683e-05 2.7993814011556814e-08 3.258423717435642e-12 5.037876067015034e-52 7.579802884376524e-06
434.0 2.7718840373889727e-05 2.95122052492853e-08 3.50761395900853e-12 6.842237783483592e-52 7.888463892858558e-06
435.0 2.8759046004833996e-05 3.1105346424954065e-08 3.774575658053235e-12 9.279762004379028e-52 8.2081735945017e-06
436.0 2.9833194808799172e-05 3.2776527796709166e-08 4.0604822112454305e-12 1.2568044725517777e-51 8.539269862159741e-06
437.0 3.094221743756635e-05 3.452916643142226e-08 4.366578095581611e-12 1.6997888472375302e-51 8.882099002327817e-06
438.0 3.208706471604074e-05 3.636681027347061e-08 4.694182762283827e-12 2.2957402448647965e-51 9.237015893126562e-06
439.0 3.326870795540594e-05 3.829314239764447e-08 5.044694730655987e-12 3.096386264149962e-51 9.604384144364898e-06
440.0 3.4488139301462264e-05 4.031198541179446e-08 5.419595886513819e-12 4.170577449676204e-51 9.98457626891949e-06
441.0 3.574637189717202e-05 4.242730575321263e-08 5.820455958984741e-12 5.609833170424117e-51 1.0377973801468786e-05
442.0 3.704444041533953e-05 4.464321852699047e-08 6.2489372706346624e-12 7.535644231681701e-51 1.0784967525365198e-05
443.0 3.838340121822936e-05 4.6963992025983265e-08 6.706799655117187e-12 1.0109076058402488e-50 1.1205957592771112e-05
444.0 3.9764332591570225e-05 4.9394052442324756e-08 7.195905617164798e-12 1.354338091456886e-50 1.1641353666921432e-05
445.0 4.1188335273201033e-05 5.193798905926659e-08 7.718225788527286e-12 1.8120540825591155e-50 1.2091575151590806e-05
446.0 4.265653268479439e-05 5.460055920690772e-08 8.275844588322612e-12 2.4212938376036597e-50 1.255705133528393e-05
447.0 4.417007108787626e-05 5.738669323206998e-08 8.870966129181594e-12 3.2311708901339093e-50 1.3038221513758296e-05
448.0 4.5730120109523765e-05 6.030150006088639e-08 9.50592046828424e-12 4.306378765894104e-50 1.3535535222274815e-05
449.0 4.733787304449971e-05 6.335027261219895e-08 1.0183170104652352e-11 5.732025769489073e-50 1.4049452403584078e-05
450.0 4.8994546971828337e-05 6.653849308517181e-08 1.0905316731709434e-11 7.619936698042539e-50 1.4580443521688713e-05
451.0 5.070138335058175e-05 6.987183901310763e-08 1.1675108399809525e-11 1.0116856525878214e-49 1.5128989818697391e-05
452.0 5.245964809729159e-05 7.335618875745287e-08 1.2495446888770462e-11 1.3415116881290529e-49 1.5695583418979426e-05
453.0 5.427063210534865e-05 7.699762773352478e-08 1.3369395511179532e-11 1.776648795356187e-49 1.62807275658087e-05
454.0 5.613565150526392e-05 8.080245442354116e-08 1.4300187205474386e-11 2.3500145247675793e-49 1.688493678207065e-05
455.0 5.805604781278388e-05 8.477718635662214e-08 1.5291232956086604e-11 3.1045945539911724e-49 1.750873699790666e-05
456.0 6.003318862915604e-05 8.892856702499895e-08 1.6346130727891774e-11 4.0964545312110895e-49 1.8152665845534743e-05
457.0 6.20684675661261e-05 9.326357182530441e-08 1.7468674589910038e-11 5.398632628593311e-49 1.8817272721873747e-05
458.0 6.416330483351362e-05 9.778941510343482e-08 1.8662864411933013e-11 7.106164505313753e-49 1.9503119051708263e-05
459.0 6.631914760321731e-05 1.0251355703407315e-07 1.9932915925444256e-11 9.342562486921147e-49 2.0210778485006616e-05
460.0 6.853747000634953e-05 1.074437100791469e-07 2.1283271105648675e-11 1.2268160059083685e-48 2.0940836983359058e-05
461.0 7.081977389920931e-05 1.1258784677617251e-07 2.27186092287396e-11 1.6090846469476224e-48 2.169389314140343e-05
462.0 7.316758885811628e-05 1.1795420649462684e-07 2.4243858165308542e-11 2.1079859961583884e-48 2.2470558274523605e-05
463.0 7.558247272259159e-05 1.235513031995889e-07 2.5864206322418394e-11 2.758349122145807e-48 2.327145667483103e-05
464.0 7.806601177156615e-05 1.293879327935214e-07 2.7585114969011077e-11 3.605177962460843e-48 2.4097225755897053e-05
465.0 8.06198211542471e-05 1.3547318102480507e-07 2.9412331161229987e-11 4.7065577878550926e-48 2.4948516276584515e-05
466.0 8.324554528348988e-05 1.4181643150805534e-07 3.135190119603656e-11 6.137373038532213e-48 2.5825992554728665e-05
467.0 8.594485797140585e-05 1.4842737347222808e-07 3.341018452392357e-11 7.994057742853896e-48 2.6730332601944914e-05
468.0 8.871946293033147e-05 1.553160102871305e-07 3.5593868368170523e-11 1.0400658665731626e-47 2.7662228372438975e-05
469.0 9.157109408890986e-05 1.6249266785414255e-07 3.7909982874219444e-11 1.3516565440966086e-47 2.86223859558104e-05
470.0 9.45015158711003e-05 1.6996800309874389e-07 4.0365916857107277e-11 1.7546355292805316e-47 2.9611525759151894e-05
471.0 9.751252350996418e-05 1.777530126915651e-07 4.2969434196175244e-11 2.2752317261456794e-47 3.06303827008061e-05
472.0 0.00010060594354316708 1.8585904227726093e-07 4.572869096858186e-11 2.947036818136377e-47 3.16797064622312e-05
473.0 0.00010378363397831493 1.9429779528641925e-07 4.865225312199363e-11 3.813025726122934e-47 3.276026163736845e-05
474.0 0.00010704748471306152 2.0308134238538005e-07 5.17491149596626e-11 4.92811878165718e-47 3.3872827962812904e-05
475.0 0.00011039941777128219 2.1222213076693105e-07 5.502871826826803e-11 6.362427423777674e-47 3.5018200490998683e-05
476.0 0.0001138413878292593 2.2173299417481608e-07 5.850097233714576e-11 8.20536148984611e-47 3.619718985609899e-05
477.0 0.0001173753824130486 2.3162716249462321e-07 6.217627459729856e-11 1.0570821382946542e-46 3.74106224369514e-05
478.0 0.00012100342220414135 2.419182717284709e-07 6.606553210862225e-11 1.3603754913089187e-46 3.86593405548925e-05
479.0 0.00012472756148862712 2.526203744460813e-07 7.018018395281386e-11 1.7488429013280877e-46 3.994420271835052e-05
480.0 0.00012854988845984098 2.637479501456898e-07 7.45322244076334e-11 2.2458854173274932e-46 4.126608382185541e-05
481.0 0.00013247252544762702 2.7531591565224974e-07 7.91342269568225e-11 2.881190852384774e-46 4.26258753222089e-05
482.0 0.00013649762943587567 2.873396363024827e-07 8.399936937697941e-11 3.692384415657627e-46 4.4024485508064345e-05
483.0 0.00014062739225268215 2.9983493666034013e-07 8.914145957644119e-11 4.727102643411362e-46 4.546283966540741e-05
484.0 0.00014486404094052522 3.1281811179911994e-07 9.457496250549692e-11 6.045596603800438e-46 4.6941880301613e-05
485.0 0.00014920983808850574 3.263059387096842e-07 1.0031502804494772e-10 7.723996216256394e-46 4.846256735823314e-05
486.0 0.00015366708227181525 3.40315688151266e-07 1.0637751999980631e-10 9.8583995741577e-46 5.002587845956814e-05
487.0 0.00015823810812868878 3.548651359145503e-07 1.1277904591066469e-10 1.2569990751868032e-45 5.1632809044300754e-05
488.0 0.00016292528701360797 3.6997257555989454e-07 1.195369883521921e-10 1.6011438620391022e-45 5.328437268530271e-05
489.0 0.00016773102710742577 3.85656830172699e-07 1.2666953699094596e-10 2.0374889528587473e-45 5.498160123372139e-05
490.0 0.0001726577737431185 4.0193726479684893e-07 1.3419572194632382e-10 2.590194136025616e-45 5.6725545033758695e-05
491.0 0.00017770800987392104 4.188337994183023e-07 1.4213544846284508e-10 3.289607832163781e-45 5.8517273185148964e-05
492.0 0.00018288425628814725 4.363669215858705e-07 1.5050953262710069e-10 4.173815883977706e-45 6.035787372347835e-05
493.0 0.00018818907200164058 4.545576996607824e-07 1.593397384906353e-10 5.2905688148450714e-45 6.224845385956384e-05
494.0 0.00019362505454228242 4.734277960352277e-07 1.6864881641655722e-10 6.699677796209725e-45 6.419014018413912e-05
495.0 0.000199194840231744 4.929994805600545e-07 1.7846054276460764e-10 8.475990551189789e-45 6.618407887222857e-05
496.0 0.00020490110461029773 5.132956445482397e-07 1.8879976108741807e-10 1.0713084164824324e-44 6.823143593574646e-05
497.0 0.00021074656275214847 5.343398147461203e-07 1.996924246645285e-10 1.3527843298386653e-44 7.033339744077421e-05
498.0 0.0002167339694350453 5.561561671585351e-07 2.1116564036080649e-10 1.7066130918085334e-44 7.249116967682142e-05
499.0 0.0002228661196324532 5.787695419145524e-07 2.2324771429238223e-10 2.1509805922716048e-44 7.47059794342856e-05
500.0 0.00022914584875201603 6.02205457730845e-07 2.3596819881092565e-10 2.7085399730175933e-44 7.697907419817398e-05
501.0 0.00023557603294500155 6.26490126783468e-07 2.493579411451785e-10 3.407483442672946e-44 7.931172236609051e-05
502.0 0.00024215958948509793 6.516504700010047e-07 2.6344913375631816e-10 4.282865108925404e-44 8.170521349029808e-05
503.0 0.0002488994769667882 6.777141321164308e-07 2.782753661881434e-10 5.378232169480994e-44 8.416085845974794e-05
504.0 0.00025579869571757573 7.047094975257385e-07 2.9387167887380396e-10 6.747634582210951e-44 8.667998975475305e-05
505.0 0.0002628602880640653 7.32665705999735e-07 3.102746185673187e-10 8.458098864156627e-44 8.926396165314161e-05
506.0 0.0002700873385976904 7.61612668629314e-07 3.275222955938486e-10 1.059267056901751e-43 9.191415043675485e-05
507.0 0.0002774829745810704 7.915810844080613e-07 3.4565444314324085e-10 1.3254152950925382e-43 9.463195464636365e-05
508.0 0.0002850503661384848 8.226024564576941e-07 3.647124782339567e-10 1.6569697165393133e-43 9.74187952638705e-05
509.0 0.0002927927266588584 8.547091090989807e-07 3.8473956491132053e-10 2.0696433175366388e-43 0.00010027611596741505
510.0 0.00030071331301819733 8.879342046588452e-07 4.057806792531424e-10 2.582837144403236e-43 0.00010320538332555439
511.0 0.0003088154258371496 9.223117606174662e-07 4.2788267649121003e-10 3.2204855094187107e-43 0.00010620808700377635
512.0 0.00031710240991353794 9.57876667527692e-07 4.5109436051013436e-10 4.012090220400659e-43 0.00010928574003171635
513.0 0.0003255776543688713 9.9466470634216e-07 4.754665551517216e-10 4.9939850349439425e-43 0.0001124398789727459
514.0 0.00033424459307783807 1.0327125668394657e-06 5.010521781596766e-10 6.2108803168332434e-43 0.00011567206419140736
515.0 0.00034310670481101205 1.0720578654392245e-06 5.27906317021606e-10 7.717748427914432e-43 0.0001189838800225214
516.0 0.0003521675135539995 1.1127391638017703e-06 5.560863074201551e-10 9.582123144629057e-43 0.00012237693500149997
517.0 0.0003614305888598159 1.1547959877996244e-06 5.856518141696153e-10 1.18869017383202e-42 0.00012585286210687441
518.0 0.00037089954602196847 1.1982688461843983e-06 6.166649143562706e-10 1.473375683951716e-42 0.00012941331894104641
519.0 0.0003805780464935934 1.2431992502956751e-06 6.491901834174566e-10 1.824728746519561e-42 0.0001330599879970796
520.0 0.00039046979795083394 1.289629732887635e-06 6.832947832434455e-10 2.258006528974767e-42 0.00013679457680191242
521.0 0.0004005785547434851 1.337603868466358e-06 7.190485535909554e-10 2.791876440118207e-42 0.00014061881819506006
522.0 0.0004109081180955367 1.3871662930860785e-06 7.565241058209947e-10 3.449160127353285e-42 0.00014453447052052481
523.0 0.0004214623362689178 1.4383627242703468e-06 7.957969193518253e-10 4.25773579333148e-42 0.00014854331780585518
524.0 0.000432245105007892 1.4912399821449974e-06 8.369454414957539e-10 5.251631671792699e-42 0.0001526471700402768
525.0 0.000443260367662564 1.5458460097597284e-06 8.800511896487685e-10 6.472350127457518e-42 0.00015684786334041806
526.0 0.00045451211541750115 1.6022298940178746e-06 9.251988566615737e-10 7.970469788676236e-42 0.00016114726015308868
527.0 0.00046600438769364174 1.6604418874860934e-06 9.724764196403269e-10 9.807582611082516e-42 0.00016554724951984534
528.0 0.0004777412722309918 1.7205334293580153e-06 1.021975251258819e-09 1.2058634097513092e-41 0.00017004974722888353
529.0 0.0004897269053101364 1.782557167155358e-06 1.073790234544016e-09 1.4814748447848034e-41 0.00017465669601604642
530.0 0.0005019654722532288 1.8465669797221686e-06 1.128019881575008e-09 1.8186636563294217e-41 0.00017937006586589036
531.0 0.0005144612072536047 1.912617998054894e-06 1.1847664540899713e-09 2.230870404352221e-41 0.0001841918540737286
532.0 0.0005272183939777962 1.9807666292107385e-06 1.244136089224268e-09 2.734399931663657e-41 0.0001891240855833045
533.0 0.0005402413654965274 2.051070578027259e-06 1.3062389272718934e-09 3.3490169250446324e-41 0.00019416881308505563
534.0 0.0005535345048104463 2.123588871325514e-06 1.3711892444159813e-09 4.098662216132682e-41 0.00019932811732751728
535.0 0.0005671022446722562 2.19838187973032e-06 1.4391055874586114e-09 5.012313661659541e-41 0.00020460410717631233
536.0 0.0005809490681775097 2.275511342678411e-06 1.5101109141623366e-09 6.125020042685745e-41 0.000209998919949519
537.0 0.0005950795087215247 2.3550403912816757e-06 1.5843327358809427e-09 7.479141846586288e-41 0.00021551472152517184
538.0 0.0006094981503406464 2.4370335729384692e-06 1.6619032650646197e-09 9.125839266657877e-41 0.0002211537065873028
539.0 0.0006242096278736874 2.521556875524579e-06 1.742959566319216e-09 1.1126855393660425e-40 0.00022691809880727597
540.0 0.0006392186270180933 2.608677751417792e-06 1.8276437112387107e-09 1.355665163912612e-40 0.00023281015098670295
541.0 0.0006545298848017331 2.698465143473724e-06 1.9161029385720773e-09 1.650496316844248e-40 0.00023883214535150955
542.0 0.0006701481894929855 2.7909895090049827e-06 2.0084898170828214e-09 2.0079854782690454e-40 0.0002449863936418489
543.0 0.0006860783809625487 2.8863228458636733e-06 2.104962414029425e-09 2.4411372722490857e-40 0.00025127523736635397
544.0 0.000702325350658633 2.9845387171984722e-06 2.2056844669459123e-09 2.9655905545277896e-40 0.0002577010479152673
545.0 0.0007188940421023604 3.0857122786649164e-06 2.3108255615353916e-09 3.600138818792314e-40 0.00026426622686396374
546.0 0.0007357894506478198 3.1899203028020588e-06 2.420561311907754e-09 4.367350792183293e-40 0.000270973206006938
547.0 0.0007530166240069152 3.297241206923864e-06 2.5350735479212193e-09 5.294310009495697e-40 0.0002778244476722561
548.0 0.0007705806621782073 3.407755078739412e-06 2.654550505442391e-09 6.413495569669861e-40 0.00028482244481710026
549.0 0.0007884867175822686 3.5215437031058417e-06 2.779187022128953e-09 7.763830320505186e-40 0.000291969721198764
550.0 0.0008067399954374795 3.63869059013036e-06 2.9091847390658626e-09 9.39192746160697e-40 0.0002992688316346583
551.0 0.0008253457536110035 3.7592810012110757e-06 3.0447523056705077e-09 1.1353572125676557e-39 0.00030672236206806
552.0 0.00084430930291868 3.883401977333092e-06 3.1861055913387813e-09 1.3715481069088557e-39 0.000314332929799665
553.0 0.0008636360072482686 4.011142366854704e-06 3.333467901780259e-09 1.655739128654902e-39 0.0003221031836537354
554.0 0.0008833312835747622 4.14259285305151e-06 3.4870702003136608e-09 1.9974537400941735e-39 0.0003300358041036886
555.0 0.0009034006022162039 4.277845983034458e-06 3.647151335565221e-09 2.4080588279247424e-39 0.0003381335034870438
556.0 0.0009238494868082632 4.416996195624263e-06 3.813958273670999e-09 2.9011125722937334e-39 0.0003463990261152166
557.0 0.0009446835144835548 4.560139850438632e-06 3.987746336962542e-09 3.492776263917242e-39 0.00035483514845939816
558.0 0.0009659083160131193 4.707375257076027e-06 4.168779448327014e-09 4.202301510377915e-39 0.0003634446793221929
559.0 0.000987529575736297 4.858802703529476e-06 4.357330380560489e-09 5.052606262696424e-39 0.00037223045992934237
560.0 0.001009553031834096 5.0145244865186375e-06 4.553681013183761e-09 6.07095542336079e-39 0.0003811953641501603
561.0 0.0010319844762521895 5.174644940373578e-06 4.758122593866269e-09 7.289764510608203e-39 0.00039034229858581174
562.0 0.0010548297548286364 5.3392704671649685e-06 4.970956006942864e-09 8.747548032946865e-39 0.0003996742027341541
563.0 0.0010780947674861234 5.5085095674318305e-06 5.1924920486031574e-09 1.0490037929506664e-38 0.0004091940491788656
564.0 0.0011017854680071251 5.682472869045108e-06 5.423051706546583e-09 1.257150174621376e-38 0.0004189048436200516
565.0 0.0011259078643915577 5.8612731592703685e-06 5.662966448935823e-09 1.5056295264180202e-38 0.00042880962512511876
566.0 0.0011504680186586967 6.045025414245267e-06 5.912578517349871e-09 1.8020690140706973e-38 0.0004389114661683375
567.0 0.0011754720470249435 6.233846830623911e-06 6.1722412283232835e-09 2.155502396665394e-38 0.00044921347281257296
568.0 0.0012009261199392722 6.427856856742293e-06 6.4423192810980105e-09 2.5766228069014835e-38 0.00045971878483654007
569.0 0.001226836461977504 6.627177223262367e-06 6.7231890716029615e-09 3.078079762012087e-38 0.00047043057580737995
570.0 0.001253209352007718 6.831931975493218e-06 7.0152390149728405e-09 3.674827935007379e-38 0.0004813520532562868
571.0 0.0012800511231450987 7.042247504832924e-06 7.318869874193381e-09 4.3845364596409386e-38 0.0004924864587730873
572.0 0.0013073681626687176 7.258252580215223e-06 7.634495095828718e-09 5.228068988898743e-38 0.0005038370680853019
573.0 0.0013351669122084874 7.480078381273659e-06 7.962541154754962e-09 6.230046404511589e-38 0.0005154071912405079
574.0 0.0013634538675503292 7.70785852963262e-06 8.303447904287425e-09 7.419506015124323e-38 0.0005272001726411348
575.0 0.0013922355786778855 7.941729121716495e-06 8.657668935335788e-09 8.830673336790924e-38 0.0005392193911694629
576.0 0.0014215186497744442 8.181828761569806e-06 9.025671943164368e-09 1.0503865154074859e-37 0.00055146826029669
577.0 0.0014513097392213346 8.428298593884233e-06 9.407939102083982e-09 1.24865455783847e-37 0.0005639502281899803
578.0 0.0014816155593860504 8.681282336019339e-06 9.804967446831026e-09 1.4834560307979607e-37 0.0005766687777370187
579.0 0.0015124428767484502 8.940926312181078e-06 1.0217269264263435e-08 1.7613578334429295e-37 0.0005896274267009102
580.0 0.00154379851181636 9.207379486608257e-06 1.0645372492040529e-08 2.0900774993082822e-37 0.0006028297277926876
581.0 0.0015756893389346949 9.48079349631568e-06 1.1089821124946428e-08 2.478679563981713e-37 0.0006162792687012149
582.0 0.0016081222863969335 9.761322685834933e-06 1.1551175631812615e-08 2.937804545286e-37 0.0006299796722401845
583.0 0.0016411043361424208 1.0049124139676438e-05 1.2030013378221963e-08 3.479935800604412e-37 0.0006439345963323987
584.0 0.0016746425238920867 1.0344357717623827e-05 1.2526929061077027e-08 4.1197103539685095e-37 0.0006581477341645885
585.0 0.001708743938904116 1.064718608792367e-05 1.304253514937111e-08 4.8742807342236665e-37 0.0006726228141925288
586.0 0.0017434157238954326 1.095777476165753e-05 1.35774623351446e-08 5.763735963241141e-37 0.0006873636002099986
587.0 0.0017786650748896121 1.1276292126839774e-05 1.4132359993030296e-08 6.811591092516728e-37 0.0007023738913877902
588.0 0.0018144992412297972 1.160290948373727e-05 1.470789665037223e-08 8.045356137921801e-37 0.0007176575223768081
589.0 0.001850925525246939 1.1937801078185888e-05 1.5304760464022572e-08 9.497196926858535e-37 0.0007332183632740896
590.0 0.001887951282329677 1.2281144137624289e-05 1.5923659709850702e-08 1.1204702292339458e-36 0.0007490603197463485
591.0 0.0019255839205141723 1.2633118904214314e-05 1.656532327797585e-08 1.3211774241759534e-36 0.000765187332962439
592.0 0.0019638309006453363 1.2993908671816772e-05 1.723050118251739e-08 1.5569660262462483e-36 0.0007816033797511322
593.0 0.00200269973582017 1.3363699818440938e-05 1.791996507514133e-08 1.8338149810057473e-36 0.0007983124724727593
594.0 0.002042197991638904 1.3742681844151158e-05 1.8634508775588272e-08 2.1586960364879134e-36 0.0008153186592107295
595.0 0.002082333285604305 1.413104740348494e-05 1.937494880486741e-08 2.5397342225839662e-36 0.0008326260236228147
596.0 0.0021231132872256623 1.4528992342694457e-05 2.0142124934954245e-08 2.986393559650711e-36 0.0008502386850718648
597.0 0.0021645457176773402 1.493671573415372e-05 2.093690074489197e-08 3.509691848711227e-36 0.0008681607985777088
598.0 0.002206638349620537 1.5354419911986397e-05 2.1760164188861865e-08 4.1224489683770875e-36 0.0008863965548328194
599.0 0.0022493990068841612 1.5782310506844302e-05 2.2612828173511923e-08 4.839573755923633e-36 0.0009049501801601163
600.0 0.0022928355644098743 1.6220596482642447e-05 2.3495831148637017e-08 5.6783952978240774e-36 0.0009238259365755119
601.0 0.0023369559478194023 1.666949017077777e-05 2.4410137705000685e-08 6.659045306288743e-36 0.0009430281216973167
602.0 0.002381768133280257 1.7129207306537413e-05 2.5356739186110224e-08 7.804899235154376e-36 0.0009625610687741497
603.0 0.002427280147195466 1.7599967064376687e-05 2.6336654309345788e-08 9.143084898256119e-36 0.0009824291466406295
604.0 0.0024735000659219836 1.808199209348822e-05 2.735092979859155e-08 1.070506862340396e-35 0.0010026367596830644
605.0 0.0025204360154818576 1.857550855340688e-05 2.840064102813787e-08 1.2527330421210548e-35 0.0010231883478006925
606.0 0.0025680961713010243 1.908074614990351e-05 2.9486892678374483e-08 1.465214129695617e-35 0.0010440883863766283
607.0 0.0026164887578408514 1.959793817016698e-05 3.0610819401872e-08 1.7128457710900586e-35 0.0010653413862037222
608.0 0.002665622048424402 2.0127321519506025e-05 3.1773586503418605e-08 2.0012950333171175e-35 0.0010869518934880258
609.0 0.00271550436468675 2.0669136755307526e-05 3.297639062751483e-08 2.337118666772808e-35 0.0011089244896976486
610.0 0.0027661440763883925 2.1223628123758637e-05 3.4220460462011116e-08 2.7278989896084646e-35 0.001131263791557683
611.0 0.002817549601053082 2.1791043595318567e-05 3.550705745180068e-08 3.1823999431100114e-35 0.001153974450972109
612.0 0.0028697294035997327 2.2371634900184574e-05 3.683747652459725e-08 3.7107462251695613e-35 0.0011770611549415367
613.0 0.0029226919958999153 2.2965657563208726e-05 3.821304682802056e-08 4.3246288150023455e-35 0.0012005286254486416
614.0 0.0029764459364960034 2.357337094009109e-05 3.963513248112051e-08 5.037540663894898e-35 0.0012243816194076925
615.0 0.0030309998302116585 2.4195038252774573e-05 4.110513333709806e-08 5.865046849608913e-35 0.0012486249285683126
616.0 0.0030863623276548378 2.4830926623992947e-05 4.26244857571724e-08 6.825094085900967e-35 0.001273263379373122
617.0 0.0031425421248476282 2.5481307112820803e-05 4.419466339882288e-08 7.938365152224073e-35 0.00129830183286562
618.0 0.003199547962848246 2.61464547501778e-05 4.581717801682326e-08 9.22868457093403e-35 0.0013237451845931312
619.0 0.003257388627232705 2.682664857318892e-05 4.7493580275246804e-08 1.0723482723038946e-34 0.0013495983644499084
620.0 0.0033160729477684234 2.7522171661092603e-05 4.922546057524124e-08 1.2454326572989304e-34 0.0013758663365976713
621.0 0.003375609797747928 2.8233311168330708e-05 5.1014449891009426e-08 1.4457526277486212e-34 0.00140255409924342
622.0 0.003436008093813677 2.896035836166801e-05 5.2862220626263376e-08 1.6774828209923304e-34 0.0014296666846189028
623.0 0.003497276795176611 2.9703608652238486e-05 5.4770487475012576e-08 1.945420634094883e-34 0.0014572091587065224
624.0 0.003559424903292785 3.04633616313496e-05 5.6741008302608715e-08 2.2550765523718802e-34 0.0014851866211533131
625.0 0.00362246146129883 3.123992110421788e-05 5.877558503669883e-08 2.6127772033011782e-34 0.0015136042050827012
626.0 0.0036863955536059595 3.203359512499573e-05 6.087606457432971e-08 3.0257828752960458e-34 0.0015424670769703301
627.0 0.0037512363051547077 3.2844696028799435e-05 6.304433969726846e-08 3.5024214705945428e-34 0.0015717804363760183
628.0 0.003816992881058235 3.367354046699834e-05 6.528235000739935e-08 4.052241122218482e-34 0.0016015495158358754
629.0 0.0038836744860069527 3.452044944036596e-05 6.759208287219104e-08 4.686183997026967e-34 0.001631779580652621
630.0 0.0039512903636637455 3.538574833203078e-05 6.997557438390284e-08 5.41678413768866e-34 0.00166247592867962
631.0 0.004019849796085325 3.6269766940538815e-05 7.243491033325191e-08 6.258392568409374e-34 0.0016936438901135771
632.0 0.004089362103166866 3.7172839513009636e-05 7.497222719764525e-08 7.227433308275184e-34 0.0017252888272948142
633.0 0.004159836642046538 3.809530477781184e-05 7.758971314294097e-08 8.342694407660922e-34 0.0017574161344884572
634.0 0.004231282806434412 3.903750597640697e-05 8.028960903808125e-08 9.625658653868125e-34 0.0017900312376313563
635.0 0.0043037100260656025 3.9999790896178485e-05 8.307420948636939e-08 1.110087918960333e-33 0.001823139594129122
636.0 0.0043771277660124355 4.098251190181734e-05 8.594586386856505e-08 1.2796405958143559e-33 0.0018567466925912793
637.0 0.004451545525955277 4.1986025966132e-05 8.890697739954987e-08 1.4744269643756595e-33 0.0018908580525463256
638.0 0.0045269728397079115 4.301069470306835e-05 9.1960012204558e-08 1.6981030624027082e-33 0.0019254792242623811
639.0 0.004603419274371816 4.40568843970704e-05 9.51074884027397e-08 1.954840139915966e-33 0.001960615788408003
640.0 0.004680894429712614 4.512496603431653e-05 9.835198520971288e-08 2.2493952034433414e-33 0.0019962733558047197
641.0 0.004759407937427775 4.621531533271969e-05 1.0169614205264464e-07 2.587190934704268e-33 0.0020324575671308545
642.0 0.004838969460537768 4.732831277290561e-05 1.051426597027203e-07 2.9744061913768994e-33 0.0020691740926755274
643.0 0.004919588692439306 4.8464343625678634e-05 1.086943014151884e-07 3.418078447802602e-33 0.002106428631945792
644.0 0.005001275356408767 4.962379798362283e-05 1.1235389409389e-07 3.9262197028775155e-33 0.002144226913463465
645.0 0.005084039204670295 5.080707078820705e-05 1.1612432946128016e-07 4.507947570403552e-33 0.0021825746943733046
646.0 0.005167890017684352 5.201456185877211e-05 1.200085652480908e-07 5.173633479616536e-33 0.002221477760142734
647.0 0.005252837603458368 5.3246675921493714e-05 1.2400962639859259e-07 5.935070149940174e-33 0.0022609419242686016
648.0 0.00533889179658802 5.450382263535172e-05 1.28130606284585e-07 6.805660768629706e-33 0.002300973027865482
649.0 0.005426062457516935 5.578641661997906e-05 1.3237466793932682e-07 7.800632596925628e-33 0.002341576939344975
650.0 0.0055143594717541105 5.709487748279523e-05 1.367450453055872e-07 8.937278060796065e-33 0.0023827595540742152
651.0 0.005603792749081927 5.842962984574087e-05 1.4124504449858328e-07 1.0235226752522876e-32 0.002424526794027691
652.0 0.005694372222494194 5.97911033688661e-05 1.4587804507713914e-07 1.1716752182031806e-32 0.002466884607319452
653.0 0.005786107847612479 6.11797327785405e-05 1.5064750134180705e-07 1.3407117580003204e-32 0.0025098389679392486
654.0 0.005879009601572155 6.259595788978558e-05 1.5555694363468907e-07 1.5334965566603902e-32 0.0025533958752564445
655.0 0.005973087482353956 6.404022363291189e-05 1.6060997966566094e-07 1.7532757077706184e-32 0.002597561353714002
656.0 0.006068351507651248 6.551298007486426e-05 1.658102958414996e-07 2.0037265577127636e-32 0.0026423414523181325
657.0 0.006164811714116291 6.701468244419301e-05 1.7116165861993535e-07 2.2890133301500473e-32 0.0026877422442894996
658.0 0.00626247815646674 6.854579115416536e-05 1.7666791587516785e-07 2.613849707691797e-32 0.0027337698266509903
659.0 0.006361360906324047 7.010677182252326e-05 1.823329982707596e-07 2.9835692133033495e-32 0.0027804303196954498
660.0 0.006461470051461587 7.1698095295261e-05 1.8816092065878987e-07 3.4042043330646273e-32 0.002827729866629003
661.0 0.006562815694816473 7.33202376674147e-05 1.9415578348746944e-07 3.882575431244156e-32 0.0028756746331084692
662.0 0.006665407953362662 7.497368030183051e-05 2.0032177421938652e-07 4.4263906310722897e-32 0.0029242708067148153
663.0 0.006769256957263641 7.66589098505668e-05 2.0666316877268707e-07 5.044357970782372e-32 0.0029735245965458674
664.0 0.006874372848821887 7.837641827356946e-05 2.1318433297112812e-07 5.746311295131497e-32 0.003023442232717034
665.0 0.0069807657813536934 8.012670285598005e-05 2.198897240063544e-07 6.543351510827292e-32 0.0030740299658259035
666.0 0.007088445918310831 8.191026622774389e-05 2.2678389192240644e-07 7.448005021148943e-32 0.0031252940665221877
667.0 0.00719742343213506 8.372761637966666e-05 2.338714811065702e-07 8.47440136159071e-32 0.0031772408249570883
668.0 0.007307708503166345 8.55792666795237e-05 2.4115723179620243e-07 9.638472289024224e-32 0.0032298765502528815
669.0 0.007419311318604981 8.746573588824779e-05 2.4864598160167416e-07 1.0958174831999614e-31 0.0032832075699930625
670.0 0.007532242071463267 8.938754817545291e-05 2.5634266704339087e-07 1.2453741092935863e-31 0.0033372402297047353
671.0 0.007646510959378388 9.134523313274843e-05 2.642523250983635e-07 1.4147957906822582e-31 0.0033919808922763133
672.0 0.007762128183447885 9.333932578670104e-05 2.723800947614323e-07 1.6066479809587998e-31 0.003447435937381696
673.0 0.007879103947244783 9.537036661334963e-05 2.80731218626743e-07 1.8238179155300196e-31 0.003503611760980869
674.0 0.007997448455536446 9.743890154856768e-05 2.8931104447286325e-07 2.0695537647452647e-31 0.003560514774685749
675.0 0.008117171913214797 9.954548200032615e-05 2.981250268689991e-07 2.3475084024659953e-31 0.003618151405216444
676.0 0.008238284523994433 0.00010169066485749295 3.071787287864823e-07 2.661788316299384e-31 0.003676528093750843
677.0 0.008360796489321769 0.00010387501250053735 3.164778232313114e-07 3.0170082438922387e-31 0.003735651295364677
678.0 0.008484718007147155 0.00010609909280989774 3.260280948851135e-07 3.4183521836093052e-31 0.0037955274784071714
679.0 0.008610059270685954 0.00010836347917351263 3.3583544175878143e-07 3.8716414989307885e-31 0.0038561631238682166
680.0 0.008736830467232965 0.00011066875049431871 3.4590587686118414e-07 4.383410914287896e-31 0.003917564724765911
681.0 0.00886504177677587 0.0001130154911944932 3.5624552987283067e-07 4.960993286510493e-31 0.003979738785440537
682.0 0.008994703370914714 0.00011540429122282536 3.6686064884419783e-07 5.612614132084439e-31 0.004042691820982103
683.0 0.009125825411486172 0.00011783574605762015 3.7775760189499666e-07 6.347496995538644e-31 0.004106430356522077
684.0 0.009258418049271768 0.00012031045670988313 3.889428789289035e-07 7.175980861338117e-31 0.004170960926559045
685.0 0.009392491422727916 0.00012282902972601516 4.004230933613257e-07 8.10965094016162e-31 0.004236290074290623
686.0 0.009528055656578464 0.00012539207718792456 4.122049838532461e-07 9.161484302274333e-31 0.004302424350879758
687.0 0.00966512086068004 0.00012800021671590235 4.242954160683824e-07 1.0346011987712453e-30 0.004369370314840451
688.0 0.009803697128405883 0.00013065407146435823 4.367013844211166e-07 1.1679499394528176e-30 0.004437134531202495
689.0 0.009943794535552629 0.00013335427012359976 4.494300138582429e-07 1.318014693811039e-30 0.004505723570908673
690.0 0.010085423138796774 0.00013610144691481588 4.6248856163208074e-07 1.486831318218316e-30 0.004575144010004772
691.0 0.010228592974299042 0.0001388962415861193 4.758844190905523e-07 1.676676287427954e-30 0.004645402428892552
692.0 0.010373314056483863 0.00014173929941009382 4.896251134859486e-07 1.8900942572092156e-30 0.004716505411658551
693.0 0.010519596376372729 0.00014463127117440362 5.037183097732788e-07 2.12992868253923e-30 0.004788459545196635
694.0 0.010667449900374432 0.00014757281317768258 5.181718124397268e-07 2.399355818812895e-30 0.004861271418534193
695.0 0.010816884568690888 0.00015056458721925519 5.329935673256934e-07 2.7019224670643802e-30 0.004934947621979823
696.0 0.010967910294024025 0.0001536072605920538 5.481916634696234e-07 3.0415878616454943e-30 0.005009494746404267
697.0 0.011120536959899277 0.00015670150606925717 5.637743349431219e-07 3.422770139385669e-30 0.005084919382342697
698.0 0.011274774419382814 0.00015984800189542853 5.797499627141601e-07 3.850397874498698e-30 0.005161228119272745
699.0 0.011430632493415888 0.00016304743177130663 5.961270764996027e-07 4.3299672124235405e-30 0.005238427544713838
700.0 0.011588120969480045 0.00016630048484224903 6.12914356642554e-07 4.867605190346045e-30 0.005316524243473912
