200.0 0.0 0.0 0.0 0.0 0.0
201.0 0.0 0.0 0.0 0.0 0.0
202.0 0.0 0.0 0.0 0.0 0.0
203.0 0.0 0.0 0.0 0.0 0.0
204.0 0.0 0.0 0.0 0.0 0.0
205.0 0.0 0.0 0.0 0.0 0.0
206.0 0.0 0.0 0.0 0.0 0.0
207.0 0.0 0.0 0.0 0.0 0.0
208.0 0.0 0.0 0.0 0.0 0.0
209.0 0.0 0.0 0.0 0.0 0.0
210.0 0.0 0.0 0.0 0.0 0.0
211.0 0.0 0.0 0.0 0.0 0.0
212.0 0.0 0.0 0.0 0.0 0.0
213.0 0.0 0.0 0.0 0.0 0.0
214.0 0.0 0.0 0.0 0.0 0.0
215.0 0.0 0.0 0.0 0.0 0.0
216.0 0.0 0.0 0.0 0.0 0.0
217.0 0.0 0.0 0.0 0.0 0.0
218.0 0.0 0.0 0.0 0.0 0.0
219.0 0.0 0.0 0.0 0.0 0.0
220.0 0.0 0.0 0.0 0.0 0.0
221.0 0.0 0.0 0.0 0.0 0.0
222.0 0.0 0.0 0.0 0.0 0.0
223.0 0.0 0.0 0.0 0.0 0.0
224.0 0.0 0.0 0.0 0.0 0.0
225.0 0.0 0.0 0.0 0.0 0.0
226.0 0.0 0.0 0.0 0.0 0.0
227.0 0.0 0.0 0.0 0.0 0.0
228.0 0.0 0.0 0.0 0.0 0.0
229.0 0.0 0.0 0.0 0.0 0.0
230.0 0.0 0.0 0.0 0.0 0.0
231.0 0.0 0.0 0.0 0.0 0.0
232.0 0.0 0.0 0.0 0.0 0.0
233.0 0.0 0.0 0.0 0.0 0.0
234.0 0.0 0.0 0.0 0.0 0.0
235.0 0.0 0.0 0.0 0.0 0.0
236.0 0.0 0.0 0.0 0.0 0.0
237.0 0.0 0.0 0.0 0.0 0.0
238.0 0.0 0.0 0.0 0.0 0.0
239.0 0.0 0.0 0.0 0.0 0.0
240.0 0.0 0.0 0.0 0.0 0.0
241.0 0.0 0.0 0.0 0.0 0.0
242.0 0.0 0.0 0.0 0.0 0.0
243.0 0.0 0.0 0.0 0.0 0.0
244.0 0.0 0.0 0.0 0.0 0.0
245.0 0.0 0.0 0.0 0.0 0.0
246.0 0.0 0.0 0.0 0.0 0.0
247.0 0.0 0.0 0.0 0.0 0.0
248.0 0.0 0.0 0.0 0.0 0.0
249.0 0.0 0.0 0.0 0.0 0.0
250.0 0.0 0.0 0.0 0.0 0.0
251.0 0.0 0.0 0.0 0.0 0.0
252.0 0.0 0.0 0.0 0.0 0.0
253.0 0.0 0.0 0.0 0.0 0.0
254.0 0.0 0.0 0.0 0.0 0.0
255.0 0.0 0.0 0.0 0.0 0.0
256.0 0.0 0.0 0.0 0.0 0.0
257.0 0.0 0.0 0.0 0.0 0.0
258.0 0.0 0.0 0.0 0.0 0.0
259.0 0.0 0.0 0.0 0.0 0.0
260.0 0.0 0.0 0.0 0.0 0.0
261.0 0.0 0.0 0.0 0.0 0.0
262.0 0.0 0.0 0.0 0.0 0.0
263.0 0.0 0.0 0.0 0.0 0.0
264.0 0.0 0.0 0.0 0.0 0.0
265.0 0.0 0.0 0.0 0.0 0.0
266.0 0.0 0.0 0.0 0.0 0.0
267.0 0.0 0.0 0.0 0.0 0.0
268.0 0.0 0.0 0.0 0.0 0.0
269.0 0.0 0.0 0.0 0.0 0.0
270.0 0.0 0.0 0.0 0.0 0.0
271.0 0.0 0.0 0.0 0.0 0.0
272.0 0.0 0.0 0.0 0.0 0.0
273.0 0.0 0.0 0.0 0.0 0.0
274.0 0.0 0.0 0.0 0.0 0.0
275.0 0.0 0.0 0.0 0.0 0.0
276.0 0.0 0.0 0.0 0.0 0.0
277.0 0.0 0.0 0.0 0.0 0.0
278.0 0.0 0.0 0.0 0.0 0.0
279.0 0.0 0.0 0.0 0.0 0.0
280.0 0.0 0.0 0.0 0.0 0.0
281.0 0.0 0.0 0.0 0.0 0.0
282.0 0.0 0.0 0.0 0.0 0.0
283.0 0.0 0.0 0.0 0.0 0.0
284.0 0.0 0.0 0.0 0.0 0.0
285.0 0.0 0.0 0.0 0.0 0.0
286.0 0.0 0.0 0.0 0.0 0.0
287.0 0.0 0.0 0.0 0.0 0.0
288.0 0.0 0.0 0.0 0.0 0.0
289.0 0.0 0.0 0.0 0.0 0.0
290.0 0.0 0.0 0.0 0.0 0.0
291.0 0.0 0.0 0.0 0.0 0.0
292.0 0.0 0.0 0.0 0.0 0.0
293.0 0.0 0.0 0.0 0.0 0.0
294.0 0.0 0.0 0.0 0.0 0.0
295.0 0.0 0.0 0.0 0.0 0.0
296.0 0.0 0.0 0.0 0.0 0.0
297.0 0.0 0.0 0.0 0.0 0.0
298.0 0.0 0.0 0.0 0.0 0.0
299.0 0.0 0.0 0.0 0.0 0.0
300.0 0.0 0.0 0.0 0.0 0.0
301.0 0.0 0.0 0.0 0.0 0.0
302.0 0.0 0.0 0.0 0.0 0.0
303.0 0.0 0.0 0.0 0.0 0.0
304.0 0.0 0.0 0.0 0.0 0.0
305.0 0.0 0.0 0.0 0.0 0.0
306.0 0.0 0.0 0.0 0.0 0.0
307.0 0.0 0.0 0.0 0.0 0.0
308.0 0.0 0.0 0.0 0.0 0.0
309.0 0.0 0.0 0.0 0.0 0.0
310.0 0.0 0.0 0.0 0.0 0.0
311.0 0.0 0.0 0.0 0.0 0.0
312.0 1.0860533031117914e-16 2.186610192281663e-18 5.653005546099099e-23 2.2088862357272705e-86 9.581043833127835e-21
313.0 1.0856949927813138e-16 2.2133334493225796e-18 5.918496766199171e-23 3.797228338361054e-86 9.867860428420188e-21
314.0 1.0853322989286621e-16 2.2401959656571722e-18 6.194606846561205e-23 6.505170436948694e-86 1.0161290363532732e-20
315.0 1.0849651578796134e-16 2.2671964854427783e-18 6.481680246817685e-23 1.1106149177751076e-85 1.0461432956106188e-20
316.0 1.0845935048565792e-16 2.2943337348965102e-18 6.780069609667532e-23 1.8897104099282838e-85 1.0768387855031655e-20
317.0 2.1684345479484783e-16 4.643212844467659e-18 1.41802717219027e-22 6.409111525209925e-85 2.2164510036584762e-20
318.0 2.1676727964700426e-16 4.698026475205329e-18 1.4824496616605586e-22 1.083240653530485e-84 2.2806269380822158e-20
319.0 3.250352428574388e-16 7.129658559041225e-18 2.3240354214869184e-22 2.7372308220094034e-84 3.5193382138514364e-20
320.0 4.3322417544377967e-16 9.616895689075105e-18 3.23765260478483e-22 6.128114013976393e-84 4.826533533582193e-20
321.0 5.413326075657304e-16 1.2160125404423105e-17 4.227341829355294e-22 1.2820595656129574e-83 6.204427509343304e-20
322.0 6.493590405642107e-16 1.4759729676088228e-17 5.297306981010286e-22 2.566661058821146e-83 7.655275254631244e-20
323.0 7.573019463963733e-16 1.7416084814570328e-17 6.451919656935045e-22 4.979835342414457e-83 9.181372463433924e-20
324.0 9.733047379531637e-16 2.264575654908491e-17 8.657689119313363e-22 1.061432656917774e-82 1.213318740856879e-19
325.0 1.1891377838679361e-15 2.798952942319737e-17 1.1040870565814748e-21 2.1439837952656835e-82 1.523952383436237e-19
326.0 1.5128592749408242e-15 3.60210643431604e-17 1.4657956940733805e-21 4.495665806949904e-82 1.9928618858436888e-19
327.0 1.83631940997957e-15 4.422524795414083e-17 1.85615282547754e-21 8.966493236402559e-82 2.485955326261395e-19
328.0 2.2674889270212785e-15 5.5233301183410756e-17 2.3905021562821432e-21 1.813774838794381e-81 3.154164503201202e-19
329.0 2.8062317906298004e-15 6.913264097607747e-17 3.084855663036992e-21 3.6662528404290023e-81 4.0103758708722765e-19
330.0 3.4524085451055436e-15 8.601136744859643e-17 3.9563137895358046e-21 7.344977207002897e-81 5.067981838450219e-19
331.0 4.313719211382574e-15 1.0867512623418142e-16 5.151913358757825e-21 1.49008130548193e-80 6.503477880937551e-19
332.0 5.282083547351857e-15 1.3455473145716685e-16 6.572974605277788e-21 2.9538277942360143e-80 8.177305524725648e-19
333.0 6.465101281902184e-15 1.6651583744919255e-16 8.380402618334183e-21 5.8360696311247776e-80 1.0275957945264703e-18
334.0 7.970182256286483e-15 2.0754214898294594e-16 1.0759311508747471e-20 1.158065995097465e-79 1.3004353005547824e-18
335.0 9.796882329401693e-15 2.579024020316624e-16 1.3769734445693233e-20 2.2847502023044423e-79 1.6406426587703437e-18
336.0 1.2052356416737391e-14 3.207308600348432e-16 1.7633023615120396e-20 4.498683556057139e-79 2.0712684467060724e-18
337.0 1.4735992561624225e-14 3.963889712157909e-16 2.2436132718960858e-20 8.778964195115747e-79 2.5984564084119506e-18
338.0 1.7954676289415243e-14 4.881636995834999e-16 2.844182904768356e-20 1.7025128050927249e-78 3.248023300144163e-18
339.0 2.1922542289949558e-14 6.024168951909161e-16 3.6122737274138776e-20 3.2996038251415473e-78 4.067920609056378e-18
340.0 2.674589006082675e-14 7.427701464471254e-16 4.583064178063165e-20 6.372438747355858e-78 5.0899517013042195e-18
341.0 3.253078716485446e-14 9.129693292643756e-16 5.795659247424139e-20 1.2236323836784687e-77 6.3483646244837905e-18
342.0 3.9597683555665023e-14 1.122972019764433e-15 7.333115982645681e-20 2.3451695752400045e-77 7.922895916031498e-18
343.0 4.8159106275413976e-14 1.3800304043395597e-15 9.268504685515636e-20 4.4790036737431035e-77 9.878163743407603e-18
344.0 5.842710834719376e-14 1.6916459868765144e-15 1.168317720828785e-19 8.510917792754029e-77 1.2283811166436008e-17
345.0 7.082755808037343e-14 2.071840000393308e-15 1.47118685379457e-19 1.611735074712959e-76 1.5260887606555594e-17
346.0 8.567828741583506e-14 2.5319656107977573e-15 1.8482463342598312e-19 3.0378877856188345e-76 1.8916704370060578e-17
347.0 1.036175084002882e-13 3.0933403096759768e-15 2.3208713713693056e-19 5.709965925745809e-76 2.3439262387080708e-17
348.0 1.252819925949174e-13 3.7780300480358574e-15 2.9130073777499796e-19 1.0702564979776109e-75 2.9031868735482084e-17
349.0 1.5109316348669975e-13 4.6023395467044025e-15 3.646193523538662e-19 1.995959726274581e-75 3.5863004078021264e-17
350.0 1.8221948315409571e-13 5.606100017732887e-15 4.562884129679108e-19 3.7130239481923544e-75 4.4294790965410596e-17
351.0 2.1939941918233323e-13 6.817246677334488e-15 5.699521297844379e-19 6.878945692217337e-75 5.4612279692574943e-17
352.0 2.6390334354181017e-13 8.281356060160799e-15 7.110749923343295e-19 1.270051685796363e-74 6.725711052875786e-17
353.0 3.1710519702755616e-13 1.0048903787470338e-14 8.860364254906966e-19 2.336768141645967e-74 8.273268988397913e-17
354.0 3.8058872567837264e-13 1.2178840695088415e-14 1.102535799236804e-18 4.284089577182424e-74 1.0163719230832118e-16
355.0 4.562533366055507e-13 1.4742357186699067e-14 1.3700708068321452e-18 7.8264077952087e-74 1.2470065039357586e-16
356.0 5.465260705082695e-13 1.783031221896433e-14 1.7008279313109993e-18 1.425257280978805e-73 1.5285615227486108e-16
357.0 6.538276193591255e-13 2.1536496639731966e-14 2.1083290350293326e-18 2.586142307375305e-73 1.8710638222751017e-16
358.0 7.815296200985096e-13 2.5989487029630303e-14 2.6107183687069892e-18 4.6776822671438245e-73 2.288065624214128e-16
359.0 9.331009607451085e-13 3.132552114965391e-14 3.2284734354664452e-18 8.431557884249017e-73 2.7944363672981725e-16
360.0 1.1129572378993103e-12 3.7717480560886795e-14 3.987643388690492e-18 1.5148084716154163e-72 3.4090387640292845e-16
361.0 1.3261389029048962e-12 4.5365432620725946e-14 4.9193991740224e-18 2.712581056400066e-72 4.154092126952118e-16
362.0 1.5785211173694296e-12 5.4504929913204434e-14 6.061433078352863e-18 4.841513411127292e-72 5.056120019543081e-16
363.0 1.8771287651519138e-12 6.541939021446695e-14 7.45998919455517e-18 8.613754538563922e-72 6.147344903233673e-16
364.0 2.230026151232218e-12 7.84381412617452e-14 9.170464434969378e-18 1.5276177847989478e-71 7.465813136108841e-16
365.0 2.646630636475818e-12 9.394931962954128e-14 1.12597993592e-17 2.700542080816992e-71 9.056943968485268e-16
366.0 3.137919001042328e-12 1.1240955646807071e-13 1.3808749561168949e-17 4.758899816181734e-71 1.0974866143643734e-15
367.0 3.716950087272375e-12 1.3436552362850898e-13 1.6915883556529457e-17 8.360280869021024e-71 1.3285006975653321e-15
368.0 4.39843368440706e-12 1.6044174308046537e-13 2.0697696630597004e-17 1.4641016327728626e-70 1.6063474127041071e-15
369.0 5.199885354151885e-12 1.913859526635686e-13 2.5296187438348032e-17 2.5561320036168912e-70 1.9402192272613415e-15
370.0 6.141614949824842e-12 2.280734733090967e-13 3.08818408591517e-17 4.44911061617462e-70 2.3410186391198862e-15
371.0 7.2471366394829105e-12 2.715273924316167e-13 3.765901276555048e-17 7.720587604826937e-70 2.8216558332627127e-15
372.0 8.543471251470308e-12 3.229355402508349e-13 4.587139463964518e-17 1.335706542177124e-69 3.3973298278596807e-15
373.0 1.006239468777938e-11 3.8370419883132236e-13 5.581332093296444e-17 2.3039739538946028e-69 4.086215914327592e-15
374.0 1.1840522363161234e-11 4.554695986144152e-13 6.783608203445849e-17 3.9624200451595946e-69 4.909742170308173e-15
375.0 1.3920023432439987e-11 5.401340990696825e-13 8.235847334129756e-17 6.794602327593556e-69 5.893147202895436e-15
376.0 1.6349856300346477e-11 6.399242921040057e-13 9.988179414721512e-17 1.161717290215818e-68 7.066311626309608e-15
377.0 1.918647228169142e-11 7.57430701830117e-13 1.210034735388172e-16 1.9805190632132e-68 8.464433657267769e-15
378.0 2.24951442190165e-11 8.956739057916293e-13 1.4643625862677623e-16 3.366757794860294e-68 1.0129039596891667e-14
379.0 2.6350763067224244e-11 1.0581521194357625e-12 1.7702621233162179e-16 5.706950299489302e-68 1.2108840331117679e-14
380.0 3.0839990767423044e-11 1.2489454743428026e-12 2.1378199981576115e-16 9.646466555305679e-68 1.446128856663917e-14
381.0 3.606224919099504e-11 1.472777330315206e-12 2.5789965670242146e-16 1.6259678014837054e-67 1.725372423003964e-14
382.0 4.213206142063532e-11 1.7351334982540036e-12 3.107998675526193e-16 2.733036972971634e-67 2.0565264299456256e-14
383.0 4.9180856074578353e-11 2.0423641956959226e-12 3.741657428286458e-16 4.5811828034388925e-67 2.448859272929637e-14
384.0 5.735938570887203e-11 2.401815683083818e-12 4.499895844081308e-16 7.658016288478402e-67 2.913220528972055e-14
385.0 6.684085932952828e-11 2.8219973300880727e-12 5.406307939483397e-16 1.276650354104879e-66 3.4623210749791955e-14
386.0 7.782342888718304e-11 3.31272800188224e-12 6.48875224389467e-16 2.122524269677325e-66 4.111002936509426e-14
387.0 9.053411553596905e-11 3.885349765907359e-12 7.780132495073577e-16 3.5193898462570116e-66 4.8766075720554414e-14
388.0 1.0523239700434993e-10 4.552935537562871e-12 9.319238867391818e-16 5.820013903114631e-66 5.77935641934613e-14
389.0 1.2221512015518138e-10 5.330562492544066e-12 1.1151801825118967e-15 9.59912610978545e-66 6.84283568618854e-14
390.0 1.4182117114722405e-10 6.2355856549669405e-12 1.3331643263453525e-15 1.579060733115358e-65 8.094507250885902e-14
391.0 1.6443714821450301e-10 7.287966339730329e-12 1.5922049350115631e-15 2.5907977678989145e-65 9.566317953147112e-14
392.0 1.9050382145374878e-10 8.510648389542973e-12 1.899737257113943e-15 4.239784831881323e-65 1.1295403997628375e-13
393.0 2.2052347589271705e-10 9.92998860531473e-12 2.2644899778914697e-15 6.920510134856017e-65 1.3324904553761535e-13
394.0 2.5506771569830115e-10 1.157622453420323e-11 2.696697263822692e-15 1.1267416491960369e-64 1.5704867983524013e-13
395.0 2.947867572388054e-10 1.3484027915645212e-11 3.208349652181477e-15 1.8298292884342136e-64 1.84933215907985e-13
396.0 3.404194749380667e-10 1.569311372763096e-11 3.813480411644328e-15 2.964180337761154e-64 2.175747300568791e-13
397.0 3.9280481001528697e-10 1.8248935240820146e-11 4.52849798421784e-15 4.789764377684471e-64 2.557509264713069e-13
398.0 4.52895043699187e-10 2.1203492180399084e-11 5.372575707159696e-15 7.720530414785385e-64 3.0036125826050086e-13
399.0 5.217694759161366e-10 2.4616188078284756e-11 6.368087848764477e-15 1.2413980881337836e-63 3.524445623206127e-13
400.0 6.006508662700177e-10 2.8554850127054628e-11 7.541125335545427e-15 1.9911933360302086e-63 4.1319991455947207e-13
401.0 6.909235840589058e-10 3.309686833724732e-11 8.922087481868259e-15 3.1861172962091684e-63 4.840102635899643e-13
402.0 7.941533452334005e-10 3.833045274806034e-11 1.0546356080978435e-14 5.085848240509273e-63 5.664689713533733e-13
403.0 9.121100540782521e-10 4.435608687166682e-11 1.2455080800776812e-14 8.098894220338144e-63 6.624105765414329e-13
404.0 1.0467923864365468e-09 5.128811886735397e-11 1.4696069596133995e-14 1.286636667121013e-62 7.739451345177755e-13
405.0 1.2004561364046779e-09 5.925659511534998e-11 1.73248233719187e-14 2.039206384822991e-62 9.034979064230442e-13
406.0 1.3756448560027408e-09 6.840927316077041e-11 2.0405709476618706e-14 3.2243970717231024e-62 1.0538537220827157e-12
407.0 1.575225103631106e-09 7.891393643724291e-11 2.401332269049408e-14 5.086569760324046e-62 1.2282081530318494e-12
408.0 1.8024242120847574e-09 9.09609177584021e-11 2.8234022021727582e-14 8.005667062077389e-62 1.4302244051607631e-12
409.0 2.0608737966558384e-09 1.0476600241351456e-10 3.316771141747911e-14 1.2571091401142382e-61 1.664098918974978e-12
410.0 2.354656599884909e-09 1.2057360332131758e-10 3.892985185253735e-14 1.969509761060003e-61 1.934634423882901e-12
411.0 2.6883596708083713e-09 1.386603722667366e-10 4.5653777296914744e-14 3.078645651294949e-61 2.2473234635561826e-12
412.0 3.0671327882379673e-09 1.5933920785426308e-10 5.349332812695571e-14 4.801581977802184e-61 2.608442299773523e-12
413.0 3.4967531714699713e-09 1.8296372934369241e-10 6.262585193549097e-14 7.472030832604352e-61 3.025156854948524e-12
414.0 3.983697001907802e-09 2.0993326136633607e-10 7.32556181846902e-14 1.1601900119991836e-60 3.5056420499786904e-12
415.0 4.535219077612773e-09 2.4069841860060706e-10 8.56177127085595e-14 1.7974722571883692e-60 4.059216707468491e-12
416.0 5.159440391063043e-09 2.757673017303349e-10 9.99824563730924e-14 2.778716598998514e-60 4.696494996097771e-12
417.0 5.865445029141554e-09 3.1571240213501787e-10 1.1666042654501687e-13 4.286290620817386e-60 5.4295569016302465e-12
418.0 6.663387170062183e-09 3.6117828330436696e-10 1.3600815638847292e-13 6.597517095703727e-60 6.272139843039208e-12
419.0 7.564608836491344e-09 4.1289010319850605e-10 1.5843459173149103e-13 1.013321285357159e-59 7.2398535936445865e-12
420.0 8.58177005302194e-09 4.716630983245044e-10 1.8440841360145605e-13 1.5530579344845108e-59 8.350421772636132e-12
421.0 9.728992027926893e-09 5.384130986156928e-10 2.1446632380725891e-13 2.375243065327819e-59 9.623952431720023e-12
422.0 1.1022014563375438e-08 6.141681768847945e-10 2.492224123081836e-13 3.6250530510961563e-59 1.1083241003348232e-11
423.0 1.2478369574176974e-08 7.000815784654066e-10 2.8937875211688626e-13 5.520933581025845e-59 1.2754109804723098e-11
424.0 1.4117570766650508e-08 7.974459793933964e-10 3.3573733927453084e-13 8.390897012744959e-59 1.4665786729191815e-11
425.0 1.5961323600861985e-08 9.077093534914725e-10 3.8921360224434984e-13 1.2726465199147913e-58 1.6851330158939744e-11
426.0 1.803375392760546e-08 1.0324924135140833e-09 4.5085158965074113e-13 1.926267019930139e-58 1.9348101646401284e-11
427.0 2.0361659555364498e-08 1.1736079249161886e-09 5.218410967989843e-13 2.9096461181399853e-58 2.2198294204040466e-11
428.0 2.297478596007849e-08 1.3330820277345383e-09 6.035369424002028e-13 4.386160158001253e-58 2.544952138349136e-11
429.0 2.5906127515172243e-08 1.5131777158480988e-09 6.974806286765816e-13 6.598648790992442e-58 2.9155472822590584e-11
430.0 2.9192257658369243e-08 1.716420747468432e-09 8.054246934633042e-13 9.907344982753073e-58 3.33766446166842e-11
431.0 3.287368947168608e-08 1.945628156929935e-09 9.293600394563882e-13 1.484556652588288e-57 3.8181151271167624e-11
432.0 3.6995269487336076e-08 2.2039396225528122e-09 1.0715465872073118e-12 2.2201325344309855e-57 4.364562796537515e-11
433.0 4.1606607666420873e-08 2.494851962676012e-09 1.2345476340191433e-12 3.3136682440366115e-57 4.9856232626416135e-11
434.0 4.67625469206643e-08 2.822257067267427e-09 1.421268348091547e-12 4.9361967677624025e-57 5.690975847775024e-11
435.0 5.252367350946618e-08 3.190483459867266e-09 1.6349988027607308e-12 7.3389591436917e-57 6.491486594801743e-11
436.0 5.895687448617749e-08 3.6043419854437754e-09 1.879462139160382e-12 1.0890310248223384e-56 7.399344935764629e-11
437.0 6.61359434570591e-08 4.069175837650469e-09 2.1588683455295665e-12 1.6129279401966934e-56 8.428214876059696e-11
438.0 7.414223975842184e-08 4.590915381613276e-09 2.4779743034503927e-12 2.3843154490292825e-56 9.593402278927133e-11
439.0 8.306540428778908e-08 5.176138128717344e-09 2.8421507469659185e-12 3.5179652685155608e-56 1.0912039701426882e-10
440.0 9.30041380450028e-08 5.832134407760046e-09 3.2574569305669154e-12 5.1808792965568655e-56 1.2403290695525655e-10
441.0 1.0406704541638745e-07 6.5669790430052045e-09 3.730723730522174e-12 7.615605638334747e-56 1.4088575078067921e-10
442.0 1.1637355005353132e-07 7.389609726548469e-09 4.269646167684748e-12 1.1173760826832172e-55 1.599181754718923e-10
443.0 1.3005488666771016e-07 8.309912508803296e-09 4.882886262224946e-12 1.6364136972691054e-55 1.8139721562966675e-10
444.0 1.4525517444869546e-07 9.338814996077968e-09 5.58018728911209e-12 2.392161306153383e-55 2.056207085137778e-10
445.0 1.6213257996505004e-07 1.0488388002484386e-08 6.3725006746117766e-12 3.490568790568331e-55 2.329206134584423e-10
446.0 1.8086057296932188e-07 1.177195614107611e-08 7.272126703258479e-12 5.084111230524275e-55 2.636666592236917e-10
447.0 2.016292841428232e-07 1.3204218218816364e-08 8.292870516732018e-12 7.391824711868584e-55 2.982703523310742e-10
448.0 2.2464697070201594e-07 1.4801378125106566e-08 9.450214882320577e-12 1.0727800187842923e-54 3.3718937695422625e-10
449.0 2.5014159787979143e-07 1.6581287062644155e-08 1.0761511409526856e-11 1.554163390668985e-54 3.809324218467887e-10
450.0 2.783625431904728e-07 1.856359792293505e-08 1.2246191977767786e-11 2.2475750030490675e-54 4.300644702354891e-10
451.0 3.095824332895273e-07 2.076993282728893e-08 1.392600240022987e-11 3.24464902734476e-54 4.85212595180933e-10
452.0 3.440991204704641e-07 2.3224064700511293e-08 1.582526038343227e-11 4.6758624169237385e-54 5.470723011206232e-10
453.0 3.8223780984005256e-07 2.5952114040476687e-08 1.7971140178122287e-11 6.726677324874585e-54 6.164144609538887e-10
454.0 4.24353344461562e-07 2.8982761828035178e-08 2.039398632574546e-11 9.660257575051972e-54 6.940928948913786e-10
455.0 4.708326612140751e-07 3.234747992224481e-08 2.3127659340228444e-11 1.3849381597156318e-53 7.810526487477307e-10
456.0 5.220974258471815e-07 3.608078003422392e-08 2.6209916173244138e-11 1.9821198232053422e-53 8.783390256700715e-10
457.0 5.786068595879499e-07 4.022048267212503e-08 2.968282870735682e-11 2.831988717881242e-53 9.871074347121564e-10
458.0 6.408607684699425e-07 4.4808007409093116e-08 3.359324370080425e-11 4.0394238587251265e-53 1.1086341212353983e-09
459.0 7.094027873346284e-07 4.9888685919654594e-08 3.799328789284029e-11 5.751985601196703e-53 1.244327848997296e-09
460.0 7.848238515733552e-07 5.551209935042823e-08 4.294092230244408e-11 8.176938557311831e-53 1.3957426095433552e-09
461.0 8.677659097233205e-07 6.173244163945719e-08 4.850055004205373e-11 1.1604925157275909e-52 1.564591438700881e-09
462.0 9.589258902399934e-07 6.860891045892855e-08 5.4743682280942566e-11 1.6442833740483395e-52 1.752761424588104e-09
463.0 1.0590599372409993e-06 7.620612760837338e-08 6.174966739652083e-11 2.325935718099989e-52 1.9623299986804457e-09
464.0 1.1689879298620639e-06 8.459459072561955e-08 6.960648869038201e-11 3.2848038633731374e-52 2.1955826060113676e-09
465.0 1.2895982998671576e-06 9.385115823392361e-08 7.841163640908264e-11 4.631437465438659e-52 2.455031855523819e-09
466.0 1.4218531647963364e-06 1.0405956968823409e-07 8.827306035398799e-11 6.519596094877594e-52 2.7434382617618214e-09
467.0 1.566793791801753e-06 1.1531100358663489e-07 9.931020965497214e-11 9.162794869988982e-52 3.063832690690091e-09
468.0 1.725546409416932e-06 1.2770467492129714e-07 1.1165516684170665e-10 1.2857053462539389e-51 3.4195406320682635e-09
469.0 1.899328385052349e-06 1.4134847484437957e-07 1.2545388384767137e-10 1.8012124461593083e-51 3.814208427987771e-09
470.0 2.089454785596326e-06 1.563596548556698e-07 1.4086752804676656e-10 2.5194293727907346e-51 4.251831592703889e-09
471.0 2.297345340056905e-06 1.7286555809704842e-07 1.5807394704005347e-10 3.518494840810649e-51 4.73678536855729e-09
472.0 2.5245318223893816e-06 1.910044003455006e-07 1.772692614055341e-10 4.906059574764132e-51 5.2738576680908725e-09
473.0 2.7726658747319993e-06 2.1092610351853718e-07 1.986695953392885e-10 6.830201864022925e-51 5.868284563842951e-09
474.0 3.043527289737485e-06 2.3279318445961034e-07 2.2251295561952022e-10 9.494294620458799e-51 6.525788491626351e-09
475.0 3.3390327723768153e-06 2.567817019672214e-07 2.4906127007540903e-10 1.3177223147698857e-50 7.252619344249699e-09
476.0 3.6612452025621614e-06 2.8308226517846055e-07 2.7860259748773156e-10 1.8260837137974653e-50 8.055598642820654e-09
477.0 4.012383417517919e-06 3.1190110630518403e-07 3.1145352137225656e-10 2.526716844595959e-50 8.942166975856719e-09
478.0 4.39483253603366e-06 3.434612210390542e-07 3.4796174106262925e-10 3.4908812006183446e-50 9.920434911799695e-09
479.0 4.8111548455331846e-06 3.780035799258035e-07 3.885088741938526e-10 4.815702225157319e-50 1.0999237596859964e-08
480.0 5.264101273251925e-06 4.157884141119259e-07 4.3351348551530953e-10 6.633361581945206e-50 1.2188193259964108e-08
481.0 5.756623462136274e-06 4.570965788890209e-07 4.834343577404986e-10 9.123481738051036e-50 1.3497765854307151e-08
482.0 6.2918864739026316e-06 5.022309986804193e-07 5.387740211563678e-10 1.2529790254492928e-49 1.4939332078720323e-08
483.0 6.873282140151307e-06 5.515181970709583e-07 6.000825594979472e-10 1.7182509462330954e-49 1.6525253028386998e-08
484.0 7.504443082259956e-06 6.053099155420342e-07 6.679617105112308e-10 2.3528394219046832e-49 1.8268950733916975e-08
485.0 8.189257421758982e-06 6.63984824727855e-07 7.430692806813642e-10 3.2170971082366863e-49 2.0184989860269778e-08
486.0 8.931884201170897e-06 7.27950331946559e-07 8.261238944592645e-10 4.392436474187951e-49 2.2289164843257494e-08
487.0 9.736769535944893e-06 7.976444888852605e-07 9.179100994093148e-10 5.9885194925781874e-49 2.459859275333289e-08
488.0 1.0608663517668662e-05 8.735380033556072e-07 1.019283849732305e-09 8.15284714039429e-49 2.7131812185934906e-08
489.0 1.1552637886451074e-05 9.561363589201099e-07 1.1311783915001753e-09 1.1083531310130603e-48 2.990888848256315e-08
490.0 1.2574104492313289e-05 1.0459820464165654e-06 1.2546105742440207e-09 1.504628088410721e-48 3.2951525602309724e-08
491.0 1.3678834562318485e-05 1.1436569112200831e-06 1.3906876143986191e-09 2.03969602383861e-48 3.6283184966494074e-08
492.0 1.4872978790476496e-05 1.2497846201694553e-06 1.5406143373083545e-09 2.761150573625313e-48 3.9929211610445975e-08
493.0 1.616308826556313e-05 1.365033251986904e-06 1.7057009255113871e-09 3.732554414495387e-48 4.391696798217176e-08
494.0 1.7556136251889124e-05 1.4901180150674765e-06 1.8873712022286353e-09 5.0386785542721423e-48 4.827597573789646e-08
495.0 1.905954083528128e-05 1.6258040963334754e-06 2.0871714799368534e-09 6.79242127375165e-48 5.3038065887447026e-08
496.0 2.0681188445636487e-05 1.7729096448182068e-06 2.306780005053825e-09 9.143932468084799e-48 5.8237537650032165e-08
497.0 2.2429458266914035e-05 1.9323088936436744e-06 2.5480170309773274e-09 1.2292629673101847e-47 6.391132638959809e-08
498.0 2.4313247540546427e-05 2.1049354236751435e-06 2.812855552451139e-09 1.6503000371533493e-47 7.009918099489757e-08
499.0 2.6341997770682297e-05 2.2917855723716382e-06 3.1034327357670353e-09 2.2125355101649655e-47 7.684385108535622e-08
500.0 2.8525721832469972e-05 2.493921990754088e-06 3.4220620797686986e-09 2.962304516977949e-47 8.419128441216115e-08
501.0 3.087503198635417e-05 2.7124773515756525e-06 3.7712463440675924e-09 3.960811011305786e-47 9.21908348369897e-08
502.0 3.340116879738576e-05 2.9486582114415993e-06 4.153691281672732e-09 5.288790248595624e-47 1.0089548126705631e-07
503.0 3.611603095448203e-05 3.2037490292655446e-06 4.57232021396415e-09 7.052598809683588e-47 1.1036205791994397e-07
504.0 3.903220598475343e-05 3.4791163434504233e-06 5.0302894871550885e-09 9.392158572254296e-47 1.2065149629831673e-07
505.0 4.216300185059028e-05 3.776213109503623e-06 5.53100484962843e-09 1.2491305166291663e-46 1.3182907923750423e-07
506.0 4.5522479420292543e-05 4.096583200033945e-06 6.0781387910402066e-09 1.6591250768627613e-46 1.4396470740267788e-07
507.0 4.912548579172405e-05 4.441866068026503e-06 6.675648883710885e-09 2.2008075288730063e-46 1.571331785809407e-07
508.0 5.298768845187438e-05 4.813801574531993e-06 7.327797168256121e-09 2.9155421371809126e-46 1.71414480126062e-07
509.0 5.712561024724977e-05 5.214234981122309e-06 8.039170625314314e-09 3.857390275280708e-46 1.868940948897489e-07
510.0 6.15566651379142e-05 5.645122107186723e-06 8.814702775801352e-09 5.096916201401236e-46 2.0366332096613161e-07
511.0 6.629919470220212e-05 6.108534651515244e-06 9.65969645210153e-09 6.726105756630011e-46 2.2181960555559293e-07
512.0 7.137250535641825e-05 6.60666567725165e-06 1.0579847782899497e-08 8.864715201130603e-46 2.414668932418019e-07
513.0 7.679690624928346e-05 7.141835258751843e-06 1.1581271434294495e-08 1.1668455438347767e-45 2.627159889559879e-07
514.0 8.25937477841168e-05 7.716496288110507e-06 1.2670527149304343e-08 1.533952867041293e-45 2.8568493587308933e-07
515.0 8.878546071896592e-05 8.333240438695229e-06 1.3854647627767602e-08 2.014017630880313e-45 3.1049940846628857e-07
516.0 9.53955957899547e-05 8.994804282386688e-06 1.5141167788101454e-08 2.641007654297337e-45 3.3729312091920594e-07
517.0 0.0001024488637958538 9.704075556344305e-06 1.653815545128334e-08 3.458865712870009e-45 3.662082510573026e-07
518.0 0.00010997117607915977 1.0464099574640132e-05 1.805424348684818e-08 4.524367593620508e-45 3.97395879935625e-07
519.0 0.000117989685331466 1.1278085779159339e-05 1.9698663459186793e-08 5.910778388188984e-45 4.310164471765735e-07
520.0 0.00012653282664682757 1.2149414423519346e-05 2.1481280811244064e-08 7.712524113203821e-45 4.672402221172016e-07
521.0 0.000135630358739796 1.3081643382812767e-05 2.3412631620834834e-08 1.0051153167672378e-44 5.062477907782272e-07
522.0 0.0001453134052416351 1.4078515081378582e-05 2.550396096331819e-08 1.3082934310521928e-44 5.482305586308352e-07
523.0 0.00015561449597711614 1.5143963529418152e-05 2.7767262911289284e-08 1.700852844196849e-44 5.933912690689482e-07
524.0 0.0001665676081269123 1.6282121459183742e-05 3.021532220095236e-08 2.208528506387884e-44 6.419445374742143e-07
525.0 0.00017820820716407348 1.7497327549505902e-05 3.2861757590250706e-08 2.8642856529830987e-44 6.941174006658557e-07
526.0 0.00019057328745859833 1.879413372757669e-05 3.572106693279898e-08 3.7103001080452037e-44 7.501498815121858e-07
527.0 0.0002037014124274367 2.017731253487603e-05 3.8808673986398506e-08 4.800466784745149e-44 8.102955683778013e-07
528.0 0.00021763275410879396 2.1651864543845476e-05 4.214097697255758e-08 6.203573419626756e-44 8.748222090434859e-07
529.0 0.00023240913203270895 2.3223025810792693e-05 4.573539889928858e-08 8.007311114709005e-44 9.440123186639652e-07
530.0 0.0002480740512484979 2.489627534891177e-05 4.961043965402176e-08 1.0323336240951616e-43 1.0181638012344042e-06
531.0 0.00026467273937279837 2.6677342605124035e-05 5.378572987047235e-08 1.3293651677745414e-43 1.097590583996858e-06
532.0 0.00028225218250941967 2.85722149226892e-05 5.828208656693013e-08 1.7098641680664968e-43 1.182623264112232e-06
533.0 0.000300861159888477 3.0587144970626355e-05 6.31215705483279e-08 2.1967176897815105e-43 1.273609766848631e-06
534.0 0.0003205502770710017 3.272865812030779e-05 6.832754555949831e-08 2.8189307887584872e-43 1.370916014469666e-06
535.0 0.00034137199755381194 3.5003559747868434e-05 7.392473916959752e-08 3.613219144853524e-43 1.4749266048931664e-06
536.0 0.0003633806726102803 3.7418942440570435e-05 7.993930536232342e-08 4.626004968543028e-43 1.5860454991248862e-06
537.0 0.000386632569193125 3.9982193083690385e-05 8.639888879863488e-08 5.915915375446498e-43 1.7046967163589348e-06
538.0 0.0004111858957277895 4.270099980412635e-05 9.333269071287469e-08 7.556906089219306e-43 1.8313250355712867e-06
539.0 0.00043710082561331014 4.55833587450908e-05 1.0077153639391149e-07 9.64216246659139e-43 1.966396702303155e-06
540.0 0.00046443951825117546 4.863758064597667e-05 1.0874794419651672e-07 1.2288965659749825e-42 2.110400139264173e-06
541.0 0.0004932661374127671 5.1872297199795746e-05 1.1729619601834494e-07 1.5644755723743693e-42 2.2638466592558973e-06
542.0 0.0005236468667603396 5.5296467160371057e-05 1.2645240917083254e-07 1.9894677441029754e-42 2.4272711788469824e-06
543.0 0.0005556499223305334 5.891938217016673e-05 1.362546095625168e-07 2.527096075402356e-42 2.6012329311135747e-06
544.0 0.0005893455617852 6.275067227850344e-05 1.4674280610333036e-07 3.206456861260319e-42 2.7863161756443335e-06
545.0 0.0006248060902392337 6.680031111973232e-05 1.5795906623027368e-07 4.0639643953916944e-42 2.983130903935314e-06
546.0 0.0006621058624683696 7.107862071953103e-05 1.6994759244348523e-07 5.1451408297040884e-42 3.192313538169299e-06
547.0 0.0007013212813074979 7.55962758975955e-05 1.8275479973345627e-07 6.506831171502497e-42 3.414527621308477e-06
548.0 0.0007425307920394998 8.036430823317861e-05 1.964293937669247e-07 8.219941335429212e-42 3.6504644962756317e-06
549.0 0.000785814872586568 8.539410956050413e-05 2.1102244969101153e-07 1.0372818996655268e-41 3.900843971950197e-06
550.0 0.0008312560193138782 9.069743496017938e-05 2.2658749140337223e-07 1.3075423522445006e-41 4.166414973589368e-06
551.0 0.0008789387282525162 9.628640521172184e-05 2.4318057112360963e-07 1.6464463466584203e-41 4.447956175161089e-06
552.0 0.0009289494715651705 0.00010217350867344172 2.608603490935945e-07 2.07097191659118e-41 4.746276611048486e-06
553.0 0.0009813766690658055 0.00010837160255393288 2.796881732187172e-07 2.602181528176141e-41 5.062216264414763e-06
554.0 0.0010363106546234125 0.00011489391354083232 2.997281584545593e-07 3.266176536009295e-41 5.396646629501446e-06
555.0 0.0010938436372757163 0.00012175403775143113 3.21047265729455e-07 4.0952679647094086e-41 5.750471245002011e-06
556.0 0.0011540696568923007 0.00012896593997060554 3.437153801840926e-07 5.129411088696611e-41 6.124626195612509e-06
557.0 0.0012170845342262355 0.0001365439521409158 3.678053884958476e-07 6.417961349984781e-41 6.520080578749857e-06
558.0 0.0012829858152122726 0.00014450277107128039 3.933932550475983e-07 8.021821279222072e-41 6.937836933420366e-06
559.0 0.0013518727093622853 0.00015285745532928136 4.205580966849364e-07 1.0016062673404326e-40 7.3789316280757185e-06
560.0 0.0014238460221378693 0.00016162342128493826 4.49382255800697e-07 1.249312581573291e-40 7.844435204345028e-06
561.0 0.0014990080811705842 0.0001708164382722811 4.799513714691662e-07 1.5566718569420669e-40 8.335452673380169e-06
562.0 0.0015774626562329588 0.00018045262283831686 5.123544483486175e-07 1.9376563415075864e-40 8.853123761630067e-06
563.0 0.0016593148728490505 0.00019054843204698656 5.466839230526215e-07 2.409417073150469e-40 9.398623102685944e-06
564.0 0.001744671119476769 0.00020112065581032117 5.830357276907377e-07 2.992985279144757e-40 9.97316037198864e-06
565.0 0.0018336389481790642 0.00021218640821700241 6.215093502609581e-07 3.714123617624708e-40 1.0577980361018905e-05
566.0 0.0019263269687423096 0.00022376311783302966 6.622078915764802e-07 4.604358193048562e-40 1.1214362987742147e-05
567.0 0.0020228447361853113 0.00023586851694730714 7.052381183914994e-07 5.7022284336962835e-40 1.1883623239918573e-05
568.0 0.0021233026316534458 0.00024852062974073624 7.507105123951837e-07 7.054799253221432e-40 1.2587111048111944e-05
569.0 0.0022278117366789202 0.0002617377593557933 7.987393147263646e-07 8.719488646102645e-40 1.3326211085091017e-05
570.0 0.00233648370081734 0.0002755384738469469 8.494425656595311e-07 1.0766274242509076e-39 1.4102342488428952e-05
571.0 0.0024494306027031993 0.00028994159099614655 9.029421391130708e-07 1.3280354669526276e-39 1.4916958503251315e-05
572.0 0.002566764804548896 0.0003049661619756256 9.593637716135602e-07 1.6365356181944562e-39 1.5771546041934442e-05
573.0 0.0026885988001768206 0.00032063145384810226 1.0188370853632247e-06 2.014719234647772e-39 1.6667625157913096e-05
574.0 0.0028150450566570245 0.00033695693089273764 1.0814956050424518e-06 2.4778705066316996e-39 1.7606748430632804e-05
575.0 0.0029462158496602257 0.00035396223474996234 1.1474767679843435e-06 3.044523947808701e-39 1.8590500258894646e-05
576.0 0.0030822230926577385 0.0003716671633812988 1.2169219273590015e-06 3.7371333893111296e-39 1.9620496059972493e-05
577.0 0.0032231781601110778 0.00039009164884214203 1.2899763480028396e-06 4.5828739750540595e-39 2.0698381371959875e-05
578.0 0.0033691917048250053 0.00040925573386975096 1.3667891945344913e-06 5.614602638810197e-39 2.1825830857016368e-05
579.0 0.0035203734696566394 0.00042917954729161607 1.4475135114017317e-06 6.872007234824764e-39 2.3004547203332666e-05
580.0 0.0036768320937884836 0.0004498832782619484 1.53230619450643e-06 8.402980012207471e-39 2.4236259923772633e-05
581.0 0.003838674913804261 0.0004713871493385846 1.6213279540646883e-06 1.0265257608246813e-38 2.5522724049402784e-05
582.0 0.004006007759832011 0.0004937113884166279 1.7147432683690405e-06 1.252837734852977e-38 2.686571871635448e-05
583.0 0.004178934747012503 0.0005168761995353022 1.8127203281170793e-06 1.5276008569173375e-38 2.826704564449846e-05
584.0 0.004357558062620683 0.0005409017325840919 1.9154309710018738e-06 1.860872813520175e-38 2.9728527506964336e-05
585.0 0.0045419777491423115 0.0005658080519322223 2.023050606252139e-06 2.264732156878473e-38 3.12520061894739e-05
586.0 0.004732291483653367 0.0005916151040123254 2.1357581288340535e-06 2.7536705510841916e-38 3.2839340938877975e-05
587.0 0.004928594353873418 0.0006183426838933519 2.2537358230433983e-06 3.3450583952292857e-38 3.4492406400580195e-05
588.0 0.0051309786312739285 0.0006460104008803483 2.3771692552290227e-06 4.0596970170724877e-38 3.621309054474424e-05
589.0 0.005339533541640161 0.0006746376431823683 2.506247155405997e-06 4.922472903621524e-38 3.8003292481461585e-05
590.0 0.005554345033520662 0.0007042435416956555 2.6411612875439744e-06 5.963132081449259e-38 3.986492016547338e-05
591.0 0.0057754955449990245 0.0007348469329509478 2.7821063083299062e-06 7.217195837952349e-38 4.179988799123538e-05
592.0 0.00600306376924695 0.000766466321278392 2.9292796142299085e-06 8.727042552047095e-38 4.381011427948229e-05
593.0 0.0062371244193515744 0.0007991198402495825 3.082881176708036e-06 1.0543184555706655e-37 4.589751865690758e-05
594.0 0.006477747992879844 0.0008328252134541391 3.2431133654634016e-06 1.2725773763971894e-37 4.806401933058228e-05
595.0 0.006725000536720235 0.0008675997146799 3.4101807596045026e-06 1.5346375391287866e-37 5.03115302595352e-05
596.0 0.0069789434127004195 0.000903460127562371 3.584289946681645e-06 1.8490055530683168e-37 5.264195822586941e-05
597.0 0.007239633064520491 0.0009404227047761932 3.765649309541925e-06 2.2257835840641986e-37 5.505719980835046e-05
598.0 0.007507120786561558 0.0009785031268459696 3.954468801007377e-06 2.6769577211738894e-37 5.75591382618324e-05
599.0 0.007781452495095175 0.0010177164606513258 4.150959706386585e-06 3.2167364241117257e-37 6.0149640305914765e-05
600.0 0.00806266850249581 0.0010580771177130324 4.355334393898787e-06 3.8619473821618835e-37 6.283055282710229e-05
601.0 0.00835080329497796 0.00109959881233859 4.567806053078108e-06 4.632502437296564e-37 6.560369949843068e-05
602.0 0.00864588531449328 0.0011422945197225817 4.788588421318571e-06 5.551941745568392e-37 6.847087732171635e-05
603.0 0.00894793674531728 0.001186176434085339 5.017895498698187e-06 6.648070099605855e-37 7.143385309709404e-05
604.0 0.009256973305940398 0.0012312559269467569 5.255941251302174e-06 7.953700343488913e-37 7.449435982550518e-05
605.0 0.009573004046817782 0.001277543505626183 5.502939303269579e-06 9.507521115575138e-37 7.765409304966255e-05
606.0 0.009896031154604296 0.0013250487720710086 5.759102617866829e-06 1.1355108796206914e-36 8.091470713994303e-05
607.0 0.010226049763400781 0.001373780382105308 6.024643167875491e-06 1.355010656183672e-36 8.427781153120697e-05
608.0 0.010563047773633243 0.0014237460052046707 6.299771595677169e-06 1.6155596907549877e-36 8.77449669176693e-05
609.0 0.010907005679103486 0.0014749522848943617 6.584696863413947e-06 1.9245697954968866e-36 9.131768141263832e-05
610.0 0.01125789640278303 0.0015274047998743675 6.879625893665706e-06 2.2907418378742958e-36 9.499740668056921e-05
611.0 0.011615685141904713 0.0015811080259746054 7.1847632011206065e-06 2.7242810936856913e-36 9.878553404910509e-05
612.0 0.011980329222874933 0.0016360652990412188 7.500310515741958e-06 3.237147046182443e-36 0.00010268339060887892
613.0 0.012351777966559596 0.0016922787788609152 7.826466398000005e-06 3.843342885588613e-36 0.00010669223530947156
614.0 0.01272997256442334 0.0017497494142221304 8.163425846739176e-06 4.559250723901281e-36 0.00011081325505966005
615.0 0.01311484596602348 0.0018084769092166137 8.51137990031275e-06 5.404019404267736e-36 0.0001150475608406353
616.0 0.01350632277835192 0.00186845969088556 8.870515231660279e-06 6.400012765737637e-36 0.00011939618384115659
617.0 0.013904319177441365 0.0019296948783056199 9.24101373800295e-06 7.573327337573832e-36 0.0001238600716232948
618.0 0.014308742832704523 0.0019921782532188077 9.623052125914073e-06 8.954389699204782e-36 0.00012844008432821535
619.0 0.014719492844382145 0.0020559042322990436 1.0016801492510583e-05 1.0578645170688358e-35 0.000133136990930974
620.0 0.015136459694494016 0.0021208658411519593 1.042242690357141e-05 1.248735111491948e-35 0.00013795146555378404
621.0 0.015559525211654318 0.002187054690141413 1.0840086969415623e-05 1.4728489959641479e-35 0.00014288408384724381
622.0 0.015988562550043776 0.0022544609521276617 1.1269933419373409e-05 1.7357819110077604e-35 0.00014793531944869165
623.0 0.016423436182886192 0.0023230733422109806 1.1712110675768237e-05 2.0440077250209733e-35 0.00015310554052765197
624.0 0.016864001910639834 0.002392879099556332 1.2166755428280316e-05 2.4050369153593407e-35 0.00015839500642736881
625.0 0.017310106884163286 0.002463863971382308 1.26339962096393e-05 2.827575407834249e-35 0.00016380386441212423
626.0 0.01776158964305354 0.0025360121991897613 1.3113952973596311e-05 3.3217066144008144e-35 0.00016933214652973196
627.0 0.01821828016930539 0.002609306507299126 1.3606736676131702e-05 3.899099882339437e-35 0.00017497976659835955
628.0 0.018679999956433102 0.0026837280937648477 1.4112448860890881e-05 4.5732489877335166e-35 0.0001807465173269771
629.0 0.0191465620941334 0.0027592566237268643 1.4631181249834332e-05 5.359744776729377e-35 0.000186632067578336
630.0 0.01961777136854775 0.0028358702252562693 1.5163015340109757e-05 6.276586585717563e-35 0.00019263595978335075
631.0 0.020093424378152955 0.0029135454877482524 1.5708022008168375e-05 7.344537662561814e-35 0.00019875760751563655
632.0 0.0205733096652322 0.002992257462904352 1.6266261122122968e-05 8.587530472320605e-35 0.00020499629323434472
633.0 0.021057207862879505 0.003071979668345864 1.683778116337541e-05 1.0033128510295234e-34 0.00021135116620354128
634.0 0.02154489185745353 0.003152684093894746 1.7422618858543614e-05 1.17130520711734e-34 0.000217821240596117
635.0 0.02203612696630686 0.0032343412105447235 1.8020798822671734e-05 1.3663776344790337e-34 0.00022440539378937522
636.0 0.022530671130647148 0.003316919982149115 1.863233321475519e-05 1.5927211236906114e-34 0.0002311023648597842
637.0 0.023028275123294268 0.0034003878798378063 1.9257221406559538e-05 1.8551473458502668e-34 0.0002379107532834828
638.0 0.023528682771077197 0.003484710899171748 1.989544966571127e-05 2.1591762701750457e-34 0.0002448290178488849
639.0 0.024031631191611606 0.0035698535800420834 2.0546990854052974e-05 2.5111355138437435e-34 0.0002518554757876893
640.0 0.024536851044062304 0.003655779029299603 2.1211804142151543e-05 2.9182729051769884e-34 0.0002589883021291147
641.0 0.025044066793604283 0.0037424489461151933 2.18898347409483e-05 3.388883916138755e-34 0.0002662255292832328
642.0 0.02555299698910558 0.003829823650042221 2.258101365138381e-05 3.9324558141173905e-34 0.0002735650468571759
643.0 0.02606335455364719 0.003917862111763994 2.3285257432908607e-05 4.55983059794902e-34 0.0002810046017088082
644.0 0.026574847087369038 0.004006521986488908 2.400246799168095e-05 5.283389021209078e-34 0.0002885417982409661
645.0 0.027087177182169304 0.004095759649959801 2.4732532389279207e-05 6.117258269204272e-34 0.0002961740989395728
646.0 0.027600042747695838 0.004185530237028959 2.5475322672669728e-05 7.077546147261056e-34 0.00030389882515778193
647.0 0.028113137348066055 0.0042757876827476836 2.6230695726154413e-05 8.18260495950766e-34 0.0003117131581480219
648.0 0.028626150548722813 0.004366484765912991 2.6998493145980467e-05 9.453328612248582e-34 0.00031961414034324063
649.0 0.02913876827279918 0.004457573155006461 2.7778541138242005e-05 1.0913486867345557e-33 0.00032759867688797695
650.0 0.029650673166352982 0.004549003456456179 2.8570650440669176e-05 1.259010110213816e-33 0.0003356635374194445
651.0 0.030161544971762565 0.004640725265139744 2.9374616268806955e-05 1.4513866406964115e-33 0.0003438053580977004
652.0 0.030671060908622833 0.004732687217050938 3.0190218287098823e-05 1.6719625373281855e-33 0.0003520206438841346
653.0 0.031178896061408452 0.004824837044039385 3.101722060528968e-05 1.9246899498921228e-33 0.0003603057710663514
654.0 0.0316847237731702 0.00491712163052931 3.185537180051995e-05 2.2140484766723384e-33 0.0003686569900270705
655.0 0.03218821604449068 0.005009487072115129 3.2704404965404584e-05 2.545111864367866e-33 0.00037707042825382554
656.0 0.0326890439369826 0.005101878735937347 3.356403778240132e-05 2.9236226505003855e-33 0.000385542093586444
657.0 0.03318687798048646 0.005194241322720051 3.4433972624598375e-05 3.3560756316932116e-33 0.00039406787769737984
658.0 0.03368138858322665 0.005286518930364251 3.531389668310293e-05 3.849811131971966e-33 0.0004026435598006852
659.0 0.034172246444098366 0.005378655118975047 3.620348212107095e-05 4.4131191444769124e-33 0.0004112648105839159
660.0 0.03465912296630224 0.005470592977204538 3.710238625440475e-05 5.055355528409372e-33 0.0004199271963572769
661.0 0.03514169067148683 0.005562275189780806 3.801025175902889e-05 5.787071561391999e-33 0.00042862618341314783
662.0 0.03561962361363057 0.005653644106101463 3.892670690466465e-05 6.62015827653566e-33 0.00043735714258944555
663.0 0.03609259779182515 0.005744641809756409 3.9851365814886875e-05 7.568007154197698e-33 0.0004461153540289225
664.0 0.03656029156114478 0.005835210188845256 4.078382875320232e-05 8.645688891638546e-33 0.00045489601212623365
665.0 0.0370223860408467 0.005925291006961443 4.172368243488543e-05 9.870152140503825e-33 0.0004636942306547938
666.0 0.037478565519049135 0.006014825974696607 4.267050036412865e-05 1.1260444283288843e-32 0.00047250504806369616
667.0 0.03792851785314905 0.006103756821534455 4.3623843196119046e-05 1.2837956516853102e-32 0.00048132343293583543
668.0 0.03837193486517382 0.006192025367989617 4.458325912350172e-05 1.4626695724745375e-32 0.0004901442895969759
669.0 0.03880851273134119 0.00627957359785729 4.5548284286707536e-05 1.6653585851899605e-32 0.0004989624638659723
670.0 0.039237952365030596 0.006366343730425036 4.651844320746129e-05 1.894880174641396e-32 0.0005077727489348704
671.0 0.03965995979250327 0.0064522782925175515 4.749324924486566e-05 2.1546138705142166e-32 0.0005165698913688026
672.0 0.040074246520605865 0.006537320190225632 4.847220507325784e-05 2.4483421254058154e-32 0.0005253485972137126
673.0 0.04048052989580698 0.006621412780187175 4.945480318109093e-05 2.7802955012516996e-32 0.0005341035382008955
674.0 0.04087853345388061 0.00670449994027939 5.0440526389970605e-05 3.155202583417158e-32 0.0005428293580363307
675.0 0.04126798725961545 0.006786526139590186 5.1428848392978126e-05 3.5783450788255707e-32 0.0005515206787631351
676.0 0.04164862823591411 0.00686743650753164 5.241923431131102e-05 4.0556185944982634e-32 0.0005601721071847288
677.0 0.042020200481716265 0.006947176901968088 5.341114126828079e-05 4.5935996359958894e-32 0.0005687782413367406
678.0 0.04238245557816906 0.007025693976227506 5.4404018979617055e-05 5.199619411675189e-32 0.0005773336769950595
679.0 0.04273515288253739 0.0071029352448743685 5.539731035903417e-05 5.881845078627489e-32 0.000585833014207872
680.0 0.043078059809329945 0.007178849148117603 5.639045213792115e-05 6.649369119868648e-32 0.0005942708638388512
681.0 0.043410952098203365 0.007253385114739992 5.738287549804992e-05 7.512307600047696e-32 0.000602641854109397
682.0 0.0437336140681936 0.007326493623431559 5.837400671610712e-05 8.48190810886957e-32 0.0006109406371272152
683.0 0.04404583885788383 0.007398126262417973 5.936326781886028e-05 9.570668267857646e-32 0.0006191618953889416
684.0 0.044347428651146686 0.007468235787278756 6.035007724773788e-05 1.0792465747280914e-31 0.0006273003482445402
685.0 0.04463819488812595 0.00753677617685301 6.133385053156922e-05 1.216270081631165e-31 0.0006353507583111913
686.0 0.04491795846117568 0.007603702687138739 6.231400096623856e-05 1.369845253108386e-31 0.0006433079378248207
687.0 0.045186549895489835 0.007668971903092845 6.328994029995996e-05 1.5418649752555535e-31 0.0006511667549172631
688.0 0.04544380951420514 0.007732541788247163 6.426107942289316e-05 1.7344258279312147e-31 0.000658922139807514
689.0 0.045689587587804996 0.007794371732062133 6.522682905981871e-05 1.949848547996483e-31 0.000666569090895838
690.0 0.04592374446765487 0.007854422594940229 6.61866004645432e-05 2.1907003915970396e-31 0.0006741026807493324
691.0 0.04614615070358286 0.00791265675083457 6.713980611476952e-05 2.4598195558890093e-31 0.0006815180619684889
692.0 0.046356687145412245 0.007969038127387109 6.80858604061085e-05 2.7603418326651606e-31 0.0006888104729240288
693.0 0.046555245028422974 0.008023532243542148 6.9024180343962e-05 3.095729679170197e-31 0.0006959752433540936
694.0 0.04674172604272796 0.00807610624458298 6.995418623198212e-05 3.4698039050412816e-31 0.0007030077998119075
695.0 0.04691604238660207 0.00812672893454803 7.087530235584312e-05 3.8867781888113836e-31 0.0007099036709546242
696.0 0.04707811680383334 0.008175370805988857 7.178695766107917e-05 4.351296652817212e-31 0.000716658492664477
697.0 0.04722788260519415 0.008222004067037526 7.26885864237492e-05 4.868474741692154e-31 0.0007232680129936959
698.0 0.04736528367416691 0.008266602665757645 7.357962891271772e-05 5.443943666955147e-31 0.0007297280969251477
699.0 0.0474902744570945 0.008309142311760154 7.44595320423718e-05 6.0838986985635175e-31 0.0007360347309412004
700.0 0.04760281993795165 0.00834960049507034 7.532775001461379e-05 6.795151603734481e-31 0.0007421840273936989
