200.0 9.993775123636798e-12 3.538435683566996e-18 1.0754328095178114e-26 1.5180557163423122e-117 6.537042331794977e-13
201.0 1.1694613282353132e-11 4.458222291327444e-18 1.49385334414981e-26 6.250351063318866e-117 7.754072718591798e-13
202.0 1.3617270844510647e-11 5.58524574830907e-18 2.061309727818556e-26 2.5290622536444614e-116 9.150988731663334e-13
203.0 1.585098016152629e-11 6.989910630219612e-18 2.8386638284065777e-26 1.0105246210754884e-115 1.0794698846008604e-12
204.0 1.8439803021129436e-11 8.736281192950612e-18 3.9003452455903263e-26 3.98673342887203e-115 1.2724200890262369e-12
205.0 2.1427647220227677e-11 1.0899226822704572e-17 5.344473591567522e-26 1.5524985679967845e-114 1.4980032493207075e-12
206.0 2.4813476521723908e-11 1.3541294157267127e-17 7.286295005238147e-26 5.954443086240002e-114 1.7572555400264335e-12
207.0 2.8730507111803237e-11 1.6810166666986097e-17 9.916677707909979e-26 2.257192228668486e-113 2.0608455312480254e-12
208.0 3.3177355075585445e-11 2.079867817493851e-17 1.3439818508968683e-25 8.436962617777206e-113 2.410157045017339e-12
209.0 3.8286659486206975e-11 2.569922032574508e-17 1.81745015287955e-25 3.116229443290862e-112 2.816435719769352e-12
210.0 4.414596115481042e-11 3.1707302363981805e-17 2.4519609923364244e-25 1.1373620361212122e-111 3.288063818147086e-12
211.0 5.079789311032247e-11 3.901496565740789e-17 3.2963195812940594e-25 4.097659607194927e-111 3.830369753810093e-12
212.0 5.837405288584735e-11 4.791239686419953e-17 4.419031729474094e-25 1.4585328144823037e-110 4.455640607403761e-12
213.0 6.70500969237291e-11 5.877588260945119e-17 5.912919325808382e-25 5.13442198006939e-110 5.180066098875562e-12
214.0 7.682313010857496e-11 7.187807238728956e-17 7.88079863708869e-25 1.784161583335589e-109 6.006541070901258e-12
215.0 8.79569251016152e-11 8.778409510307407e-17 1.0481248638047462e-24 6.131686395512608e-109 6.9590621049740204e-12
216.0 1.0058110895799576e-10 1.0701482616327841e-16 1.3903422031229933e-24 2.0834062151822948e-108 8.051886528925169e-12
217.0 1.1486921222413911e-10 1.3021375201849268e-16 1.8394039179403953e-24 6.999223366689467e-108 9.303329691319569e-12
218.0 1.3103847637109938e-10 1.5817039364382802e-16 2.427473687531827e-24 2.3255985167127483e-107 1.0735957504663826e-11
219.0 1.493053699114008e-10 1.91789960222932e-16 3.1954750874447034e-24 7.642948664538922e-107 1.2373108724248906e-11
220.0 1.6988558831792755e-10 2.3210547603791353e-16 4.1951821236258454e-24 2.4843306178332847e-106 1.4238895017122905e-11
221.0 1.9308248213961867e-10 2.80419228472588e-16 5.4942589673649944e-24 7.9898305496602235e-106 1.6365695974224423e-11
222.0 2.1919832066347463e-10 3.382198903131496e-16 7.178285777546272e-24 2.542752056026099e-105 1.8786972261930997e-11
223.0 2.485784290318717e-10 4.07273842551489e-16 9.356576865183437e-24 8.009166647973797e-105 2.1541090048040155e-11
224.0 2.815227994343882e-10 4.895140032207029e-16 1.2164583426079391e-23 2.4965101671143755e-104 2.4663786651805298e-11
225.0 3.1855064241386426e-10 5.875284680795098e-16 1.5781909910492236e-23 7.705231999914998e-104 2.821138855700882e-11
226.0 3.600032340022637e-10 7.039295146843499e-16 2.0424867224050902e-23 2.354206627336047e-103 3.2226310195324456e-11
227.0 4.063965480800931e-10 8.420183991670401e-16 2.6372780576592735e-23 7.122190220287011e-103 3.6768113999114784e-11
228.0 4.5833259826481197e-10 1.0057279342067533e-15 3.398035096052845e-23 2.134097228892563e-102 4.190624530106373e-11
229.0 5.163234335868702e-10 1.1993117358170824e-15 4.3682248800234917e-23 6.333137256320648e-102 4.770419043032585e-11
230.0 5.8101085956274e-10 1.4278747202529966e-15 5.602796727448938e-23 1.8616026094253818e-101 5.423956328199341e-11
231.0 6.531658620005645e-10 1.6975120170993155e-15 7.171160784016222e-23 5.4215246110822815e-101 6.160468137234193e-11
232.0 7.335566639591444e-10 2.015102908492346e-15 9.159236604143829e-23 1.5644550757403032e-100 6.989462418190328e-11
233.0 8.229924808777118e-10 2.388509477121936e-15 1.1673514475432865e-22 4.4734120661403444e-100 7.921143946147144e-11
234.0 9.224107567882915e-10 2.8269556982029028e-15 1.4846939221945599e-22 1.2676759119810266e-99 8.967282990956441e-11
235.0 1.0328329181104573e-09 3.3410799284406167e-15 1.8844393480185442e-22 3.5606260049349497e-99 1.014084376902588e-10
236.0 1.155363994984188e-09 3.943110449906493e-15 2.3869817096302666e-22 9.913857580033473e-99 1.1456022292441434e-10
237.0 1.291192243817267e-09 4.647057274920001e-15 3.017476021032744e-22 2.7365305966830613e-98 1.2928284095002955e-10
238.0 1.4416323289433253e-09 5.4690865072415164e-15 3.80697757656918e-22 7.4894441649871e-98 1.4574842192383744e-10
239.0 1.6081247553688043e-09 6.4277913908570224e-15 4.793738127563228e-22 2.0325537036255146e-97 1.6414713780261331e-10
240.0 1.792191822555947e-09 7.54430554472316e-15 6.024614308199607e-22 5.470364606864434e-97 1.846832868116743e-10
241.0 1.9954806956437216e-09 8.842771200934573e-15 7.556998986297373e-22 1.4601959222389778e-96 2.0758018338934017e-10
242.0 2.219893055634348e-09 1.0351293959971177e-14 9.461570224620827e-22 3.866243403169395e-96 2.330943919478727e-10
243.0 2.4673237709525834e-09 1.2101198710074294e-14 1.182399330089548e-21 1.0154938224369096e-95 2.6148928625022395e-10
244.0 2.7399208797948604e-09 1.4128631507536464e-14 1.4749104486626648e-21 2.6461943763907068e-95 2.9306283526418725e-10
245.0 3.0400411717336653e-09 1.647493604451413e-14 1.8364729418676258e-21 6.841822823098493e-95 3.2814405954508965e-10
246.0 3.3701627527988e-09 1.9186770331906056e-14 2.2825812612349496e-21 1.7553543841721358e-94 3.670845427669067e-10
247.0 3.7329709224911096e-09 2.231716407664202e-14 2.832031607830961e-21 4.469298221894011e-94 4.1026847691737566e-10
248.0 4.131400420879399e-09 2.5926497383089674e-14 3.507612191365015e-21 1.129373839934763e-93 4.5811837585354474e-10
249.0 4.5685911791533e-09 3.0083048344273783e-14 4.336854323292406e-21 2.832686237294294e-93 5.110913625633705e-10
250.0 5.047973596804734e-09 3.486442132386334e-14 5.3530344937874704e-21 7.052832757072717e-93 5.696898138201292e-10
251.0 5.573181128098835e-09 4.0357963205136846e-14 6.596193150417829e-21 1.7432858575566703e-92 6.344528500218532e-10
252.0 6.148178438267686e-09 4.6662721157691265e-14 8.114565686900493e-21 4.278119611067228e-92 7.059720619363957e-10
253.0 6.777130980081863e-09 5.388969769674738e-14 9.965960625533885e-21 1.0424335019351199e-91 7.84878048965798e-10
254.0 7.46470471434948e-09 6.216549992674726e-14 1.2219984958925524e-20 2.522310621412204e-91 8.718764264278572e-10
255.0 8.215720631663234e-09 7.163115012732449e-14 1.4959706804543707e-20 6.060862049863298e-91 9.677096119172575e-10
256.0 9.035497014748416e-09 8.244648614016582e-14 1.8284696535837637e-20 1.4464197478649247e-90 1.073198251617539e-09
257.0 9.929632979158497e-09 9.479017801566416e-14 2.2313634959880653e-20 3.428551963942248e-90 1.1892177603844224e-09
258.0 1.090417879870168e-08 1.0886320833677024e-13 2.718809539495345e-20 8.072682608905174e-90 1.3167202834484502e-09
259.0 1.1965676072340164e-08 1.2489158424703464e-13 3.307677182729008e-20 1.8882158309703724e-89 1.4567418222855607e-09
260.0 1.3121027794722268e-08 1.431274832884353e-13 4.017992947214981e-20 4.387764870293434e-89 1.6103887221077018e-09
261.0 1.4377667384402555e-08 1.638536212554252e-13 4.873539958208591e-20 1.0130379227332816e-88 1.7788603747633082e-09
262.0 1.5743598989596543e-08 1.8738677202462526e-13 5.902529253815e-20 2.3239799092926542e-88 1.963456871068234e-09
263.0 1.7227309667156354e-08 2.1408004769344007e-13 7.138331406466931e-20 5.29778551911656e-88 2.1655707852300353e-09
264.0 1.88378102229035e-08 2.4432680976425215e-13 8.620364931483256e-20 1.2001654726742035e-87 2.3866947362911155e-09
265.0 2.058493003627969e-08 2.7856839078487494e-13 1.0395256583540098e-19 2.7021315047551314e-87 2.628461621009645e-09
266.0 2.2478888835887757e-08 3.172928994144076e-13 1.2517843223679419e-19 6.046691352134163e-87 2.892593556205707e-09
267.0 2.453084721487645e-08 3.610472430632424e-13 1.5052822743743249e-19 1.344953929033857e-86 3.18097518558848e-09
268.0 2.6752435225966007e-08 4.1043577808955407e-13 1.8076106652504733e-19 2.973734768797962e-86 3.4955967309052312e-09
269.0 2.9156301982401382e-08 4.661338908480899e-13 2.16769980166973e-19 6.536319705109906e-86 3.838628655707851e-09
270.0 3.175572972498121e-08 5.288884970868162e-13 2.596009789670491e-19 1.4283285778590394e-85 4.212375498963556e-09
271.0 3.4564927321658795e-08 5.99529225764263e-13 3.104797065575716e-19 3.1032380105503145e-85 4.619318206619697e-09
272.0 3.7598941703316175e-08 6.789743468769216e-13 3.708392560658495e-19 6.703804044998032e-85 5.06210676652968e-09
273.0 4.087386530173742e-08 7.682423797904528e-13 4.423548272696306e-19 1.4400406400585132e-84 5.543592455878578e-09
274.0 4.440666312954337e-08 8.68457710141145e-13 5.269797328925661e-19 3.076107622508906e-84 6.066809353055797e-09
275.0 4.8215505510852106e-08 9.808662763874797e-13 6.269922160007167e-19 6.53475044631815e-84 6.635024396009537e-09
276.0 5.231955333837374e-08 1.1068418548026401e-12 7.450427760126256e-19 1.3806480019206377e-83 7.251713531776149e-09
277.0 5.6739121088515166e-08 1.2479002864042043e-12 8.842127281673163e-19 2.901274636924411e-83 7.92058931221439e-09
278.0 6.149579879289725e-08 1.40571427045748e-12 1.0480810724945743e-18 6.064181142045076e-83 8.645623680520242e-09
279.0 6.661244608009124e-08 1.582126525789281e-12 1.2407989282190482e-18 1.260834227730066e-82 9.431053360945391e-09
280.0 7.211322901099925e-08 1.77916481107908e-12 1.4671748621015793e-18 2.607778831813681e-82 1.0281391302785822e-08
281.0 7.802378225966409e-08 1.9990612349785347e-12 1.7327746854461412e-18 5.365805509800171e-82 1.1201456326423451e-08
282.0 8.437116065423007e-08 2.2442678359797265e-12 2.0440307934110866e-18 1.0984347498709213e-81 1.219637327169832e-08
283.0 9.118408463103508e-08 2.5174810141959897e-12 2.4083731903573807e-18 2.237241054585219e-81 1.3271615621762751e-08
284.0 9.849272390258159e-08 2.8216553147755775e-12 2.834366825198743e-18 4.533913812357032e-81 1.4432981901676194e-08
285.0 1.063290673838848e-07 3.1600344515183724e-12 3.3318826362166412e-18 9.142790505909409e-81 1.568665726407286e-08
286.0 1.1472687401930473e-07 3.5361730122906542e-12 3.912280562634674e-18 1.834644700316244e-80 1.7039215011423795e-08
287.0 1.2372179009325968e-07 3.953964526749279e-12 4.5886214316203996e-18 3.663660998296527e-80 1.8497642697317538e-08
288.0 1.3335129988105287e-07 4.417666241975087e-12 5.375900451478249e-18 7.280989509094873e-80 2.0069343821499618e-08
289.0 1.4365509269249008e-07 4.931939356751776e-12 6.291327286996484e-18 1.440122127360979e-79 2.1762202288681555e-08
290.0 1.5467484543471528e-07 5.501872744631783e-12 7.354619005074785e-18 2.835066397714971e-79 2.3584559901837723e-08
291.0 1.6645454713246117e-07 6.1330267875085734e-12 8.588353196516303e-18 5.555246302008516e-79 2.5545275711982338e-08
292.0 1.790404891643366e-07 6.831468760258017e-12 1.0018351426234779e-17 1.0835286316369834e-78 2.7653735634191635e-08
293.0 1.9248138009632545e-07 7.603815056122163e-12 1.1674116424517977e-17 2.10375403464903e-78 2.991988134427778e-08
294.0 2.068284186701847e-07 8.457274720788955e-12 1.3589321351173215e-17 4.0661853993160786e-78 3.235423327951411e-08
295.0 2.2213549075472062e-07 9.39970106098673e-12 1.580236763142098e-17 7.824147492121154e-78 3.4967933553053475e-08
296.0 2.384592822258775e-07 1.0439643629072878e-11 1.835700700299227e-17 1.4988712383117193e-77 3.777277668264192e-08
297.0 2.5585926758336165e-07 1.1586398125745708e-11 2.1303029091250916e-17 2.8588307915376192e-77 4.078122114391207e-08
298.0 2.743979047384037e-07 1.285006853566422e-11 2.4697046820578407e-17 5.4291086729414e-77 4.4006433881968927e-08
299.0 2.9414074739591963e-07 1.4241629897228358e-11 2.860337002271062e-17 1.0266051648741809e-76 4.7462322636699e-08
300.0 3.1515672012870384e-07 1.5773003300567003e-11 3.309499944073192e-17 1.9330006400884216e-76 5.116359530048136e-08
301.0 3.3751789938047224e-07 1.745711125365531e-11 3.825468726897265e-17 3.62436935558715e-76 5.5125740158580876e-08
302.0 3.6130007682304836e-07 1.930797604731389e-11 4.4176203612246117e-17 6.767419720847968e-76 5.936513333710193e-08
303.0 3.865824559926636e-07 2.1340779647685962e-11 5.096565292223397e-17 1.2584088686345374e-75 6.38990062603792e-08
304.0 4.1344821453820714e-07 2.357197355748797e-11 5.874304511256468e-17 2.3304844635070404e-75 6.874555519463352e-08
305.0 4.419843645242389e-07 2.601935744132665e-11 6.764395788039806e-17 4.2984698247357152e-75 7.392393664330113e-08
306.0 4.722819832453668e-07 2.870218301951923e-11 7.782143366363203e-17 7.896633679304105e-75 7.945432419259916e-08
307.0 5.044364431160084e-07 3.164126499154011e-11 8.944809300003715e-17 1.4449325927866606e-74 8.535796649606603e-08
308.0 5.38547394078143e-07 3.4859083392219194e-11 1.0271844001341433e-16 2.6335853363833845e-74 9.165720442440358e-08
309.0 5.747191972591253e-07 3.837992087399837e-11 1.1785150347654995e-16 4.781432830103307e-74 9.837556528411492e-08
310.0 6.130607829392706e-07 4.222997095426603e-11 1.3509365775711033e-16 8.6476057776855e-74 1.0553776040432762e-07
311.0 6.536860411233665e-07 4.6437487902147455e-11 1.547218539250103e-16 1.558034310393204e-73 1.131697740217423e-07
312.0 6.967139657049752e-07 5.103292944928528e-11 1.7704715196362518e-16 2.796516753642445e-73 1.2129891147564198e-07
313.0 7.4226875574575e-07 5.604910439901346e-11 2.024186160120075e-16 5.000723409028275e-73 1.2995384065505883e-07
314.0 7.904800401651229e-07 6.152133772753398e-11 2.312276511643239e-16 8.909201209655079e-73 1.3916465567796206e-07
315.0 8.414831411836863e-07 6.748764874344442e-11 2.6391281118829014e-16 1.5814322346158678e-72 1.489629486537219e-07
316.0 8.954190923551829e-07 7.398891994381813e-11 3.009650320379624e-16 2.796941610545226e-72 1.5938183920662698e-07
317.0 9.524350234405428e-07 8.10691049278812e-11 3.429335197553087e-16 4.928924477867918e-72 1.7045606965888068e-07
318.0 1.0126843796534578e-06 8.877543546163021e-11 3.904321985243466e-16 8.655091881208187e-72 1.822220725517164e-07
319.0 1.0763268566625585e-06 9.715861466096503e-11 4.441467000324792e-16 1.5144554053269687e-71 1.947179879126305e-07
320.0 1.1435289442877508e-06 1.0627307448158714e-10 5.048422920256916e-16 2.640711752755376e-71 2.07983790740998e-07
321.0 1.2144639806987494e-06 1.1617720423541765e-10 5.733724133445748e-16 4.588591847687429e-71 2.2206133203591746e-07
322.0 1.2893124100269532e-06 1.2693360974364292e-10 6.506881370206641e-16 7.945949976752335e-71 2.369944174066678e-07
323.0 1.368261956352816e-06 1.3860937844118757e-10 7.378485260972204e-16 1.3713049496576586e-70 2.5282887159985947e-07
324.0 1.451507960310168e-06 1.5127637499886268e-10 8.360320869411039e-16 2.3586189261331753e-70 2.6961263410974923e-07
325.0 1.5392535510952349e-06 1.650115362918455e-10 9.465492503971438e-16 4.0432496460519196e-70 2.873958258702687e-07
326.0 1.6317099400940874e-06 1.7989719450723976e-10 1.0708561229291911e-15 6.908213381545969e-70 3.062308396250353e-07
327.0 1.72909663156207e-06 1.960214083902334e-10 1.2105695033534214e-15 1.176458294671907e-69 3.2617241620062943e-07
328.0 1.831641713205255e-06 2.1347832048432387e-10 1.3674833755409267e-15 1.996990394103584e-69 3.4727773699309607e-07
329.0 1.939581985277183e-06 2.3236851388800575e-10 1.5435868324471839e-15 3.3789122944321277e-69 3.696064872001208e-07
330.0 2.0531635301307443e-06 2.527994396397087e-10 1.7410840166483836e-15 5.698914091806614e-69 3.932210039893261e-07
331.0 2.172641637268811e-06 2.748857884575159e-10 1.9624154011276614e-15 9.581513227149384e-69 4.181863037233592e-07
332.0 2.2982812910828217e-06 2.987499493214914e-10 2.2102814801250315e-15 1.6058882241061575e-68 4.4457021742093785e-07
333.0 2.4303574949300483e-06 3.2452247210537124e-10 2.4876685108933317e-15 2.6831689659438683e-68 4.7244349702463425e-07
334.0 2.5691552737678593e-06 3.5234250960483355e-10 2.7978762510863667e-15 4.469349608353009e-68 5.01879860545753e-07
335.0 2.7149703582051633e-06 3.8235837279359933e-10 3.144548891053421e-15 7.421919163998302e-68 5.32956170793598e-07
336.0 2.8681092242654187e-06 4.1472802597913764e-10 3.531708078377432e-15 1.2287839516406999e-67 5.657524907315032e-07
337.0 3.0288894133632445e-06 4.4961964327189585e-10 3.9637891474770704e-15 2.0283081917242078e-67 6.003521943912809e-07
338.0 3.1976399711557003e-06 4.872122099724361e-10 4.44568070259391e-15 3.338128255615244e-67 6.368421030770097e-07
339.0 3.3747016841095974e-06 5.276961229532632e-10 4.982767404456215e-15 5.477648650029002e-67 6.753125833725488e-07
340.0 3.560427355589272e-06 5.712738242396837e-10 5.580976493094844e-15 8.96228357556836e-67 7.158576542138334e-07
341.0 3.7551822800011487e-06 6.181604959076296e-10 6.246828618235271e-15 1.4621357718399798e-66 7.585751353063474e-07
342.0 3.959344435721784e-06 6.685847422083244e-10 6.987492576013642e-15 2.378549828820673e-66 8.035667409215868e-07
343.0 4.173304876822822e-06 7.22789334849149e-10 7.810844987516416e-15 3.8583642572048147e-66 8.509382150724806e-07
344.0 4.397468082680627e-06 7.810319856359534e-10 8.725534935286266e-15 6.241247157061862e-66 9.007994600262167e-07
345.0 4.632252346906541e-06 8.435861612006652e-10 9.741054078254708e-15 1.0067632703852775e-65 9.532646746236705e-07
346.0 4.8780900836893794e-06 9.107419194857418e-10 1.0867812412202433e-14 1.6195027440816132e-65 1.0084524774522934e-06
347.0 5.135428134458625e-06 9.828067824126077e-10 1.2117220231505555e-14 2.598033504545823e-65 1.0664860315348106e-06
348.0 5.404728310358515e-06 1.0601066920692919e-09 1.3501777333544819e-14 4.156490771412725e-65 1.1274932196526716e-06
349.0 5.686467575763777e-06 1.1429869400402126e-09 1.5035168615512635e-14 6.631901420790437e-65 1.1916067472101048e-06
350.0 5.981138548158417e-06 1.2318131981544433e-09 1.673236811656537e-14 1.0553305569422004e-64 1.2589643124150257e-06
351.0 6.289249956589536e-06 1.3269725872906503e-09 1.8609751329967652e-14 1.6748970136669174e-64 1.3297087701989414e-06
352.0 6.611326701856434e-06 1.4288747072270573e-09 2.0685215231747418e-14 2.6512254002156078e-64 1.4039882138114954e-06
353.0 6.947910708007777e-06 1.5379528778237284e-09 2.297831010643944e-14 4.185755472501476e-64 1.4819562252021636e-06
354.0 7.299560979919045e-06 1.6546652624714875e-09 2.551037927727828e-14 6.591424853164302e-64 1.5637719597532615e-06
355.0 7.666854173290813e-06 1.7794961492702411e-09 2.8304711268367372e-14 1.0353149665917593e-63 1.6496003412348758e-06
356.0 8.05038492667288e-06 1.9129572322374212e-09 3.138670290383639e-14 1.622044601322763e-63 1.739612208163108e-06
357.0 8.450766348985527e-06 2.055588980776129e-09 3.478403543859836e-14 2.534892096212398e-63 1.8339844953883323e-06
358.0 8.868630426672056e-06 2.2079620463239615e-09 3.8526863779387094e-14 3.9515885523222967e-63 1.9329004005069843e-06
359.0 9.30462846830478e-06 2.3706787346955737e-09 4.264802012172334e-14 6.14481177785088e-63 2.0365495603494927e-06
360.0 9.759431508559093e-06 2.5443745269411437e-09 4.7183232646550524e-14 9.531890442463438e-63 2.145128220611636e-06
361.0 1.0233730670780233e-05 2.7297196485330323e-09 5.2171360218183624e-14 1.474999777016108e-62 2.2588393981820463e-06
362.0 1.0728237881596956e-05 2.9274207941370464e-09 5.76546461868302e-14 2.2769636403389505e-62 2.377893123094516e-06
363.0 1.1243686033560376e-05 3.1382227726273457e-09 6.367898800705033e-14 3.5065508098658735e-62 2.5025065611577876e-06
364.0 1.178082953923066e-05 3.362910319549323e-09 7.029422841250767e-14 5.387318495306909e-62 2.6329042245313974e-06
365.0 1.234044492192007e-05 3.6023099923586037e-09 7.755446798014219e-14 8.257377258571435e-62 2.7693181931422026e-06
366.0 1.2923331130220958e-05 3.85729205885423e-09 8.551839847662274e-14 1.2626906144598109e-61 2.911988276662321e-06
367.0 1.3530310047187056e-05 4.128772511823151e-09 9.42496610613555e-14 1.9263953723700186e-61 3.061162221790137e-06
368.0 1.4162226957990054e-05 4.417715147096497e-09 1.0381722956830428e-13 2.9322146261216718e-61 3.2170959124218195e-06
369.0 1.4819951210986364e-05 4.7251337800233224e-09 1.1429582217025104e-13 4.453034533645348e-61 3.3800536160151982e-06
370.0 1.550437636948433e-05 5.052094382917213e-09 1.2576633794088702e-13 6.747367691850445e-61 3.550308116456428e-06
371.0 1.6216421024976064e-05 5.399717510433082e-09 1.3831632865058645e-13 1.0200903614491318e-60 3.7281409993178005e-06
372.0 1.6957029179433897e-05 5.769180676089996e-09 1.520404997604763e-13 1.5387806758360434e-60 3.913842841580269e-06
373.0 1.7727170664335144e-05 6.161720823252542e-09 1.670412457411655e-13 2.3160951130347096e-60 4.10771341142155e-06
374.0 1.8527841830601783e-05 6.578636977590769e-09 1.8342922418480537e-13 3.4784465672284673e-60 4.3100619327695345e-06
375.0 1.9360065847561078e-05 7.0212928574442495e-09 2.0132396492022123e-13 5.212801297267847e-60 4.521207261753574e-06
376.0 2.0224893466354946e-05 7.491119740569913e-09 2.2085452442894205e-13 7.795095187090054e-60 4.741478173101096e-06
377.0 2.1123403314746706e-05 7.989619261672767e-09 2.4216017895357083e-13 1.163170931639259e-59 4.971213539822914e-06
378.0 2.2056702656257977e-05 8.518366477913684e-09 2.653911683258407e-13 1.7319880638606197e-59 5.210762623604745e-06
379.0 2.3025927681428597e-05 9.079012862979648e-09 2.9070948323368294e-13 2.5735509863010843e-59 5.460485257756478e-06
380.0 2.4032244223485768e-05 9.673289565047491e-09 3.1828970865314394e-13 3.816053034259253e-59 5.720752132154502e-06
381.0 2.5076848278890204e-05 1.0303010700779968e-08 3.483199195819486e-13 5.6467285352164965e-59 5.991945034804398e-06
382.0 2.6160966446730393e-05 1.0970076724615179e-08 3.8100263301822245e-13 8.338489077815135e-59 6.2744570761127904e-06
383.0 2.7285856600260932e-05 1.1676478005086974e-08 4.1655582381527426e-13 1.228832690036243e-58 6.568692970766025e-06
384.0 2.8452808438501135e-05 1.2424298470984625e-08 4.552140033225159e-13 1.807257367269978e-58 6.875069293582031e-06
385.0 2.9663143959507774e-05 1.3215719341474972e-08 4.972293645307811e-13 2.6526255766346607e-58 7.194014718658455e-06
386.0 3.091821804671798e-05 1.4053023024976839e-08 5.428730004054528e-13 3.885683088930965e-58 7.525970287900952e-06
387.0 3.2219419169574706e-05 1.4938597197114347e-08 5.924361999679277e-13 5.6806885958518626e-58 7.87138970991881e-06
388.0 3.356816973417206e-05 1.5874938848484886e-08 6.462318180218221e-13 8.288642417993218e-58 8.230739576147407e-06
389.0 3.4965926855845506e-05 1.6864658654765447e-08 7.045957362978265e-13 1.2070387387125437e-57 8.604499681959917e-06
390.0 3.641418286038512e-05 1.791048535858398e-08 7.678884085223902e-13 1.7543688044676592e-57 8.993163284147139e-06
391.0 3.7914465820887895e-05 1.9015270302264583e-08 8.364964992223227e-13 2.545006523896648e-57 9.39723736915731e-06
392.0 3.946834024657076e-05 2.018199217613479e-08 9.108346240970048e-13 3.6849498970271084e-57 9.817242961235575e-06
393.0 4.107740757708933e-05 2.141376181526566e-08 9.91347189862611e-13 5.32543711325326e-57 1.0253715384904266e-05
394.0 4.274330686676728e-05 2.27138272385373e-08 1.078510347278347e-12 7.681855941651887e-57 1.0707204576858806e-05
395.0 4.446771531241005e-05 2.408557875887812e-08 1.1728340553144469e-12 1.1060390395527194e-56 1.1178275361374907e-05
396.0 4.6252348894591864e-05 2.5532554305709266e-08 1.2748642685976181e-12 1.589550269598939e-56 1.1667507756327874e-05
397.0 4.809896290172192e-05 2.7058444841155223e-08 1.385185248580791e-12 2.280256178281708e-56 1.2175497252108998e-05
398.0 5.0009352718833614e-05 2.8667100083549e-08 1.504422015359799e-12 3.2651607661789206e-56 1.2702855159720058e-05
399.0 5.198535419426548e-05 3.0362534160156396e-08 1.6332429276748932e-12 4.667055672856937e-56 1.3250208854588875e-05
400.0 5.402884442421853e-05 3.2148931660379463e-08 1.7723624217668415e-12 6.65893457969297e-56 1.3818202128336706e-05
401.0 5.6141742343268585e-05 3.403065375363175e-08 1.9225438993954047e-12 9.484090326517849e-56 1.4407495494000091e-05
402.0 5.832600931352361e-05 3.60122444794585e-08 2.0846027776952333e-12 1.3484086685483987e-55 1.5018766493120853e-05
403.0 6.0583649672490005e-05 3.809843718801246e-08 2.2594097072861334e-12 1.913762355182378e-55 1.5652709994361685e-05
404.0 6.291671154576134e-05 4.029416132693682e-08 2.4478939783262926e-12 2.7114446129372903e-55 1.6310038562734946e-05
405.0 6.532728727573354e-05 4.2604549176529185e-08 2.6510470998113782e-12 3.834999486878656e-55 1.6991482732284007e-05
406.0 6.781751415363036e-05 4.5034942961758234e-08 2.869926585756404e-12 5.41486028268522e-55 1.7697791359226657e-05
407.0 7.038957499544562e-05 4.759090205901863e-08 3.1056599408978587e-12 7.632591994339506e-55 1.8429731937100565e-05
408.0 7.304569883062895e-05 5.0278210473253874e-08 3.359448866095691e-12 1.0740515061606037e-54 1.9188090943566666e-05
409.0 7.578816147353918e-05 5.3102884437503514e-08 3.632573683971893e-12 1.508869939192896e-54 1.9973674158924364e-05
410.0 7.861928616880157e-05 5.6071180264754306e-08 3.9263980032710845e-12 2.116203637718726e-54 2.0787307006152667e-05
411.0 8.154144427180191e-05 5.918960243399097e-08 4.242373631830481e-12 2.963106924350439e-54 2.162983490262214e-05
412.0 8.455705588861474e-05 6.246491186142317e-08 4.582045745947336e-12 4.142157607486414e-54 2.2502123603524953e-05
413.0 8.76685903243472e-05 6.59041342435609e-08 4.947058318840444e-12 5.780967221924399e-54 2.340505949644458e-05
414.0 9.087856702083879e-05 6.951456897910524e-08 5.339159857338078e-12 8.055158637640443e-54 2.433955002827698e-05
415.0 9.418955600005191e-05 7.330379795294426e-08 5.76020940724127e-12 1.1206047397713463e-53 2.530652400312142e-05
416.0 9.760417849339264e-05 7.727969467896445e-08 6.212182875739509e-12 1.5564694200156778e-53 2.6306931931516273e-05
417.0 0.00010112510772034339 8.145043379313927e-08 6.6971796851246695e-12 2.158457372665345e-53 2.7341746422212824e-05
418.0 0.00010475506932390802 8.582450051169558e-08 7.2174297408095e-12 2.988587832863078e-53 2.8411962483779335e-05
419.0 0.00010849684229443796 9.041070071802023e-08 7.77530078155857e-12 4.1315508994899396e-53 2.9518597960226335e-05
420.0 0.00011235325928688565 9.521817080202025e-08 8.373306054929308e-12 5.702818516558442e-53 3.0662693804702396e-05
421.0 0.00011632720746367577 1.0025638817170029e-07 9.014112409430805e-12 7.859594377700951e-53 3.184531449760009e-05
422.0 0.00012042162918323919 1.0553518189731017e-07 9.700548775560173e-12 1.0815574368158858e-52 3.306754842544806e-05
423.0 0.00012463952242319296 1.1106474337795362e-07 1.0435615040342264e-11 1.4860814154555012e-52 3.4330508189080605e-05
424.0 0.00012898394161383939 1.1685563761933014e-07 1.1222491385691683e-11 2.038843180915733e-52 3.563533102618242e-05
425.0 0.00013345799816888462 1.2291881451228053e-07 1.2064548053494534e-11 2.7930444540885996e-52 3.6983179152993637e-05
426.0 0.00013806486116285074 1.2926562050541756e-07 1.2965355591383356e-11 3.8205794465289945e-52 3.8375240148313125e-05
427.0 0.00014280775804329069 1.3590781058482625e-07 1.3928695591140043e-11 5.2184616763846424e-52 3.981272734945126e-05
428.0 0.00014768997504067648 1.428575602427319e-07 1.4958571906631845e-11 7.117412060706962e-52 4.1296880166050096e-05
429.0 0.00015271485809951465 1.50127478215705e-07 1.6059222450598506e-11 9.693318877294307e-52 4.2828964540959185e-05
430.0 0.00015788581331933186 1.5773061904348703e-07 1.723513149529969e-11 1.3182508403220127e-51 4.441027327671258e-05
431.0 0.00016320630754386017 1.6568049604628006e-07 1.8491042558071953e-11 1.7902064966071003e-51 4.604212640481752e-05
432.0 0.00016867986924454706 1.7399109489153136e-07 1.9831971915713988e-11 2.427683259505554e-51 4.772587164004847e-05
433.0 0.00017431008887921058 1.8267688692966673e-07 2.1263222680310725e-11 3.2875245805371373e-51 4.9462884688980875e-05
434.0 0.0001801006196578036 1.9175284323478718e-07 2.2790399562777578e-11 4.4456811613670927e-51 5.1254569674938726e-05
435.0 0.00018605517808160685 2.012344487161408e-07 2.4419424278661737e-11 6.003494594325071e-51 5.310235950083533e-05
436.0 0.00019217754470297066 2.1113771676918752e-07 2.6156551675688448e-11 8.09600176094699e-51 5.500771627656557e-05
437.0 0.0001984715645832151 2.2147920391375833e-07 2.800838654351596e-11 1.090289513519966e-50 5.6972131662250576e-05
438.0 0.00020494114812067164 2.322760251487206e-07 2.998190122107933e-11 1.4662969197497781e-50 5.8997127319031184e-05
439.0 0.00021159027135388812 2.435458690422054e-07 3.208445390749186e-11 1.9693136587274122e-50 6.108425521114749e-05
440.0 0.0002184229768941562 2.5530701384590543e-07 3.432380786763643e-11 2.641342677154203e-50 6.323509809042309e-05
441.0 0.0002254433742973401 2.6757834330330766e-07 3.6708151392740095e-11 3.537980645486463e-50 6.545126982124896e-05
442.0 0.0002326556408774623 2.80379363293842e-07 3.9246118694252166e-11 4.732721343579753e-50 6.773441583470227e-05
443.0 0.0002400640220723686 2.9373021828450356e-07 4.1946811625342445e-11 6.322590966386324e-50 7.008621345456494e-05
444.0 0.0002476728322879918 3.0765170868643236e-07 4.4819822411859024e-11 8.435518192445402e-50 7.250837236392746e-05
445.0 0.00025548645525670796 3.221653079663892e-07 4.787525726646091e-11 1.1239960809673553e-49 7.50026349319347e-05
446.0 0.000263509344837737 3.3729318064135743e-07 5.112376107927757e-11 1.4957464018964384e-49 7.75707766710727e-05
447.0 0.00027174602544302476 3.53058200157924e-07 5.457654307707158e-11 1.9879022725007535e-49 8.021460658645071e-05
448.0 0.0002802010927560396 3.6948396749060534e-07 5.824540360895602e-11 2.6386373644656913e-49 8.29359676125015e-05
449.0 0.0002888792141878001 3.865948297590724e-07 6.214276199117216e-11 3.497966836063037e-49 8.573673697381815e-05
450.0 0.0002977851294775678 4.0441589938576646e-07 6.628168552743728e-11 4.6313395601804284e-49 8.861882658988515e-05
451.0 0.0003069236513633309 4.2297307371452154e-07 7.0675919734863e-11 6.124295512354805e-49 9.158418350216439e-05
452.0 0.00031629966602677 4.4229305469124854e-07 7.53399197501935e-11 8.088496860277925e-49 9.463479023556034e-05
453.0 0.0003259181336832839 4.6240336910462165e-07 8.028888303749589e-11 1.0669528566925895e-48 9.777266520415954e-05
454.0 0.00033578408920315576 4.833323892472157e-07 8.553878341956303e-11 1.4056975659029694e-48 0.00010099986312778078
455.0 0.00034590264250982517 5.051093536347515e-07 9.110640641264921e-11 1.849742620459069e-48 0.00010431847538288445
456.0 0.00035627897934057995 5.277643886218542e-07 9.700938605604172e-11 2.4311229715127304e-48 0.00010773063046357536
457.0 0.0003669183615263187 5.513285297043242e-07 1.0326624306839273e-10 3.191407032009656e-48 0.00011123849429902613
458.0 0.0003778261277077885 5.758337438386129e-07 1.0989642461516598e-10 4.184470586207805e-48 0.00011484427070349536
459.0 0.00038900769382748496 6.013129518260355e-07 1.169203455660526e-10 5.480059407910811e-48 0.00011855020175996896
460.0 0.0004004685536169224 6.278000510763773e-07 1.2435943134647862e-10 7.168359605259699e-48 0.00012235856820330018
461.0 0.0004122142791173901 6.553299388144092e-07 1.3223616244670247e-10 9.365854072400249e-48 0.0001262716898144905
462.0 0.00042425052112196414 6.839385355572252e-07 1.4057412060665704e-10 1.2222818482131725e-47 0.00013029192579182028
463.0 0.0004365830097973525 7.136628092764027e-07 1.4939803681344758e-10 1.5932905056417289e-47 0.0001344216751780022
464.0 0.000449217555080935 7.44540799606368e-07 1.5873384103783653e-10 2.0745381929683741e-47 0.00013866337721943345
465.0 0.0004621600472565225 7.766116427450918e-07 1.686087138966872e-10 2.6980746651483655e-47 0.0001430195117811794
466.0 0.00047541645726956053 8.099155963309277e-07 1.7905114014841047e-10 3.5050622072138595e-47 0.0001474925996823793
467.0 0.0004889928373304741 8.444940652044867e-07 1.9009096427297108e-10 4.548308147489547e-47 0.00015208520312129744
468.0 0.000502895321329805 8.803896272720367e-07 2.0175944803045284e-10 5.895484946580465e-47 0.00015679992604306192
469.0 0.0005171301253592267 9.176460599649507e-07 2.1408933016653252e-10 7.633220123073224e-47 0.0001616394145409802
470.0 0.0005317035480443517 9.563083667872942e-07 2.271148882126112e-10 9.87228541090994e-47 0.00016660635719984945
471.0 0.0005466219709460459 9.96422804391195e-07 2.4087200254180317e-10 1.2754173574203938e-46 0.0001717034854608743
472.0 0.0005618918592120594 1.038036910530379e-06 2.5539822283606307e-10 1.6459425145180763e-46 0.00017693357406580734
473.0 0.0005775197617493852 1.0811995315724787e-06 2.7073283671542475e-10 2.1218159593013584e-46 0.00018229944135135731
474.0 0.0005935123118287909 1.125960851219649e-06 2.869169409924084e-10 2.732338063718514e-46 0.0001878039496796789
475.0 0.0006098762272479446 1.172372418836468e-06 3.039935152309416e-10 3.514776899812378e-46 0.00019345000573017386
476.0 0.0006266183110335176 1.2204871792200469e-06 3.220074981403125e-10 4.516485485839575e-46 0.0001992405609619482
477.0 0.0006437454515212244 1.2703595016198628e-06 3.410058663212155e-10 5.797568488568037e-46 0.00020517861187976022
478.0 0.0006612646229020025 1.3220452100746985e-06 3.6103771596579725e-10 7.434237560222745e-46 0.00021126720044779154
479.0 0.0006791828855810071 1.375601613830064e-06 3.821543472733106e-10 9.523028863674011e-46 0.00021750941444450287
480.0 0.0006975073864224512 1.4310875379551196e-06 4.0440935168186224e-10 1.2186099003374692e-45 0.00022390838778101396
481.0 0.000716245359206084 1.4885633548177356e-06 4.278587021774062e-10 1.557786846770333e-45 0.00023046730088722831
482.0 0.0007354041248243823 1.548091015468176e-06 4.525608464980538e-10 1.9893347166058533e-45 0.00023718938101493822
483.0 0.0007549910917987751 1.6097340821186225e-06 4.785768036516378e-10 2.5378557680862854e-45 0.000244077902643494
484.0 0.0007750137563573003 1.673557760145379e-06 5.059702633783941e-10 3.2343571965219046e-45 0.000251136187744232
485.0 0.0007954797029380028 1.7396289314228637e-06 5.348076891691209e-10 4.1178800904249574e-45 0.00025836760618206176
486.0 0.0008163966043266116 1.8080161873205955e-06 5.651584244367275e-10 5.237532864846648e-45 0.00026577557599880345
487.0 0.0008377722220030137 1.8787898625832603e-06 5.970948022907229e-10 6.655027165886956e-45 0.0002733635637638079
488.0 0.0008596144064102695 1.9520220694865756e-06 6.306922588257185e-10 8.447837384685603e-45 0.00028113508489934034
489.0 0.0008819310970719532 2.0277867320854347e-06 6.660294499506797e-10 1.0713133392522742e-44 0.00028909370395599173
490.0 0.0009047303231355319 2.106159621870825e-06 7.031883722799507e-10 1.3572671110405856e-44 0.0002972430350271277
491.0 0.000928020203189304 2.187218392206875e-06 7.42254487327133e-10 1.7178868476348655e-44 0.00030558674192510517
492.0 0.0009518089458269149 2.271042614920274e-06 7.833168501994605e-10 2.172234711305723e-44 0.00031412853860193795
493.0 0.0009761048496667174 2.3577138160730655e-06 8.264682419177866e-10 2.7441284569492705e-44 0.0003228721893907073
494.0 0.0010009163035784368 2.447315512649154e-06 8.718053060311823e-10 3.4633001141308394e-44 0.0003318215093143331
495.0 0.0010262517868679859 2.539933249581819e-06 9.194286894406357e-10 4.3668302042938556e-44 0.0003409803643800017
496.0 0.00105211986945332 2.6356546371976493e-06 9.694431875606846e-10 5.500921400289478e-44 0.00035035267186999
497.0 0.001078529211891082 2.7345693887208356e-06 1.0219578937918292e-09 6.923089980999594e-44 0.00035994240058203334
498.0 0.0011054885657522412 2.8367693590856986e-06 1.0770863538702612e-09 8.704871064168075e-44 0.00036975357118510633
499.0 0.0011330067735256786 2.942348583001278e-06 1.1349467244484741e-09 1.0935155082276237e-43 0.0003797902564171994
500.0 0.001161092768728407 3.05140331395121e-06 1.19566193662857e-09 1.3724299146636378e-43 0.00039005658135066233
501.0 0.001189755576221608 3.1640320641719527e-06 1.2593598645999717e-09 1.720918879616849e-43 0.0004005567237259072
502.0 0.0012190043119478585 3.2803356435445113e-06 1.3261734986862565e-09 2.1559464344864947e-43 0.0004112949140897963
503.0 0.0012488481833018191 3.4004172005733365e-06 1.396241124155046e-09 2.6985173115200905e-43 0.00042227543614566245
504.0 0.0012792964890289272 3.524382262548312e-06 1.4697065047719185e-09 3.374616592964719e-43 0.0004335026269436128
505.0 0.001310358619258867 3.6523387764763754e-06 1.546719071835805e-09 4.216362551687551e-43 0.00044498087711476324
506.0 0.001342044055493677 3.7843971503053157e-06 1.627434118628196e-09 5.2634198414343354e-43 0.0004567146310887941
507.0 0.0013743623707300845 3.92067029494202e-06 1.7120130006136217e-09 6.564730358377681e-43 0.00046870838735585125
508.0 0.0014073232293233574 4.061273665963102e-06 1.8006233410462548e-09 8.180631387921886e-43 0.00048096669863926665
509.0 0.0014409363869849936 4.206325306103661e-06 1.893439242565023e-09 1.018544551413519e-42 0.00049349417211216
510.0 0.0014752116907701357 4.355945888129482e-06 1.9906415047432833e-09 1.267064471651255e-42 0.0005062954696091484
511.0 0.001510159079020793 4.51025875798904e-06 2.0924178476747103e-09 1.5748712739072348e-42 0.0005193753078214545
512.0 0.001545788581228168 4.669389978123854e-06 2.1989631416649123e-09 1.9557855934439456e-42 0.000532738458462548
513.0 0.0015821103178855472 4.83346837113582e-06 2.3104796432459296e-09 2.426774425433741e-42 0.0005463897484286068
514.0 0.0016191345005437693 5.0026255644635e-06 2.4271772379636038e-09 3.0086501944972515e-42 0.0005603340600271306
515.0 0.0016568714315730768 5.176996034565558e-06 2.549273689366813e-09 3.7269213066887983e-42 0.0005745763311026588
516.0 0.001695331503986007 5.356717151660064e-06 2.6769948948175205e-09 4.612826174175831e-42 0.0005891215551813769
517.0 0.0017345252013207333 5.54192922503139e-06 2.8105751482766793e-09 5.7045892811071804e-42 0.0006039747816347235
518.0 0.0017744630974072474 5.732775548344931e-06 2.950257409930047e-09 7.04894575318415e-42 0.0006191411158003404
519.0 0.0018151558562294115 5.929402445635276e-06 3.096293583126264e-09 8.702990361087187e-42 0.0006346257191342749
520.0 0.001856614231705353 6.131959317404211e-06 3.248944798490005e-09 1.073641822998568e-41 0.000650433809332728
521.0 0.0018988490672808707 6.340598686455111e-06 3.4084817051431302e-09 1.32342381076208e-41 0.0006665706603859845
522.0 0.0019418712959337011 6.555476245432374e-06 3.575184770221887e-09 1.630005529564427e-41 0.0006830416027739012
523.0 0.0019856919397097435 6.776750903170116e-06 3.749344585311886e-09 2.0060040764443274e-41 0.0006998520234952307
524.0 0.002030322109387953 7.004584831786595e-06 3.931262180954635e-09 2.4667726181440637e-41 0.0007170073661392133
525.0 0.002075773004379841 7.2391435149245915e-06 4.121249349628152e-09 3.030979227923746e-41 0.000734513131037579
526.0 0.0021220559121252047 7.480595794594416e-06 4.319628975933286e-09 3.7213051013919056e-41 0.0007523748752363243
527.0 0.0021691822080023558 7.729113920113047e-06 4.5267353760892755e-09 4.5652861357733855e-41 0.0007705982126465602
528.0 0.00221716335473534 7.98487359560862e-06 4.7429146448999285e-09 5.596326543929206e-41 0.0007891888140147787
529.0 0.002266010902034092 8.248054028632603e-06 4.96852501177889e-09 6.854918757722059e-41 0.0008081524069725719
530.0 0.002315736486326965 8.518837979421812e-06 5.203937205760004e-09 8.39011051181271e-41 0.000827494776116728
531.0 0.0023663518301305342 8.797411809141e-06 5.449534828640713e-09 1.026126788510337e-40 0.0008472217629572302
532.0 0.0024178687416520216 9.083965529240969e-06 5.70571473768276e-09 1.2540192446744223e-40 0.0008673392659449813
533.0 0.0024702991144124266 9.378692851187626e-06 5.972887437608733e-09 1.5313661767618129e-40 0.0008878532405042355
534.0 0.0025236549266129454 9.681791235500806e-06 6.251477481379528e-09 1.8686475737962654e-40 0.0009087696989699546
535.0 0.0025779482406273506 9.993461941511307e-06 6.5419238807809545e-09 2.2785106754453637e-40 0.0009300947105669402
536.0 0.0026331912025152246 1.0313910077455498e-05 6.844680526760895e-09 2.7762070334712182e-40 0.0009518344013933636
537.0 0.0026893960414523617 1.0643344650499918e-05 7.16021661941571e-09 3.3801154603497957e-40 0.00097399495437128
538.0 0.002746575069007309 1.0981978616384043e-05 7.489017107561727e-09 4.112367297515479e-40 0.0009965826091379623
539.0 0.002804740678752541 1.1330028930606417e-05 7.831583139351415e-09 4.999593494817358e-40 0.0010196036620549276
540.0 0.002863905345442872 1.1687716598114462e-05 8.18843252206015e-09 6.073816602735078e-40 0.001043064466056788
541.0 0.002924081624424018 1.2055266724101372e-05 8.560100192950943e-09 7.373515042366189e-40 0.001066971430579767
542.0 0.0029852821510250884 1.2432908564946677e-05 8.947138700754111e-09 8.944892042951494e-40 0.0010913310214809928
543.0 0.003047519639625311 1.2820875577988693e-05 9.350118696974292e-09 1.084338755837658e-39 0.0011161497608350914
544.0 0.003110806883259255 1.3219405473699643e-05 9.769629439744364e-09 1.3135478452119403e-39 0.0011414342269236762
545.0 0.0031751567526183675 1.3628740265516452e-05 1.0206279306996274e-08 1.5900820442777176e-39 0.0011671910540004416
546.0 0.0032405821952799785 1.4049126320744565e-05 1.066069632154362e-08 1.9234794961018275e-39 0.0011934269321351256
547.0 0.003307096235057943 1.448081441213399e-05 1.1133528688004444e-08 2.3251535412944634e-39 0.0012201486070983914
548.0 0.003374711971096491 1.4924059768485576e-05 1.1625445340496928e-08 2.80875206683214e-39 0.0012473628801483586
549.0 0.003443442576982036 1.5379122125430634e-05 1.2137136502107594e-08 3.3905839236032864e-39 0.001275076607819332
550.0 0.003513301299943134 1.5846265776699748e-05 1.2669314256562e-08 4.0901245936048986e-39 0.0013032967017388823
551.0 0.0035843014599296467 1.6325759624950233e-05 1.3222713131547227e-08 4.9306154381281214e-39 0.0013320301283960712
552.0 0.0036564564486419784 1.6817877232434363e-05 1.37980906940534e-08 5.939773377828818e-39 0.0013612839088866595
553.0 0.0037297797287147794 1.7322896872435478e-05 1.439622815866137e-08 7.150630805417136e-39 0.001391065118711335
554.0 0.003804284832575296 1.7841101579263654e-05 1.501793100714494e-08 8.602528981492727e-39 0.0014213808874484275
555.0 0.003879985361558634 1.837277919945844e-05 1.5664029621706467e-08 1.0342292200380888e-38 0.0014522383985175666
556.0 0.003956894984869036 1.8918222442308487e-05 1.6335379930476316e-08 1.2425614725953765e-38 0.0014836448888814377
557.0 0.004035027438523296 1.9477728930288972e-05 1.70328640659207e-08 1.4918698003567516e-38 0.0015156076487360815
558.0 0.004114396524243011 2.005160124924123e-05 1.7757391036168903e-08 1.7900182078860178e-38 0.0015481340211771567
559.0 0.004195016108396945 2.064014699876862e-05 1.8509897409836927e-08 2.1463422647970148e-38 0.00158123140188013
560.0 0.004276900120925224 2.1243678842518168e-05 1.929134801423788e-08 2.57191738973157e-38 0.0016149072387688838
561.0 0.004360062553973335 2.186251455696987e-05 2.010273664587673e-08 3.079874746315414e-38 0.001649169031569786
562.0 0.004444517460984332 2.2496977082418225e-05 2.094508679671416e-08 3.6857729690747633e-38 0.0016840243315334993
563.0 0.004530278955363774 2.3147394571764893e-05 2.181945239242003e-08 4.4080353143559343e-38 0.0017194807409905777
564.0 0.004617361209160686 2.3814100439258316e-05 2.272691854465348e-08 5.268463434070983e-38 0.001755545912907467
565.0 0.004705778452001408 2.449743341040965e-05 2.3668602318725353e-08 6.292840832001681e-38 0.0017922275505332338
566.0 0.004795544969596372 2.5197737569588344e-05 2.464565351349622e-08 7.511641223514943e-38 0.0018295334068787917
567.0 0.004886675102602182 2.59153624092934e-05 2.5659255457447783e-08 8.960859530469632e-38 0.0018674712843257265
568.0 0.0049791832451579225 2.66506628775658e-05 2.6710625817700696e-08 1.068298615227421e-37 0.0019060490341056204
569.0 0.005073083843538488 2.740399942581349e-05 2.780101742430029e-08 1.272814852976928e-37 0.001945274555818254
570.0 0.005168391394788078 2.8175738056333304e-05 2.893171910924578e-08 1.515544792750797e-37 0.001985155796936667
571.0 0.005265120445333558 2.89662503695113e-05 3.010405656039049e-08 1.803452388701911e-37 0.0020257007522989207
572.0 0.005363285589409087 2.9775913609748705e-05 3.1319393189359834e-08 2.144738404166134e-37 0.0020669174635215264
573.0 0.005462901467629868 3.060511071192988e-05 3.257913101547993e-08 2.5490543044025107e-37 0.002108814018464155
574.0 0.005563982765478058 3.1454230347134115e-05 3.388471156454052e-08 3.027752135881391e-37 0.0021513985506547055
575.0 0.005666544211868958 3.2323666968509267e-05 3.5237616783499287e-08 3.5941762766195994e-37 0.002194679238739496
576.0 0.005770600577360443 3.3213820854809453e-05 3.6639369968557555e-08 4.264003875871648e-37 0.0022386643057894333
577.0 0.005876166672712038 3.4125098155560024e-05 3.809153671099243e-08 5.055641880028351e-37 0.0022833620187350813
578.0 0.005983257347287964 3.505791093500174e-05 3.959572585784724e-08 5.990689784149216e-37 0.0023287806877354475
579.0 0.006091887487271947 3.6012677214555985e-05 4.11535904872438e-08 7.094478681553554e-37 0.0023749286654672413
580.0 0.006202072014062493 3.698982101592994e-05 4.276682890079698e-08 8.396698835024908e-37 0.0024218143464778004
581.0 0.006313825882579169 3.798977240329423e-05 4.443718563152757e-08 9.932129893236783e-37 0.0024694461664971387
582.0 0.006427164079414371 3.901296752409122e-05 4.616645246682914e-08 1.1741490062990059e-36 0.0025178326016830916
583.0 0.006542101621164577 4.005984865044922e-05 4.795646948888901e-08 1.3872423063725946e-36 0.0025669821679299687
584.0 0.006658653552638699 4.113086421938967e-05 4.980912613059178e-08 1.6380644581113324e-36 0.002616903420122721
585.0 0.006776834944945681 4.222646887178189e-05 5.1726362246894976e-08 1.933127325814965e-36 0.002667604951336957
586.0 0.006896660893660112 4.334712349123675e-05 5.3710169203195276e-08 2.2800375076490793e-36 0.0027190953920626965
587.0 0.00701814651693277 4.4493295242112126e-05 5.576259097980047e-08 2.6876754356737693e-36 0.0027713834093996944
588.0 0.007141306953612251 4.566545760701848e-05 5.7885725293070853e-08 3.166402962675676e-36 0.0028244777062502954
589.0 0.0072661573612451775 4.686409042296201e-05 6.008172473223375e-08 3.72830383610824e-36 0.0028783870204574444
590.0 0.007392712914087158 4.808967991692427e-05 6.235279791292113e-08 4.387462118877676e-36 0.002933120123939779
591.0 0.007520988801191253 4.934271874130664e-05 6.470121064809348e-08 5.1602843717976084e-36 0.002988685821850448
592.0 0.007651000224242091 5.062370600706102e-05 6.712928713359343e-08 6.065872276494292e-36 0.003045092951627953
593.0 0.007782762395500209 5.193314731682485e-05 6.963941115135308e-08 7.126453366526039e-36 0.0031023503820832793
594.0 0.00791629053579026 5.327155479764402e-05 7.223402728983459e-08 8.367878664684742e-36 0.003160467012497353
595.0 0.008051599872301201 5.463944713171248e-05 7.491564217965273e-08 9.820197315965035e-36 0.003219451771636345
596.0 0.00818870563646269 5.6037349586847486e-05 7.768682574669627e-08 1.1518319781495675e-35 0.003279313616789865
597.0 0.008327623061701001 5.746579404535942e-05 8.055021248098098e-08 1.3502782842653012e-35 0.003340061532753539
598.0 0.008468367381335672 5.892531903306971e-05 8.35085027236814e-08 1.582063158696973e-35 0.003401704530860431
599.0 0.0086109538261259 6.041646974507467e-05 8.65644639676226e-08 1.8526435738101658e-35 0.0034642516478644338
600.0 0.008755397622187175 6.193979807319397e-05 8.972093217815843e-08 2.1683460192315944e-35 0.003527711944964475
601.0 0.008901713988590982 6.34958626303381e-05 9.29808131277744e-08 2.536501246801957e-35 0.003592094506693888
602.0 0.009049918135071866 6.508522877470116e-05 9.634708374850206e-08 2.9655993017822787e-35 0.003657408439845106
603.0 0.009200025259548762 6.670846863168142e-05 9.98227934991111e-08 3.465467804008752e-35 0.003723662872311573
604.0 0.009352050545884545 6.836616111653674e-05 1.0341106575148794e-07 4.04747686254536e-35 0.0037908669520179687
605.0 0.009506009161296817 7.00588919535316e-05 1.0711509918991799e-07 4.724774484221655e-35 0.0038590298457015317
606.0 0.009661916253973968 7.178725369552925e-05 1.109381692290905e-07 5.512556879085425e-35 0.003928160737768307
607.0 0.009819786950668248 7.355184574239035e-05 1.1488362944842764e-07 6.428378681564553e-35 0.003998268829132286
608.0 0.009979636353973352 7.535327435594215e-05 1.1895491303917542e-07 7.492508805336075e-35 0.004069363335918142
609.0 0.010141479540002161 7.71921526768153e-05 1.2315553427241098e-07 8.728338444179858e-35 0.004141453488318496
610.0 0.010305331555618913 7.906910073681247e-05 1.2748908997806547e-07 1.0162848630378385e-34 0.0042145485292616365
611.0 0.010471207415909449 8.098474547188889e-05 1.3195926104280623e-07 1.1827145783779073e-34 0.004288657713167809
612.0 0.010639122101562915 8.293972073328208e-05 1.3656981392288514e-07 1.37570748405654e-34 0.0043637903046611975
613.0 0.01080909055623141 8.493466729725993e-05 1.4132460217259584e-07 1.5993920860981765e-34 0.004439955577264584
614.0 0.01098112768370526 8.697023287217193e-05 1.462275679860454e-07 1.8585211497981966e-34 0.004517162812009887
615.0 0.011155248345324827 8.904707210606702e-05 1.5128274375752744e-07 2.15856343877735e-34 0.004595421296137235
616.0 0.011331467357079232 9.11658465905409e-05 1.56494253653197e-07 2.5058085419979383e-34 0.004674740321656903
617.0 0.011509799487069542 9.332722486615092e-05 1.6186631520290167e-07 2.9074865992979986e-34 0.00475512918405277
618.0 0.011690259452402412 9.553188242190927e-05 1.6740324089930706e-07 3.3719049781820335e-34 0.0048365971807424355
619.0 0.01187286191651295 9.778050169680819e-05 1.7310943981770864e-07 3.908604228870177e-34 0.004919153609705525
620.0 0.012057621486335587 0.00010007377207872608 1.7898941924851883e-07 4.5285359535101254e-34 0.005002807768040827
621.0 0.012244552709294178 0.0001024123899003876 1.85047786341553e-07 5.2442655744390305e-34 0.005087568950439782
622.0 0.012433670070429679 0.00010479705843496059 1.9128924976649458e-07 6.070203380074838e-34 0.005173446447708051
623.0 0.012624987989443278 0.0001072284878894456 1.9771862138611994e-07 7.02286767056501e-34 0.005260449545243255
624.0 0.012818520817685674 0.00010970739539606498 2.0434081794241962e-07 8.121184325398317e-34 0.005348587521481418
625.0 0.013014282835252598 0.00011223450500298619 2.1116086275788204e-07 9.386827678511705e-34 0.005437869646378816
626.0 0.013212288247836771 0.00011481054766137078 2.18183887446155e-07 1.0844608220263959e-33 0.005528305179783375
627.0 0.013412551183717699 0.00011743626121195623 2.254151336377689e-07 1.2522913359723342e-33 0.0056199033698545
628.0 0.01361508569063637 0.00012011239036898249 2.3285995471661383e-07 1.4454208283152253e-33 0.005712673451425794
629.0 0.013819905732743486 0.00012283968670306864 2.4052381756996547e-07 1.6675604847560293e-33 0.005806624644389556
630.0 0.014027025187433357 0.00012561890862136944 2.484123043485982e-07 1.9229507462416985e-33 0.005901766152024353
631.0 0.014236457842125929 0.0001284508213455032 2.5653111423758877e-07 2.216434605253173e-33 0.005998107159291558
632.0 0.014448217391123713 0.0001313361968883588 2.6488606523971975e-07 2.5535407475151466e-33 0.006095656831154239
633.0 0.014662317432480636 0.00013427581402921938 2.734830959701392e-07 2.940577820073372e-33 0.006194424310892101
634.0 0.014878771464536816 0.00013727045828399717 2.823282674554402e-07 3.384741267796062e-33 0.006294418718266258
635.0 0.015097592882874942 0.0001403209218774222 2.9142776495061983e-07 3.894234361319748e-33 0.006395649147852641
636.0 0.015318794976880656 0.0001434280037097111 3.00787899758488e-07 4.478405241808021e-33 0.006498124667199
637.0 0.015542390926566712 0.00014659250932372932 3.104151110634106e-07 5.147902035233006e-33 0.006601854315084202
638.0 0.01576839379909727 0.00014981525086739598 3.203159677681702e-07 5.914848342926353e-33 0.006706847099641212
639.0 0.015996816545451174 0.00015309704705536702 3.304971703419009e-07 6.793041700114767e-33 0.006813111996529541
640.0 0.01622767199716036 0.0001564387231294274 3.409655526776698e-07 7.79817791269978e-33 0.00692065794713052
641.0 0.016460972862782548 0.00015984111081429684 3.5172808395217877e-07 8.948104538822218e-33 0.007029493856620214
642.0 0.01669673172445034 0.000163305048272047 3.6279187049392925e-07 1.0263107180561751e-32 0.0071396285920652955
643.0 0.0169349610345278 0.0001668313800554494 3.7416415766024826e-07 1.176623269653766e-32 0.007251070980555512
644.0 0.017175673112096015 0.0001704209570575247 3.858523317167234e-07 1.3483653943684854e-32 0.007363829807253862
645.0 0.017418880139422725 0.00017407463645873625 3.9786392172167596e-07 1.5445081212498965e-32 0.007477913813430413
646.0 0.01766459415847889 0.0001777932816724322 4.102066014165587e-07 1.7684226140535306e-32 0.00759333169450684
647.0 0.017912827067408797 0.00018157776228758983 4.228881911196832e-07 2.023932458121745e-32 0.0077100920980716385
648.0 0.018163590617017045 0.00018542895400946614 4.359166596241438e-07 2.3153725677430587e-32 0.007828203621893301
649.0 0.018416896407056186 0.0001893477385959163 4.4930012609414106e-07 2.647655525012662e-32 0.007947674811838175
650.0 0.018672755882869985 0.0001933350037950055 4.6304686197234623e-07 3.0263462572832435e-32 0.00806851415993214
651.0 0.018931180331562544 0.0001973916432754208 4.771652928778154e-07 3.4577460670398366e-32 0.008190730102208563
652.0 0.019192180878461935 0.0002015185565574894 4.91664000512171e-07 3.9489871472991374e-32 0.00831433101667367
653.0 0.019455768483540047 0.00020571664894135754 5.065517245654848e-07 4.5081388480474793e-32 0.008439325221243875
654.0 0.01972195393763779 0.0002099868314306774 5.218373646171026e-07 5.144327106711086e-32 0.00856572097158938
655.0 0.019990747858922846 0.00021433002065626036 5.375299820416546e-07 5.867868619832137e-32 0.008693526459069161
656.0 0.020262160689062534 0.00021874713879421176 5.536388019061577e-07 6.690421515320607e-32 0.00882274980853298
657.0 0.02053620268959975 0.00022323911348367728 5.701732148701865e-07 7.625154487608792e-32 0.008953399076202134
658.0 0.020812883938257257 0.00022780687774128148 5.871427790812756e-07 8.686936583093844e-32 0.009085482247509841
659.0 0.02109221432514314 0.0002324513698718985 6.045572220638459e-07 9.892550073417782e-32 0.009219007234889196
660.0 0.02137420354906768 0.00023717353337801366 6.224264426066973e-07 1.1260929131921412e-31 0.009353981875600378
661.0 0.021658861113702053 0.00024197431686470204 6.407605126407111e-07 1.2813427336563447e-31 0.009490413929479425
662.0 0.021946196323909598 0.00024685467394383826 6.595696791153854e-07 1.4574117364687146e-31 0.009628311076753236
663.0 0.022236218281920028 0.0002518155631338732 6.788643658639256e-07 1.6570126623735345e-31 0.009767680915776606
664.0 0.02252893588355768 0.00025685794775748196 6.986551754621006e-07 1.8832012982415843e-31 0.009908530960783703
665.0 0.02282435781443337 0.00026198279583605 7.189528910773441e-07 2.139418523217866e-31 0.01005086863961435
666.0 0.023122492546073084 0.0002671910799806456 7.397684783062973e-07 2.429537342448545e-31 0.010194701291403279
667.0 0.023423348332249315 0.0002724837772825193 7.611130870083095e-07 2.757915480053171e-31 0.010340036164349505
668.0 0.023726933205012 0.00027786186919732237 7.829980531181354e-07 3.129454166117156e-31 0.010486880413344295
669.0 0.02403325497101276 0.00028332634142986277 8.054349004557445e-07 3.5496638224893914e-31 0.01063524109771941
670.0 0.02434232120744291 0.00028887818381146985 8.284353425102529e-07 4.024737429338662e-31 0.010785125178815675
671.0 0.024654139258500147 0.0002945183901806659 8.52011284227222e-07 4.5616324400921e-31 0.010936539517776367
672.0 0.02496871623120665 0.00030024795825325665 8.76174823759021e-07 5.168162206538329e-31 0.011089490873044585
673.0 0.025286058991874392 0.00030606788949714644 9.009382542210135e-07 5.853097980596641e-31 0.01124398589813843
674.0 0.02560617416204124 0.0003119791889978807 9.263140654124138e-07 6.626282674080796e-31 0.01140003113918273
675.0 0.02592906811464452 0.000317982865324005 9.523149455270077e-07 7.498757685314829e-31 0.011557633032537132
676.0 0.026254746970312104 0.00032407993039086863 9.7895378284906e-07 8.482904241706015e-31 0.011716797902467964
677.0 0.026583216593364708 0.00033027139931787183 1.0062436674184621e-06 9.592600862105217e-31 0.011877531958682845
678.0 0.02691448258793935 0.00033655829028409894 1.0341978926786788e-06 1.0843398713746013e-30 0.012039841293910364
679.0 0.027248550294261414 0.00034294162438272806 1.0628299571079028e-06 1.2252716826717085e-30 0.012203731881537686
680.0 0.027585424784776873 0.0003494224254706331 1.0921535658215092e-06 1.3840059336203956e-30 0.012369209573177305
681.0 0.027925110860146436 0.0003560017200130919 1.1221826321441734e-06 1.562725715124966e-30 0.012536280096163307
682.0 0.02826761304562196 0.00036268053693018515 1.152931279171131e-06 1.7638736700665412e-30 0.012704949051210513
683.0 0.02861293558702646 0.0003694599074350264 1.1844138412868104e-06 1.990181868300872e-30 0.012875221909887656
684.0 0.02896108244705991 0.0003763408648729597 1.2166448656682568e-06 2.2447050053014602e-30 0.01304710401222844
685.0 0.029312057301326907 0.00038332444455399517 1.2496391137478242e-06 2.5308572811316694e-30 0.013220600564209456
686.0 0.02966586353471821 0.0003904116835866207 1.2834115626600319e-06 2.8524533533668625e-30 0.013395716635379251
687.0 0.03002250423737542 0.0003976036207029659 1.3179774066390412e-06 3.213753797996264e-30 0.013572457156291573
688.0 0.030381982201038066 0.0004049012960857092 1.3533520583992631e-06 3.6195155569773226e-30 0.013750826916103031
689.0 0.030744299915233225 0.0004123057511896915 1.3895511504751078e-06 4.075047899907043e-30 0.013930830560091948
690.0 0.031109459563478683 0.00041981802856043 1.4265905365256837e-06 4.586274481027351e-30 0.014112472587175523
691.0 0.03147746301944529 0.00042743917164878936 1.4644862926007286e-06 5.159802131701408e-30 0.014295757347400692
692.0 0.03184831184336022 0.0004351702246256091 1.5032547183794393e-06 5.802997093230544e-30 0.014480689039536674
693.0 0.03222200727814557 0.000443012232189464 1.5429123383578273e-06 6.524069465712206e-30 0.01466727170854
694.0 0.032598550245715854 0.0004509662393732421 1.5834759030025702e-06 7.332166726574217e-30 0.01485550924308413
695.0 0.03297794134334934 0.0004590332913484283 1.624962389866428e-06 8.23747725764172e-30 0.015045405373115488
696.0 0.03336018083988389 0.0004672144332236329 1.6673890046518414e-06 9.251344913002726e-30 0.015236963667322327
697.0 0.03374526867212937 0.0004755107098427636 1.7107731822402047e-06 1.0386395762454014e-29 0.015430187530695152
698.0 0.03413320444116198 0.00048392316557820597 1.7551325876692533e-06 1.1656678257273192e-29 0.015625080202026263
699.0 0.03452398740875286 0.0004924528441225317 1.8004851170697274e-06 1.3077818187937445e-29 0.01582164475146377
700.0 0.03491761649370948 0.0005011007882756119 1.8468488985487054e-06 1.4667189937603767e-29 0.016019884078018957
