200.0 0.0 0.0 0.0 0.0 0.0
201.0 0.0 0.0 0.0 0.0 0.0
202.0 0.0 0.0 0.0 0.0 0.0
203.0 0.0 0.0 0.0 0.0 0.0
204.0 0.0 0.0 0.0 0.0 0.0
205.0 0.0 0.0 0.0 0.0 0.0
206.0 0.0 0.0 0.0 0.0 0.0
207.0 0.0 0.0 0.0 0.0 0.0
208.0 0.0 0.0 0.0 0.0 0.0
209.0 0.0 0.0 0.0 0.0 0.0
210.0 0.0 0.0 0.0 0.0 0.0
211.0 0.0 0.0 0.0 0.0 0.0
212.0 0.0 0.0 0.0 0.0 0.0
213.0 0.0 0.0 0.0 0.0 0.0
214.0 0.0 0.0 0.0 0.0 0.0
215.0 0.0 0.0 0.0 0.0 0.0
216.0 0.0 0.0 0.0 0.0 0.0
217.0 0.0 0.0 0.0 0.0 0.0
218.0 0.0 0.0 0.0 0.0 0.0
219.0 0.0 0.0 0.0 0.0 0.0
220.0 0.0 0.0 0.0 0.0 0.0
221.0 0.0 0.0 0.0 0.0 0.0
222.0 0.0 0.0 0.0 0.0 0.0
223.0 0.0 0.0 0.0 0.0 0.0
224.0 0.0 0.0 0.0 0.0 0.0
225.0 0.0 0.0 0.0 0.0 0.0
226.0 0.0 0.0 0.0 0.0 0.0
227.0 0.0 0.0 0.0 0.0 0.0
228.0 0.0 0.0 0.0 0.0 0.0
229.0 0.0 0.0 0.0 0.0 0.0
230.0 0.0 0.0 0.0 0.0 0.0
231.0 0.0 0.0 0.0 0.0 0.0
232.0 0.0 0.0 0.0 0.0 0.0
233.0 0.0 0.0 0.0 0.0 0.0
234.0 0.0 0.0 0.0 0.0 0.0
235.0 0.0 0.0 0.0 0.0 0.0
236.0 0.0 0.0 0.0 0.0 0.0
237.0 0.0 0.0 0.0 0.0 0.0
238.0 1.110206165420037e-16 7.201034943816901e-22 6.428598844255551e-25 2.761769123533653e-109 5.374544259970498e-22
239.0 1.1102051686714151e-16 7.570101070383938e-22 6.959556633086441e-25 7.004686803400563e-109 5.656919607737866e-22
240.0 1.1102041194216744e-16 7.95476810959589e-22 7.529386420539342e-25 1.7628757557087967e-108 5.951590290643e-22
241.0 1.1102030152347778e-16 8.355543555949735e-22 8.14055359184803e-25 4.402792812141012e-108 6.258972001292334e-22
242.0 1.1102018535774511e-16 8.772945710964322e-22 8.795654232324615e-25 1.0913136526568831e-107 6.579489850068366e-22
243.0 2.2204012636313168e-16 1.8415007494312993e-21 1.8994841119577455e-24 5.3697773207993526e-107 1.3827156875941492e-21
244.0 2.2203986944226933e-16 1.9319515537361287e-21 2.049745301887662e-24 1.3113789648839708e-106 1.4523363853523954e-21
245.0 3.3305939907582173e-16 3.0390776605797222e-21 3.3157780417529385e-24 4.768984313758115e-106 2.287276231913194e-21
246.0 3.3305897339518522e-16 3.185870754823864e-21 3.573658856994188e-24 1.1479035608959813e-105 2.4005275378665857e-21
247.0 4.4407803493394943e-16 4.451304776066452e-21 5.1323475209968124e-24 3.65792429847741e-105 3.3578672894631836e-21
248.0 5.550967608922783e-16 5.82846075504905e-21 6.906055528785589e-24 1.085134894496439e-104 4.40173322482334e-21
249.0 6.661151268142828e-16 7.323686067286654e-21 8.915756805075755e-24 3.0689454676050944e-104 5.537187634904343e-21
250.0 8.88152122094815e-16 1.0221227618358644e-20 1.2781735897696423e-23 9.577970026675093e-104 7.736567914217811e-21
251.0 9.991695078052177e-16 1.2031841501415217e-20 1.5451984842480694e-23 2.5051199775981986e-103 9.117153693092419e-21
252.0 1.221205086738933e-15 1.5381638299145615e-20 2.028282148857276e-23 7.070876359975791e-103 1.1668306679962487e-20
253.0 1.5542582303341966e-15 2.0469343260089845e-20 2.770847249455036e-23 2.064570009323027e-102 1.5544739092351346e-20
254.0 1.8873100141747492e-15 2.5979944953319104e-20 3.609442895559375e-23 5.713890862917646e-102 1.975096446991205e-20
255.0 2.3313783601372594e-15 3.353291378684179e-20 4.780550820017305e-23 1.5983709599205594e-101 2.552044459351167e-20
256.0 2.886462479202721e-15 4.336497126752451e-20 6.342534985862338e-23 4.452804293518097e-101 3.303841633559444e-20
257.0 3.5525615111270203e-15 5.572911834387203e-20 8.360584248992957e-23 1.2253814198128228e-100 4.250323060616256e-20
258.0 4.329674519622524e-15 7.089535012802184e-20 1.0907302166947069e-22 3.318470185719044e-100 5.4126951538205044e-20
259.0 5.217800487288302e-15 8.915138776306693e-20 1.4063334938669938e-22 8.831724149779225e-100 6.813597111544742e-20
260.0 6.4389718213626044e-15 1.1476069270298103e-19 1.8557969191469836e-22 2.392231332650521e-99 8.779919782974708e-20
261.0 7.77115265894038e-15 1.4443005238811623e-19 2.3938081999681266e-22 6.299185561118943e-99 1.1061157076649613e-19
262.0 9.436373954111781e-15 1.8282427776957103e-19 3.1051208242302227e-22 1.658937646946618e-98 1.4015837695268668e-19
263.0 1.1434632326165408e-14 2.308714392574592e-19 4.0174177804729114e-22 4.334272687187479e-98 1.7717165545348254e-19
264.0 1.3876939622154826e-14 2.918940448099421e-19 5.203006666042356e-22 1.1275324138257622e-97 2.242253871109389e-19
265.0 1.6652275655504743e-14 3.647996746522295e-19 6.659736787459041e-22 2.8837065186903006e-97 2.805086242950882e-19
266.0 2.020469531176418e-14 4.60839577603219e-19 8.61485300165585e-22 7.414825088444733e-97 3.5470762475180094e-19
267.0 2.4312160490438553e-14 5.771735505399197e-19 1.1046453826633036e-21 1.880182763102663e-96 4.446854709809319e-19
268.0 2.919669161793344e-14 7.212273222178407e-19 1.4129628196553064e-21 4.731754280083719e-96 5.562131823744785e-19
269.0 3.50803052044683e-14 9.014242913766726e-19 1.8074009962006324e-21 1.1848817079318233e-95 6.958534898676105e-19
270.0 4.207400024727276e-14 1.1242947841223748e-18 2.3067343599010842e-21 2.945683856294722e-95 8.687305355569899e-19
271.0 5.039978553303949e-14 1.4001356409448864e-18 2.939042631805782e-21 7.274873973235298e-95 1.0828997866480188e-18
272.0 6.039067702252278e-14 1.7436618736596203e-18 3.7440660623729326e-21 1.787642481166973e-94 1.3498659923992301e-18
273.0 7.215765955790986e-14 2.1647265541735527e-18 4.753982787171702e-21 4.3573465810559015e-94 1.677407773256198e-18
274.0 8.603373632813425e-14 2.6809965148440276e-18 6.020780584018525e-21 1.054331747470893e-93 2.079390740419895e-18
275.0 1.0257392318644407e-13 3.319336190020123e-18 7.621478392988084e-21 2.537925620192012e-93 2.5768693913505577e-18
276.0 1.221112015267574e-13 4.102398486573685e-18 9.62913915171412e-21 6.069036367031647e-93 3.1876997675309558e-18
277.0 1.4520056113516363e-13 5.062922024322536e-18 1.214628476804947e-20 1.4423400975680335e-92 3.937642929759383e-18
278.0 1.723969751835544e-13 6.237305261110045e-18 1.5291973198151448e-20 3.405654671601828e-92 4.855397288898514e-18
279.0 2.0447741542965262e-13 7.674183451383063e-18 1.9224517840208536e-20 7.993695509668961e-92 5.979292697229797e-18
280.0 2.422188285864436e-13 9.427585733195333e-18 2.412757569924296e-20 1.864764849896824e-91 7.351995067823962e-18
281.0 2.8662014808107934e-13 1.1566249912283546e-17 3.023636398279932e-20 4.3245612287976606e-91 9.027793431358482e-18
282.0 3.3868027184818396e-13 1.416634194696904e-17 3.782274919092896e-20 9.967171184449081e-91 1.106696053113228e-17
283.0 3.9973107585413256e-13 1.7326369764281132e-17 4.723855525817835e-20 2.283737097031291e-90 1.3547436415419621e-17
284.0 4.71215389500551e-13 2.1160309726943607e-17 5.890344080557224e-20 5.201935825938255e-90 1.6559522023736166e-17
285.0 5.549089950302967e-13 2.5809488523554833e-17 7.334394952315944e-20 1.1782220048471192e-89 2.0215233805345908e-17
286.0 6.525876002969617e-13 3.1430033995435964e-17 9.116608284275948e-20 2.652879905489265e-89 2.463855323121988e-17
287.0 7.668038482795604e-13 3.823254013147766e-17 1.1317828291268153e-19 5.941153808060631e-89 2.9996590951622266e-17
288.0 8.99777264563564e-13 4.6432520224307433e-17 1.402595071715123e-19 1.322769200331726e-88 3.646085445499795e-17
289.0 1.054837267360733e-12 5.632584276970228e-17 1.7359495233573816e-19 2.929355435861949e-88 4.426654126028671e-17
290.0 1.2352021149935303e-12 6.82327605269252e-17 2.1452679548440627e-19 6.451446378628242e-88 5.366876898999139e-17
291.0 1.4447558862828234e-12 8.254310744729201e-17 2.647092474457993e-19 1.4130598327660255e-87 6.497822250020632e-17
292.0 1.6881594319099567e-12 9.973119263875167e-17 3.261820854000204e-19 3.0786511206429263e-87 7.857310062175694e-17
293.0 1.9704063331020158e-12 1.2033871501564174e-16 4.013441681614082e-19 6.671704168209958e-87 9.488590100803661e-17
294.0 2.297377838574666e-12 1.450159751798298e-16 4.931195547463924e-19 1.43819992094965e-86 1.1443613897391464e-16
295.0 2.6758427927656343e-12 1.745342568734245e-16 6.050408980483555e-19 3.084208599874046e-86 1.3784045034012217e-16
296.0 3.1135685498979446e-12 2.0980652511495336e-16 7.41368580742592e-19 6.58031532559957e-86 1.6582930871047013e-16
297.0 3.6190988985777065e-12 2.5188729403166513e-16 9.071447978278664e-19 1.3967566594867306e-85 1.9924733700004537e-16
298.0 4.202419914839436e-12 3.0203428412277165e-16 1.108476167752327e-18 2.9498268401382647e-85 2.3910252607537555e-16
299.0 4.87495982537724e-12 3.6173081556558173e-16 1.3526970438486016e-18 6.198794774403637e-85 2.8658456786303717e-16
300.0 5.649588857945512e-12 4.327096646404099e-16 1.6485504615551782e-18 1.2961997704887396e-84 3.430844207212942e-16
301.0 6.540730063940239e-12 5.169872102566689e-16 2.0064221216878386e-18 2.697100232521481e-84 4.10222115939784e-16
302.0 7.565136023186152e-12 6.169551311122831e-16 2.4388198595079206e-18 5.584922721388191e-84 4.899203769070738e-16
303.0 8.741666620866874e-12 7.354017974649349e-16 2.9606138480204038e-18 1.1509454263831956e-83 5.844226851771584e-16
304.0 1.0091399763991078e-11 8.755615713748361e-16 3.5894055564758294e-18 2.3605811794967783e-83 6.963336006209707e-16
305.0 1.1638629899409799e-11 1.0412477425607051e-15 4.346273052953841e-18 4.81880839181589e-83 8.287258042452526e-16
306.0 1.3410645656808853e-11 1.2368920465960929e-15 5.256185325788107e-18 9.791225143346273e-83 9.851731869252933e-16
307.0 1.5438062356732244e-11 1.4676368468038692e-15 6.348670094273038e-18 1.9802718180365855e-82 1.169826027462498e-15
308.0 1.7755709317614808e-11 1.7394910563802048e-15 7.658813066987083e-18 3.9868092585665166e-82 1.387537309557453e-15
309.0 2.0402851195426835e-11 2.059438718421748e-15 9.228127410845978e-18 7.990241170240739e-82 1.6439517605057676e-15
310.0 2.3423631186238436e-11 2.435579825599461e-15 1.1105633052494487e-17 1.5942126473257763e-81 1.9456209814879886e-15
311.0 2.6867625088166838e-11 2.877296828016632e-15 1.3349135443848959e-17 3.1666550343175325e-81 2.3001395556435815e-15
312.0 3.079095005999678e-11 3.395499100535543e-15 1.602696764146809e-17 6.262464795937529e-81 2.716344044470098e-15
313.0 3.5256263535687604e-11 4.002770094236207e-15 1.9219401683863438e-17 1.2330910973391995e-80 3.2044348561147127e-15
314.0 4.033442646195532e-11 4.7137174520116924e-15 2.3021144267058307e-17 2.417529809723639e-80 3.776261144453652e-15
315.0 4.6104390884123366e-11 5.545152324788802e-15 2.7543181227054856e-17 4.7194348978830205e-80 4.445469891023795e-15
316.0 5.265519559065445e-11 6.5165381768323025e-15 3.291610080797087e-17 9.17422709973054e-80 5.227871697218934e-15
317.0 6.008618609546302e-11 7.650267335787784e-15 3.9292790569702807e-17 1.7759312503791112e-79 6.1416696945405464e-15
318.0 6.850889869171626e-11 8.972174161411302e-15 4.6852547972950416e-17 3.423562094441505e-79 7.207879349185388e-15
319.0 7.80478345731068e-11 1.0511955374900204e-14 5.580500456616879e-17 6.572669982076368e-79 8.450675203918237e-15
320.0 8.88424540284452e-11 1.2303794345055318e-14 6.639541812412079e-17 1.2567089244501802e-78 9.897902930619612e-15
321.0 1.0104806066995399e-10 1.4386892651395787e-14 7.890983984249653e-17 2.393161449318802e-78 1.1581518619499158e-14
322.0 1.1483857121672841e-10 1.680632053526221e-14 9.368240480136477e-17 4.539117350803861e-78 1.3538286488608587e-14
323.0 1.3040739860197943e-10 1.9613674644061143e-14 1.111020594167991e-16 8.575276685352209e-78 1.5810323798185335e-14
324.0 1.4797033136773076e-10 2.2868094170434623e-14 1.3162179098785423e-16 1.613683113255448e-77 1.8445936728596264e-14
325.0 1.6776774658083538e-10 2.663727414680397e-14 1.557684904345052e-16 3.0248078474773086e-77 2.1500456947383062e-14
326.0 1.9006693281737667e-10 3.099858862039465e-14 1.8415413536750973e-16 5.64809579484746e-77 2.5037169844219574e-14
327.0 2.1516518865358834e-10 3.604044373238358e-14 2.1748910929837044e-16 1.0506218026596716e-76 2.9128431788747293e-14
328.0 2.4339280905527643e-10 4.186373799175534e-14 2.5659707879347284e-16 1.946910292469988e-76 3.385687795464048e-14
329.0 2.751166250821141e-10 4.858355085424096e-14 3.0243228008250617e-16 3.5943114589624547e-76 3.9316819037870973e-14
330.0 3.1074365302277643e-10 5.6331004494734837e-14 3.560990489400946e-16 6.611051440910316e-76 4.561578299201443e-14
331.0 3.5072507462452154e-10 6.525535220181577e-14 4.188740872242083e-16 1.211504160221534e-75 5.287624560940522e-14
332.0 3.9556088090602506e-10 7.552637718015912e-14 4.922322037749887e-16 2.21204135424643e-75 6.123761859881679e-14
333.0 4.4580473563172016e-10 8.733704783747587e-14 5.778754285276441e-16 4.024295004186535e-75 7.085845241087309e-14
334.0 5.020692800011497e-10 1.0090649348718559e-13 6.777661550015572e-16 7.295057272922418e-75 8.19189064996144e-14
335.0 5.650318782368705e-10 1.1648332877715974e-13 7.941647817207309e-16 1.3177219596032334e-74 9.462351101415691e-14
336.0 6.354413581522258e-10 1.3434947395927946e-13 9.296731765053075e-16 2.3718594853270014e-74 1.092043405756705e-13
337.0 7.141240829620262e-10 1.5482416276511673e-13 1.087282219785285e-15 4.254392589420856e-74 1.2592435100750724e-13
338.0 8.019925696395312e-10 1.7826884455348267e-13 1.2704286724816742e-15 7.604718667111041e-74 1.4508145458837036e-13
339.0 9.000531048916055e-10 2.0509228822433756e-13 1.4830570930488163e-15 1.3546871655904562e-73 1.6701277279835815e-13
340.0 1.0094144651481624e-09 2.3575636269028306e-13 1.7296905302153665e-15 2.4050169335261242e-73 1.920994538793509e-13
341.0 1.1312982941266174e-09 2.707826923357912e-13 2.015512070680451e-15 4.255332713833307e-73 2.2077221906057764e-13
342.0 1.2670492524742538e-09 3.1075981776603577e-13 2.3464552190424636e-15 7.504088851702797e-73 2.535173385515589e-13
343.0 1.418146490956371e-09 3.5635127077569955e-13 2.729306752705866e-15 1.3189371303059703e-72 2.908833724964204e-13
344.0 1.586216224512044e-09 4.083045919042752e-13 3.1718231084639338e-15 2.3105979861491954e-72 3.3348870279969727e-13
345.0 1.7730454061834743e-09 4.674613711959193e-13 3.6828618174269666e-15 4.034699977883981e-72 3.820299244875936e-13
346.0 1.9805958348735705e-09 5.347682175228197e-13 4.272528200393054e-15 7.022581889163588e-72 4.3729102220537755e-13
347.0 2.2110206908501006e-09 6.112892672426381e-13 4.952343191920362e-15 1.2184092245396935e-71 5.001538341946449e-13
348.0 2.466681280900486e-09 6.982197581964684e-13 5.735429825940041e-15 2.1072315459249675e-71 5.716094202853459e-13
349.0 2.750165765103469e-09 7.969012413171493e-13 6.6367242368717235e-15 3.633003625745676e-71 6.527708055951995e-13
350.0 3.064309420186717e-09 9.088384432320524e-13 7.673212863836339e-15 6.244038269059798e-71 7.448871156424325e-13
351.0 3.412216216114999e-09 1.0357178437287442e-12 8.864198031643383e-15 1.0698501449200049e-70 8.493591599308003e-13
352.0 3.797282258051699e-09 1.179428266817668e-12 1.0231596221165771e-14 1.827466324813393e-70 9.677567139205733e-13
353.0 4.223221423838292e-09 1.3420837513550287e-12 1.1800273377759367e-14 3.112118429734994e-70 1.1018377233957088e-12
354.0 4.694092419075793e-09 1.5260486343655125e-12 1.3598418943525868e-14 5.283895987998366e-70 1.2535693826984806e-12
355.0 5.214328687413107e-09 1.7339654801163414e-12 1.5657966613465776e-14 8.944474354876163e-70 1.4251516131890675e-12
356.0 5.788769954514866e-09 1.9687856775607093e-12 1.8015063064450486e-14 1.509623597262378e-69 1.6190428039938792e-12
357.0 6.422696621097454e-09 2.233803313393545e-12 2.07105930806616e-14 2.5404260951131867e-69 1.8379883219009902e-12
358.0 7.121866669142025e-09 2.532692460503333e-12 2.379076576811961e-14 4.2626445077039043e-69 2.0850519144554317e-12
359.0 7.892555741890923e-09 2.8695483753069703e-12 2.730777013699113e-14 7.131762091347103e-69 2.363650421971085e-12
360.0 8.741599286019357e-09 3.248932493370714e-12 3.132050308174578e-14 1.1897895267677296e-68 2.6775917178901317e-12
361.0 9.676438966107505e-09 3.675922316082662e-12 3.5895384528027235e-14 1.9792892716877816e-68 3.0311167885950016e-12
362.0 1.0705172128013683e-08 4.1561661065868475e-12 4.110726409180944e-14 3.2834045649371245e-68 3.4289458983802155e-12
363.0 1.1836604637873743e-08 4.695942864460517e-12 4.704042915863241e-14 5.431572346738845e-68 3.876329239797065e-12
364.0 1.3080307865555694e-08 5.3022282655379415e-12 5.378972709053122e-14 8.96030340945885e-68 4.379102650121543e-12
365.0 1.4446679916401895e-08 5.9827670485776996e-12 6.146181300231308e-14 1.4740956484312011e-67 4.9437488076432195e-12
366.0 1.5947010993217685e-08 6.746152264154506e-12 7.01765345062776e-14 2.418489057845761e-67 5.577464267995564e-12
367.0 1.7593553765860253e-08 7.601912243714717e-12 8.00684700792496e-14 3.957197366477196e-67 6.288233067921141e-12
368.0 1.939959873947251e-08 8.560605841144907e-12 9.128863551776905e-14 6.457522433563528e-67 7.084907373532551e-12
369.0 2.1379554390545697e-08 9.633926423547358e-12 1.0400637290585227e-13 1.0509647709272481e-66 7.977295588968242e-12
370.0 2.3549033830550376e-08 1.0834816011748945e-11 1.184114473282922e-13 1.7059398427305353e-66 8.976259107900513e-12
371.0 2.5924946768492517e-08 1.2177589727990399e-11 1.34716364526906e-13 2.7618607545793804e-66 1.0093817864259508e-11
372.0 2.8525597976952516e-08 1.3678071811764226e-11 1.531589354745546e-13 4.4597595890280296e-66 1.1343265753712986e-11
373.0 3.137079313254478e-08 1.5353744425601063e-11 1.740051150204642e-13 7.182931353127971e-66 1.2739296968639614e-11
374.0 3.4481951020490116e-08 1.7223909637233643e-11 1.9755213379873544e-13 1.1539353563057059e-65 1.4298143599350584e-11
375.0 3.7882223524990355e-08 1.9309866160077856e-11 2.2413195720785608e-13 1.8490963423055176e-65 1.60377258478957e-11
376.0 4.159662416152623e-08 2.163510224084763e-11 2.5411510507481297e-13 2.9555927963739975e-65 1.797781604487833e-11
377.0 4.565216457901184e-08 2.422550548384584e-11 2.8791486040388466e-13 4.712433890828244e-65 2.0140217165322986e-11
378.0 5.0078000558722e-08 2.7109591534741467e-11 3.2599191051772114e-13 7.494973007977752e-65 2.2548957484062532e-11
379.0 5.49055870451393e-08 3.031875262364397e-11 3.6885945525178434e-13 1.1891247916863489e-64 2.523050224844623e-11
380.0 6.016884373149781e-08 3.38875280977225e-11 4.1708883237115333e-13 1.8820263050805263e-64 2.821398418968834e-11
381.0 6.590433117315819e-08 3.785389837045299e-11 4.713157045402583e-13 2.971481892278424e-64 3.153145411437109e-11
382.0 7.215143828383801e-08 4.225960428733309e-11 5.322468615638341e-13 4.680344180506438e-64 3.5218153298482976e-11
383.0 7.895258129399064e-08 4.715049358290047e-11 6.006676903571633e-13 7.354410569077147e-64 3.9312809140680976e-11
384.0 8.635341623590039e-08 5.25768973846953e-11 6.774503841697312e-13 1.1528991461949967e-63 4.385795660401971e-11
385.0 9.440306348306873e-08 5.859403778593585e-11 7.635629414994708e-13 1.8030843055155498e-63 4.890028636954308e-11
386.0 1.0315434717552512e-07 6.526247016750833e-11 8.600790421005397e-13 2.813389342175744e-63 5.44910228469948e-11
387.0 1.1266404926678044e-07 7.264856230041972e-11 9.681888706128694e-13 4.379660735407246e-63 6.068633382015267e-11
388.0 1.2299317891904026e-07 8.082501297108569e-11 1.0892109711793565e-12 6.80229693207017e-63 6.754777410345975e-11
389.0 1.3420725796934002e-07 8.987141302820015e-11 1.224605222714128e-12 1.0541023013031713e-62 7.514276572424389e-11
390.0 1.463766245091444e-07 9.987485281508745e-11 1.3759870435977555e-12 1.629781915765016e-62 8.354511804302387e-11
391.0 1.595767534156937e-07 1.1093057803020717e-10 1.5451429136325872e-12 2.5142195729314584e-62 9.283558962687245e-11
392.0 1.7388859719225871e-07 1.231426992456337e-10 1.7340473495625636e-12 3.8700023505399973e-62 1.031024963635331e-10
393.0 1.8939894583593568e-07 1.3662495742562798e-10 1.9448814369193884e-12 5.943754146276482e-62 1.1444236789894719e-10
394.0 2.0620080797651003e-07 1.515015503626137e-10 2.1800530621680186e-12 9.10875913123472e-62 1.2696065664372295e-10
395.0 2.2439381453065712e-07 1.6790802456129298e-10 2.442218990922627e-12 1.3928793064440275e-61 1.4077250328242229e-10
396.0 2.440846452278034e-07 1.859922366927782e-10 2.7343089390779662e-12 2.1253511017996012e-61 1.5600356238764023e-10
397.0 2.653874793500982e-07 2.0591538968494956e-10 3.059551804436412e-12 3.2360690665297696e-61 1.727908925428662e-10
398.0 2.8842447213167234e-07 2.278531488912191e-10 3.4215042400733685e-12 4.916790193314702e-61 1.9128391570593245e-10
399.0 3.133262580343439e-07 2.519968439141527e-10 3.824081761363996e-12 7.454683258406333e-61 2.1164545067066934e-10
400.0 3.402324819989798e-07 2.7855476186702966e-10 4.271592590735737e-12 1.1278909078486802e-60 2.340528256711731e-10
401.0 3.692923596533959e-07 3.0775353805779047e-10 4.768774456731015e-12 1.7029506613994342e-60 2.586990753558662e-10
402.0 4.006652687698255e-07 3.3983965148869425e-10 5.320834595849525e-12 2.565905897691973e-60 2.8579422855715783e-10
403.0 4.345213726036638e-07 3.750810315937949e-10 5.933493202102969e-12 3.8582434405347475e-60 3.155666924830038e-10
404.0 4.7104227694606975e-07 4.137687839702979e-10 6.613030601307761e-12 5.789689274929797e-60 3.4826474009388843e-10
405.0 5.104217223820747e-07 4.5621904298946834e-10 7.366338441939517e-12 8.670497852184737e-60 3.84158107555867e-10
406.0 5.528663129040397e-07 5.027749592693086e-10 8.200975209045326e-12 1.2958726320992997e-59 4.235397087596194e-10
407.0 5.985962831186076e-07 5.538088313758751e-10 9.125226403974146e-12 1.9329312016008398e-59 4.667274750802905e-10
408.0 6.478463061608887e-07 6.097243915311531e-10 1.0148169755046138e-11 2.8774812276416776e-59 5.140663289208988e-10
409.0 7.008663418884879e-07 6.70959253203842e-10 1.1279745808648208e-11 4.275203488035734e-59 5.659302980003639e-10
410.0 7.579225299701335e-07 7.379875335857831e-10 1.25308343513359e-11 6.33950539104697e-59 6.227247816893174e-10
411.0 8.192981280697328e-07 8.113226604715574e-10 1.3913337074956034e-11 9.382407594060982e-59 6.848889777851503e-10
412.0 8.852944969615896e-07 8.915203750355683e-10 1.544026694786852e-11 1.3859243779596066e-58 7.528984798072484e-10
413.0 9.56232135601222e-07 9.791819437759822e-10 1.7125844806182285e-11 2.0433229484527237e-58 8.272680564181894e-10
414.0 1.0324517670721404e-06 1.0749575914424857e-09 1.8985603675812857e-11 3.0068557610038026e-58 9.085546233786249e-10
415.0 1.1143154779567006e-06 1.1795501689600769e-09 2.1036501396227338e-11 4.416437493107986e-58 9.973604203247227e-10
416.0 1.2022079136582152e-06 1.293719071050685e-09 2.329704215343269e-11 6.474723675296042e-58 1.0943364052708096e-09
417.0 1.2965375315203672e-06 1.4182844182417075e-09 2.578740755514784e-11 9.47470589747702e-58 1.2001858797608315e-09
418.0 1.3977379131314616e-06 1.5541315180984487e-09 2.8529597909813116e-11 1.3839207510903217e-57 1.3156683577485269e-09
419.0 1.5062691404634051e-06 1.7022156248137967e-09 3.1547584477316234e-11 2.0177310083043938e-57 1.4416036949556295e-09
420.0 1.62261923564755e-06 1.86356701182598e-09 3.486747340889244e-11 2.936482407475172e-57 1.5788764917184228e-09
421.0 1.7473056681096946e-06 2.039296377133916e-09 3.8517682215320296e-11 4.2658845430978407e-57 1.7284407865987035e-09
422.0 1.8808769323171412e-06 2.230600601440624e-09 4.2529129646090726e-11 6.186054847803218e-57 1.8913250584678165e-09
423.0 2.0239141965158673e-06 2.4387688767707004e-09 4.693543985036534e-11 8.954612047861535e-57 2.0686375527071885e-09
424.0 2.1770330275111e-06 2.6651892294991298e-09 5.1773161845659855e-11 1.2939379039871486e-56 2.261571952542065e-09
425.0 2.3408851926816167e-06 2.9113554582283564e-09 5.7082005294026304e-11 1.8664613715528196e-56 2.471413413604425e-09
426.0 2.516160541915786e-06 3.178874509583743e-09 6.29050936756256e-11 2.6876251545844886e-56 2.6995449820976314e-09
427.0 2.7035889737601773e-06 3.4694743180490886e-09 6.928923605291049e-11 3.8633821281403638e-56 2.9474544195743933e-09
428.0 2.903942486317816e-06 3.785012132350946e-09 7.62852185932752e-11 5.543971925025408e-56 3.216741454322643e-09
429.0 3.118037318419709e-06 4.1274833582106474e-09 8.394811720951889e-11 7.942072071331241e-56 3.509125485612149e-09
430.0 3.3467361817447515e-06 4.499030942305131e-09 9.233763262950372e-11 1.1358241046937684e-55 3.826453762882183e-09
431.0 3.5909505882314207e-06 4.901955328069643e-09 1.0151844937390062e-10 1.6216523519413041e-55 4.1707100669257515e-09
432.0 3.8516432758791965e-06 5.3387250136623386e-09 1.115606201712124e-10 2.3114194507297506e-55 4.544023919920557e-09
433.0 4.129830734898232e-06 5.81198774205064e-09 1.225399773888064e-10 3.2891143323187135e-55 4.948680350909304e-09
434.0 4.426585838948307e-06 6.324582358234728e-09 1.34538573223593e-10 4.672649406267424e-55 5.38713024769522e-09
435.0 4.743040583761447e-06 6.879551366660789e-09 1.4764515041960816e-10 6.627293701158082e-55 5.862001324514933e-09
436.0 5.080388936256045e-06 7.480154224276964e-09 1.6195564539536702e-10 9.384318992425791e-55 6.376109736959376e-09
437.0 5.439889798499574e-06 8.12988140792553e-09 1.7757372580274925e-10 1.3266840675355034e-54 6.9324723784439765e-09
438.0 5.82287008798899e-06 8.832469292014455e-09 1.9461136455252095e-10 1.8725572836374436e-54 7.534319890257286e-09
439.0 6.230727940006149e-06 9.591915880164542e-09 2.1318945258457173e-10 2.6388223446874115e-54 8.185110423899014e-09
440.0 6.664936033605412e-06 1.0412497429922455e-08 2.334384526411904e-10 3.7127626614499275e-54 8.888544190570395e-09
441.0 7.127045045332814e-06 1.1298786014896066e-08 2.5549909649819495e-10 5.215557356772554e-54 9.64857883724753e-09
442.0 7.6186872342747255e-06 1.225566806959396e-08 2.7952312821639063e-10 7.315183641907129e-54 1.0469445689641403e-08
443.0 8.1415801620569e-06 1.3288363963968565e-08 3.056740961043869e-10 1.0244131255632507e-53 1.1355666903899009e-08
444.0 8.697530550159083e-06 1.4402448654305904e-08 3.341281961683512e-10 1.4323686657046567e-53 1.231207356868105e-08
445.0 9.288438279853241e-06 1.5603873463571078e-08 3.6507517006892745e-10 1.9997173165174401e-53 1.3343824804864398e-08
446.0 9.916300536857698e-06 1.6898989040959133e-08 3.9871926063095694e-10 2.7875381625183603e-53 1.44564279073409e-08
447.0 1.0583216104977056e-05 1.829456955571109e-08 4.3528022817855947e-10 3.879856969605745e-53 1.5655759578015463e-08
448.0 1.1291389811619054e-05 1.979783817984117e-08 4.749944310684077e-10 5.39209468810378e-53 1.6948088298850855e-08
449.0 1.2043137129930263e-05 2.1416493919485985e-08 5.18115974027331e-10 7.482563074190743e-53 1.834009789823905e-08
450.0 1.284088893926552e-05 2.3158739851308537e-08 5.649179279406101e-10 1.0368083530934713e-52 1.983891236127701e-08
451.0 1.3687196448977031e-05 2.503331282798845e-08 6.156936250404485e-10 1.4345177203164101e-52 2.1452121941132307e-08
452.0 1.4584736288874378e-05 2.704951471610966e-08 6.707580335560377e-10 1.981877203889719e-52 2.318781062817868e-08
453.0 1.5536315768414158e-05 2.921724522935194e-08 7.304492160065902e-10 2.7341037516726633e-52 2.5054585033343067e-08
454.0 1.6544878309712963e-05 3.154703642747524e-08 7.951298756406339e-10 3.7663845025780144e-52 2.7061604748715355e-08
455.0 1.761350905642075e-05 3.405008894813759e-08 8.651889955818341e-10 5.1809534104608005e-52 2.9218614245634484e-08
456.0 1.874544066320269e-05 3.673831004576931e-08 9.410435755660544e-10 7.116623774377519e-52 3.1535976376740215e-08
457.0 1.9944059267417526e-05 3.962435350792357e-08 1.023140471209954e-09 9.76161099685268e-52 3.402470754534022e-08
458.0 2.1212910646840436e-05 4.272166152591721e-08 1.1119583410668998e-09 1.33707572058798e-51 3.669651461104843e-08
459.0 2.255570656733906e-05 4.6044508599062836e-08 1.2080097069524296e-09 1.8288636824731447e-51 3.9563833602914795e-08
460.0 2.3976331321518454e-05 4.9608047548225943e-08 1.3118431330941141e-09 2.498050838449614e-51 4.2639870308330443e-08
461.0 2.5478848463986016e-05 5.342835772597918e-08 1.4240455301308869e-09 3.407372036686794e-51 4.593864281603306e-08
462.0 2.706750774334407e-05 5.7522495501727704e-08 1.5452445899314825e-09 4.641302671280105e-51 4.947502608402784e-08
463.0 2.8746752234872586e-05 6.190854711016196e-08 1.6761113576422941e-09 6.313438498735836e-51 5.326479861194848e-08
464.0 3.052122567638847e-05 6.660568395074879e-08 1.8173629475462685e-09 8.576328074534877e-51 5.7324691296969344e-08
465.0 3.2395780010508505e-05 7.163422042989285e-08 1.9697654096118835e-09 1.1634555448641138e-50 6.167243855589205e-08
466.0 3.437548313301223e-05 7.701567443196951e-08 2.134136753658758e-09 1.5762124468430526e-50 6.632683179149672e-08
467.0 3.646562685216441e-05 8.277283051884895e-08 2.311350138631803e-09 2.1325528630523305e-50 7.130777529293675e-08
468.0 3.867173505992953e-05 8.892980595142016e-08 2.5023372345190884e-09 2.88143258530311e-50 7.663634465484591e-08
469.0 4.0999572116513125e-05 9.551211962983338e-08 2.7080917647463564e-09 3.888160686938512e-50 8.233484780273348e-08
470.0 4.3455151449679725e-05 1.0254676405139322e-07 2.929673237158471e-09 5.239748939106476e-50 8.842688871429646e-08
471.0 4.6044744370867274e-05 1.1006228038859363e-07 3.1682108720202188e-09 7.051973975811957e-50 9.49374339294946e-08
472.0 4.877488910971094e-05 1.1808883679116921e-07 3.424907735736868e-09 9.478688666252346e-50 1.0189288194357957e-07
473.0 5.165240006566533e-05 1.266583100111566e-07 3.701045089084401e-09 1.2724083432659042e-49 1.093211355732081e-07
474.0 5.468437727986262e-05 1.3580437046258225e-07 3.9979869593364815e-09 1.7058811688070028e-49 1.1725167739680799e-07
475.0 5.7878216126644526e-05 1.4556257082079673e-07 4.317184945729046e-09 2.284117052102622e-49 1.2571564836482996e-07
476.0 6.124161722490105e-05 1.5597043827002874e-07 4.660183268049541e-09 3.054488668028823e-49 1.347459296787372e-07
477.0 6.47825965678142e-05 1.6706757050575691e-07 5.028624068326311e-09 4.079552249914796e-49 1.4437722803602672e-07
478.0 6.850949587399054e-05 1.788957356115274e-07 5.424252976235404e-09 5.441811701571555e-49 1.546461643499873e-07
479.0 7.243099315552873e-05 1.9149897591290657e-07 5.848924948595902e-09 7.24994530644292e-49 1.655913660384189e-07
480.0 7.655611350432732e-05 2.0492371592746859e-07 6.304610394067224e-09 9.646934126495828e-49 1.7725356298969416e-07
481.0 8.089424009353655e-05 2.1921887452008542e-07 6.793401594137263e-09 1.2820660011224915e-48 1.8967568730636812e-07
482.0 8.545512539510466e-05 2.3443598138501137e-07 7.317519432130598e-09 1.7017706880332744e-48 2.029029769372649e-07
483.0 9.024890260708259e-05 2.506292979582182e-07 7.879320441681577e-09 2.2561311923346196e-48 2.1698308329351715e-07
484.0 9.528609729251714e-05 2.6785594288662445e-07 8.48130418710324e-09 2.987468671716062e-48 2.3196618296423692e-07
485.0 0.00010057763922494518 2.8617602216386076e-07 9.126120987836412e-09 3.95112786959314e-48 2.479050936329377e-07
486.0 0.00010613487443641039 3.0565276404539504e-07 9.81657999953226e-09 5.21939921250584e-48 2.6485539429871567e-07
487.0 0.00011196957746602146 3.2635265886268947e-07 1.0555657664817139e-08 6.886596162676269e-48 2.828755499122671e-07
488.0 0.0001180939638038636 3.4834560384791466e-07 1.1346506546811665e-08 9.075620444484976e-48 3.020270405299035e-07
489.0 0.00012452070252665846 3.7170505308585863e-07 1.2192464558918801e-08 1.1946441313046716e-47 3.223744950932874e-07
490.0 0.0001312629291169756 3.965081726965591e-07 1.30970646042487e-08 1.5707034265319044e-47 3.4398582993137266e-07
491.0 0.00013833425846753822 4.22836001381399e-07 1.4064044639283612e-08 2.0627476388534942e-47 3.669323921064925e-07
492.0 0.00014574879805374122 4.5077361641059006e-07 1.5097358174869007e-08 2.7058088565888044e-47 3.9128910767911755e-07
493.0 0.000153521161278427 4.804103051922358e-07 1.620118522993616e-08 3.5452759944962563e-47 4.1713463501992476e-07
494.0 0.0001616664809760896 5.118397425125621e-07 1.7379943751979147e-08 4.639890115635293e-47 4.44551523254041e-07
495.0 0.00017020042306980102 5.451601735543129e-07 1.8638301519147408e-08 6.065586702491966e-47 4.7362637593752107e-07
496.0 0.00017913920037157974 5.804746027915074e-07 1.9981188538789177e-08 7.920418862244084e-47 5.044500200585767e-07
497.0 0.00018849958652288951 6.178909888769938e-07 2.1413809958174663e-08 1.0330858565927847e-46 5.371176804720127e-07
498.0 0.00019829893005605405 6.57522445586899e-07 2.2941659501598434e-08 1.3459852744608737e-46 5.717291598299361e-07
499.0 0.0002085551685794302 6.994874489555354e-07 2.4570533450700082e-08 1.7517111660528327e-46 6.08389024132242e-07
500.0 0.00021928684306300397 7.439100506476227e-07 2.630654518210729e-08 2.2772233759215778e-46 6.472067939450889e-07
501.0 0.0002305131122204966 7.909200976752988e-07 2.8156140278831268e-08 2.957143084213924e-46 6.882971413883121e-07
502.0 0.00024225376697960114 8.406534585517166e-07 3.012611223156669e-08 3.835881816769089e-46 7.317800929791779e-07
503.0 0.0002545292450175522 8.932522559207754e-07 3.2223618744416886e-08 4.970348631893833e-46 7.777812383744416e-07
504.0 0.0002673606453564535 9.488651057573766e-07 3.445619866171301e-08 6.433388822934903e-46 8.264319451004119e-07
505.0 0.0002807697430057829 1.0076473632063805e-06 3.6831789531896726e-08 8.318147160808518e-46 8.778695793379537e-07
506.0 0.00029477900363180314 1.069761375097184e-06 3.93587458234965e-08 1.0743598399873811e-45 9.322377328021368e-07
507.0 0.0003094115982437165 1.1353767392019233e-06 4.204585780952901e-08 1.3861549946242337e-45 9.89686455783299e-07
508.0 0.00032469141787941987 1.204670570276517e-06 4.4902371135793784e-08 1.7865499289863393e-45 1.0503724963912048e-06
509.0 0.00034064308827393575 1.2778277729191995e-06 4.7938007088510974e-08 2.300182580741407e-45 1.114459546039967e-06
510.0 0.0003572919844946642 1.3550413212798883e-06 5.116298357684888e-08 2.958391752252353e-45 1.1821184912102043e-06
511.0 0.00037466424552530384 1.43651254563956e-06 5.458803684548922e-08 3.800998413254457e-45 1.2535276715125213e-06
512.0 0.00039278678877783125 1.5224514258631002e-06 5.822444393189082e-08 4.878549519726225e-45 1.328873144062579e-06
513.0 0.0004116873245199342 1.6130768917532194e-06 6.208404588392292e-08 6.255141561432743e-45 1.408348954199029e-06
514.0 0.00043139437018756787 1.7086171302579719e-06 6.617927175075793e-08 8.011970018654952e-45 1.4921574125099494e-06
515.0 0.0004519372645755859 1.8093098995667332e-06 7.052316336310212e-08 1.0251786852671208e-44 1.5805093782051654e-06
516.0 0.0004733461818709896 1.9154028500111807e-06 7.51294009143401e-08 1.3104492708512871e-44 1.6736245487684055e-06
517.0 0.0004956521455196568 2.027153851782222e-06 8.00123293577995e-08 1.6734145681348005e-44 1.7717317559055166e-06
518.0 0.0005188870418961559 2.1448313293815217e-06 8.518698563176417e-08 2.1347736750716323e-44 1.8750692677241747e-06
519.0 0.0005430836337526777 2.268714602741116e-06 9.066912672436174e-08 2.720616633857909e-44 1.983885097093294e-06
520.0 0.0005682755734323249 2.3990942349733074e-06 9.647525859153466e-08 3.4637960592429567e-44 2.0984373161551967e-06
521.0 0.0005944974158113829 2.536272386618061e-06 1.0262266593744699e-07 4.405639445051734e-44 2.2189943768803927e-06
522.0 0.0006217846309502008 2.6805631763051047e-06 1.0912944286850636e-07 5.598084683575241e-44 2.345835437598205e-06
523.0 0.0006501736164304012 2.8322930477299805e-06 1.1601452443133298e-07 7.106340818595845e-44 2.4792506954205486e-06
524.0 0.0006797017093436358 2.991801142777695e-06 1.232977190421563e-07 9.012200017798374e-44 2.6195417244184777e-06
525.0 0.000710407197912622 3.159439680681212e-06 1.309997418170548e-07 1.1418156195711187e-43 2.7670218194576667e-06
526.0 0.0007423293327104582 3.33557434302572e-06 1.3914224880908875e-07 1.4452521862273565e-43 2.922016345531881e-06
527.0 0.0007755083374551574 3.5205846644435277e-06 1.4774787215946377e-07 1.827577909688067e-43 3.084863092462839e-06
528.0 0.0008099854193486736 3.7148644287971096e-06 1.5684025616758298e-07 2.308845485291602e-43 3.255912634793002e-06
529.0 0.0008458027789276338 3.918822070623182e-06 1.6644409428342908e-07 2.9140877268135217e-43 3.435528696675861e-06
530.0 0.0008830036193988309 4.132881081621461e-06 1.765851670257421e-07 3.6745250940817995e-43 3.624088521577263e-06
531.0 0.0009216321554336008 4.35748042196248e-06 1.8729038082864779e-07 4.629058843905702e-43 3.821983246592766e-06
532.0 0.0009617336213799059 4.5930749361011855e-06 1.9858780781516277e-07 5.826115652329639e-43 4.029618281108683e-06
533.0 0.0010033542788676064 4.840135772842823e-06 2.1050672649797883e-07 7.325924337735888e-43 4.247413689586362e-06
534.0 0.0010465414237771679 5.099150809367441e-06 2.230776634056622e-07 9.203323323109002e-43 4.47580457821353e-06
535.0 0.0010913433925254588 5.3706250788207576e-06 2.3633243562747326e-07 1.1551219396256393e-42 4.715241485079422e-06
536.0 0.0011378095676629963 5.6550812012574906e-06 2.5030419427709606e-07 1.448484498488956e-42 4.966190773686388e-06
537.0 0.001185990382716303 5.9530598174104265e-06 2.65027468861199e-07 1.814699355226439e-42 5.229135029335517e-06
538.0 0.00123593732626942 6.265120025031958e-06 2.8053821254989376e-07 2.2714452036949052e-42 5.50457345816314e-06
539.0 0.0012877029452399635 6.591839817347848e-06 2.9687384833629693e-07 2.8405896944464343e-42 5.793022288422826e-06
540.0 0.0013413408473105005 6.933816523166204e-06 3.140733160715735e-07 3.549157847869409e-42 6.095015173609507e-06
541.0 0.0013969057024903473 7.291667248236109e-06 3.3217712036320025e-07 4.430518705215383e-42 6.411103597066896e-06
542.0 0.0014544532437783494 7.666029317408856e-06 3.5122737932141546e-07 5.525838112437884e-42 6.741857277682228e-06
543.0 0.001514040266869962 8.057560716989982e-06 3.7126787413024956e-07 6.885855756733483e-42 7.087864576126682e-06
544.0 0.0015757246289061495 8.466940536929716e-06 3.923440994302301e-07 8.573056921831007e-42 7.449732901327205e-06
545.0 0.001639565246198103 8.894869412145748e-06 4.1450331448257486e-07 1.0664324321677853e-41 7.82808911654355e-06
546.0 0.0017056220909157434 9.342069962531243e-06 4.3779459509528443e-07 1.3254173324035607e-41 8.22357994465133e-06
547.0 0.001773956186708779 9.809287231080668e-06 4.6226888628486084e-07 1.645869549407752e-41 8.636872372125213e-06
548.0 0.0018446296031935372 1.0297289119345316e-05 4.87979055635654e-07 2.0420361399693093e-41 9.068654051021234e-06
549.0 0.0019177054493156893 1.0806866819825328e-05 5.149799473359011e-07 2.531386489183524e-41 9.519633698603806e-06
550.0 0.001993247865527929 1.1338835244495084e-05 5.433284368489615e-07 3.1353228634060675e-41 9.990541493901406e-06
551.0 0.0020713220147495584 1.1894033448782889e-05 5.730834861824298e-07 3.880043573364758e-41 1.0482129470582957e-05
552.0 0.002151994072098179 1.247332505043505e-05 6.043061997215358e-07 4.797590638032203e-41 1.099517190564225e-05
553.0 0.002235331213328348 1.3077598642356034e-05 6.370598805754391e-07 5.927120315806642e-41 1.153046570307856e-05
554.0 0.002321401601975189 1.3707768198849014e-05 6.714100873992577e-07 7.316442621909577e-41 1.2088830772053737e-05
555.0 0.0024102743751444706 1.4364773474332451e-05 7.074246916361177e-07 9.023885223003869e-41 1.267111039869754e-05
556.0 0.0025020196279547068 1.50495803939556e-05 7.45173935138621e-07 1.1120548181057596e-40 1.3278171611038301e-05
557.0 0.002596708396558869 1.5763181435052798e-05 7.847304881036557e-07 1.3693029249517952e-40 1.3910905536108819e-05
558.0 0.0026944126397542576 1.650659599882798e-05 8.26169507274674e-07 1.6846715210962422e-40 1.4570227748674596e-05
559.0 0.0027952052191202764 1.7280870771226382e-05 8.695686943422069e-07 2.070975356322007e-40 1.5257078610647144e-05
560.0 0.002899159877683583 1.8087080072282587e-05 9.150083544877648e-07 2.5437841275451306e-40 1.5972423600537065e-05
561.0 0.0030063512170762853 1.8926326193008363e-05 9.625714550030904e-07 3.1219994011317265e-40 1.6717253632101364e-05
562.0 0.003116854673143363 1.9799739718794066e-05 1.0123436839099057e-06 3.82854909376815e-40 1.7492585361258893e-05
563.0 0.003230746490006679 2.0708479838591067e-05 1.064413508517989e-06 4.691222792861197e-40 1.8299461480606277e-05
564.0 0.003348103692542297 2.1653734638805908e-05 1.1188722338401935e-06 5.743675672143049e-40 1.9138951000567814e-05
565.0 0.003469004057240683 2.2636721380885082e-05 1.1758140607829947e-06 7.026634066334927e-40 2.001214951625438e-05
566.0 0.003593526081470033 2.3658686761875134e-05 1.2353361440446588e-06 8.589342060633129e-40 2.0920179459375328e-05
567.0 0.0037217489510619414 2.472090715656692e-05 1.2975386496158704e-06 1.0491295902346787e-39 2.1864190333948885e-05
568.0 0.0038537525062741877 2.582468884068756e-05 1.3625248118194334e-06 1.2804321860700616e-39 2.284535893531077e-05
569.0 0.003989617206041378 2.6971368193641784e-05 1.4304009897732562e-06 1.561506358801773e-39 2.3864889551069372e-05
570.0 0.00412942409055367 2.816231188012936e-05 1.50127672320125e-06 1.902795735616394e-39 2.4924014143383805e-05
571.0 0.004273254742138015 2.939891700951704e-05 1.5752647874909859e-06 2.3168788087402045e-39 2.602399251154396e-05
572.0 0.004421191244407299 3.0682611271752855e-05 1.6524812478893546e-06 2.8188936257420866e-39 2.71661124337498e-05
573.0 0.004573316139696166 3.201485304895227e-05 1.733045512742994e-06 3.4270445974181754e-39 2.83516897872887e-05
574.0 0.0047297123847732415 3.339713150157386e-05 1.8170803856765153e-06 4.1632068358429034e-39 2.958206864612069e-05
575.0 0.004890463304797006 3.48309666279225e-05 1.9047121165890378e-06 5.0536462388019746e-39 3.085862135472133e-05
576.0 0.005055652545557554 3.6317909296223635e-05 1.996070451374208e-06 6.129876833953421e-39 3.218274857747839e-05
577.0 0.005225364023966009 3.7859541247935134e-05 2.0912886802350383e-06 7.429680770358752e-39 3.355587932242629e-05
578.0 0.005399681876807271 3.9457475071323106e-05 2.1905036844815648e-06 8.998320894249129e-39 3.497947093842005e-05
579.0 0.005578690407747095 4.111335414413676e-05 2.2938559816861637e-06 1.0889981183338693e-38 3.645500908467942e-05
580.0 0.005762474032645568 4.282885254465273e-05 2.401489769092841e-06 1.316947657168999e-38 3.798400767201922e-05
581.0 0.005951117223101185 4.4605674929410684e-05 2.5135529651213844e-06 1.5914281027633572e-38 3.956800877423942e-05
582.0 0.006144704448321132 4.6445556377203817e-05 2.630197248873478e-06 1.921693132890607e-38 4.120858250924862e-05
583.0 0.006343320115285395 4.8350262197945616e-05 2.7515780974929424e-06 2.3187874016789385e-38 4.290732688865818e-05
584.0 0.006547048507214335 5.032158770532574e-05 2.877854821245452e-06 2.795883474366347e-38 4.466586763484135e-05
585.0 0.006755973720387081 5.236135795244904e-05 3.009190596196459e-06 3.368680293177524e-38 4.64858579647006e-05
586.0 0.006970179599317437 5.4471427429344706e-05 3.1457524943461255e-06 4.0558740653884327e-38 4.836897833911271e-05
587.0 0.007189749670301728 5.665367972128099e-05 3.287711511079987e-06 4.879714329774088e-38 5.031693617706357e-05
588.0 0.007414767073369737 5.891002712694715e-05 3.435242589798657e-06 5.86666013118295e-38 5.233146553359549e-05
589.0 0.007645314492686436 6.124241023569999e-05 3.5885246435953402e-06 7.048153764074646e-38 5.441432674080954e-05
590.0 0.007881474085402853 6.36527974626819e-05 3.747740573824694e-06 8.461532491075101e-38 5.6567306010818284e-05
591.0 0.008123327409004932 6.614318454101754e-05 3.913077285427233e-06 1.0151102067312659e-37 5.879221499989849e-05
592.0 0.008370955347230974 6.871559397048422e-05 4.084725698882346e-06 1.2169399880577153e-37 6.109089033326008e-05
593.0 0.008624438034522692 7.137207442120357e-05 4.262880758610715e-06 1.4578680137453778e-37 6.346519308909361e-05
594.0 0.008883854779124302 7.411470009211711e-05 4.447741437716094e-06 1.7452658886295366e-37 6.591700824163823e-05
595.0 0.00914928398483662 7.694557002315241e-05 4.6395107389038155e-06 2.0878562882803526e-37 6.844824406224992e-05
596.0 0.009420803071486798 7.986680736043495e-05 4.838395691437766e-06 2.4959533504516583e-37 7.106083147784919e-05
597.0 0.009698488394180917 8.288055857397808e-05 5.044607344000338e-06 2.9817445256715936e-37 7.375672338619469e-05
598.0 0.009982415161325184 8.598899262660647e-05 5.25836075327676e-06 3.5596208056101224e-37 7.653789392682722e-05
599.0 0.010272657351598453 8.919430009456229e-05 5.479874968186073e-06 4.246563362834187e-37 7.940633770803485e-05
600.0 0.010569287629784731 9.249869223793338e-05 5.709373009539076e-06 5.062595923487099e-37 8.236406898813501e-05
601.0 0.010872377261668717 9.590440002158086e-05 5.947081845056227e-06 6.031313681424824e-37 8.541312081162698e-05
602.0 0.011181996027947736 9.941367308512888e-05 6.193232359548018e-06 7.180501277558466e-37 8.855554409888697e-05
603.0 0.011498212137312547 0.00010302877866232569 6.448059320165841e-06 8.54285434561174e-37 9.179340668963167e-05
604.0 0.011821092138708468 0.00010675200044889344 6.7118013365568314e-06 1.0156821403354816e-36 9.512879233931638e-05
605.0 0.01215070083289863 0.00011058563741898589 6.98470081581707e-06 1.2067585490703081e-36 9.856379966852454e-05
606.0 0.012487101183344571 0.00011453200258945845 7.267003912079266e-06 1.4328207972561853e-36 0.00010210054106459245
607.0 0.012830354226570953 0.0001185934217325601 7.558960470658492e-06 1.700096039219078e-36 0.00010574114153596385
608.0 0.01318051898200965 0.00012277223203614754 7.860823966584018e-06 2.0158874244342783e-36 0.00010948773751842582
609.0 0.013537652361453814 0.00012707078071178828 8.172851437424062e-06 2.388754311067037e-36 0.00011334247563350522
610.0 0.013901809078211919 0.0001314914235508047 8.495303410290842e-06 2.828721684606044e-36 0.0001173075113990262
611.0 0.014273041556020808 0.0001360365234280675 8.82844382289686e-06 3.347523351866751e-36 0.00012138500789161215
612.0 0.014651399837839993 0.0001407084487539851 9.172539938574482e-06 3.9588841696388814e-36 0.0001255771343614849
613.0 0.015036931494619368 0.00014550957187491772 9.527862255157278e-06 4.678847356015567e-36 0.00012988606479972164
614.0 0.015429681534074476 0.00015044226742172775 9.894684407587617e-06 5.526153834800664e-36 0.00013431397645766844
615.0 0.015829692309708553 0.00015550891060822232 1.0273283064249406e-05 6.52268159510762e-36 0.00013886304832003474
616.0 0.016237003429995886 0.00016071187547816423 1.0663937816824021e-05 7.693954226820257e-36 0.00014353545953044646
617.0 0.01665165166799985 0.0001660535331030643 1.1066931063700063e-05 9.069729138383193e-36 0.0001483333877713924
618.0 0.01707367087140711 0.000171536249730201 1.1482547886787098e-05 1.0684677498648117e-35 0.00015325900759803021
619.0 0.017503091873146647 0.00017716238488219818 1.1911075921708802e-05 1.2579169695146483e-35 0.00015831448872700242
620.0 0.017939942402707926 0.0001829342894090478 1.2352805221323912e-05 1.4800182095786618e-35 0.0001635019942810188
621.0 0.018384246998188393 0.00018885430349267727 1.2808028112471674e-05 1.7402343172115193e-35 0.00016882367898925772
622.0 0.018836026919305006 0.00019492475460629837 1.3277039045984245e-05 2.044913962681113e-35 0.00017428168734555266
623.0 0.019295300061355783 0.00020114795542833564 1.3760134439846691e-05 2.401430610672479e-35 0.00017987815172415097
624.0 0.019762080870321132 0.00020752620171287782 1.425761251553201e-05 2.818342542255779e-35 0.00018561519045475101
625.0 0.020236380259192936 0.00021406177011763552 1.476977312747663e-05 3.3055769988818436e-35 0.00019149490585766848
626.0 0.020718205525654815 0.00022075691599084425 1.5296917585695936e-05 3.8746419501926817e-35 0.00019751938224039223
627.0 0.0212075602712182 0.0002276138711184282 1.5839348471533606e-05 4.5388694755903606e-35 0.0002036906838566798
628.0 0.021704444321927672 0.00023463484143292153 1.6397369446554613e-05 5.313695302787762e-35 0.00021001085282950914
629.0 0.022208853650751568 0.000241822004685755 1.697128505460282e-05 6.216979673245642e-35 0.00021648190703930356
630.0 0.022720780301789405 0.0002491775080847734 1.7561400517065965e-05 7.26937541375803e-35 0.00022310583797908017
631.0 0.023240212316377778 0.00025670346589839587 1.816802152136325e-05 8.494749895849246e-35 0.00022988460857776817
632.0 0.02376713366127759 0.00026440195702903533 1.879145400275957e-05 9.92066847177525e-35 0.00023682015099402514
633.0 0.02430152415894414 0.00027227502255648033 1.943200391948012e-05 1.1578948000629612e-34 0.0002439143643811675
634.0 0.024843359420107288 0.0002803246632545295 2.008997702128624e-05 1.3506290235099202e-34 0.0002511691126261515
635.0 0.025392610778707195 0.00028855283708225233 2.0765678611543175e-05 1.5745006144730705e-34 0.0002585862220638274
636.0 0.02594924522933193 0.0002969614566524602 2.145941330290154e-05 1.8343843723485956e-34 0.00026616747916877664
637.0 0.02651322536727089 0.00030555238667972725 2.2171484766702215e-05 2.1358933487931314e-34 0.0002739146282268237
638.0 0.0270845093312083 0.000314327441409334 2.2902195476150395e-05 2.4854867740053343e-34 0.00028182936898745484
639.0 0.027663050748839985 0.00032328838203159557 2.365184644353311e-05 2.8905931770840957e-34 0.0002899133543011428
640.0 0.028248798685329528 0.00033243691408191186 2.442073695146309e-05 3.359750754453297e-34 0.000298168187741886
641.0 0.028841697594846363 0.000341774684830724 2.5209164278415973e-05 3.902767306078006e-34 0.000306595421218722
642.0 0.029441687275223692 0.000351303280665306 2.6017423418671552e-05 4.530902357646776e-34 0.00031519655257795286
643.0 0.03004870282584936 0.00036102422446626864 2.6845806796844534e-05 5.257074421942034e-34 0.0003239730231986791
644.0 0.03066267460890123 0.00037093897298175513 2.7694603977205552e-05 6.096096728495369e-34 0.00033292621558432794
645.0 0.03128352821401724 0.00038104891420213136 2.8564101367987104e-05 7.064945172029775e-34 0.0003420574509527106
646.0 0.031911184426487715 0.0003913553647380484 2.9454581920881832e-05 8.183062702360496e-34 0.0003513679868272136
647.0 0.03254555919906128 0.0004018595672048836 3.0366324825957182e-05 9.472704907142237e-34 0.00036085901463184364
648.0 0.033186563627464756 0.0004125626876167757 3.129960520223448e-05 1.0959332130520003e-33 0.00037053165729304265
649.0 0.03383410392969589 0.0004234658127930475 3.2254693784155824e-05 1.2672054132426422e-33 0.0003803869668508092
650.0 0.034488081429240564 0.0004345699477810548 3.3231856604264864e-05 1.464413403287058e-33 0.0003904259220827879
651.0 0.03514839254214706 0.000445876013296861 3.4231354672234844e-05 1.6913559111572424e-33 0.0004006494261426171
652.0 0.0358149287682201 0.00045738484318933077 3.525344365070449e-05 1.952368695557791e-33 0.00041105830421760104
653.0 0.036487576686248184 0.00046909718192898444 3.6298373528067116e-05 2.2523976476147122e-33 0.00042165330120695106
654.0 0.037166217953417666 0.0004810136821260056 3.736638828859895e-05 2.597081446331424e-33 0.00043243507942458925
655.0 0.037850729308925704 0.0004931349020801259 3.845772558019383e-05 2.9928449624536386e-33 0.0004434042163290096
656.0 0.03854098258191948 0.0005054613033666506 3.95726163800991e-05 3.4470047477149196e-33 0.0004545612022840795
657.0 0.03923684470370062 0.0005179932484605277 4.071128465887228e-05 3.96788810481203e-33 0.00046590643835254603
658.0 0.03993817772436345 0.0005307309984034188 4.1873947043024836e-05 4.56496740964234e-33 0.00047744023412676055
659.0 0.04064483883384857 0.0005436747105163802 4.306081247664583e-05 5.249011553140473e-33 0.0004891628055990267
660.0 0.041356680387456046 0.0005568244361616206 4.4272081882372775e-05 6.032256587584714e-33 0.0005010742730747537
661.0 0.04207354993583987 0.000570180118556593 4.550794782207003e-05 6.928597903744608e-33 0.0005131746591314053
662.0 0.04279529025956417 0.0005837415906445073 4.676859415764915e-05 7.953806533210663e-33 0.0005254638866269923
663.0 0.043521739408192234 0.0005975085730239562 4.805419571236524e-05 9.125772467365276e-33 0.0005379417767606016
664.0 0.044252730743928936 0.0006114806719410579 4.936491793298645e-05 1.0464778213751152e-32 0.0005506080471880931
665.0 0.04498809298987861 0.0006256573773481317 5.070091655329361e-05 1.1993806175305073e-32 0.0005634623101966607
666.0 0.04572765028286959 0.0006400380610314693 5.2062337259258014e-05 1.3738883841598912e-32 0.0005765040709406362
667.0 0.04647122223087892 0.0006546219748119246 5.3449315356348656e-05 1.5729471227821994e-32 0.000589732725741975
668.0 0.04721862397503463 0.0006694082488213102 5.486197543936708e-05 1.7998895490955064e-32 0.0006031475604581881
669.0 0.04796966625622419 0.0006843958898583482 5.6300431065281675e-05 2.0584838198137072e-32 0.0006167477489211897
670.0 0.04872415548624288 0.000699583779826608 5.776478442943173e-05 2.352988132462005e-32 0.0006305323514493314
671.0 0.049481893823481386 0.0007149706742578205 5.9255126045558926e-05 2.6882118723563997e-32 0.0006445003134357703
672.0 0.05024267925312519 0.0007305552009235882 6.077153443010219e-05 3.0695840543234616e-32 0.00065865046401598
673.0 0.05100630567190801 0.0007463358585395671 6.231407579128693e-05 3.503229887555499e-32 0.0006729815148181718
674.0 0.05177256297718189 0.0007623110155621239 6.388280372321073e-05 3.996056381034988e-32 0.0006874920587967245
675.0 0.05254123716050843 0.0007784789090839116 6.547775890566841e-05 4.555848005039451e-32 0.000702180569154525
676.0 0.05331211040553517 0.0007948376438284011 6.709896880993625e-05 5.191373532110458e-32 0.0007170453983543567
677.0 0.054084961190193175 0.0008113851912473518 6.87464474110692e-05 5.912505299545773e-32 0.0007320847772230212
678.0 0.05485956439311814 0.0008281193887232785 7.042019490711298e-05 6.730352265889757e-32 0.0007472968141501534
679.0 0.05563569140421514 0.0008450379388791577 7.212019744565283e-05 7.657408377159192e-32 0.0007626794943838549
680.0 0.056413110239378984 0.0008621384089990258 7.384642685824922e-05 8.707717915843319e-32 0.0007782306794265427
681.0 0.057191585659169 0.000879418230559883 7.55988404030414e-05 9.897059678263438e-32 0.0007939481065314954
682.0 0.05797087929142837 0.0008968746988781494 7.737738051604498e-05 1.1243152015142273e-31 0.0008098293883031241
683.0 0.058750749757767444 0.0009145049728728446 7.918197457158732e-05 1.2765880977627607e-31 0.0008258720124030436
684.0 0.05953095280373415 0.000932306074946135 8.10125346521956e-05 1.4487554038168228e-31 0.0008420733413626254
685.0 0.060311241432717384 0.0009502748909852798 8.286895732855147e-05 1.6433182104359898e-31 0.0008584306125057799
686.0 0.06109136604328273 0.0009684081704846027 8.475112344966342e-05 1.8630792815891326e-31 0.0008749409379808407
687.0 0.06187107457001211 0.0009867025267918134 8.665889794390528e-05 2.1111778412285466e-31 0.0008916013049055568
688.0 0.06265011262761301 0.0010051544374782297 8.859212963116082e-05 2.391128178419224e-31 0.0009084085756249032
689.0 0.06342822365824527 0.0010237602448351813 9.055065104655439e-05 2.7068624676103645e-31 0.0009253594880838714
690.0 0.0642051490818604 0.0010425161564964207 9.253427827603563e-05 3.0627782395933296e-31 0.000942450656315195
691.0 0.06498062844951308 0.0010614182461888921 9.454281080431376e-05 3.4637909809812093e-31 0.0009596785710442412
692.0 0.06575439959946904 0.0010804624546120111 9.657603137544293e-05 3.915392386148079e-31 0.0009770396004113132
693.0 0.06652619881593184 0.0010996445904454006 9.863370586634625e-05 4.4237148358068415e-31 0.0009945299908114215
694.0 0.06729576099032761 0.0011189603314869338 0.0001007155831737357 4.995602731133883e-31 0.0010121458678533028
695.0 0.06806281978490612 0.0011384052259197964 0.00010282139511460748 5.6386913718988344e-31 0.0010298832374366297
696.0 0.06882710779859488 0.001157974693710172 0.00010495085634075215 6.3614941318708315e-31 0.0010477379869489626
697.0 0.06958835673489572 0.0011776640281346029 0.00010710366426749026 7.173498755212936e-31 0.001065705886581692
698.0 0.07034629757166662 0.0011974683974368193 0.00010927949901691124 8.08527367414215e-31 0.001083782590764887
699.0 0.07110066073266312 0.001217382846614297 0.00011147802337593471 9.108585331282171e-31 0.0011019636397213827
700.0 0.07185117626064408 0.0012374022993334839 0.0001136988827693943 1.025652758038547e-30 0.001120244461139249
