200.0 0.0 0.0 0.0 0.0 0.0
201.0 0.0 0.0 0.0 0.0 0.0
202.0 0.0 0.0 0.0 0.0 0.0
203.0 0.0 0.0 0.0 0.0 0.0
204.0 0.0 0.0 0.0 0.0 0.0
205.0 0.0 0.0 0.0 0.0 0.0
206.0 0.0 0.0 0.0 0.0 0.0
207.0 0.0 0.0 0.0 0.0 0.0
208.0 0.0 0.0 0.0 0.0 0.0
209.0 0.0 0.0 0.0 0.0 0.0
210.0 0.0 0.0 0.0 0.0 0.0
211.0 0.0 0.0 0.0 0.0 0.0
212.0 0.0 0.0 0.0 0.0 0.0
213.0 0.0 0.0 0.0 0.0 0.0
214.0 0.0 0.0 0.0 0.0 0.0
215.0 0.0 0.0 0.0 0.0 0.0
216.0 0.0 0.0 0.0 0.0 0.0
217.0 0.0 0.0 0.0 0.0 0.0
218.0 0.0 0.0 0.0 0.0 0.0
219.0 0.0 0.0 0.0 0.0 0.0
220.0 0.0 0.0 0.0 0.0 0.0
221.0 0.0 0.0 0.0 0.0 0.0
222.0 0.0 0.0 0.0 0.0 0.0
223.0 0.0 0.0 0.0 0.0 0.0
224.0 0.0 0.0 0.0 0.0 0.0
225.0 0.0 0.0 0.0 0.0 0.0
226.0 0.0 0.0 0.0 0.0 0.0
227.0 0.0 0.0 0.0 0.0 0.0
228.0 0.0 0.0 0.0 0.0 0.0
229.0 0.0 0.0 0.0 0.0 0.0
230.0 0.0 0.0 0.0 0.0 0.0
231.0 0.0 0.0 0.0 0.0 0.0
232.0 0.0 0.0 0.0 0.0 0.0
233.0 0.0 0.0 0.0 0.0 0.0
234.0 0.0 0.0 0.0 0.0 0.0
235.0 0.0 0.0 0.0 0.0 0.0
236.0 0.0 0.0 0.0 0.0 0.0
237.0 0.0 0.0 0.0 0.0 0.0
238.0 0.0 0.0 0.0 0.0 0.0
239.0 0.0 0.0 0.0 0.0 0.0
240.0 0.0 0.0 0.0 0.0 0.0
241.0 0.0 0.0 0.0 0.0 0.0
242.0 0.0 0.0 0.0 0.0 0.0
243.0 0.0 0.0 0.0 0.0 0.0
244.0 0.0 0.0 0.0 0.0 0.0
245.0 0.0 0.0 0.0 0.0 0.0
246.0 0.0 0.0 0.0 0.0 0.0
247.0 0.0 0.0 0.0 0.0 0.0
248.0 0.0 0.0 0.0 0.0 0.0
249.0 0.0 0.0 0.0 0.0 0.0
250.0 0.0 0.0 0.0 0.0 0.0
251.0 0.0 0.0 0.0 0.0 0.0
252.0 0.0 0.0 0.0 0.0 0.0
253.0 0.0 0.0 0.0 0.0 0.0
254.0 0.0 0.0 0.0 0.0 0.0
255.0 0.0 0.0 0.0 0.0 0.0
256.0 0.0 0.0 0.0 0.0 0.0
257.0 0.0 0.0 0.0 0.0 0.0
258.0 0.0 0.0 0.0 0.0 0.0
259.0 0.0 0.0 0.0 0.0 0.0
260.0 0.0 0.0 0.0 0.0 0.0
261.0 0.0 0.0 0.0 0.0 0.0
262.0 0.0 0.0 0.0 0.0 0.0
263.0 0.0 0.0 0.0 0.0 0.0
264.0 0.0 0.0 0.0 0.0 0.0
265.0 0.0 0.0 0.0 0.0 0.0
266.0 0.0 0.0 0.0 0.0 0.0
267.0 0.0 0.0 0.0 0.0 0.0
268.0 0.0 0.0 0.0 0.0 0.0
269.0 0.0 0.0 0.0 0.0 0.0
270.0 0.0 0.0 0.0 0.0 0.0
271.0 0.0 0.0 0.0 0.0 0.0
272.0 0.0 0.0 0.0 0.0 0.0
273.0 0.0 0.0 0.0 0.0 0.0
274.0 0.0 0.0 0.0 0.0 0.0
275.0 0.0 0.0 0.0 0.0 0.0
276.0 0.0 0.0 0.0 0.0 0.0
277.0 0.0 0.0 0.0 0.0 0.0
278.0 0.0 0.0 0.0 0.0 0.0
279.0 0.0 0.0 0.0 0.0 0.0
280.0 0.0 0.0 0.0 0.0 0.0
281.0 0.0 0.0 0.0 0.0 0.0
282.0 0.0 0.0 0.0 0.0 0.0
283.0 0.0 0.0 0.0 0.0 0.0
284.0 0.0 0.0 0.0 0.0 0.0
285.0 0.0 0.0 0.0 0.0 0.0
286.0 0.0 0.0 0.0 0.0 0.0
287.0 0.0 0.0 0.0 0.0 0.0
288.0 0.0 0.0 0.0 0.0 0.0
289.0 0.0 0.0 0.0 0.0 0.0
290.0 0.0 0.0 0.0 0.0 0.0
291.0 0.0 0.0 0.0 0.0 0.0
292.0 0.0 0.0 0.0 0.0 0.0
293.0 0.0 0.0 0.0 0.0 0.0
294.0 0.0 0.0 0.0 0.0 0.0
295.0 0.0 0.0 0.0 0.0 0.0
296.0 0.0 0.0 0.0 0.0 0.0
297.0 0.0 0.0 0.0 0.0 0.0
298.0 0.0 0.0 0.0 0.0 0.0
299.0 0.0 0.0 0.0 0.0 0.0
300.0 0.0 0.0 0.0 0.0 0.0
301.0 0.0 0.0 0.0 0.0 0.0
302.0 0.0 0.0 0.0 0.0 0.0
303.0 0.0 0.0 0.0 0.0 0.0
304.0 0.0 0.0 0.0 0.0 0.0
305.0 0.0 0.0 0.0 0.0 0.0
306.0 0.0 0.0 0.0 0.0 0.0
307.0 0.0 0.0 0.0 0.0 0.0
308.0 0.0 0.0 0.0 0.0 0.0
309.0 1.0918245227240956e-16 1.82123676469013e-18 4.9382783364329045e-23 4.275844179123322e-87 8.797333417292006e-21
310.0 1.0915788951351053e-16 1.8450302436241624e-18 5.175403660018351e-23 7.429287399302413e-87 9.066906767948455e-21
311.0 1.0913314936185809e-16 1.8689727212853926e-18 5.422262620773532e-23 1.286258222316271e-86 9.34289773865145e-21
312.0 1.0910823160970797e-16 1.8930634978743046e-18 5.679182012959228e-23 2.219114571234071e-86 9.62540923739608e-21
313.0 1.0908313603450327e-16 1.9173018648310855e-18 5.946496872138688e-23 3.815192831702989e-86 9.914544772149174e-21
314.0 1.0905786239834808e-16 1.941687104970267e-18 6.22455059847566e-23 6.536615404248497e-86 1.0210408437578912e-20
315.0 2.1806482089486387e-16 3.932436985223964e-18 1.302739015953642e-22 2.2322011114265249e-85 2.1026209803228075e-20
316.0 2.180135598229448e-16 3.9817905874221825e-18 1.3628581628344203e-22 3.798496779283403e-85 2.164547878368548e-20
317.0 3.26942911509498e-16 6.047150297951601e-18 2.138012109768703e-22 9.663254923805054e-85 3.341825304525949e-20
318.0 3.2686494575290955e-16 6.1220464770964466e-18 2.235396546144709e-22 1.6334264010240888e-84 3.4389738230456686e-20
319.0 4.357152553274213e-16 8.263162857857296e-18 3.1154088958509657e-22 3.6693043376376726e-84 4.717732560171621e-20
320.0 5.44512329520632e-16 1.0455208330075028e-17 4.06935222440907e-22 7.702325554431909e-84 6.066390489838539e-20
321.0 6.53255626640982e-16 1.2698605437963597e-17 5.101364294641743e-22 1.5471313074815356e-83 7.487221578597533e-20
322.0 7.619446034145232e-16 1.499377357613272e-17 6.215751556032659e-22 3.0116675373669443e-83 8.982543251959608e-20
323.0 8.705787148815561e-16 1.7341128952255338e-17 7.416993908680201e-22 5.724716110067684e-83 1.0554716620101758e-19
324.0 1.0879526825445087e-15 2.1934538389310224e-17 9.677499486750301e-22 1.1864614045365995e-82 1.3562385216296853e-19
325.0 1.1964481682840371e-15 2.441345510434132e-17 1.1108745802157826e-21 2.157164223924087e-82 1.5333210856218783e-19
326.0 1.52236812037901e-15 3.143691347348761e-17 1.4750087285768355e-21 4.523922626343561e-82 2.0053877142310515e-19
327.0 1.7394073912331232e-15 3.634751121283937e-17 1.758194095399666e-21 8.493285277104345e-82 2.354758679386027e-19
328.0 2.1737032112503102e-15 4.5961621559885175e-17 2.2916284845709956e-21 1.7387552126887909e-81 3.023704957371928e-19
329.0 2.4991150324464608e-15 5.346529098454054e-17 2.7472460351156966e-21 3.265014535456228e-81 3.57147640409567e-19
330.0 3.0416121589564306e-15 6.583385156464453e-17 3.485558551278356e-21 6.471010509966999e-81 4.464951056575867e-19
331.0 3.583821484280302e-15 7.847312810308533e-17 4.280189988153937e-21 1.2379538709472512e-80 5.403064643323318e-19
332.0 4.2343123212156744e-15 9.378996118986555e-17 5.2691380415818875e-21 2.3678969315344133e-80 6.55522867582244e-19
333.0 5.1015390633866176e-15 1.1429929003674458e-16 6.612881911690703e-21 4.605177227953261e-80 8.108643404896796e-19
334.0 5.968295902744165e-15 1.3524828230145184e-16 8.056874075038404e-21 8.671922813554177e-80 9.738024083405611e-19
335.0 7.16003442050815e-15 1.640990734948979e-16 1.00635864836851e-20 1.669805713769538e-79 1.1990608352307398e-18
336.0 8.45957429917561e-15 1.960739562889166e-16 1.2376656334530252e-20 3.1576354428163394e-79 1.453827675898698e-18
337.0 9.975247427164874e-15 2.338010728827238e-16 1.5187709565162523e-20 5.942751371126407e-79 1.758975209455075e-18
338.0 1.1815265846135125e-14 2.800199890672209e-16 1.8716448346485563e-20 1.1203566733463462e-78 2.1373963053997383e-18
339.0 1.3979352759604078e-14 3.3498615780058613e-16 2.3034394474822877e-20 2.104059156484756e-78 2.5939919029433616e-18
340.0 1.6467227876425042e-14 3.9895724139181223e-16 2.8217554929302615e-20 3.923458921823809e-78 3.1338420353464584e-18
341.0 1.9386914165934317e-14 4.748458539540196e-16 3.453957255796333e-20 7.292309243184038e-78 3.783345279818154e-18
342.0 2.2738032955611624e-14 5.62998518775114e-16 4.2108683616889283e-20 1.3466581451246555e-77 4.5495355350611586e-18
343.0 2.673669226095332e-14 6.691831083716489e-16 5.1456344741668546e-20 2.4866271848089708e-77 5.484101440761744e-18
344.0 3.1490533817077714e-14 7.966600162315303e-16 6.296897063299056e-20 4.5871403214833534e-77 6.6206215211030364e-18
345.0 3.6890700346410433e-14 9.432756295055734e-16 7.662711358102448e-20 8.394760075105743e-77 7.948669232318151e-18
346.0 4.326106162561171e-14 1.1179460535938336e-15 9.33224752470342e-20 1.5339038007085567e-76 9.551506434002559e-18
347.0 5.0708860638285366e-14 1.3242895838002464e-15 1.1357997769595569e-19 2.794372021178585e-76 1.1470824846116197e-17
348.0 5.934120292473372e-14 1.5660462963548226e-15 1.3797781975198314e-19 5.069388402318628e-76 1.3751266069712615e-17
349.0 6.937311227715284e-14 1.8499606916783655e-15 1.6741180530973619e-19 9.164275536775725e-76 1.6466186497707183e-17
350.0 8.101934272461963e-14 2.1830177266519944e-15 2.0287724820433953e-19 1.6509033754031646e-75 1.9694572655038962e-17
351.0 9.46023679084633e-14 2.5753849488639984e-15 2.457564439916318e-19 2.9661179305887835e-75 2.3548152474839795e-17
352.0 1.1022833127322694e-13 3.03165356477272e-15 2.9700498964204273e-19 5.304808801480847e-75 2.809225135364539e-17
353.0 1.2843493710563537e-13 3.568539582032447e-15 3.5886523982547864e-19 9.46445129616314e-75 3.3508652401258265e-17
354.0 1.4954341741667812e-13 4.197306331574428e-15 4.332155949922547e-19 1.6833325652227465e-74 3.993595198420816e-17
355.0 1.7398243962925872e-13 4.9326470354533236e-15 5.2244716326000795e-19 2.9844330166971806e-74 4.755192266700382e-17
356.0 2.021801043023767e-13 5.7897490514008805e-15 6.291988380957762e-19 5.272551142126284e-74 5.654711545864632e-17
357.0 2.346717322272501e-13 6.787415756830322e-15 7.567212092390706e-19 9.282178927418384e-74 6.715620069880571e-17
358.0 2.723152115991302e-13 7.954516317670591e-15 9.096754706629902e-19 1.6298858080519202e-73 7.972507485154935e-17
359.0 3.1564410828202795e-13 9.311375036776566e-15 1.0921097089389781e-18 2.852179648038193e-73 9.452861077351805e-17
360.0 3.6562201932980026e-13 1.0891783134374402e-14 1.3099966274463895e-18 4.976357702073939e-73 1.1199169154338323e-16
361.0 4.2310357525892584e-13 1.2727417775477933e-14 1.5695304421696406e-18 8.654468552490756e-73 1.3253598299683114e-16
362.0 4.892650938146973e-13 1.4860774568037867e-14 1.878750680683961e-18 1.500634668256979e-72 1.5671523228163202e-16
363.0 5.652812679997531e-13 1.7335734871423662e-14 2.246511922596491e-18 2.593958484997157e-72 1.8512203244887808e-16
364.0 6.525402517954596e-13 2.0204236674389864e-14 2.6834201779067326e-18 4.470046655682133e-72 2.1846127593626622e-16
365.0 7.527508025765495e-13 2.352995336962368e-14 3.2024956137343353e-18 7.680842164789587e-72 2.575962715464628e-16
366.0 8.677267486574867e-13 2.7381985038876033e-14 3.8185247470564e-18 1.315975544082052e-71 3.0348727652344673e-16
367.0 9.993867727287527e-13 3.183502795913085e-14 4.548220954944592e-18 2.2478521154767915e-71 3.5719770067776596e-16
368.0 1.1500764317355932e-12 3.697990665229998e-14 5.411911328901109e-18 3.8282463766295516e-71 4.2001822309604456e-16
369.0 1.3225673903819996e-12 4.292421285281214e-14 6.4339711990451426e-18 6.5014064796567e-71 4.934860108250494e-16
370.0 1.5198419578119357e-12 4.978591742765876e-14 7.642211023592149e-18 1.1010043847834438e-70 5.79322927409455e-16
371.0 1.74509265715752e-12 5.769370649750198e-14 9.068197540932873e-18 1.8590984837683658e-70 6.79447776495046e-16
372.0 2.0022581251337655e-12 6.680521468834914e-14 1.0750474827505332e-17 3.130377803294195e-70 7.96202275558741e-16
373.0 2.2955928161573754e-12 7.729371180723116e-14 1.2733018586043402e-17 5.256190222390644e-70 9.322122804018584e-16
374.0 2.6299879280422005e-12 8.935953448085484e-14 1.5067584973394203e-17 8.801230693186995e-70 1.0905399476195706e-15
375.0 3.010863016269617e-12 1.0322739646716686e-13 1.781391264628599e-17 1.4696539095426617e-69 1.2746716303135148e-15
376.0 3.4444862829553448e-12 1.1915833784682498e-13 2.1042476676064807e-17 2.447433908477618e-69 1.4886866906221998e-15
377.0 3.937651680710469e-12 1.374398286372961e-13 2.483361839302771e-17 4.064631633915498e-69 1.7371610021612803e-15
378.0 4.498213006534137e-12 1.5840546212159555e-13 2.9281940883327233e-17 6.732294558880087e-69 2.0254405668544502e-15
379.0 5.134867795817386e-12 1.8242900420380265e-13 3.449638989194285e-17 1.112090577051547e-68 2.3596012799450437e-15
380.0 5.857583426574828e-12 2.099410704842255e-13 4.060461329137622e-17 1.8321984285110216e-68 2.746700051685514e-15
381.0 6.677380699992936e-12 2.4142338959943123e-13 4.775337725273025e-17 3.010684652234156e-68 3.194744858161418e-15
382.0 7.606545385694809e-12 2.7741828475480153e-13 5.61119778784203e-17 4.9342398816281816e-68 3.7128640514609856e-15
383.0 8.659052940895073e-12 3.1854641527304534e-13 6.587768563665353e-17 8.065883271072273e-68 4.311596784111355e-15
384.0 9.850458187159232e-12 3.655054939950492e-13 7.727773809097543e-17 1.315128610845164e-67 5.002940086608094e-15
385.0 1.1198212223421956e-11 4.1908480827773156e-13 9.057481345809233e-17 2.1388416821352258e-67 5.800614560039815e-15
386.0 1.272187181813703e-11 4.801763144889979e-13 1.0607226575192999e-16 3.469711123736795e-67 6.720296593211562e-15
387.0 1.4443094860635228e-11 5.497780202560089e-13 1.241180642119536e-16 5.614555474488666e-67 7.779753007395953e-15
388.0 1.638638223301457e-11 6.290260419549866e-13 1.451155865959565e-16 9.062700758774236e-67 8.999390496095748e-15
389.0 1.857885842642161e-11 7.191909203885992e-13 1.695270986481222e-16 1.4592368340727781e-66 1.0402319720140833e-14
390.0 2.1051011587081665e-11 8.217110021879354e-13 1.9788623556243464e-16 2.3438549774074198e-66 1.201495972369503e-14
391.0 2.383657952596971e-11 9.381936881915478e-13 2.3080380538791903e-16 3.7555842886346385e-66 1.3867201002747094e-14
392.0 2.6973500609663524e-11 1.0704587676768163e-12 2.6898444173942363e-16 6.003125705032548e-66 1.599320078155993e-14
393.0 3.05036914174532e-11 1.2205367210042296e-12 3.1323333365705424e-16 9.572727109911163e-66 1.8431542266851342e-14
394.0 3.447410143359248e-11 1.390718161057386e-12 3.6447660478787114e-16 1.5228664199032604e-65 2.1226175581765006e-14
395.0 3.893670146869548e-11 1.5835620480983196e-12 4.2377260696613987e-16 2.4169171441009185e-65 2.4426773736045996e-14
396.0 4.394964121901728e-11 1.8019518873285859e-12 4.923369790109998e-16 3.826886295996119e-65 2.808984805015655e-14
397.0 4.957712854211747e-11 2.0491014626221697e-12 5.715559507979302e-16 6.045312027357221e-65 3.227912752886138e-14
398.0 5.589079577027593e-11 2.3286223706702822e-12 6.630179238805113e-16 9.527739255578616e-65 3.70669319002108e-14
399.0 6.297010669373141e-11 2.6445540798776337e-12 7.685370451532619e-16 1.4981897881612157e-64 4.253501348270051e-14
400.0 7.090297436529174e-11 3.0014038306133546e-12 8.90181378863216e-16 2.3504757586984423e-64 4.8775594267736746e-14
401.0 7.978722558402302e-11 3.4042240077914796e-12 1.030314528293073e-15 3.679299206381197e-64 5.589306397557056e-14
402.0 8.97310007362262e-11 3.858646797248158e-12 1.1916276509402011e-15 5.746475223615022e-64 6.40050539239623e-14
403.0 1.0085421198888609e-10 4.370965651098782e-12 1.3771883708591175e-15 8.955142977773509e-64 7.324433757909044e-14
404.0 1.1328946733855481e-10 4.948196515922458e-12 1.5904872046155946e-15 1.3924669740156604e-63 8.376047932222883e-14
405.0 1.2718341515667468e-10 5.598159603084625e-12 1.835494139774227e-15 2.16045571650654e-63 9.572190589981865e-14
406.0 1.4269850785460693e-10 6.329582656397498e-12 2.1167267709554097e-15 3.344734281220137e-63 1.0931844289753773e-13
407.0 1.600139135149689e-10 7.152169923835192e-12 2.439312153765426e-15 5.167019823643925e-63 1.247633704697754e-13
408.0 1.793276932701488e-10 8.076730208955331e-12 2.809073472797369e-15 7.965038406084382e-63 1.4229660349463265e-13
409.0 2.008582317384055e-10 9.11527571354103e-12 3.232613213353946e-15 1.2252119435710426e-62 1.6218749874227494e-13
410.0 2.2484682472602281e-10 1.0281176983664354e-11 3.717422564515499e-15 1.8806904414974766e-62 1.8473878833838896e-13
411.0 2.515592023187886e-10 1.158927441211363e-11 4.271983367537328e-15 2.8807962441613675e-62 2.1028990427999468e-13
412.0 2.8128831313756807e-10 1.3056051719155555e-11 4.905900419652242e-15 4.403555333851864e-62 2.3922157437516397e-13
413.0 3.143567826538016e-10 1.4699800277562173e-11 5.630040314546507e-15 6.717327352676946e-62 2.7196045282914176e-13
414.0 3.5111989015371957e-10 1.6540813324277944e-11 6.456692011925896e-15 1.0225822630975889e-61 3.089845063310028e-13
415.0 3.9196842984058723e-10 1.8601581250734038e-11 7.399739647104637e-15 1.5535134384357021e-61 3.508286528126466e-13
416.0 4.3733198303059683e-10 2.0907012929171862e-11 8.47485824037314e-15 2.3553361380528975e-61 3.9809113280859626e-13
417.0 4.876830210648906e-10 2.3484704334692318e-11 9.69974298173915e-15 3.5638406783061514e-61 4.514410585514094e-13
418.0 5.435404672234296e-10 2.6365190017882776e-11 1.1094348111982507e-14 5.3816736641462544e-61 5.116259544534924e-13
419.0 6.054739817257404e-10 2.958223792349072e-11 1.2681161071542171e-14 8.110659608107634e-61 5.794804565847975e-13
420.0 6.741088617741548e-10 3.317318407736418e-11 1.4485513481065688e-14 1.2199465961174444e-60 6.559361625523471e-13
421.0 7.501308182021633e-10 3.717927212994644e-11 1.653591641277457e-14 1.8313747394477363e-60 7.420319896678086e-13
422.0 8.342917843602578e-10 4.164605521359705e-11 1.8864447136376e-14 2.7439194178250256e-60 8.38926210812992e-13
423.0 9.274157029167472e-10 4.662380974760502e-11 2.1507168641569442e-14 4.103260820547917e-60 9.479092311949579e-13
424.0 1.0304048148006142e-09 5.216798776600883e-11 2.450459619540493e-14 6.124297745935666e-60 1.0704176737187736e-12
425.0 1.1442469723618e-09 5.833973572690458e-11 2.7902227729163755e-14 9.123440910756537e-60 1.208050409653656e-12
426.0 1.2700230286240787e-09 6.520643378046659e-11 3.175112090620857e-14 1.3565691782261053e-59 1.3625856685043416e-12
427.0 1.4089148254885828e-09 7.284228282806826e-11 3.6108533090349574e-14 2.0133150451838724e-59 1.5359998392856946e-12
428.0 1.5622145110209493e-09 8.132897899698817e-11 4.103864867307737e-14 2.9824534854853067e-59 1.7304888791091188e-12
429.0 1.7313337142602408e-09 9.07564018556722e-11 4.661336306493376e-14 4.409946300818952e-59 1.9484908743457038e-12
430.0 1.9178141464605356e-09 1.0122339895362427e-10 5.291316927622835e-14 6.508727959360603e-59 2.1927115729232237e-12
431.0 2.1233383672944703e-09 1.1283860338840172e-10 6.002812159273096e-14 9.588872285168797e-59 2.46615164602594e-12
432.0 2.3497422818900862e-09 1.2572136874995787e-10 6.80589263943039e-14 1.410109822105239e-58 2.7721375968079518e-12
433.0 2.5990281070996727e-09 1.4000275803204478e-10 7.711813532346001e-14 2.069939701141616e-58 3.114355079102798e-12
434.0 2.87337801238304e-09 1.5582659901895241e-10 8.733145412354717e-14 3.0331023845531874e-58 3.496884995965354e-12
435.0 3.17516957881943e-09 1.7335067047906032e-10 9.8839211217708e-14 4.4365594133565034e-58 3.924243941812994e-12
436.0 3.50699202435885e-09 1.9274796618745912e-10 1.1179796740522957e-13 6.477994553844111e-58 4.401427976187998e-12
437.0 3.871663607116174e-09 2.1420806173545322e-10 1.2638229031039523e-13 9.442239848010898e-58 4.933960431029814e-12
438.0 4.272250720648567e-09 2.379386159930539e-10 1.4278672371051544e-13 1.3738987962272595e-57 5.527944655187262e-12
439.0 4.712088151394364e-09 2.6416698210653575e-10 1.6122795012054717e-13 1.995651812077671e-57 6.1901213177141195e-12
440.0 5.194800698969741e-09 2.93141942604754e-10 1.8194716810971046e-13 2.8938105289474875e-57 6.92793079201099e-12
441.0 5.724327086781823e-09 3.2513562507782206e-10 2.052127339493478e-13 4.1890511509518824e-57 7.749582167040553e-12
442.0 6.3049447992234575e-09 3.6044552667249054e-10 2.313230402190643e-13 6.053776410575738e-57 8.66412744372763e-12
443.0 6.941297603890994e-09 3.99396751293757e-10 2.606097131794227e-13 8.73387749346953e-57 9.681543619501069e-12
444.0 7.638424290493322e-09 4.4234438177196197e-10 2.934410997503619e-13 1.2579478216216026e-56 1.0812821095711355e-11
445.0 8.401789965845728e-09 4.896760685725743e-10 3.3022611640942084e-13 1.8088298999505904e-56 1.2070060646759705e-11
446.0 9.237319993296844e-09 5.418148472544574e-10 3.7141849263737446e-13 2.5966722070394533e-56 1.3466579602321191e-11
447.0 1.015143531686545e-08 5.992221176134435e-10 4.175213883223127e-13 3.7215640949748615e-56 1.5017025932020804e-11
448.0 1.1151091333420315e-08 6.624009170584078e-10 4.690925007530449e-13 5.32509649818512e-56 1.6737503859169226e-11
449.0 1.2243819049768249e-08 7.318994224446131e-10 5.267496470682301e-13 7.607249450077431e-56 1.8645709801228027e-11
450.0 1.343776923224427e-08 8.08314729397375e-10 5.911768871086992e-13 1.085002093922807e-55 2.076108027960308e-11
451.0 1.4741759735414764e-08 8.922969287856083e-10 6.631312354438519e-13 1.545043621455434e-55 2.310495276734539e-11
452.0 1.6165326194818882e-08 9.8455350050897e-10 7.434500148281711e-13 2.196658948396076e-55 2.5700740494988122e-11
453.0 1.7718775750804557e-08 1.0858540136307885e-09 8.330588827297548e-13 3.1181762766312703e-55 2.8574121455345778e-11
454.0 1.941324522517251e-08 1.1970352291241256e-09 9.329806465007688e-13 4.419358341119457e-55 3.1753244680263744e-11
455.0 2.1260762689785742e-08 1.3190065518304104e-09 1.0443448751726153e-12 6.2537805847659426e-55 3.526895302979815e-11
456.0 2.327431363744679e-08 1.4527559168384965e-09 1.1683984237949988e-12 8.835990401106622e-55 3.9155025386848553e-11
457.0 2.5467911310587425e-08 1.5993560952992496e-09 1.3065169146191463e-12 1.2465257938861417e-54 4.344843858085886e-11
458.0 2.7856671773461542e-08 1.7599714684864224e-09 1.4602172727992458e-12 1.7558401157095162e-54 4.818965109355562e-11
459.0 3.045689441197497e-08 1.9358653270134846e-09 1.6311714281017722e-12 2.4695084547533866e-54 5.342291091522558e-11
460.0 3.3286147204579846e-08 2.1284076685416957e-09 1.8212212307183982e-12 3.4680238114048525e-54 5.919658770286768e-11
461.0 3.6363357649957316e-08 2.3390835645877917e-09 2.0323947134097192e-12 4.86299403176094e-54 6.556353208168951e-11
462.0 3.9708910641275846e-08 2.56950219596127e-09 2.2669238676247413e-12 6.80894136174382e-54 7.258146588056487e-11
463.0 4.334475087693074e-08 2.8214064195610792e-09 2.5272639025589532e-12 9.519489946852472e-54 8.031340053587192e-11
464.0 4.729449376172457e-08 3.096683138640172e-09 2.8161143165364143e-12 1.3289541479108402e-53 8.882809241290302e-11
465.0 5.158354186867395e-08 3.3973743074975398e-09 3.136441735473601e-12 1.8525609752681132e-53 9.820053153093208e-11
466.0 5.6239209980166564e-08 3.725688786707661e-09 3.4915048190302684e-12 2.578725728111413e-53 1.0851247111226585e-10
467.0 6.129085761838572e-08 4.084015000601995e-09 3.884881311034132e-12 3.584361635216568e-53 1.198529980104762e-10
468.0 6.677002920481426e-08 4.474934427881443e-09 4.320497385757538e-12 4.9750376489247345e-53 1.3231914634356197e-10
469.0 7.271060412912672e-08 4.9012361010456964e-09 4.802659590989086e-12 6.89545031579864e-53 1.4601656104126176e-10
470.0 7.914895572755463e-08 5.365932075105876e-09 5.336089499367433e-12 9.543647714243471e-53 1.610602118848405e-10
471.0 8.612411909122269e-08 5.872273885817505e-09 5.925961240011036e-12 1.3190322909150567e-52 1.7757516037231228e-10
472.0 9.367797067798554e-08 6.423770226880444e-09 6.577942303907485e-12 1.8204947979392823e-52 1.956973881690626e-10
473.0 1.0185541779511741e-07 7.0242057465750644e-09 7.298237707212403e-12 2.5091125145120094e-52 2.1557468623897436e-10
474.0 1.107045996893587e-07 7.677661112876706e-09 8.09363785257195e-12 3.4534340757673345e-52 2.3736761127751597e-10
475.0 1.2027710054400556e-07 8.388534401415508e-09 8.971570351240948e-12 4.7466386270248695e-52 2.612505134098389e-10
476.0 1.3062817569230292e-07 9.16156393252096e-09 9.940156159847221e-12 6.515214660516536e-52 2.8741264149275114e-10
477.0 1.418169907206932e-07 1.0001852572462251e-08 1.1008270285819279e-11 8.930636532376805e-52 3.1605932910131656e-10
478.0 1.5390687414690402e-07 1.091489358484393e-08 1.2185607403825207e-11 1.2225053155045765e-51 3.4741326658850747e-10
479.0 1.6696558586795714e-07 1.1906598228091083e-08 1.3482752868555462e-11 1.6712339743866817e-51 3.817158683149929e-10
480.0 1.8106560021439896e-07 1.298332506116365e-08 1.491125937388651e-11 2.2816308690278567e-51 4.192287369846121e-10
481.0 1.9628440538165163e-07 1.415191112772075e-08 1.648372975482761e-11 3.1108464879499746e-51 4.602352337476406e-10
482.0 2.127048203856805e-07 1.5419705149472665e-08 1.8213906413262708e-11 4.235846906339798e-51 5.050421617851041e-10
483.0 2.304153291627182e-07 1.6794602751913114e-08 2.0116767746781616e-11 5.760149944197332e-51 5.539815678145834e-10
484.0 2.4951043394985454e-07 1.8285083929055956e-08 2.220863219624204e-11 7.822805486546117e-51 6.074126721280177e-10
485.0 2.7009102834929757e-07 1.9900252832970077e-08 2.450727041755327e-11 1.0610352337374244e-50 6.657239341499918e-10
486.0 2.9226479036816696e-07 2.1649879967152294e-08 2.703202609821329e-11 1.4372717966560091e-50 7.293352604752972e-10
487.0 3.161465979290826e-07 2.354444702798314e-08 2.98039461714382e-11 1.9444334768542532e-50 7.987003681354457e-10
488.0 3.41858965904203e-07 2.5595194388875815e-08 3.284592090719037e-11 2.627214905957092e-50 8.743093078164732e-10
489.0 3.69532508141381e-07 2.7814171551308786e-08 3.618283480144663e-11 3.5452726592422254e-50 9.566911631190796e-10
490.0 3.9930642280083904e-07 3.021429050846962e-08 3.984172874622907e-11 4.77813477688396e-50 1.0464169295023803e-09
491.0 4.313290044350545e-07 3.280938235112141e-08 4.385197448407821e-11 6.431688688859537e-50 1.1441025898830842e-09
492.0 4.6575818270415356e-07 3.561425718574909e-08 4.8245462062527034e-11 8.646744485158077e-50 1.2504123954240567e-09
493.0 5.027620896101836e-07 3.864476758797269e-08 5.305680124182946e-11 1.1610323634831888e-49 1.3660623656373338e-09
494.0 5.42519655808526e-07 4.191787571808455e-08 5.832353772635039e-11 1.5570522555607175e-49 1.4918240189851623e-09
495.0 5.852212380365639e-07 4.545172434268125e-08 6.408638529330165e-11 2.0856059552770283e-49 1.6285283496578275e-09
496.0 6.310692784733238e-07 4.9265711917403045e-08 7.038947482213737e-11 2.7901950026767337e-49 1.7770700635254403e-09
497.0 6.802789972241994e-07 5.338057191850499e-08 7.728062132023679e-11 3.728319109517533e-49 1.938412087808582e-09
498.0 7.330791205926395e-07 5.781845673084059e-08 8.48116102674559e-11 4.9758901929198556e-49 2.113590373820085e-09
499.0 7.897126444844915e-07 6.260302614577578e-08 9.303850429560058e-11 6.633009705485833e-49 2.303719003443576e-09
500.0 8.504376368486912e-07 6.775954088388283e-08 1.0202197179653344e-10 8.831521487310229e-49 2.509995623572088e-09
501.0 9.155280785446592e-07 7.331496120868943e-08 1.1182763861196176e-10 1.1744874292800736e-48 2.7337072206124653e-09
502.0 9.852747455823164e-07 7.92980509822412e-08 1.2252646443611577e-10 1.5600985397346742e-48 2.976236258043307e-09
503.0 1.0599861344502182e-06 8.573948742350733e-08 1.3419514550690093e-10 2.069899917719774e-48 3.2390671973885573e-09
504.0 1.1399894307283322e-06 9.26719767130243e-08 1.4691654504745684e-10 2.74310949995414e-48 3.523793419090002e-09
505.0 1.2256315245210519e-06 1.0013037586089869e-07 1.6078015341520371e-10 3.631083348493936e-48 3.832124570603998e-09
506.0 1.3172800738231164e-06 1.0815182106811814e-07 1.7588257971290301e-10 4.800995972897991e-48 4.165894362748314e-09
507.0 1.4153246168027356e-06 1.1677586280445215e-07 1.923280766790792e-10 6.340613272843216e-48 4.527068835613051e-09
508.0 1.5201777360186633e-06 1.260446079982563e-07 2.1022910103657322e-10 8.364475550565203e-48 4.917755122598396e-09
509.0 1.6322762762608463e-06 1.3600286963303148e-07 2.2970691141361368e-10 1.102189824733316e-47 5.340210738080778e-09
510.0 1.7520826175609561e-06 1.4669832403942413e-07 2.5089220603238106e-10 1.4507313317952293e-47 5.796853414655076e-09
511.0 1.8800860052722787e-06 1.5818167620642558e-07 2.7392580251312086e-10 1.907362127069904e-47 6.290271517977206e-09
512.0 2.016803940052027e-06 1.7050683352098546e-07 2.989593623923924e-10 2.504941147266532e-47 6.823235071408282e-09
513.0 2.1627836292476323e-06 1.8373108824172366e-07 3.261561628883857e-10 3.2861147190938465e-47 7.398707419426989e-09
514.0 2.3186035015357733e-06 1.9791530904730443e-07 3.556919186119153e-10 4.3061715736753853e-47 8.019857560922412e-09
515.0 2.4848747882722658e-06 2.1312414214446675e-07 3.8775565629611845e-10 5.636713031147537e-47 8.690073190176253e-09
516.0 2.662243171720161e-06 2.2942622214876788e-07 4.2255064525722053e-10 7.370366038275887e-47 9.41297447329214e-09
517.0 2.8513905043809245e-06 2.4689439330333876e-07 4.6029538705019214e-10 9.626828921459884e-47 1.0192428602931934e-08
518.0 3.053036600458407e-06 2.656059413371697e-07 5.012246674461177e-10 1.2560618472706325e-46 1.1032565164543685e-08
519.0 3.2679411029597107e-06 2.8564283648447275e-07 5.455906743949887e-10 1.6370986659541023e-46 1.1937792357213389e-08
520.0 3.4969054269500333e-06 3.0709198793620957e-07 5.936641853132927e-10 2.1314601231680953e-46 1.291281410294762e-08
521.0 3.7407747830146748e-06 3.300455103089277e-07 6.457358277673953e-10 2.7721743611974062e-46 1.3962648092181326e-08
522.0 4.000440283441222e-06 3.546010025932142e-07 7.021174175590634e-10 3.601697816825472e-46 1.509264480942667e-08
523.0 4.276841131627336e-06 3.8086183987392866e-07 7.631433780383539e-10 4.674549987924096e-46 1.6308507576799423e-08
524.0 4.570966899605829e-06 4.0893747850883066e-07 8.291722453998753e-10 6.060668585601101e-46 1.7616313670913014e-08
525.0 4.883859894807682e-06 4.38943775129763e-07 9.005882642663855e-10 7.849677661028234e-46 1.9022536556237473e-08
526.0 5.216617618273361e-06 4.710033199330134e-07 9.77803078228599e-10 1.0156311606323653e-45 2.0534069283410388e-08
527.0 5.5703953186569e-06 5.052457849267021e-07 1.0612575206081323e-09 1.3127301075851853e-45 2.2158249110953083e-08
528.0 5.946408642215764e-06 5.418082874394864e-07 1.1514235101567659e-09 1.6950106038104838e-45 2.3902883394371696e-08
529.0 6.345936383435393e-06 5.808357696037315e-07 1.2488060574361566e-09 2.1863980340138703e-45 2.5776276805585022e-08
530.0 6.770323337363258e-06 6.224813942134004e-07 1.3539453871780512e-09 2.8173976246129384e-45 2.7787259933328124e-08
531.0 7.2209832574204855e-06 6.669069576095872e-07 1.4674191826600254e-09 3.626865253386388e-45 2.994521932755664e-08
532.0 7.699401920254003e-06 7.142833200548576e-07 1.5898449579388321e-09 4.6642443441674146e-45 3.226012904378125e-08
533.0 8.207140300893636e-06 7.647908542216609e-07 1.7218825643526476e-09 5.992388744421077e-45 3.4742583751886555e-08
534.0 8.74583786091233e-06 8.186199123782249e-07 1.8642368378459044e-09 7.691121606534944e-45 3.740383347359924e-08
535.0 9.317215951201551e-06 8.759713127625258e-07 2.0176603936906505e-09 9.861717801358118e-45 4.025582000994651e-08
536.0 9.923081333256986e-06 9.370568458562132e-07 2.1829565759132788e-09 1.2632544053914202e-44 4.331121513152587e-08
537.0 1.0565329820086752e-05 1.0020998010196498e-06 2.3609825684152637e-09 1.616614897698743e-44 4.658346059448134e-08
538.0 1.1245950040952361e-05 1.0713355142484022e-06 2.5526526757121697e-09 2.0668167178523538e-44 5.0086810060270526e-08
539.0 1.1967027330438684e-05 1.1450119374704303e-06 2.7589417806844647e-09 2.639849092033277e-44 5.383637298311657e-08
540.0 1.2730747745996604e-05 1.2233902301557155e-06 2.980888987816156e-09 3.368527348029859e-44 5.784816054683411e-08
541.0 1.3539402215238861e-05 1.3067453737477794e-06 3.219601460055073e-09 4.294246538267309e-44 6.21391337221298e-08
542.0 1.4395390816394179e-05 1.3953668096370253e-06 3.4762584582060404e-09 5.469175413987507e-44 6.67272535268773e-08
543.0 1.5301227192171226e-05 1.489559101100482e-06 3.7521155913281246e-09 6.958998756626102e-44 7.163153355945163e-08
544.0 1.6259543102791246e-05 1.5896426201719759e-06 4.048509288225129e-09 8.846341929678402e-44 7.687209490245663e-08
545.0 1.7273093115904305e-05 1.6959542596364933e-06 4.366861498504459e-09 1.1235043402736753e-43 8.247022345905239e-08
546.0 1.8344759439318126e-05 1.8088481711449507e-06 4.708684633971133e-09 1.4255480301965194e-43 8.84484298240026e-08
547.0 1.9477556896301385e-05 1.9286965298549225e-06 5.0755867599572065e-09 1.8071200423475917e-43 9.483051176493289e-08
548.0 2.0674638046262596e-05 2.055890326304534e-06 5.469277047249945e-09 2.2887173662485772e-43 1.0164161940534877e-07
549.0 2.1939298452139858e-05 2.1908401860898013e-06 5.891571495247754e-09 2.896004895002489e-43 1.0890832319595486e-07
550.0 2.3274982096411876e-05 2.3339772179780247e-06 6.344398937450581e-09 3.661089259108229e-43 1.1665868476544319e-07
551.0 2.46852869471929e-05 2.485753891051285e-06 6.829807340613527e-09 4.624099405794294e-43 1.249223307416318e-07
552.0 2.6173970676476756e-05 2.64664494153995e-06 7.349970409399422e-09 5.835146030637644e-43 1.337305296387321e-07
553.0 2.7744956530150592e-05 2.817148309764956e-06 7.907194508034713e-09 7.356748500199643e-43 1.431162718959962e-07
554.0 2.9402339353065462e-05 2.997786107980166e-06 8.503925911823036e-09 9.266838131048925e-43 1.5311435317321852e-07
555.0 3.115039176883098e-05 3.1891056195466054e-06 9.142758400727162e-09 1.1662471412894075e-42 1.6376146099212366e-07
556.0 3.299357051510316e-05 3.39168032998255e-06 9.826441207861728e-09 1.4664416956563058e-42 1.7509626481969538e-07
557.0 3.493652293573072e-05 3.606110990497418e-06 1.0557887336264481e-08 1.842281678872255e-42 1.8715950969430744e-07
558.0 3.698409363004074e-05 3.833026714509742e-06 1.1340182257353844e-08 2.3124167528314882e-42 1.9999411349152e-07
559.0 3.9141331258625846e-05 4.073086107554604e-06 1.2176593004534787e-08 2.89999216858082e-42 2.1364526792282667e-07
560.0 4.1413495507718256e-05 4.326978431268211e-06 1.3070577676585617e-08 3.6337075905888664e-42 2.281605433767005e-07
561.0 4.380606420921816e-05 4.595424801617871e-06 1.402579536426664e-08 4.5491193926476884e-42 2.435899976855683e-07
562.0 4.632474061899484e-05 4.879179422120118e-06 1.504611651563102e-08 5.690241038316759e-42 2.599862889336169e-07
563.0 4.897546085002958e-05 5.179030852158618e-06 1.6135633753967997e-08 7.111508097005315e-42 2.774047923884626e-07
564.0 5.176440146219326e-05 5.495803311056535e-06 1.729867316427897e-08 8.880188926755875e-42 2.9590372166949304e-07
565.0 5.4697987204911996e-05 5.830358017973034e-06 1.8539806062729447e-08 1.107933960041836e-41 3.1554425423576887e-07
566.0 5.7782898914293936e-05 6.1835945682501154e-06 1.9863861265563894e-08 1.3811422897112374e-41 3.36390661307088e-07
567.0 6.102608155905688e-05 6.5564523460638675e-06 2.1275937871868772e-08 1.720273688030815e-41 3.585104422912756e-07
568.0 6.443475243856347e-05 6.949911974181725e-06 2.2781418577879763e-08 2.1408829650962287e-41 3.8197446384278546e-07
569.0 6.801640952495085e-05 7.364996800412576e-06 2.4385983536963863e-08 2.6621114380409237e-41 4.068571036126666e-07
570.0 7.177883995127213e-05 7.802774421388303e-06 2.609562478306374e-08 3.307494400471221e-41 4.332363988076892e-07
571.0 7.573012864116377e-05 8.264358243622803e-06 2.7916661233470407e-08 4.1059459550051596e-41 4.6119419963946895e-07
572.0 7.987866707503884e-05 8.750909081722326e-06 2.9855754286782506e-08 5.092959182334292e-41 4.908163277405298e-07
573.0 8.423316219276344e-05 9.263636794148866e-06 3.191992403394615e-08 6.31206753695661e-41 5.221927396539579e-07
574.0 8.880264542552472e-05 9.803801956137095e-06 3.411656609784392e-08 7.816622881059245e-41 5.554176954590725e-07
575.0 9.359648185470775e-05 1.0372717569906587e-05 3.6453469118948376e-08 9.671957011234023e-41 5.905899326256899e-07
576.0 9.862437949203789e-05 1.0971750811906493e-05 3.8938832903411634e-08 1.1958007273314339e-40 6.278128451669599e-07
577.0 0.0001038963986757975 1.1602324816871645e-05 4.1581287250293844e-08 1.4772503347340393e-40 6.671946681627842e-07
578.0 0.0001094229615786502 1.2265920498531817e-05 4.4389911475052106e-08 1.823483205025361e-40 7.08848667729183e-07
579.0 0.0001152148618202151 1.2964078406531013e-05 4.737425464557638e-08 2.249072068098155e-40 7.528933364922508e-07
580.0 0.00012128327417705611 1.3698400619035574e-05 5.0544356546898595e-08 2.771790777301426e-40 7.994525946200062e-07
581.0 0.00012763976438698681 1.447055267096452e-05 5.3910769392493715e-08 3.413300401595712e-40 8.486559964910768e-07
582.0 0.00013429629903517054 1.528226551669202e-05 5.748458029624266e-08 4.1999786612848855e-40 9.006389430153319e-07
583.0 0.00014126525551978058 1.6135337527203087e-05 6.127743452333778e-08 5.163921871212167e-40 9.555428996861122e-07
584.0 0.00014855943208394817 1.703163652041023e-05 6.530155953376078e-08 6.344154326443004e-40 1.0135156203680164e-06
585.0 0.00015619205791013628 1.7973101824374947e-05 6.956978983583518e-08 7.788086946592985e-40 1.0747113768833436e-06
586.0 0.00016417680326311662 1.896174637201388e-05 7.409559266296339e-08 9.55327519191128e-40 1.139291194389897e-06
587.0 0.00017252778967775928 1.9999658826984297e-05 7.889309449086172e-08 1.1709536022545291e-39 1.2074230926069709e-06
588.0 0.00018125960017534523 2.1089005738975156e-05 8.397710840689178e-08 1.4341495278550799e-39 1.279282332856686e-06
589.0 0.00019038728950147328 2.2232033727667147e-05 8.93631623469408e-08 1.7551650653683763e-39 1.3550516709470256e-06
590.0 0.00019992639437568219 2.343107169425401e-05 9.506752821378123e-08 2.146405181952534e-39 1.4349216158985433e-06
591.0 0.00020989294373634928 2.468853305861171e-05 1.0110725188741014e-07 2.6228718698627315e-39 1.5190906944646517e-06
592.0 0.00022030346897449632 2.6006918021333446e-05 1.0750018414215117e-07 3.2026941941767764e-39 1.607765721460892e-06
593.0 0.0002311750141400456 2.7388815848629993e-05 1.1426501248016678e-07 3.907763698258862e-39 1.7011620758411442e-06
594.0 0.00024252514610886532 2.883690717860934e-05 1.2142129389274852e-07 4.76449553895589e-39 1.799503982486127e-06
595.0 0.00025437196469627044 3.03539663470876e-05 1.289894885589217e-07 5.8047395504777284e-39 1.903024799643407e-06
596.0 0.00026673411270419816 3.194286373122128e-05 1.3699099449106626e-07 7.066869960362346e-39 2.011967311962426e-06
597.0 0.000279630785886529 3.3606568108874366e-05 1.4544818313523428e-07 8.59708782583763e-39 2.126584029040208e-06
598.0 0.0002930817428165448 3.5348149031522794e-05 1.5438443593282535e-07 1.0450976568437505e-38 2.247137489381326e-06
599.0 0.0003071073146430728 3.717077920875147e-05 1.638241818508191e-07 1.2695358427571172e-38 2.3739005696866728e-06
600.0 0.0003217284147161236 3.9077736901656264e-05 1.7379293588393362e-07 1.5410508426526642e-38 2.5071567993331097e-06
601.0 0.0003369665480682264 4.10724083230522e-05 1.8431733853395028e-07 1.8692792777818493e-38 2.647200679937674e-06
602.0 0.00035284382073427143 4.315829004192831e-05 1.954251962687483e-07 2.2657810816858647e-38 2.794338009864976e-06
603.0 0.000369382948886827 4.533899138880977e-05 2.071455229592538e-07 2.7444133856711543e-38 2.948886213479527e-06
604.0 0.0003866072677769705 4.761823686022108e-05 2.1950858229851826e-07 3.321775116862153e-38 3.111174675036759e-06
605.0 0.00040454074045682926 4.999986851869532e-05 2.325459311984387e-07 4.017735303561515e-38 3.28154507698726e-06
606.0 0.0004232079662636388 5.248784838514215e-05 2.4629046416017245e-07 4.856060399637294e-38 3.4603517424842326e-06
607.0 0.0004426341890503637 5.508626082096745e-05 2.6077645861597475e-07 5.865158656875142e-38 3.64796198191483e-06
608.0 0.0004628453051389289 5.779931489616242e-05 2.760396212336581e-07 7.078962758306734e-38 3.8447564431912944e-06
609.0 0.00048386787097676436 6.063134674008053e-05 2.9211713517594604e-07 8.537975654284334e-38 4.051129465561958e-06
610.0 0.0005057291104767979 6.358682187148177e-05 3.090477083051336e-07 1.0290508906386494e-37 4.267489436684665e-06
611.0 0.0005284569220175602 6.667033750391758e-05 3.2687162231970006e-07 1.2394147946435298e-37 4.494259152662493e-06
612.0 0.0005520798850840068 6.988662482294725e-05 3.4563078281011733e-07 1.4917484620072632e-37 4.7318761807601e-06
613.0 0.0005766272665225535 7.324055123070743e-05 3.653687702148985e-07 1.794216434610303e-37 4.9807932244444e-06
614.0 0.0006021290263979734 7.673712255506686e-05 3.861308916647911e-07 2.156530334683633e-37 5.24147849049869e-06
615.0 0.0006286158234141501 8.038148521727828e-05 4.079642336850125e-07 2.590234087659529e-37 5.514416057724671e-06
616.0 0.0006561190198885674 8.417892835548146e-05 4.309177157406671e-07 3.10904024140499e-37 5.800106246968718e-06
617.0 0.0006846706862538659 8.813488589925161e-05 4.5504214459813414e-07 3.729226263630703e-37 6.099065992052372e-06
618.0 0.0007143036050574075 9.225493858998159e-05 4.803902694711124e-07 4.470101194782562e-37 6.4118292111467564e-06
619.0 0.0007450512744426107 9.654481594345149e-05 5.070168379260432e-07 5.354554772792759e-37 6.738947178226654e-06
620.0 0.0007769479110828566 0.000101010398149196 5.349786525107425e-07 6.409703166734584e-37 7.080988894108374e-06
621.0 0.0008100284525475251 0.00010565771790232378 5.643346280733163e-07 7.667647802925262e-37 7.438541456635361e-06
622.0 0.0008443285590699584 0.00011049296216209374 5.951458497291782e-07 9.166366489755944e-37 7.812210429468896e-06
623.0 0.0008798846146988379 0.00011552247383298481 6.274756314392343e-07 1.095075920498062e-36 8.20262020902839e-06
624.0 0.0009167337278109958 0.00012075275336347712 6.61389575157425e-07 1.3073874567989634e-36 8.610414389077782e-06
625.0 0.0009549137309449592 0.00012619046025521096 6.969556304894123e-07 1.559834725626959e-36 9.036256122259326e-06
626.0 0.0009944631799563178 0.0001318424144805941 7.342441548310735e-07 1.8598081528873045e-36 9.480828478246294e-06
627.0 0.0010354213524410283 0.00013771559779961613 7.733279739130498e-07 2.216022168918309e-36 9.9448347976524e-06
628.0 0.0010778282454333933 0.00014381715497453765 8.142824427183227e-07 2.63874568729928e-36 1.0428999041386044e-05
629.0 0.001121724572322298 0.0001501543948726891 8.57185506690478e-07 3.14007151146763e-36 1.093406613451931e-05
630.0 0.001167151758989885 0.00015673479145556074 9.021177631916613e-07 3.734231037944282e-36 1.1460802304297958e-05
631.0 0.0012141519391277538 0.00016356598464576316 9.491625231294804e-07 4.4379616322103276e-36 1.2009995411428529e-05
632.0 0.0012627679487234758 0.00017065578106838613 9.984058726970907e-07 5.2709352144047656e-36 1.2582455274122178e-05
633.0 0.0013130433196768894 0.00017801215465873584 1.0499367351416814e-06 6.256257929203634e-36 1.317901398402831e-05
634.0 0.001365022272538162 0.0001856432471327199 1.103846932498196e-06 7.42105231362284e-36 1.3800526213489939e-05
635.0 0.0014187497083365786 0.00019355736831298085 1.1602312472037174e-06 8.797135147019186e-36 1.4447869513305364e-05
636.0 0.0014742711994805396 0.00020176299630534746 1.2191874835132458e-06 1.0421806202955776e-35 1.5121944600273309e-05
637.0 0.0015316329797061385 0.00021026877751968872 1.2808165286315318e-06 1.2338765460745924e-35 1.5823675633747826e-05
638.0 0.0015908819330509524 0.00021908352652906898 1.345222413471113e-06 1.459917901870951e-35 1.6554010480399207e-05
639.0 0.001652065581837903 0.00022821622576216693 1.4125123729498564e-06 1.726291703078469e-35 1.7313920966442213e-05
640.0 0.0017152320736420132 0.00023767602502220038 1.482796905727446e-06 2.03999905187969e-35 1.810440311644815e-05
641.0 0.001780430167228127 0.0002474722408276293 1.5561898332891998e-06 2.409221795826109e-35 1.892647737799482e-05
642.0 0.0018477092174324435 0.00025761435556774927 1.6328083582688246e-06 2.843515716762442e-35 1.978118883122973e-05
643.0 0.001917119158976446 0.0002681120164683906 1.7127731219111615e-06 3.3540343331560165e-35 2.0669607382566017e-05
644.0 0.0019887104891965477 0.0002789750343621777 1.7962082605678712e-06 3.953788005041198e-35 2.1592827941658465e-05
645.0 0.002062534249668111 0.0002902133822570759 1.8832414611107485e-06 4.6579437234990724e-35 2.2551970580735816e-05
646.0 0.002138642006707108 0.000301837193697548 1.974004015147328e-06 5.484171757742726e-35 2.3548180675395156e-05
647.0 0.0022170858307507296 0.00031385676091513293 2.068630871936152e-06 6.453046235909728e-35 2.4582629026143974e-05
648.0 0.0022979182745810275 0.00032628253275998793 2.1672606898613245e-06 7.58850776555946e-35 2.5656511959551826e-05
649.0 0.00238119235039687 0.0003391251124106765 2.2700358863594607e-06 8.918397374036814e-35 2.677105140830476e-05
650.0 0.0024669615057150004 0.00035239525485601436 2.3771026861660793e-06 1.0475072386309372e-34 2.792749496917234e-05
651.0 0.002555279598094932 0.00036610386414471737 2.488611167757549e-06 1.229611638061375e-34 2.9127115938034707e-05
652.0 0.0026462008686740585 0.00038026199039737946 2.604715307852958e-06 1.4425157094662057e-34 3.0371213321007503e-05
653.0 0.0027397799145107565 0.0003948808265769192 2.7255730238475614e-06 1.6912808125051184e-34 3.166111182081753e-05
654.0 0.0028360716597271834 0.0004099717050127305 2.8513462140398455e-06 1.981775250087433e-34 3.2998161797498e-05
655.0 0.0029351313254501097 0.0004255460936747403 2.9822007955173703e-06 2.3207988754504015e-34 3.438373920253721e-05
656.0 0.0030370143985387933 0.0004416155921921905 3.1183067395534867e-06 2.7162262997292834e-34 3.581924548549224e-05
657.0 0.0031417765991104095 0.00045819192761508445 3.2598381043851915e-06 3.1771713780061518e-34 3.730610747231798e-05
658.0 0.0032494738468559826 0.0004752869499136959 3.406973065221651e-06 3.7141760226916087e-34 3.8845777214449325e-05
659.0 0.003360162226147103 0.0004929126272126125 3.559893941336824e-06 4.339426813222843e-34 4.0439731807748274e-05
660.0 0.0034738979499469003 0.0005110810407577039 3.7187872201102575e-06 5.0670033467000045e-34 4.208947318057686e-05
661.0 0.0035907373225065294 0.0005298043796097384 3.8838435778434305e-06 5.913162812159943e-34 4.379652784986515e-05
662.0 0.003710736700892632 0.0005490949350677861 4.055257897243874e-06 6.896665879719861e-34 4.556244664480804e-05
663.0 0.0038339524553195506 0.0005689650948150782 4.233229281391021e-06 8.039149683286047e-34 4.738880439695959e-05
664.0 0.0039604409283011295 0.0005894273367860254 4.417961064037786e-06 9.365554452031175e-34 4.927719959597858e-05
665.0 0.004090258392670058 0.0006104942227580871 4.609660816137053e-06 1.0904611222270863e-33 5.1229254010692614e-05
666.0 0.004223461008416874 0.000632178391658014 4.808540348374242e-06 1.2689399049637829e-33 5.324661227396389e-05
667.0 0.004360104778427534 0.0006544925525908617 5.014815709625211e-06 1.4757981255976959e-33 5.533094143140742e-05
668.0 0.004500245503096867 0.0006774494775851478 5.228707181144436e-06 1.71541315004662e-33 5.7483930452757666e-05
669.0 0.004643938733845082 0.0007010619940549967 5.45043926634182e-06 1.9928161877894844e-33 5.970728970529881e-05
670.0 0.004791239725578135 0.0007253429769822533 5.680240676021451e-06 2.3137866837423113e-33 6.200275038895667e-05
671.0 0.004942203388090472 0.0007503053408152977 5.918344308905945e-06 2.6849598503362398e-33 6.437206393212237e-05
672.0 0.005096884236451708 0.000775962031087832 6.164987227318362e-06 3.11394909895686e-33 6.681700134782991e-05
673.0 0.005255336340404552 0.0008023260157588863 6.4204106278772475e-06 3.60948535565114e-33 6.933935254974413e-05
674.0 0.005417613272789302 0.0008294102762735598 6.684859807044826e-06 4.1815754994109716e-33 7.19409256272658e-05
675.0 0.005583768057048686 0.0008572277983499664 6.958584121414862e-06 4.841682445656007e-33 7.462354607957927e-05
676.0 0.0057538531138359396 0.0008857915624932987 7.241836942589829e-06 5.602929716269105e-33 7.738905600808077e-05
677.0 0.0059279202067529365 0.0009151145342386008 7.5348756065012846e-06 6.48033369469559e-33 8.023931326668794e-05
678.0 0.006106020387277747 0.0009452096541289986 7.83796135706911e-06 7.491067164623547e-33 8.317619056998844e-05
679.0 0.006288203938901067 0.0009760898274301322 8.15135928404617e-06 8.654758178376543e-33 8.620157455867043e-05
680.0 0.00647452032052278 0.0010077679135865444 8.475338254936062e-06 9.99382880190023e-33 8.931736482212559e-05
681.0 0.006665018109170443 0.0010402567154276523 8.810170840887966e-06 1.1533878842995674e-32 9.25254728782928e-05
682.0 0.006859744942030861 0.0010735689681200377 9.15613323638201e-06 1.330412029471495e-32 9.582782110986028e-05
683.0 0.007058747457924257 0.0011077173278845086 9.513505172701554e-06 1.5337868924315967e-32 9.922634165787884e-05
684.0 0.007262071238191951 0.0011427143604718737 9.882569824984147e-06 1.7673100217158588e-32 0.00010272297527168307
685.0 0.007469760747108813 0.0011785725294134023 1.0263613712830167e-05 2.0353077754199337e-32 0.0001063196701159885
686.0 0.007681859271827928 0.0012153041840459466 1.0656926594313988e-05 2.3427063070231758e-32 0.00011001838053462497
687.0 0.007898408861955869 0.0012529215473260828 1.1062801353368134e-05 2.6951117119285463e-32 0.00011382106577167353
688.0 0.008119450268781997 0.0012914367034361498 1.1481533880414104e-05 3.0989004674831466e-32 0.00011772968864976343
689.0 0.008345022884246383 0.0013308615851947933 1.1913422946200948e-05 3.561321432935907e-32 0.00012174621420618321
690.0 0.008575164679673918 0.0013712079612758935 1.2358770068738323e-05 4.090610824429155e-32 0.00012587260828669021
691.0 0.008809912144390742 0.0014124874232539666 1.2817879373341166e-05 4.6961217453731996e-32 0.0001301108360982244
692.0 0.009049300224226507 0.0014547113724765162 1.3291057445648992e-05 5.388470036032491e-32 0.0001344628607201467
693.0 0.009293362260010186 0.001497891006780524 1.3778613177636251e-05 6.179698409927647e-32 0.00013893064157517626
694.0 0.009542129926110638 0.001542037307061599 1.4280857606557393e-05 7.083461070685276e-32 0.00014351613286043926
695.0 0.009795633169105401 0.0015871610237096468 1.4798103746822756e-05 8.115231253638081e-32 0.0001482212819395581
696.0 0.01005390014660665 0.0016332726629163588 1.533066641472799e-05 9.292534414232526e-32 0.00015304802769595068
697.0 0.01031695716637389 0.0016803824728763674 1.587886204611701e-05 1.0635210093049368e-31 0.00015799829884907116
698.0 0.010584828625743335 0.0017285004298879883 1.6443008506917906e-05 1.2165705827778827e-31 0.00016307401223388462
699.0 0.010857536951450895 0.0017776362243673617 1.7023424896568924e-05 1.3909406859338412e-31 0.00016827707104462644
700.0 0.01113510253996224 0.001827799246796015 1.7620431344417945e-05 1.5895005796042797e-31 0.0001736093630445246
