200.0 9.110236396194455e-31 1.6324865171150742e-33 1.4360109407302605e-40 1.0011802899300908e-141 4.311276500971305e-37
201.0 5.228831136365735e-31 9.669180069365687e-34 9.221482329713305e-41 2.144483312722631e-141 2.660407292679074e-37
202.0 3.0054670086217025e-31 5.733591843525238e-34 5.923702707648145e-41 4.5404897793713256e-141 1.6429002784484514e-37
203.0 1.7300466040972903e-31 3.403839625112536e-34 3.806699048793197e-41 9.504782459613695e-141 1.0153267135555543e-37
204.0 9.973509141502e-32 2.0231329261557526e-34 2.447256343885142e-41 1.9675646640001078e-140 6.279749698841119e-38
205.0 5.75821858061643e-32 1.2039274023413169e-34 1.5739773931243724e-41 4.0285546862064163e-140 3.8871456208749783e-38
206.0 3.3295355247826475e-32 7.173052332152954e-35 1.0127861017043943e-41 8.159944250133474e-140 2.40813574538815e-38
207.0 1.9281448610017684e-32 4.2790022607561666e-35 6.520020134283101e-42 1.6354049439971765e-139 1.4931457444391665e-38
208.0 1.1183071189651983e-32 2.555774815989458e-35 4.199557149126805e-42 3.2437277920030586e-139 9.266241589765871e-39
209.0 6.496099202294976e-33 1.5284480884112115e-35 2.7064029570384565e-42 6.368301264673389e-139 5.755645238091788e-39
210.0 3.7793649041778194e-33 9.152359492638327e-36 1.7451250090676827e-42 1.2377712535547818e-138 3.5783424667801213e-39
211.0 2.2022362281756614e-33 5.4875148697847655e-36 1.1259422929016227e-42 2.3821586130670443e-138 2.2267706874062345e-39
212.0 1.2852628558798027e-33 3.2944609838827543e-36 7.268943588180206e-43 4.540344342725884e-138 1.3870200535889857e-39
213.0 7.512887161386516e-34 1.980453144496091e-36 4.69571573241793e-43 8.571711892993013e-138 8.647912921567366e-40
214.0 4.398578190043013e-34 1.1921245228493584e-36 3.0354080744110835e-43 1.6031654310650215e-137 5.3972011812620274e-40
215.0 2.5793590734504563e-34 7.1855596927930335e-37 1.963479261023628e-43 2.970920353291232e-137 3.3717998465504738e-40
216.0 1.5149860840064163e-34 4.336969633320146e-37 1.270978979903524e-43 5.4559961531106755e-137 2.1086172061388185e-40
217.0 8.912631849054381e-35 2.621220909042122e-37 8.233070273565185e-44 9.931036551550916e-137 1.3200279856095448e-40
218.0 5.251782559330659e-35 1.5864149307106646e-37 5.33709576637607e-44 1.7919188470070138e-136 8.272263873158344e-41
219.0 3.0996577283326145e-35 9.614576060196373e-38 3.462389599841318e-44 3.205603202180735e-136 5.189525494448086e-41
220.0 1.832439330141222e-35 5.835092527039258e-38 2.247928145077156e-44 5.6863293325047114e-136 3.259109146629476e-41
221.0 1.0850675915010268e-35 3.5462838576252167e-38 1.4606023600676922e-44 1.0003384648468119e-135 2.0490090603613006e-41
222.0 6.43572696414778e-36 2.158296395212837e-38 9.497995015259284e-45 1.7454817358206645e-135 1.2896387941897474e-41
223.0 3.823439432226515e-36 1.3154187908188558e-38 6.181434678142507e-45 3.0213184109300183e-135 8.126000470986583e-42
224.0 2.2752473133497382e-36 8.028524082319388e-39 4.02634369759138e-45 5.188583721252886e-135 5.125960375075386e-42
225.0 1.356196622308576e-36 4.907149469442759e-39 2.6248421648563517e-45 8.841571304992562e-135 3.23719004881873e-42
226.0 8.097259917888247e-37 3.003639288037489e-39 1.712666030891415e-45 1.495183180377013e-134 2.0467293061775675e-42
227.0 4.842576154821225e-37 1.841170645709579e-39 1.1184728542403074e-45 2.5095659499621627e-134 1.2955566206821585e-42
228.0 2.9009433385860446e-37 1.1302402965781202e-39 7.310842135321662e-46 4.1811519628220047e-134 8.210327881170028e-43
229.0 1.7407153625734338e-37 6.948332022142495e-40 4.7830428408801714e-46 6.915749313731911e-134 5.20927004860668e-43
230.0 1.0462686247656704e-37 4.277852174888433e-40 3.1321427840238783e-46 1.135743563899436e-133 3.309096935852215e-43
231.0 6.299217993856377e-38 2.637598447183711e-40 2.0529792607785752e-46 1.8521232359212907e-133 2.1045641216496235e-43
232.0 3.7989101617345546e-38 1.628663635967907e-40 1.3469095179780776e-46 2.999562082123628e-133 1.3401040892216733e-43
233.0 2.2948864142846898e-38 1.0071540923313533e-40 8.845208282693419e-47 4.8249529070418875e-133 8.543623065566448e-44
234.0 1.3886534496168528e-38 6.23740719272488e-41 5.814310738028654e-47 7.70945163507858e-133 5.453510149041643e-44
235.0 8.417006940628722e-39 3.8686340364765795e-41 3.825722957609322e-47 1.2237595849096626e-132 3.485329474147783e-44
236.0 5.110379202697506e-39 2.403024369599664e-41 2.51975490072395e-47 1.9299989080306785e-132 2.2302227297794637e-44
237.0 3.107997117484778e-39 1.4948828279537983e-41 1.6612569538595675e-47 3.024486257907958e-132 1.4288682768999967e-44
238.0 1.8933915313709535e-39 9.313350340749693e-42 1.0963598464335176e-47 4.710035336654801e-132 9.165970162808872e-45
239.0 1.1554011682117695e-39 5.811065606732883e-42 7.242877344668482e-48 7.289844745806536e-132 5.887210497391265e-45
240.0 7.062489819580032e-40 3.6312637876427906e-42 4.7897691976177956e-48 1.1214417114902634e-131 3.786064661683415e-45
241.0 4.324297324339421e-40 2.272547771772786e-42 3.170787111258728e-48 1.714910238568933e-131 2.437901492510371e-45
242.0 2.652197543015421e-40 1.424368502879377e-42 2.101222626229124e-48 2.607074901657827e-131 1.5717958638256632e-45
243.0 1.6294034883666043e-40 8.941011033349633e-43 1.393903925752224e-48 3.9405192392806824e-131 1.0146822566208153e-45
244.0 1.0027291150607773e-40 5.6209088218381134e-43 9.256622685937007e-49 5.922170069142979e-131 6.558731916538149e-46
245.0 6.181167251874731e-41 3.5390174543668126e-43 6.153670697491042e-49 8.850640380275005e-131 4.244899552429299e-46
246.0 3.8167072319442017e-41 2.2315963472932683e-43 4.095253601771999e-49 1.3154462640007432e-130 2.7508974524416928e-46
247.0 2.3606858836019474e-41 1.4093075525063523e-43 2.728317860701823e-49 1.944525415670367e-130 1.7850173360687574e-46
248.0 1.4625745271362102e-41 8.913606426636295e-44 1.819614454812161e-49 2.8591243311274174e-130 1.1597730960503785e-46
249.0 9.076692577969306e-42 5.64623457256593e-44 1.2148888437144442e-49 4.18184086003651e-130 7.545144658240481e-47
250.0 5.642432441339771e-42 3.5819732084380964e-44 8.120239708001309e-50 6.0848865252074605e-130 4.915043346499008e-47
251.0 3.5134474531574164e-42 2.275850797340881e-44 5.433486146939571e-50 8.80892314706423e-130 3.2059265392719407e-47
252.0 2.1914323966684776e-42 1.448182454313815e-44 3.6397188800282166e-50 1.2688571065050596e-129 2.093858398593403e-47
253.0 1.3691445926552054e-42 9.22912958203857e-45 2.440836699220304e-50 1.818677752032836e-129 1.3693345839933279e-47
254.0 8.568330632730494e-43 5.890552418652916e-45 1.6386762056490246e-50 2.594089245810731e-129 8.966878394248243e-48
255.0 5.371155934738683e-43 3.7653807972642746e-45 1.1013692306359097e-50 3.682413723178691e-129 5.879538464427529e-48
256.0 3.3725847369495496e-43 2.4105663312066605e-45 7.410710113507606e-51 5.2027212912501036e-129 3.86025661061728e-48
257.0 2.1211940954549676e-43 1.5455612206978215e-45 4.992009818259717e-51 7.31661316558763e-129 2.5378195850281316e-48
258.0 1.33634683442256e-43 9.924527816991275e-46 3.3665206603476575e-51 1.0242402997530437e-128 1.670619350651093e-48
259.0 8.432919731848727e-44 6.382480786845858e-46 2.2728920929198138e-51 1.4273681224562127e-128 1.1012018889337491e-48
260.0 5.330346575748889e-44 4.11078388133173e-46 1.5362764471870486e-51 1.980350659415446e-128 7.268243540880324e-49
261.0 3.374817468491357e-44 2.6516403743678444e-46 1.0395711014859712e-51 2.735578929140662e-128 4.803584199450519e-49
262.0 2.1402332043734055e-44 1.7130055673800098e-46 7.042623282975202e-52 3.762582378831166e-128 3.1788864418044327e-49
263.0 1.3595226169590063e-44 1.1082975315093426e-46 4.776515919823873e-52 5.153241117176458e-128 2.106485506507345e-49
264.0 8.650173598166907e-45 7.181358517096464e-47 3.243287938057432e-52 7.028459720024711e-128 1.397706249675688e-49
265.0 5.5128316517080824e-45 4.660244043017083e-47 2.2047441751189332e-52 9.546676321814077e-128 9.286399376170912e-50
266.0 3.5191241614515414e-45 3.028737431689948e-47 1.5004798081675858e-52 1.2914666476801494e-127 6.178069766725708e-50
267.0 2.2501050420047042e-45 1.9713537264094002e-47 1.0223559301261752e-52 1.7401204293676185e-127 4.1155907174680807e-50
268.0 1.4410454927900106e-45 1.2850394635758111e-47 6.973885018854281e-53 2.335426652969222e-127 2.745271656048895e-50
269.0 9.243950259581636e-46 8.389118012497406e-48 4.762650954892162e-53 3.1222611969221948e-127 1.83363143815327e-50
270.0 5.939375680477013e-46 5.484827665760286e-48 3.25630124970237e-53 4.158274220570382e-127 1.2263433439774748e-50
271.0 3.8223066281191445e-46 3.591330557975335e-48 2.22896228883982e-53 5.517245502642077e-127 8.212683820608921e-51
272.0 2.463825753213661e-46 2.355007591780954e-48 1.527508357418699e-53 7.293244255227199e-127 5.507198725757229e-51
273.0 1.5907149887665778e-46 1.5465806113630975e-48 1.0480150994674788e-53 9.60576681699846e-127 3.6978440037274027e-51
274.0 1.028657548068344e-46 1.0171731159508614e-48 7.19871257176667e-54 1.2606058466036413e-126 2.4862118882739615e-51
275.0 6.662595340046211e-47 6.69974002366306e-49 4.9504615644940146e-54 1.6484863681912735e-126 1.6737819384672716e-51
276.0 4.3222344191118276e-47 4.419370984273465e-49 3.408319314492722e-54 2.1481893182975187e-126 1.1283146411427289e-51
277.0 2.8084294388886953e-47 2.9194499258533484e-49 2.34930109422659e-54 2.7897346671607914e-126 7.616080982961223e-52
278.0 1.8277090633624852e-47 1.9314268180095788e-49 1.6212162644500852e-54 3.610588818824724e-126 5.147569220223767e-52
279.0 1.1913434133235914e-47 1.2796485250862092e-49 1.1200749312646581e-54 4.657353709967452e-126 3.4837055017595646e-52
280.0 7.777700300852135e-48 8.490570800034774e-50 7.747418062830867e-55 5.987801286424332e-126 2.3607419202124803e-52
281.0 5.0856647811747894e-48 5.6417691971145985e-50 5.365010535637754e-55 7.673315669737481e-126 1.601852884836038e-52
282.0 3.330615350768327e-48 3.7542608854411633e-50 3.719526631301297e-55 9.801814900379719e-126 1.0883358640936444e-52
283.0 2.1846373892054726e-48 2.501858387914861e-50 2.5817135635139862e-55 1.2481234886803574e-125 7.404036840960933e-53
284.0 1.4351928726013263e-48 1.6696619429828842e-50 1.7940372980062134e-55 1.584367019300703e-125 5.043576358433651e-53
285.0 9.443110455786133e-49 1.1158872166207345e-50 1.2481236073186798e-55 2.0050279654597545e-125 3.440107971271953e-53
286.0 6.222882704446073e-49 7.468550810879083e-51 8.693328526256816e-56 2.529707961556336e-125 2.3494597000519496e-53
287.0 4.10712326528041e-49 5.005817236762765e-51 6.062008686029609e-56 3.182176391321268e-125 1.6066650793801396e-53
288.0 2.714883833157314e-49 3.359963461562836e-51 4.232028119217395e-56 3.991170769046851e-125 1.1001276449343197e-53
289.0 1.797338821834386e-49 2.2584647476218185e-51 2.95788702923037e-56 4.991333175969152e-125 7.5425826880876e-54
290.0 1.1917128720136522e-49 1.5202308152283177e-51 2.069736931853831e-56 6.224302564894335e-125 5.1779188243079446e-54
291.0 7.913599076627099e-50 1.0247582820012353e-51 1.4499355054031985e-56 7.739985068735005e-125 3.5591590694363275e-54
292.0 5.263019127956452e-50 6.917469413630986e-52 1.0169078359588245e-56 9.598026957629512e-125 2.449601167392647e-54
293.0 3.5055170367135527e-50 4.676114731968538e-52 7.140247143138896e-57 1.1869517587650766e-124 1.6880992358765765e-54
294.0 2.338423520350604e-50 3.165434600647189e-52 5.019297852543048e-57 1.4638952572997664e-124 1.1648069136104155e-54
295.0 1.5622334302707776e-50 2.1458035798492667e-52 3.5324015303427496e-57 1.8006490492185926e-124 8.047519089951951e-55
296.0 1.0452448897866986e-50 1.4566431096362457e-52 2.4888217749212923e-57 2.2090539704010985e-124 5.566996028147868e-55
297.0 7.00385649062141e-51 9.901957272953183e-53 1.7555508037365478e-57 2.7030715295482464e-124 3.8559315276938845e-55
298.0 4.700035785316936e-51 6.740494203589828e-53 1.2397327637844996e-57 3.299120980314492e-124 2.6741507314527324e-55
299.0 3.15869360152477e-51 4.5947652150094495e-53 8.764698890365542e-58 4.016462513013382e-124 1.8569031812168155e-55
300.0 2.125954219269209e-51 3.136417578366492e-53 6.2035360404897535e-58 4.877631700952518e-124 1.2910351357199636e-55
301.0 1.4329731051706147e-51 2.1438849017346313e-53 4.395761497403854e-58 5.908930742242609e-124 8.987334036741609e-56
302.0 9.672918731925788e-52 1.4674527716656582e-53 3.118318855143512e-58 7.140982454578726e-124 6.264209891814615e-56
303.0 6.538980525663566e-52 1.0058191879301675e-53 2.2146115993491754e-58 8.609353405512213e-124 4.371624683109321e-56
304.0 4.426833463740483e-52 6.903460431829505e-54 1.5745784533323223e-58 1.0355252991324818e-123 3.054633606088246e-56
305.0 3.0012666578264756e-52 4.74463617525501e-54 1.1207783486870333e-58 1.2426315710532945e-123 2.137044605987373e-56
306.0 2.0377075730050056e-52 3.2653229814188233e-54 7.986616690627596e-59 1.4877474309720404e-123 1.4969412473439718e-56
307.0 1.3854875399626418e-52 2.25026941818641e-54 5.697608357640152e-59 1.7771931905900144e-123 1.0498593330700568e-56
308.0 9.433752664578064e-53 1.5528375198864034e-54 4.069189627164976e-59 2.118224160656553e-123 7.372098493555134e-57
309.0 6.43257777826256e-53 1.0729972534662495e-54 2.9094290180035594e-59 2.5191502551452076e-123 5.183024402753718e-57
310.0 4.392400219411264e-53 7.424210272874633e-55 2.0825287364128507e-59 2.989468168375162e-123 3.648429211521999e-57
311.0 3.003534717884809e-53 5.1437390820155746e-55 1.4923012967381933e-59 3.540007091779157e-123 2.571328499889754e-57
312.0 2.0567186845395632e-53 3.5684741743641985e-55 1.070540653681988e-59 4.183088969966426e-123 1.814414800132348e-57
313.0 1.4103477350903026e-53 2.478900443138739e-55 7.688290509625297e-60 4.9327043250967074e-123 1.2818622815747747e-57
314.0 9.684655554877061e-54 1.7242746550723053e-55 5.527582074729328e-60 5.804704703785672e-123 9.067139829989923e-58
315.0 6.659573244929081e-54 1.200943463814979e-55 3.9784894510577396e-60 6.817012821212544e-123 6.421282610978967e-58
316.0 4.585750804785334e-54 8.375396193515218e-56 2.866669358594847e-60 7.989851492136458e-123 4.552963211685647e-58
317.0 3.162087729083813e-54 5.848611203954113e-56 2.0678172301453337e-60 9.345992447579038e-123 3.2321070181319085e-58
318.0 2.183405364691794e-54 4.089428767038686e-56 1.4932090071094507e-60 1.091102613836485e-122 2.2971793065716725e-58
319.0 1.509695660068916e-54 2.863076505222545e-56 1.0794479265757988e-60 1.2713653621884142e-122 1.6346318574741616e-58
320.0 1.0452895203213439e-54 2.0070656085648375e-56 7.811854762620166e-61 1.478600161586588e-122 1.164552951590239e-58
321.0 7.247254680496102e-55 1.4087904327632076e-56 5.6594822537329064e-61 1.7163961781916325e-122 8.306365749716494e-59
322.0 5.031503386873723e-55 9.901142706733888e-57 4.1045733332833295e-61 1.988755527172567e-122 5.931625027913809e-59
323.0 3.497896191514324e-55 6.967488164112224e-57 2.9800722556359683e-61 2.3001323529522328e-122 4.240777133287691e-59
324.0 2.434997662433005e-55 4.9092713829796873e-57 2.1659663151269033e-61 2.6554746295185574e-122 3.0354607170471076e-59
325.0 1.6973454885330282e-55 3.46342357147727e-57 1.5759462106574545e-61 3.0602687693138505e-122 2.17525146190454e-59
326.0 1.1847306071618265e-55 2.4464696211233336e-57 1.1478747900611397e-61 3.520587122204578e-122 1.5606239860595142e-59
327.0 8.280264530545073e-56 1.7302847474730906e-57 8.369696644574315e-62 4.0431384379682847e-122 1.120957911825963e-59
328.0 5.7948426807613205e-56 1.2252839528126003e-57 6.109217892355218e-62 4.6353213565386613e-122 8.060849544832698e-60
329.0 4.0607805277444034e-56 8.687507766606251e-58 4.463965467567902e-62 5.305280979965106e-122 5.803247008943354e-60
330.0 2.849347451545506e-56 6.167239851036907e-58 3.26523134978035e-62 6.06196856861091e-122 4.182715037112034e-60
331.0 2.0019209639748915e-56 4.3835051758947115e-58 2.39091207658228e-62 6.915204391607288e-122 3.018149320948285e-60
332.0 1.408353477995707e-56 3.1195010670565397e-58 1.7525416936582556e-62 7.87574374793501e-122 2.1803018776851085e-60
333.0 9.92058415975002e-57 2.2226934109889188e-58 1.285958035963087e-62 8.955346159820699e-122 1.5768276655374565e-60
334.0 6.997151257224126e-57 1.5856329913332269e-58 9.445772710017724e-63 1.0166847724408516e-121 1.1416730766775652e-60
335.0 4.9415288254760744e-57 1.1325368766193794e-58 6.94542788151457e-63 1.152423659291741e-121 8.275370386238457e-61
336.0 3.4942588665068097e-57 8.098908243176988e-59 5.112224280464617e-63 1.3042731528857636e-121 6.0050896974532946e-61
337.0 2.4740023738116175e-57 5.798597112853361e-59 3.7667666683284216e-63 1.4738863478314372e-121 4.362507171317822e-61
338.0 1.7538565443000046e-57 4.156613120313404e-59 2.7782671880611443e-63 1.6630560065996503e-121 3.1727483298348383e-61
339.0 1.2449003051536026e-57 2.9831450514164823e-59 2.0512769942825023e-63 1.8737232910655079e-121 2.310022049712997e-61
340.0 8.847473385901761e-58 2.1435080645116682e-59 1.516066141342696e-63 2.107986763285803e-121 1.6837432633723478e-61
341.0 6.295725480399553e-58 1.542019073491025e-59 1.1216414596675407e-63 2.368111640682779e-121 1.2286072489635236e-61
342.0 4.485509415433609e-58 1.1106216451400253e-59 8.306738634946764e-64 2.6565392886530457e-121 8.974824039618728e-62
343.0 3.1997414385977354e-58 8.008518409711679e-60 6.158091544822116e-64 2.975896931422884e-121 6.5631554053924015e-62
344.0 2.285350300867323e-58 5.781569846860881e-60 4.5698226907594835e-64 3.329007559769414e-121 4.804757986343206e-62
345.0 1.634267385057452e-58 4.178734970995187e-60 3.394600573061399e-64 3.7189000120087675e-121 3.5212806368560025e-62
346.0 1.1701015611833324e-58 3.023759411984595e-60 2.524135328093756e-64 4.1488192024662335e-121 2.583439280062052e-62
347.0 8.38787187925985e-59 2.1905385410233925e-60 1.8787531192203124e-64 4.622236469446123e-121 1.8974161112586694e-62
348.0 6.020124626497557e-59 1.588743303178205e-60 1.3997755853599967e-64 5.142860012593253e-121 1.3950565784249085e-62
349.0 4.325958276757836e-59 1.1535957524682536e-60 1.043944059931035e-64 5.714645387455198e-121 1.0267960226696342e-62
350.0 3.1122896913704013e-59 8.385878406630516e-61 7.793358313780674e-65 6.341806023013488e-121 7.565503914116198e-63
351.0 2.2417967985630425e-59 6.102901926320863e-61 5.8237021075387905e-65 7.028823726049145e-121 5.580216858974364e-63
352.0 1.6166973382281391e-59 4.4464668855858486e-61 4.356113992187352e-65 7.780459134326347e-121 4.1202354661160937e-63
353.0 1.1672803177171667e-59 3.243265509348975e-61 3.2615450328487914e-65 8.601762078894047e-121 3.0454322867806844e-63
354.0 8.43787878126917e-60 2.3682996313369476e-61 2.4443875496805163e-65 9.498081814150326e-121 2.2533571030974228e-63
355.0 6.106618758911034e-60 1.73131236589009e-61 1.8337400340527764e-65 1.0475077072899935e-120 1.6690274236836182e-63
356.0 4.424614846882923e-60 1.2670588780705023e-61 1.3769715523127909e-65 1.1538725902283168e-120 1.2375065660888977e-63
357.0 3.2096303402154387e-60 9.283221007497743e-62 1.0349756782407235e-65 1.2695335235306602e-120 9.185025279813175e-64
358.0 2.330972705539807e-60 6.808933042475834e-62 7.786670015834255e-66 1.3951550151772182e-120 6.824333181197623e-64
359.0 1.6948050195264522e-60 4.999607069149518e-62 5.863923856071354e-66 1.5314362781538887e-120 5.0755759358155116e-64
360.0 1.233674076941022e-60 3.6750824059151375e-62 4.420162886040531e-66 1.67911208025376e-120 3.778799945996197e-64
361.0 8.990359331802317e-61 2.7043983047765757e-62 3.335032715966152e-66 1.838953548550369e-120 2.8162043083799662e-64
362.0 6.559146819819653e-61 1.9922533505919667e-62 2.5186758074978035e-66 2.0117689237272153e-120 2.1009432931805992e-64
363.0 4.790812013929334e-61 1.4692198661772468e-62 1.9039400237503458e-66 2.1984042594462445e-120 1.568926669438989e-64
364.0 3.5031616335665734e-61 1.0846642265894584e-62 1.4405938312795225e-66 2.3997440619719294e-120 1.172809122769357e-64
365.0 2.5644739397881536e-61 8.016192346031279e-63 1.0910272716544058e-66 2.61671186530895e-120 8.775798353271343e-65
366.0 1.879408907481833e-61 5.930662696086969e-63 8.270540736655777e-67 2.850270737190696e-120 6.573229322341771e-65
367.0 1.3788815609390147e-61 4.392366823603908e-63 6.275306198746034e-67 3.101423711348196e-120 4.928355432697579e-65
368.0 1.0127754457663302e-61 3.256508907643699e-63 4.76581447748143e-67 3.371214141605594e-120 3.698746721416824e-65
369.0 7.446937540086455e-62 2.4169198061048668e-63 3.6227554075838376e-67 3.660725973497112e-120 2.7786557616993153e-65
370.0 5.481740179319723e-62 1.7956700203249765e-63 2.756379701951152e-67 3.971083929255108e-120 2.0894921025561606e-65
371.0 4.039552152408377e-62 1.3354977760436736e-63 2.099112430775257e-67 4.3034536022162476e-120 1.5727902565702578e-65
372.0 2.9800248399978874e-62 9.942833879091991e-64 1.6000275701514563e-67 4.6590414568908305e-120 1.1850133252271741e-65
373.0 2.200778353787214e-62 7.410126335643657e-64 1.2207108980869671e-67 5.039094731176534e-120 8.937092821527538e-66
374.0 1.6270479689789133e-62 5.528247773905488e-64 9.321595459424045e-68 5.444901237445906e-120 6.746650005293567e-66
375.0 1.2041758662902058e-62 4.12851527598697e-64 7.124563149152111e-68 5.877789059506809e-120 5.097969606634791e-66
376.0 8.921602732097038e-63 3.0863335346897e-64 5.450235593395795e-68 6.339126142713667e-120 3.8558641710995894e-66
377.0 6.616939138282314e-63 2.3095770144525604e-64 4.173110138079658e-68 6.830319774831663e-120 2.919173547271383e-66
378.0 4.912817179435932e-63 1.7300583020346494e-64 3.198088263269657e-68 7.352815955546087e-120 2.2121271710153905e-66
379.0 3.651414906011426e-63 1.297256349581538e-64 2.4530452830279957e-68 7.908098652877722e-120 1.677917256770087e-66
380.0 2.7167320501067423e-63 9.737012574684292e-65 1.8832314672703844e-68 8.497688945083799e-120 1.273912383149317e-66
381.0 2.023417030323129e-63 7.3157457988630445e-65 1.4470493915184697e-68 9.123144046990617e-120 9.680893517944695e-67
382.0 1.5086027953829e-63 5.5020246202500555e-65 1.112866385324486e-68 9.786056220098554e-120 7.363706916736007e-67
383.0 1.1259348877955945e-63 4.142052540691255e-65 8.566062026856217e-69 1.0488051566120077e-119 5.606360504404601e-67
384.0 8.411984472541821e-64 3.121303072097778e-65 6.5992781304512e-69 1.1230788704068822e-119 4.2723550037971475e-67
385.0 6.291126705999975e-64 2.3544076293896564e-65 5.088469627726392e-69 1.2015957331334643e-119 3.2587702788443315e-67
386.0 4.7097858418673136e-64 1.777668915321207e-65 3.9269194234530833e-69 1.284527666962307e-119 2.4879324521045127e-67
387.0 3.529511719054485e-64 1.3435125809918096e-65 3.033118361469933e-69 1.3720493797004458e-119 1.9011665903955512e-67
388.0 2.647688132439867e-64 1.0163712542505775e-65 2.344756829167895e-69 1.464338186772906e-119 1.4541086053575675e-67
389.0 1.9881802793957685e-64 7.696281290370477e-66 1.8141611643697497e-69 1.5615738221813906e-119 1.1131839455830938e-67
390.0 1.4944432774390343e-64 5.83345117709705e-66 1.4048244342589101e-69 1.6639382386868617e-119 8.529602348799058e-68
391.0 1.1244389172561825e-64 4.425725149773862e-66 1.0887668708769592e-69 1.771615397492677e-119 6.541551175123332e-68
392.0 8.468823571835137e-65 3.360900972983537e-66 8.445258231864932e-70 1.8847910477461478e-119 5.021357729127781e-68
393.0 6.384679804474892e-65 2.554686266186448e-66 6.556237775026359e-70 2.0036524962165386e-119 3.857877201352714e-68
394.0 4.8181689157674e-65 1.943695335209098e-66 5.0939974493495e-70 2.128388367533806e-119 2.966612475329822e-68
395.0 3.6395679831668917e-65 1.4802182804957388e-66 3.961170705990991e-70 2.2591883554155565e-119 2.283267464072464e-68
396.0 2.7519505533890376e-65 1.1283101194847944e-66 3.082817024810979e-70 2.396242965338803e-119 1.758873809709129e-68
397.0 2.0828234664621677e-65 8.608640187552743e-67 2.4012083428887923e-70 2.539743249141355e-119 1.356103636315318e-68
398.0 1.5779143344708973e-65 6.574189126511521e-67 1.8718385946806998e-70 2.689880532077519e-119 1.0464771949320636e-68
399.0 1.1965520399596438e-65 5.025156769150255e-67 1.4603668588896274e-70 2.8468461328642884e-119 8.082463223379421e-69
400.0 9.082283784558115e-66 3.844634387444589e-67 1.140273729690339e-70 3.010831077302994e-119 6.2478872412002e-69
401.0 6.90036326379709e-66 2.944128225183488e-67 8.910630077872513e-71 3.182025806060177e-119 4.833887160945706e-69
402.0 5.247595664194762e-66 2.2565911487403776e-67 6.968806814927068e-71 3.360619877236092e-119 3.7431059578313375e-69
403.0 3.9944631573976336e-66 1.7311781938753992e-67 5.4545349169942714e-71 3.5468016643555053e-119 2.9009379199741553e-69
404.0 3.0434365402184747e-66 1.3292958682324991e-67 4.272724542707509e-71 3.740758050439229e-119 2.2501624324323272e-69
405.0 2.3210045707072596e-66 1.0216232997283415e-67 3.349642941003219e-71 3.9426741188268417e-119 1.7468549719049558e-69
406.0 1.7717065995945142e-66 7.858640944195678e-68 2.628071481631132e-71 4.152732841443246e-119 1.357268619348852e-69
407.0 1.3536607248953493e-66 6.050481055678806e-68 2.0635712143889595e-71 4.37111476519707e-119 1.0554536839991994e-69
408.0 1.035209472530681e-66 4.662474304395165e-68 1.6216008888787507e-71 4.5979976972256e-119 8.214391718331832e-70
409.0 7.924013429155446e-67 3.5960471492462515e-68 1.275291049422506e-71 4.833556389694251e-119 6.398422942151113e-70
410.0 6.070981471204922e-67 2.7759713772280347e-68 1.0037234698471908e-71 5.077962224868348e-119 4.988043582033313e-70
411.0 4.6555129769911914e-67 2.1447840874902163e-68 7.906001379292471e-72 5.331382901176834e-119 3.891757364793608e-70
412.0 3.573298562724312e-67 1.658553472148572e-68 6.232127713688033e-72 5.593982120982862e-119 3.038910853965566e-70
413.0 2.7451267678328157e-67 1.283662941294713e-68 4.916443742987455e-72 5.865919280780001e-119 2.3748999864125648e-70
414.0 2.110790144984548e-67 9.943665036927877e-69 3.8815009488659293e-72 6.147349164518761e-119 1.8574893340017393e-70
415.0 1.6244841909611873e-67 7.709287883462213e-69 3.0667674125793796e-72 6.438421640770714e-119 1.4539834253032544e-70
416.0 1.2513302180887511e-67 5.98208639280211e-69 2.4248961022033067e-72 6.739281364417951e-119 1.1390510718758188e-70
417.0 9.647452059289147e-68 4.645795514898136e-69 1.9188243461792255e-72 7.050067483552658e-119 8.930505639625214e-71
418.0 7.444505069186281e-68 3.6110612286298465e-69 1.5195176024496533e-72 7.370913352248029e-119 7.007393636968402e-71
419.0 5.749628622409007e-68 2.809152614535617e-69 1.2042130440436405e-72 7.701946249858115e-119 5.5027920602140514e-71
420.0 4.4444987462555414e-68 2.1871567546688814e-69 9.550511817338127e-73 8.043287107474986e-119 4.324683470878754e-71
421.0 3.4386113182362693e-68 1.7043036074191173e-69 7.580089759630615e-73 8.395050242156314e-119 3.4014861624808615e-71
422.0 2.6626800165097523e-68 1.3291527144635392e-69 6.020673744384261e-73 8.757343099522682e-119 2.6774709984359877e-71
423.0 2.063615362373009e-68 1.0374377934826829e-69 4.7856126945344484e-73 9.13026600528251e-119 2.1092160133552337e-71
424.0 1.6007028173794763e-68 8.104139634695601e-70 3.8067151478053914e-73 9.513911926243217e-119 1.6628615874878037e-71
425.0 1.242691017959253e-68 6.335893153232446e-70 3.0302765589596737e-73 9.908366241317253e-119 1.311983714687006e-71
426.0 9.655714581277794e-69 4.957506275530217e-70 2.4139700950000538e-73 1.03137065230232e-118 1.0359448617141463e-71
427.0 7.508839412060341e-69 3.882143861848925e-70 1.924411408521295e-73 1.0730002329933758e-118 8.186141505145398e-72
428.0 5.844221711522813e-69 3.042505248012047e-70 1.5352498641816765e-73 1.1157315010528908e-118 6.473733669410698e-72
429.0 4.5524413870961674e-69 2.3863868447119606e-70 1.2256712929500968e-73 1.1595697518833258e-118 5.123443519691808e-72
430.0 3.549148782811147e-69 1.8732623484465232e-70 9.792226774320046e-74 1.2045194242229937e-118 4.0578799694741525e-72
431.0 2.7692653405862806e-69 1.471645020203824e-70 7.82888865701898e-74 1.250584084177843e-118 3.216363620213489e-72
432.0 2.1625383775442209e-69 1.1570515068592114e-70 6.263667356053652e-74 1.297766410536624e-118 2.5512814690929687e-72
433.0 1.6901308939521068e-69 9.104287327331542e-71 5.01494164830748e-74 1.3460681813947271e-118 2.025244636466117e-72
434.0 1.3220031925300804e-69 7.169375574545819e-71 4.018004615545623e-74 1.3954902621129215e-118 1.608870503168754e-72
435.0 1.0349007590506341e-69 5.650115246046777e-71 3.2215216281835334e-74 1.446032594631693e-118 1.2790507509183581e-72
436.0 8.108067287094939e-70 4.456278966258365e-71 2.5847376782893274e-74 1.4976941881584426e-118 1.0175978143765159e-72
437.0 6.357506709461637e-70 3.517426429302522e-71 2.075273939421455e-74 1.5504731112419207e-118 8.101862591273687e-73
438.0 4.988908856748412e-70 2.7785215482625046e-71 1.6673879814744057e-74 1.6043664852454204e-118 6.45524194462354e-73
439.0 3.918068235460309e-70 2.1965299209072588e-71 1.3405990926735243e-74 1.6593704792272534e-118 5.147042442617409e-73
440.0 3.079530675808936e-70 1.7377752428434802e-71 1.0786013131967557e-74 1.715480306230046e-118 4.106947817672843e-73
441.0 2.4223764004758716e-70 1.3758837557713196e-71 8.684033533721452e-75 1.7726902209840284e-118 3.279408159316314e-73
442.0 1.9069605948749216e-70 1.0901846690997745e-71 6.996475566903501e-75 1.8309935190190913e-118 2.6205066261956662e-73
443.0 1.5023920115195087e-70 8.644644313106844e-72 5.640702553736864e-75 1.8903825371819792e-118 2.095497790638238e-73
444.0 1.184580910393383e-70 6.859958160729342e-72 4.550738632334725e-75 1.9508486555512505e-118 1.6768722147864997e-73
445.0 9.347265556717453e-71 5.447806084565101e-72 3.6738733250773876e-75 2.0123823007359484e-118 1.342833641516663e-73
446.0 7.381443475878504e-71 4.329584416586965e-72 2.9679653961194905e-75 2.074972950547916e-118 1.0760999534506215e-73
447.0 5.83355594556323e-71 3.443449756419528e-72 2.3993004941881608e-75 2.1386091400264006e-118 8.629583716587879e-74
448.0 4.613805486326606e-71 2.7407084148905885e-72 1.9408876574103184e-75 2.2032784687998065e-118 6.925204432807864e-74
449.0 3.651888770833746e-71 2.1829914925570366e-72 1.5711038470513164e-75 2.2689676097585582e-118 5.561341438529199e-74
450.0 2.892721721293991e-71 1.740042960225139e-72 1.272614667591438e-75 2.3356623190170534e-118 4.46919625157948e-74
451.0 2.2931113487274e-71 1.3879864076995924e-72 1.0315144114300237e-75 2.4033474471347803e-118 3.594023397039146e-74
452.0 1.819162631375597e-71 1.1079658493312699e-72 8.366403925115445e-76 2.472006951570042e-118 2.892229092299352e-74
453.0 1.4442565177466865e-71 8.850790588263167e-73 6.790258751339462e-76 2.5416239103332627e-118 2.3290751986008235e-74
454.0 1.147472040489982e-71 7.075398476502003e-73 5.5146328898670084e-76 2.6121805368044557e-118 1.8768608773454633e-74
455.0 9.123540435348967e-72 5.660196572297207e-73 4.4815526310654886e-76 2.683658195682884e-118 1.5134815423831328e-74
456.0 7.25950079147229e-72 4.531296987910684e-73 3.644356355432036e-76 2.7560374200281607e-118 1.2212860160508119e-74
457.0 5.780571015012728e-72 3.630133376240949e-73 2.965462583549847e-76 2.8292979293549147e-118 9.861695434900606e-75
458.0 4.606318057966226e-72 2.910250162949366e-73 2.4145832089881223e-76 2.9034186487416192e-118 7.968534857448755e-75
459.0 3.673287120508858e-72 2.3347715878617025e-73 1.967292172714909e-76 2.978377728908154e-118 6.443128703490989e-75
460.0 2.931380447951622e-72 1.8744051651538012e-73 1.6038781161154484e-76 3.0541525672229476e-118 5.213211331161933e-75
461.0 2.3410163393531396e-72 1.5058655739451037e-73 1.3084240674108043e-76 3.130719829592668e-118 4.2208780978485654e-75
462.0 1.8708985927353794e-72 1.2106295450617152e-73 1.0680687546660694e-76 3.2080554731870964e-118 3.419700016486193e-75
463.0 1.4962639148433013e-72 9.73951523376575e-74 8.724133151489889e-77 3.2861347699589154e-118 2.7724243574817633e-75
464.0 1.1975038520534252e-72 7.84084930857557e-74 7.130444738166039e-77 3.3649323309039224e-118 2.2491409543555757e-75
465.0 9.59080405885599e-73 6.316656460069108e-74 5.831510795347955e-77 3.4444221310188174e-118 1.8258188993428462e-75
466.0 7.686721155190654e-73 5.0922356172040875e-74 4.772155221482469e-77 3.524577534908273e-118 1.4831380234445435e-75
467.0 6.165011316031507e-73 4.107953399888625e-74 3.907652490863538e-77 3.605371322986775e-118 1.2055551475482007e-75
468.0 4.948025316580757e-73 3.3161718068560793e-74 3.201725489646466e-77 3.686775718236033e-118 9.805574353846355e-76
469.0 3.9740550558964074e-73 2.678809004655231e-74 2.624931240486556e-77 3.768762413459978e-118 7.980649584758196e-76
470.0 3.1940258906038135e-73 2.1654014026546316e-74 2.1533585451494747e-77 3.85130259899101e-118 6.499523360448135e-76
471.0 2.5688824572255502e-73 1.7515629220337307e-74 1.7675766129507355e-77 3.934366990803914e-118 5.296654632092917e-76
472.0 2.067521100470696e-73 1.4177592012859292e-74 1.4517857733871232e-77 4.017925858977992e-118 4.319142231820622e-76
473.0 1.6651534457079965e-73 1.1483316897092992e-74 1.1931310016523558e-77 4.101949056468363e-118 3.524259576651169e-76
474.0 1.3420102875216381e-73 9.307201531370314e-75 9.811466996045842e-78 4.186406048133727e-118 2.877475526335187e-76
475.0 1.0823142928715512e-73 7.548428285877227e-75 8.073073574880631e-78 4.271265939974681e-118 2.350864490452598e-76
476.0 8.734651912489807e-74 6.126019252774965e-75 6.646636803423783e-78 4.356497508532198e-118 1.9218283998712617e-76
477.0 7.05393046223803e-74 4.974888564562571e-75 5.475477424184255e-78 4.442069230405444e-118 1.5720687049503022e-76
478.0 5.7004457652834e-74 4.042688753125725e-75 4.513339284393411e-78 4.527949311836955e-118 1.2867589542734978e-76
479.0 4.609748702600952e-74 3.2872897399192175e-75 3.722449882125116e-78 4.61410571832703e-118 1.0538783903161968e-76
480.0 3.730226430283531e-74 2.67476219882565e-75 3.0719459554670964e-78 4.700506204226897e-118 8.636748853358523e-77
481.0 3.0205176659923138e-74 2.1777633065509732e-75 2.536594633134018e-78 4.78711834227122e-118 7.082318390724276e-77
482.0 2.4474540250663366e-74 1.7742437319936556e-75 2.0957540352161383e-78 4.873909553007972e-118 5.811186927724044e-77
483.0 1.984419218943659e-74 1.4464112520866485e-75 1.7325279826129962e-78 4.9608471340855234e-118 4.771087384274926e-77
484.0 1.6100404067023729e-74 1.179899513606751e-75 1.4330781541876195e-78 5.047898289353125e-118 3.9195112211849006e-77
485.0 1.3071437515072353e-74 9.631008961315855e-76 1.1860640313966277e-78 5.135030157740892e-118 3.2218651840133924e-77
486.0 1.0619202771855232e-74 7.866307298525603e-76 9.8218661956988e-79 5.222209841880847e-118 2.6499801806076888e-77
487.0 8.63259231847169e-75 6.4289672540466e-76 8.138164967298331e-79 5.309404436430632e-118 2.1809042728567332e-77
488.0 7.022149634819903e-75 5.257527309708012e-76 6.746904264853581e-79 5.396581056069116e-118 1.795925044810301e-77
489.0 5.715802833276968e-75 4.302201215201274e-76 5.596637511387099e-79 5.483706863127496e-118 1.4797772699972989e-77
490.0 4.655448197353782e-75 3.52263465474322e-76 4.645081914036789e-79 5.570749094825506e-118 1.2200003631201547e-77
491.0 3.7942125032401935e-75 2.8860977921774995e-76 3.85746629993467e-79 5.657675090081679e-118 1.006416982602316e-77
492.0 3.094257816756559e-75 2.3660280758820434e-76 3.205180362978838e-79 5.74445231586877e-118 8.307096842070526e-78
493.0 2.525020117382387e-75 1.9408546827159457e-76 2.6646696970221318e-79 5.83104839308809e-118 6.860769787769166e-78
494.0 2.0617950900984474e-75 1.5930495682059935e-76 2.2165313723453665e-79 5.91743112193309e-118 5.669537324045103e-78
495.0 1.684601918809992e-75 1.30836095931501e-76 1.8447732347667668e-79 6.0035685067220925e-118 4.687837358524983e-78
496.0 1.3772698406135336e-75 1.0751938260144944e-76 1.5362069439299042e-79 6.08942878017109e-118 3.8783459861518584e-78
497.0 1.12670331305572e-75 8.841088359158477e-77 1.2799503208507684e-79 6.174980427093693e-118 3.2104700134985926e-78
498.0 9.222904887941628e-76 7.274168806840594e-77 1.0670190882773497e-79 6.260192207498828e-118 2.6591185647263626e-78
499.0 7.554267449722531e-76 5.9885074143123955e-77 8.899917577360354e-80 6.345033179069135e-118 2.2037015112479685e-78
500.0 6.191306439323654e-76 4.932990540664872e-77 7.427344035207086e-80 6.429472719013421e-118 1.8273123617247598e-78
501.0 5.0773419787844003e-76 4.0659062123966386e-77 6.201744951562927e-80 6.513480545258236e-118 1.5160612496981583e-78
502.0 4.166329032641832e-76 3.353194360461981e-77 5.181149403615731e-80 6.597026736981006e-118 1.258530129335497e-78
503.0 3.42083884158348e-76 2.767026466699192e-77 4.3308110472601e-80 6.680081754464496e-118 1.0453275301636602e-78
504.0 2.810427832579883e-76 2.284651906711799e-77 3.62194890705303e-80 6.76261645825959e-118 8.687244665895866e-79
505.0 2.31031880442248e-76 1.8874603469074815e-77 3.0307103267291666e-80 6.844602127649333e-118 7.223565385865504e-79
506.0 1.9003339402483866e-76 1.5602192757605862e-77 2.5373164171293224e-80 6.926010478405653e-118 6.009800502063224e-79
507.0 1.564031026601525e-76 1.2904535851069861e-77 2.125357502028122e-80 7.0068136798262345e-118 5.002722367999702e-79
508.0 1.2880037476655719e-76 1.0679404363596e-77 1.7812119174474356e-80 7.0869843710517036e-118 4.166675302453274e-79
509.0 1.0613145407835514e-76 8.842977456027145e-78 1.4935663082735892e-80 7.166495676655947e-118 3.472232850284882e-79
510.0 8.750346182379935e-77 7.326487386233373e-78 1.2530194839216517e-80 7.245321221498675e-118 2.895096021062968e-79
511.0 7.218706784069022e-77 6.073483531841756e-78 1.051755102366525e-80 7.323435144852227e-118 2.4151887495105392e-79
512.0 5.9586178489489756e-77 5.037599547528186e-78 8.83271079297753e-81 7.40081211378635e-118 2.0159148579915607e-79
513.0 4.921330754777226e-77 4.180730069087991e-78 7.421557725777298e-81 7.477427335821127e-118 1.683547345024567e-79
514.0 4.066955260263321e-77 3.471540980091791e-78 6.239027580497092e-81 7.553256570843356e-118 1.4067261553064958e-79
515.0 3.362830599891125e-77 2.8842515130401415e-78 5.247574615943101e-81 7.628276142287082e-118 1.1760449330139939e-79
516.0 2.78219959241612e-77 2.397638008925533e-78 4.415901017224514e-81 7.7024629475899125e-118 9.837108052791182e-80
517.0 2.303128755140946e-77 1.9942185254048703e-78 3.7179037390537827e-81 7.775794467917177e-118 8.232641360089758e-80
518.0 1.9076282603651266e-77 1.6595850824048108e-78 3.131801106703937e-81 7.848248777168653e-118 6.893475528280056e-80
519.0 1.5809343294610318e-77 1.3818565021075122e-78 2.6394081160264643e-81 7.919804550264586e-118 5.775154802638087e-80
520.0 1.3109237390955158e-77 1.1512298101316744e-78 2.225534804516505e-81 7.990441070731404e-118 4.840769903475939e-80
521.0 1.0876358388112678e-77 9.59612236162081e-79 1.8774865353382174e-81 8.060138237571635e-118 4.059660725559006e-80
522.0 9.028821114214569e-78 8.003191630150248e-79 1.5846487174311597e-81 8.128876571456048e-118 3.406344813813157e-80
523.0 7.499270581130393e-78 6.67826066794997e-79 1.3381415179969266e-81 8.19663722021957e-118 2.8596318481041684e-80
524.0 6.232272284923567e-78 5.57564683698954e-79 1.1305326242636122e-81 8.26340196368647e-118 2.4018914567773153e-80
525.0 5.182176786728889e-78 4.6575542524775395e-79 9.555981739860092e-82 8.329153217833385e-118 2.0184474880460784e-80
526.0 4.3113713807740628e-78 3.8926951952458643e-79 8.08123676295619e-82 8.39387403829312e-118 1.6970766331274576e-80
527.0 3.5888478675614135e-78 3.2551554317078295e-79 6.837381499678442e-82 8.457548123221335e-118 1.4275932051787046e-80
528.0 2.989028614112046e-78 2.723459775405234e-79 5.787758672329445e-82 8.520159815530279e-118 1.2015050886065264e-80
529.0 2.490803778731008e-78 2.279802132160528e-79 4.901610509181082e-82 8.581694104509202e-118 1.0117285108082154e-80
530.0 2.0767412728038595e-78 1.9094107304761613e-79 4.153116663066391e-82 8.642136626833471e-118 8.52351456291685e-81
531.0 1.7324381049329644e-78 1.60002451829599e-79 3.520591057093734e-82 8.701473666992669e-118 7.1843732597389245e-81
532.0 1.4459875092048835e-78 1.3414610245449359e-79 2.985811072811321e-82 8.759692157132e-118 6.058619114289135e-81
533.0 1.2075409472249294e-78 1.1252595163204778e-79 2.5334569978559866e-82 8.816779676339071e-118 5.1117796156386495e-81
534.0 1.0089478932811395e-78 9.443861744606384e-80 2.150643380353622e-82 8.872724449379399e-118 4.315026139747094e-81
535.0 8.434594261522358e-79 7.929903789481437e-80 1.826527029904189e-82 8.927515344898838e-118 3.644237830561224e-81
536.0 7.054841914030326e-79 6.662031369046185e-80 1.5519789701457932e-82 8.981141873109795e-118 3.0792227292687457e-81
537.0 5.903873714129549e-79 5.599702777783972e-80 1.3193097766512025e-82 9.03359418297409e-118 2.603069409097631e-81
538.0 4.9432499363289995e-79 4.70914346347828e-80 1.1220395013968643e-82 9.084863058899159e-118 2.201606976198053e-81
539.0 4.141072911256791e-79 3.9622019624406075e-80 9.547048532819049e-83 9.134939916966083e-118 1.8629550985785915e-81
540.0 3.470859605860715e-79 3.3354016722131738e-80 8.126975244340759e-83 9.18381680069861e-118 1.5771488660474913e-81
541.0 2.910610883205823e-79 2.8091545298272594e-80 6.921285667010028e-83 9.231486376394097e-118 1.3358258807102158e-81
542.0 2.4420427197180276e-79 2.3671086129385164e-80 5.897145668356839e-83 9.277941928036158e-118 1.1319651252296215e-81
543.0 2.0499508593363773e-79 1.995606575200432e-80 5.0268207145554264e-83 9.32317735179134e-118 9.596689332925579e-82
544.0 1.7216854653611857e-79 1.6832358553783287e-80 4.2868729790570754e-83 9.367187150128417e-118 8.139808581872454e-82
545.0 1.446716496408339e-79 1.4204549168503999e-80 3.6574865457072436e-83 9.409966425548323e-118 6.907334542811949e-82
546.0 1.2162739497254725e-79 1.1992825072738825e-80 3.1219000045849525e-83 9.451510873968348e-118 5.864209963881357e-82
547.0 1.0230499192398541e-79 1.0130391812542718e-80 2.665929126796758e-83 9.49181677775764e-118 4.9809299964622954e-82
548.0 8.609517182450055e-80 8.561321871727494e-81 2.2775651311772436e-83 9.530880998446807e-118 4.2326509744173747e-82
549.0 7.248972083000738e-80 7.238763528344326e-81 1.946636415344829e-83 9.568700969131928e-118 3.598444116962623e-82
550.0 6.1064503086069795e-80 6.123448707271289e-81 1.664523594004973e-83 9.605274686576722e-118 3.0606702881092466e-82
551.0 5.146537170020981e-80 5.182449295884927e-81 1.4239193337206376e-83 9.640600703042861e-118 2.6044559251136128e-82
552.0 4.3396470290789836e-80 4.388140034061814e-81 1.2186258495213595e-83 9.674678117851127e-118 2.2172535562800666e-82
553.0 3.661051451704315e-80 3.717333237816888e-81 1.043384079592636e-83 9.707506568702222e-118 1.8884730794872954e-82
554.0 3.090071436026154e-80 3.1505565296523716e-81 8.937295171877994e-84 9.739086222758938e-118 1.6091722617875798e-82
555.0 2.609405674297187e-80 2.671449643822652e-81 7.658704849245962e-84 9.769417767510984e-118 1.3717968259122204e-82
556.0 2.2045716572422243e-80 2.266260428674343e-81 6.565853116288976e-84 9.798502401436779e-118 1.1699620765014749e-82
557.0 1.8634404307576553e-80 1.9234235272508737e-81 5.631354374323909e-84 9.826341824485425e-118 9.982693412470735e-83
558.0 1.5758491176935457e-80 1.6332080019529504e-81 4.831919468811753e-84 9.852938228366853e-118 8.521516045306623e-83
559.0 1.3332780451446972e-80 1.3874224786336712e-81 4.147734273609043e-84 9.87829428670309e-118 7.277436306098745e-83
560.0 1.1285815715024685e-80 1.17916830201108e-81 3.5619338367457746e-84 9.902413145016794e-118 6.217726406382281e-83
561.0 9.557635707975526e-81 1.0026327854401694e-81 3.0601571957259612e-84 9.925298410594071e-118 5.3146624834087456e-83
562.0 8.097900730126699e-81 8.529159597410603e-82 2.630170321289185e-84 9.946954142229586e-118 4.544748941595151e-83
563.0 6.86432834418434e-81 7.25885324136896e-82 2.26154662368375e-84 9.96738483985915e-118 3.888064647386664e-83
564.0 5.82138667944323e-81 6.180540155804007e-82 1.9453961155935464e-84 9.986595434105807e-118 3.327711583765849e-83
565.0 4.939202383235798e-81 5.264785724127029e-82 1.6741357217901327e-84 1.0004591275737267e-117 2.849349696724695e-83
566.0 4.1926475171755247e-81 4.48673100535297e-82 1.4412943999246768e-84 1.0021378125062344e-117 2.4408042819418123e-83
567.0 3.560575706641149e-81 3.8253717670786256e-82 1.2413477252225707e-84 1.0036962141259189e-117 2.09173444990758e-83
568.0 3.025182839105874e-81 3.262952621357152e-82 1.0695774240461422e-84 1.0051349871668105e-117 1.7933530420492198e-83
569.0 2.5714717463151183e-81 2.7844576501814206e-82 9.219520422995087e-85 1.0064548241043736e-117 1.5381899074572342e-83
570.0 2.186803742822093e-81 2.3771819551098816e-82 7.950255254281716e-85 1.0076564540780649e-117 1.3198917384044866e-83
571.0 1.8605227493792114e-81 2.0303711081935328e-82 6.858509848529716e-85 1.0087406418132365e-117 1.1330527436138045e-83
572.0 1.5836401036847278e-81 1.7349176035318357e-82 5.919073457984717e-85 1.0097081865421254e-117 9.730713450976699e-84
573.0 1.3485701353234275e-81 1.4831051808886827e-82 5.11036925996712e-85 1.0105599209257142e-117 8.360288457038945e-84
574.0 1.1489082244670045e-81 1.2683933732467476e-82 4.413922940309011e-85 1.0112967099766863e-117 7.185866538881524e-84
575.0 9.792444313909314e-82 1.0852358675713404e-82 3.8139100885249766e-85 1.0119194499859298e-117 6.178991894770273e-84
576.0 8.350069227664401e-82 9.289273027618748e-83 3.2967705557447163e-85 1.0124290674513215e-117 5.315400457940813e-84
577.0 7.123303696772535e-82 7.954739944073727e-83 2.850879731749328e-85 1.0128265180110366e-117 4.574393633239573e-84
578.0 6.07945283423582e-82 6.814848004795737e-83 2.4662682241013022e-85 1.0131127853823162e-117 3.938306896375657e-84
579.0 5.190849149939231e-82 5.840789487843645e-83 2.1343827139221376e-85 1.0132888803058045e-117 3.3920586927614603e-84
580.0 4.434068946581227e-82 5.008081552450798e-83 1.8478818560121806e-85 1.0133558394960885e-117 2.9227673379706273e-84
581.0 3.7892724776688366e-82 4.295907880752362e-83 1.6004620165982934e-85 1.013314724600139e-117 2.5194255300898343e-84
582.0 3.239648067322115e-82 3.686561900897125e-83 1.3867084260361797e-85 1.0131666211637255e-117 2.1726236925788466e-84
583.0 2.7709435994424886e-82 3.1649757105056215e-83 1.2019679882214445e-85 1.0129126376055597e-117 1.8743147224245794e-84
584.0 2.371071465517045e-82 2.718321334304973e-83 1.0422405517595712e-85 1.0125539042021451e-117 1.6176138624119486e-84
585.0 2.0297753032411343e-82 2.3356730613501274e-83 9.040859256857918e-86 1.0120915720813493e-117 1.3966283818125685e-84
586.0 1.7383487349656298e-82 2.0077213810591115e-83 7.845443278960937e-86 1.0115268122270938e-117 1.2063125649676282e-84
587.0 1.4893978861398846e-82 1.726530527984225e-83 6.810682985343497e-86 1.0108608144943979e-117 1.042344195775163e-84
588.0 1.2766407798412905e-82 1.4853328985961618e-83 5.914644027774553e-86 1.0100947866368316e-117 9.010193079293181e-85
589.0 1.0947378061034311e-82 1.2783546576020496e-83 5.138432956859637e-86 1.009229953345122e-117 7.791624626274517e-85
590.0 9.391483890911078e-83 1.1006677384971381e-83 4.465769327539368e-86 1.0082675552981997e-117 6.740502314621047e-85
591.0 8.06009750384632e-83 9.480641899486695e-84 3.8826188915723195e-86 1.0072088482280979e-117 5.833459141890292e-85
592.0 6.920343170831191e-83 8.169494486904187e-84 3.3768790326100326e-86 1.0060551019964998e-117 5.050438189920839e-85
593.0 5.9442286945095246e-83 7.042516496935793e-84 2.9381088976667134e-86 1.0048075996864047e-117 4.374216851610278e-85
594.0 5.107909813704202e-83 6.073445312280197e-84 2.5572977838307594e-86 1.0034676367067686e-117 3.790000418271962e-85
595.0 4.391066921279195e-83 5.239818692892003e-84 2.2266662801465042e-86 1.0020365199120365e-117 3.285074775463513e-85
596.0 3.776376718927046e-83 4.522416938257053e-84 1.939495466305175e-86 1.0005155667356538e-117 2.848509491008778e-85
597.0 3.2490641556976803e-83 3.904788075904651e-84 1.6899801530715768e-86 9.989061043389063e-118 2.4709038816768385e-85
598.0 2.7965222881109274e-83 3.372843550749483e-84 1.4731027319358747e-86 9.972094687745482e-118 2.1441697504296955e-85
599.0 2.4079896279948037e-83 2.914513804504636e-84 1.2845246983777928e-86 9.954270041661918e-118 1.8613454245920883e-85
600.0 2.074276167883354e-83 2.5194547525882304e-84 1.1204933371166636e-86 9.935600619023544e-118 1.6164365222736262e-85
601.0 1.7875306416220394e-83 2.178797534163621e-84 9.777614196437968e-87 9.916099998471159e-118 1.4042795514981505e-85
602.0 1.541042730568059e-83 1.8849350682819405e-84 8.535180733874743e-87 9.895781815661233e-118 1.2204250220086626e-85
603.0 1.3290748977004255e-83 1.6313399284812464e-84 7.453292458838499e-87 9.874659755683831e-118 1.0610372390825504e-85
604.0 1.1467193517656323e-83 1.412408877322915e-84 6.510864129578684e-87 9.852747545648388e-118 9.228083649596414e-86
605.0 9.89776335389759e-84 1.223330104565457e-84 5.68962372816817e-87 9.830058947423982e-118 8.02884687719942e-86
606.0 8.54650515130644e-84 1.0599698076693566e-84 4.973731329412876e-87 9.806607750550073e-118 6.988033390196285e-86
607.0 7.382627447046593e-84 9.187752576558626e-85 4.349450378092802e-87 9.78240776529862e-118 6.08437958921483e-86
608.0 6.379748894098311e-84 7.966919210247767e-85 3.8048640630893755e-87 9.75747281591515e-118 5.299520248814979e-86
609.0 5.5152575206277255e-84 6.910925712405371e-85 3.32963051138547e-87 9.731816734012775e-118 4.617587484549082e-86
610.0 4.769764386970156e-84 5.99716631216394e-85 2.9147714110402115e-87 9.70545335213275e-118 4.024866023171847e-86
611.0 4.126637543156594e-84 5.206182496545011e-85 2.5524894315078248e-87 9.678396497472228e-118 3.509496758457808e-86
612.0 3.5716043231324413e-84 4.5212183615201284e-85 2.236010460523163e-87 9.650659985774686e-118 3.0612217326408416e-86
613.0 3.092411818052001e-84 3.927839686672604e-85 1.9594472349071368e-87 9.622257615379363e-118 2.6711646716662424e-86
614.0 2.6785369010277405e-84 3.413607473335495e-85 1.7176814214355718e-87 9.59320316143998e-118 2.3316420463451646e-86
615.0 2.320938472240756e-84 2.967798050061513e-85 1.5062616147890778e-87 9.563510370304035e-118 2.036000352457448e-86
616.0 2.0118456924814063e-84 2.581163009699656e-85 1.3213150723385916e-87 9.533192954053199e-118 1.778475919030714e-86
617.0 1.7445769053929526e-84 2.2457232299597255e-85 1.1594713084474528e-87 9.502264585200416e-118 1.5540740808431313e-86
618.0 1.5133847396325346e-84 1.954592070224732e-85 1.017795931223269e-87 9.470738891557739e-118 1.3584650017970653e-86
619.0 1.3133235535061364e-84 1.7018235535843815e-85 8.937333283143943e-88 9.438629451252759e-118 1.1878938213507483e-86
620.0 1.1401359547177354e-84 1.482281953364702e-85 7.850570006473649e-88 9.40594978790397e-118 1.0391031262157503e-86
621.0 9.90155612142638e-85 1.2915297236553743e-85 6.898265083848253e-88 9.372713365959423e-118 9.09266032110279e-87
622.0 8.602239880855322e-85 1.125731156969957e-85 6.063501356752842e-88 9.338933586182416e-118 7.959284024223447e-87
623.0 7.476189693769531e-85 9.815695306418477e-86 5.33152503236255e-88 9.304623781295452e-118 6.969589380720503e-87
624.0 6.499936732458832e-85 8.561758265477798e-86 4.689464632545314e-88 9.26979721177614e-118 6.105060506816825e-87
625.0 5.653239571085803e-85 7.47067384508484e-86 4.126087019059634e-88 9.234467061796143e-118 5.349605836568207e-87
626.0 4.918633769382495e-85 6.520950852395147e-86 3.631585530479332e-88 9.198646435322217e-118 4.689235766061628e-87
627.0 4.281045224000056e-85 5.693978599537695e-86 3.197395940793733e-88 9.16234835234991e-118 4.111783807972432e-87
628.0 3.727458132757219e-85 4.973634957249535e-86 2.816036531174199e-88 9.125585745293556e-118 3.6066652973731083e-87
629.0 3.246629749293434e-85 4.3459485279132924e-86 2.480969067944123e-88 9.088371455511311e-118 3.16466851747566e-87
630.0 2.8288452414705323e-85 3.7988073578851685e-86 2.186477912571854e-88 9.050718229977665e-118 2.777773825231305e-87
631.0 2.4657069355451003e-85 3.321707685531156e-86 1.9275648630278988e-88 9.012638718087703e-118 2.4389969679658224e-87
632.0 2.1499530546253578e-85 2.9055371429750957e-86 1.699857648375472e-88 8.974145468609338e-118 2.1422533077935893e-87
633.0 1.8753017653335462e-85 2.542387618745913e-86 1.4995302770241037e-88 8.935250926758946e-118 1.88224012256393e-87
634.0 1.6363169489273292e-85 2.2253936646200904e-86 1.3232336797770035e-88 8.895967431416351e-118 1.6543345410225282e-87
635.0 1.4282926276163847e-85 1.9485929093609675e-86 1.1680352968348222e-88 8.85630721247108e-118 1.454505004608045e-87
636.0 1.247153416445498e-85 1.7068054388036358e-86 1.0313664377944085e-88 8.816282388293884e-118 1.2792344365253506e-87
637.0 1.0893687469280011e-85 1.4955295277635886e-86 9.109763992596351e-89 8.775904963335397e-118 1.1254535469873656e-87
638.0 9.518789299907049e-86 1.310851474761209e-86 8.048924592906201e-89 8.73518682585157e-118 9.904829174166401e-88
639.0 8.320314007199239e-86 1.1493676042610095e-86 7.113849844218872e-89 8.694139745745824e-118 8.71982690761996e-88
640.0 7.275257226870149e-86 1.008116770475822e-86 6.28936985854534e-89 8.652775372537459e-118 7.679088540563285e-88
641.0 6.363661310615473e-86 8.845219281236297e-87 5.56217548790092e-89 8.61110523343863e-118 6.764752364542045e-88
642.0 5.568205662388904e-86 7.763395343009142e-87 4.920586345692578e-89 8.569140731554192e-118 5.961204643006263e-88
643.0 4.873852975108956e-86 6.816157164819099e-87 4.3543482087833705e-89 8.526893144189207e-118 5.254792168977073e-88
644.0 4.2675436298977716e-86 5.986482885569778e-87 3.854456021626882e-89 8.484373621268812e-118 4.633572148107478e-88
645.0 3.737931606095433e-86 5.259538231790033e-87 3.41299921711746e-89 8.44159318386238e-118 4.087094487135494e-88
646.0 3.275156181902198e-86 4.622390974114639e-87 3.023026496736605e-89 8.398562722818717e-118 3.60621222578149e-88
647.0 2.870644504829391e-86 4.063763222551919e-87 2.678427583939396e-89 8.355292997498286e-118 3.1829164189040243e-88
648.0 2.51694079725673e-86 3.5738164721528327e-87 2.3738297871351853e-89 8.311794634610548e-118 2.810192267524185e-88
649.0 2.2075585515129143e-86 3.1439650048018703e-87 2.104507488586048e-89 8.268078127146653e-118 2.4818937226782677e-88
650.0 1.9368525749399078e-86 2.7667138509591637e-87 1.866302918765218e-89 8.224153833411746e-118 2.192634154094165e-88
651.0 1.6999081802253666e-86 2.4355180307301954e-87 1.6555567870636188e-89 8.180031976145373e-118 1.9376909942204442e-88
652.0 1.492445190064388e-86 2.144660238197446e-87 1.4690475234558064e-89 8.135722641735457e-118 1.7129225439363366e-88
653.0 1.310734746614234e-86 1.8891445164074162e-87 1.3039380454869012e-89 8.091235779528922e-118 1.514695365134639e-88
654.0 1.1515271926744442e-86 1.6646038012829271e-87 1.1577291038943832e-89 8.046581201211258e-118 1.339820892316424e-88
655.0 1.0119895294439418e-86 1.4672194983594712e-87 1.0282183810975345e-89 8.00176858028972e-118 1.1855000747117438e-88
656.0 8.896511604889732e-87 1.2936515028471273e-87 9.134646220113762e-90 7.956807451645539e-118 1.049275015928132e-88
657.0 7.823568079186681e-87 1.140977286559901e-87 8.117561682777097e-90 7.911707211172389e-118 9.289867130010977e-89
658.0 6.882256386745578e-87 1.0066388593172551e-87 7.215833468017775e-90 7.866477115487159e-118 8.22738113713117e-89
659.0 6.056157697531223e-87 8.883965715330662e-88 6.416142330110801e-90 7.821126281723279e-118 7.288618125869949e-89
660.0 5.330934340253548e-87 7.842888622762832e-88 5.7067336984049365e-90 7.775663687390585e-118 6.458917941010546e-89
661.0 4.6940618563184795e-87 6.925971760865353e-88 5.0772307627159175e-90 7.730098170307033e-118 5.7253870822200235e-89
662.0 4.134596078754063e-87 6.118153747876693e-88 4.51847025315691e-90 7.684438428602952e-118 5.076682298443553e-89
663.0 3.642970589709774e-87 5.406230596592013e-88 4.022358115111364e-90 7.638693020788848e-118 4.5028211150637296e-89
664.0 3.2108205354391856e-87 4.7786229648768557e-88 3.581742630679306e-90 7.592870365890014e-118 3.995015889798253e-89
665.0 2.8308293176392904e-87 4.225173028506052e-88 3.19030284396667e-90 7.546978743636757e-118 3.545528430041095e-89
666.0 2.49659514646563e-87 3.7369671489058094e-88 2.8424504148163642e-90 7.5010262947275195e-118 3.147542584245262e-89
667.0 2.202514843578134e-87 3.306181010201781e-88 2.53324325894796e-90 7.455021021136996e-118 2.795052550452204e-89
668.0 1.9436826319984923e-87 2.925944335109223e-88 2.2583095364025254e-90 7.408970786489268e-118 2.4827649327830308e-89
669.0 1.715801950812498e-87 2.590222666533978e-88 2.0137807283756267e-90 7.362883316483448e-118 2.2060128271600963e-89
670.0 1.5151085933508982e-87 2.2937140291387256e-88 1.7962326983133684e-90 7.316766199369924e-118 1.9606804356749987e-89
671.0 1.3383036929730493e-87 2.0317585692451345e-88 1.6026337693793556e-90 7.270626886478061e-118 1.743136899065222e-89
672.0 1.182495275754876e-87 1.8002595180880622e-88 1.430298969565813e-90 7.22447269279377e-118 1.5501782023780253e-89
673.0 1.0451472683823934e-87 1.5956140376316586e-88 1.276849699995156e-90 7.178310797581875e-118 1.37897615327871e-89
674.0 9.240349959328784e-88 1.4146526942269857e-88 1.1401781732261275e-90 7.13214824505528e-118 1.2270335583619904e-89
675.0 8.172063310548804e-88 1.2545864670784637e-88 1.0184160482847587e-90 7.085991945085671e-118 1.0921448326460465e-89
676.0 7.229477659868609e-88 1.1129603390372548e-88 9.099067591240765e-91 7.0398486739570285e-118 9.723613732567958e-90
677.0 6.397547741631999e-88 9.876126394521123e-89 8.131810945251376e-91 6.993725075160986e-118 8.65961111950569e-90
678.0 5.663059108169829e-88 8.76639415108752e-89 7.269356411766323e-91 6.947627660222488e-118 7.714217341489142e-90
679.0 5.0144017370873075e-88 7.783631977868507e-89 6.500137487698448e-91 6.901562809571706e-118 6.8739711594372735e-90
680.0 4.4413720734647015e-88 6.913056174601157e-89 5.813887172355139e-91 6.855536773442845e-118 6.1269658624597e-90
681.0 3.93499988100367e-88 6.141633802598271e-89 5.201489424734824e-91 6.809555672812364e-118 5.462666699508883e-90
682.0 3.4873967453785845e-88 5.457871913606231e-89 4.6548478870058333e-91 6.763625500364174e-118 4.87175010557039e-90
683.0 3.091623480712635e-88 4.8516325612916576e-89 4.166769834326156e-91 6.717752121486466e-118 4.345962079013427e-90
684.0 2.741574044332457e-88 4.3139703921930114e-89 3.730863555977079e-91 6.6719412752981326e-118 3.877993392303422e-90
685.0 2.4318738728888076e-88 3.8369900169751415e-89 3.341447587771231e-91 6.626198575699945e-118 3.46136960316037e-90
686.0 2.1577908206955577e-88 3.413720715119589e-89 2.9934704045372664e-91 6.580529512456591e-118 3.0903540825854667e-90
687.0 1.9151571140416015e-88 3.0380063334722897e-89 2.682439347396045e-91 6.534939452297038e-118 2.7598624944624393e-90
688.0 1.7003009378886746e-88 2.7044085072101085e-89 2.4043577063742775e-91 6.489433640038368e-118 2.4653873526164585e-90
689.0 1.5099864477539593e-88 2.4081215658187727e-89 2.1556690071017134e-91 6.444017199737807e-118 2.2029314486809683e-90
690.0 1.3413611531395772e-88 2.144897690992382e-89 1.9332076630649755e-91 6.398695135858521e-118 1.9689490908592263e-90
691.0 1.1919097526278456e-88 1.9109810718288456e-89 1.7341552540702645e-91 6.353472334456643e-118 1.760294222307044e-90
692.0 1.0594136172784099e-88 1.7030499585873958e-89 1.5560017788175104e-91 6.30835356438564e-118 1.5741746006367e-90
693.0 9.419152205103444e-89 1.518165652514435e-89 1.3965113062885982e-91 6.2633434785184455e-118 1.4081113189574763e-90
694.0 8.376869011722043e-89 1.3537275883340184e-89 1.253691518261964e-91 6.2184466149842845e-118 1.2599030356431324e-90
695.0 7.45203423696483e-89 1.2074337701378628e-89 1.1257666948092932e-91 6.173667398421061e-118 1.1275943561709327e-90
696.0 6.63117866565855e-89 1.0772459124919557e-89 1.0111537470757983e-91 6.129010141239017e-118 1.0094478772211083e-90
697.0 5.90240429071818e-89 9.61358718274013e-90 9.084409478619961e-92 6.084479044897195e-118 9.039194619247431e-91
698.0 5.255197976242485e-89 8.581727945022552e-90 8.16369051254475e-92 6.040078201191936e-118 8.096363667003344e-91
699.0 4.680267576417745e-89 7.662707684785217e-90 7.338145284630808e-92 5.995811593555282e-118 7.253778854139344e-91
700.0 4.169397761535752e-89 6.843962200418032e-90 6.597746786888565e-92 5.951683098361784e-118 6.500582164032259e-91
