200.0 1.6653129404887225e-15 1.1162603128375355e-21 2.624967671838274e-25 1.8301155097131067e-126 7.880832324056421e-22
201.0 2.220414690791416e-15 1.5974188171619829e-21 3.915887566795712e-25 9.106513726576224e-126 1.12973765686742e-21
202.0 2.7755149095532617e-15 2.1416043256206677e-21 5.470472687829766e-25 4.1930911379721453e-125 1.5171998909527323e-21
203.0 3.66367476956279e-15 3.0298695868945532e-21 8.061347727484697e-25 2.012803100506036e-124 2.1501310164170602e-21
204.0 4.662852069976179e-15 4.130235372119027e-21 1.1441503834756255e-24 9.198831460601865e-124 2.935931923933027e-21
205.0 5.995086215297349e-15 5.683866254266807e-21 1.6387238588812689e-24 4.194271601315653e-123 4.0470455927128624e-21
206.0 7.66037516580267e-15 7.768497970399679e-21 2.330151291079227e-24 1.8773860144392747e-122 5.540479482061487e-21
207.0 9.769736335638695e-15 1.0590731590669351e-20 3.3036354738360642e-24 8.28644954433106e-122 7.565634993976853e-21
208.0 1.2545205498105578e-14 1.452775728024901e-20 4.7110768181091866e-24 3.6388243480242935e-121 1.0394899841670684e-20
209.0 1.587575830179556e-14 1.9627207950004418e-20 6.614153798333006e-24 1.556343407367547e-120 1.4066169531177146e-20
210.0 2.0205465928628654e-14 2.665174550463743e-20 9.329891345748655e-24 6.617446456014508e-120 1.9130747791399013e-20
211.0 2.553431960908387e-14 3.591262574933755e-20 1.3054989287934601e-23 2.762046986938135e-119 2.5818789874087395e-20
212.0 3.21953649469879e-14 4.825245517854147e-20 1.8208438105085604e-23 1.1373396689270093e-118 3.4744345570867634e-20
213.0 4.063266090582769e-14 6.485527968871306e-20 2.539628520525865e-23 4.635920322622784e-118 4.677132848356573e-20
214.0 5.1068223835123143e-14 8.675795040881757e-20 3.524159223220481e-23 1.8613017102592328e-117 6.26624027354587e-20
215.0 6.405711754413401e-14 1.1576103326502296e-19 4.8762044460373876e-23 7.378134988800037e-117 8.373699549200254e-20
216.0 8.026541279081853e-14 1.5420960754749535e-19 6.733768286546039e-23 2.890638983669315e-116 1.1171655783198464e-19
217.0 1.0024815029325396e-13 2.0464554369002317e-19 9.260452806056977e-23 1.1170303695347893e-115 1.484750701407318e-19
218.0 1.2500442272716403e-13 2.7098956013470913e-19 1.2703507195478055e-22 4.265176223757933e-115 1.9689877835359683e-19
219.0 1.555333003687624e-13 3.578602478837311e-19 1.7373430514713016e-22 1.6084938706314541e-114 2.603977917050628e-19
220.0 1.9327788973574848e-13 4.71737084203233e-19 2.371018789062032e-22 5.997697799055084e-114 3.4375694077166264e-19
221.0 2.3957024536742617e-13 6.199355873140802e-19 3.224839342050588e-22 2.2086304424805817e-113 4.523972581945571e-19
222.0 2.964084682842724e-13 8.127769010866875e-19 4.374464873864423e-22 8.039116180891106e-113 5.939653154263014e-19
223.0 3.660126283566752e-13 1.0629630234964954e-18 5.917402887286014e-22 2.892266798752299e-112 7.778909129159118e-19
224.0 4.5104677689787725e-13 1.3866355254156845e-18 7.981854705754872e-22 1.0285888265440495e-111 1.0161743262450309e-18
225.0 5.549519622989443e-13 1.8050742056974987e-18 1.0740782613309052e-21 3.617946885282279e-111 1.3246493468391891e-18
226.0 6.813911348846666e-13 2.343787712835739e-18 1.441222663347417e-21 1.2582090416621589e-110 1.7223396789537104e-18
227.0 8.352482247118305e-13 3.0367255352426507e-18 1.9291435715729675e-21 4.328502923833807e-110 2.2345779040791974e-18
228.0 1.0219620189099928e-12 3.925380830038715e-18 2.5755080732418657e-21 1.47296172402242e-109 2.892384399842579e-18
229.0 1.248303184125673e-12 5.063092045433968e-18 3.430019483055113e-21 4.95942764369226e-109 3.735675876975489e-18
230.0 1.5220411595525593e-12 6.515761863149656e-18 4.5564304634936284e-21 1.6522032774699843e-108 4.81385145085886e-18
231.0 1.852610125432094e-12 8.366868273506442e-18 6.037844966676669e-21 5.447124172813745e-108 6.189556870697004e-18
232.0 2.25121989216154e-12 1.072103125133767e-17 7.981735210156916e-21 1.777529222740813e-107 7.941406494975849e-18
233.0 2.7309667670275345e-12 1.3708092922150191e-17 1.0525998026356253e-20 5.741803149639308e-107 1.0167104793003237e-17
234.0 3.307499419835874e-12 1.7490698378151488e-17 1.38485447165247e-20 1.8362397628660078e-106 1.298918866978731e-17
235.0 3.999129667976971e-12 2.2270341209183933e-17 1.8176962772105327e-20 5.814386630549519e-106 1.6559668539013742e-17
236.0 4.827720242658114e-12 2.829874681573984e-17 2.3803853409431725e-20 1.8232492007030584e-105 2.1068674145568817e-17
237.0 5.818684452040385e-12 3.588605822412961e-17 3.110147674811665e-20 5.662338315983021e-105 2.675077650503152e-17
238.0 7.002095799330186e-12 4.5417092880089836e-17 4.054532064853932e-20 1.7418541331283607e-104 3.389737416186608e-17
239.0 8.413020479261513e-12 5.736544661509227e-17 5.2738803721121666e-20 5.308079550588306e-104 4.2867554441660414e-17
240.0 1.009284875762646e-11 7.231667585053104e-17 6.844953738760776e-20 1.6026276672548958e-103 5.4105816777286586e-17
241.0 1.2089849197791587e-11 9.098990019915335e-17 8.864871015610651e-20 4.794537613163397e-103 6.815873006147615e-17
242.0 1.4460277713403108e-11 1.1426681637791255e-16 1.1456259279395118e-19 1.4214260622062597e-102 8.569725418663985e-17
243.0 1.7269930377784356e-11 1.4322902015154347e-16 1.4773887452022585e-19 4.176527999391752e-102 1.0754544256549386e-16
244.0 2.0595584959830445e-11 1.7920057538853056e-16 1.9012668137970052e-19 1.2163859109467097e-101 1.347132723952326e-16
245.0 2.45262201728865e-11 2.2379517897619984e-16 2.441711674317335e-19 3.511840818929905e-101 1.684331402019443e-16
246.0 2.916545544797569e-11 2.789817389263812e-16 3.1293973892202735e-19 1.0052012657878557e-100 2.1021045685568307e-16
247.0 3.4633546265614686e-11 3.471562603342427e-16 4.002706311427766e-19 2.852806949712711e-100 2.6187931618981026e-16
248.0 4.10698228978087e-11 4.312290538174219e-16 5.109568231559144e-19 8.028563860751762e-100 3.256700754230787e-16
249.0 4.86354614516409e-11 5.34728663366247e-16 6.509714746747726e-19 2.24074747710256e-99 4.042899867112257e-16
250.0 5.751669806176621e-11 6.619263165853917e-16 8.277447365650283e-19 6.202689791131382e-99 5.010198474861157e-16
251.0 6.79287080168521e-11 8.179867798908122e-16 1.050505803516089e-18 1.703110054661763e-98 6.198312361665584e-16
252.0 8.011948376310943e-11 1.0091416530611562e-15 1.3306931035336839e-18 4.6389830002005496e-98 7.655214654277708e-16
253.0 9.437437746381505e-11 1.2428961221255658e-15 1.6824552002431165e-18 1.253604488350874e-97 9.438747346138536e-16
254.0 1.1102208460825798e-10 1.5282850326985083e-15 2.1232753046917526e-18 3.361228786265837e-97 1.1618617142939817e-15
255.0 1.3043962701751494e-10 1.8761522548011506e-15 2.674697837825945e-18 8.942817494256498e-97 1.427858013532746e-15
256.0 1.5305977498310842e-10 2.2995042520662208e-15 3.363241284974978e-18 2.361178183053849e-96 1.7519204238958643e-15
257.0 1.7937857770456184e-10 2.8139160867285395e-15 4.2214883730127126e-18 6.187286991179747e-96 2.14610472756142e-15
258.0 2.0996366740900183e-10 3.4380061705937377e-15 5.289397976987013e-18 1.6092622372033352e-95 2.624837779173678e-15
259.0 2.4546400233062215e-10 4.19400023189168e-15 6.615895890561405e-18 4.1547590072986193e-95 3.2053598472051495e-15
260.0 2.866209368638681e-10 5.108395900809235e-15 8.260794834204237e-18 1.064865020040254e-94 3.90824638405279e-15
261.0 3.342798414912349e-10 6.21272765286963e-15 1.0297080250060018e-17 2.7096247407676494e-94 4.7580095213265985e-15
262.0 3.894041577312129e-10 7.54447992882434e-15 1.2813682089041722e-17 6.84582044203921e-94 5.7838164311465226e-15
263.0 4.53090333755388e-10 9.148140008698327e-15 1.5918772996522937e-17 1.7174291244423435e-93 7.020318818448014e-15
264.0 5.265850817496404e-10 1.1076437142025177e-14 1.974373143634385e-17 4.278621688040548e-93 8.508629929732584e-15
265.0 6.113041790183682e-10 1.3391777210085439e-14 2.4447859341016145e-17 1.0586071732214898e-92 1.0297457106146086e-14
266.0 7.088539205529021e-10 1.6167922173010093e-14 3.022402580678896e-17 2.6013893073149912e-92 1.2444428712019387e-14
267.0 8.210547774211622e-10 1.9491937018855517e-14 3.730537930385195e-17 6.349633306663469e-92 1.5017634098880848e-14
268.0 9.499675916414996e-10 2.3466445831571402e-14 4.597332137599022e-17 1.539562521847346e-91 1.809740994678276e-14
269.0 1.0979235250751584e-09 2.821226696313326e-14 5.656701278414741e-17 3.7083756654542455e-91 2.1778428439499018e-14
270.0 1.2675557630794328e-09 3.3871424743047544e-14 6.949456706283816e-17 8.874408248116245e-91 2.6172087047504412e-14
271.0 1.4618367405366716e-09 4.061068316106901e-14 8.524640443878054e-17 2.110064148959088e-90 3.140931410122071e-14
272.0 1.684118002807416e-09 4.862559085310292e-14 1.0441096821933132e-16 4.98520803797879e-90 3.7643784293545825e-14
273.0 1.9381745827828803e-09 5.814515065593514e-14 1.276932852525352e-16 1.1703952766096422e-89 4.5055634162835144e-14
274.0 2.228255108697194e-09 6.943722818006933e-14 1.5593691111491325e-16 2.7306963556752987e-89 5.38557691211544e-14
275.0 2.559135752016112e-09 8.281473159022227e-14 1.901496718933313e-16 6.331917497964426e-89 6.429079031806722e-14
276.0 2.9361812245180214e-09 9.864275562901065e-14 2.3153402171167025e-16 1.459308434361008e-88 7.664869471269543e-14
277.0 3.3654112648324294e-09 1.173467559657862e-13 2.8152262818188846e-16 3.343008852118989e-88 9.126540399774513e-14
278.0 3.853574380020245e-09 1.3942193434071359e-13 3.4182012807133116e-16 7.612629847889005e-88 1.0853226732892205e-13
279.0 4.408229386798003e-09 1.6544399751425994e-13 4.14452052380256e-16 1.7233220295158256e-87 1.2890467010652918e-13
280.0 5.037834409113189e-09 1.9608143627284558e-13 5.018219755065412e-16 3.8784666660883985e-87 1.5291186876125014e-13
281.0 5.751845647515884e-09 2.321095870665373e-13 6.067783431678821e-16 8.67845782922397e-87 1.8116826295178234e-13
282.0 6.560825573755214e-09 2.744266680342635e-13 7.32692396895236e-16 1.930814311919604e-86 2.143862625365422e-13
283.0 7.476561975633657e-09 3.2407207040031224e-13 8.835489842076893e-16 4.271497257380826e-86 2.5339097730745995e-13
284.0 8.512198499167903e-09 3.822471861339892e-13 1.0640522181426572e-15 9.396957594541293e-86 2.991369587202754e-13
285.0 9.682377554503503e-09 4.503390909351528e-13 1.2797482415705024e-15 2.0558308472420804e-85 3.527272540342136e-13
286.0 1.1003397667943312e-08 5.299474930436696e-13 1.5371678268037372e-15 4.473068834300706e-85 4.1543510640185883e-13
287.0 1.2493385032862916e-08 6.229152940724305e-13 1.8439916139686783e-15 9.679805628270702e-85 4.887285858994276e-13
288.0 1.41724812249794e-08 7.313632462436875e-13 2.2092414537472385e-15 2.0835069294372067e-84 5.74298546497293e-13
289.0 1.606304926470098e-08 8.577292586081129e-13 2.6435018535601116e-15 4.460818946774892e-84 6.740903597585327e-13
290.0 1.8189897215009946e-08 1.0048128040062965e-12 3.15917558135597e-15 9.500562304008887e-84 7.903397992393899e-13
291.0 2.0580523371881723e-08 1.1758251813581376e-12 3.770778790753464e-15 2.0129013621070316e-83 9.256136898458996e-13
292.0 2.3265383444091883e-08 1.3744462722054744e-12 4.495281160049681e-15 4.24284563758912e-83 1.082855848684968e-12
293.0 2.627818077877923e-08 1.6048885220992153e-12 5.352497314018842e-15 8.897669749099368e-83 1.2654389189467966e-12
294.0 2.9656183893101474e-08 1.8719691446308426e-12 6.36553724480791e-15 1.8565305460240963e-82 1.4772229123322896e-12
295.0 3.344056991966139e-08 2.181191300225645e-12 7.56132329976265e-15 3.854400326123434e-82 1.722621085894336e-12
296.0 3.767680009274559e-08 2.5388355445614987e-12 8.971183824617162e-15 7.962735398196758e-82 2.006674211173982e-12
297.0 4.2415025535509996e-08 2.95206246301318e-12 1.0631533108806494e-14 1.6369674065084488e-81 2.3351339998087745e-12
298.0 4.7710529345878573e-08 3.429028004844562e-12 1.2584650225934183e-14 3.3489704235578323e-81 2.7145569262867828e-12
299.0 5.362420499273495e-08 3.979012771572309e-12 1.48795695084094e-14 6.818629354854062e-81 3.152409489580286e-12
300.0 6.022307500634525e-08 4.6125669043970694e-12 1.7573097900452584e-14 1.381713571803843e-80 3.657186270032517e-12
301.0 6.75808529380711e-08 5.341672303500036e-12 2.0730976054956384e-14 2.7867276648238236e-80 4.2385422144405135e-12
302.0 7.577855121898445e-08 6.1799240436019604e-12 2.4429201943121477e-14 5.5943125305305724e-80 4.907440693847698e-12
303.0 8.490513841682072e-08 7.142733086696825e-12 2.875553821337574e-14 1.1178781458447033e-79 5.676319074036709e-12
304.0 9.505824926331886e-08 8.247552573837952e-12 3.3811226992723746e-14 2.2236034585370368e-79 6.5592736910933734e-12
305.0 1.0634495202143643e-07 9.514130286990432e-12 3.971293900426174e-14 4.4030607696713765e-79 7.572266379555284e-12
306.0 1.1888257508970239e-07 1.0964789866970949e-11 4.6594986003611095e-14 8.679716757209645e-79 8.733354707015428e-12
307.0 1.3279959969199264e-07 1.2624744041390616e-11 5.461183065686508e-14 1.7034476130478436e-78 1.006294861145884e-11
308.0 1.4823662050441114e-07 1.4522442949639842e-11 6.39409299745002e-14 3.328456895266336e-78 1.1584096017416106e-11
309.0 1.653473807957226e-07 1.6689961355825682e-11 7.478595429714275e-14 6.475396192281137e-78 1.332280058068909e-11
310.0 1.8429988542564357e-07 1.9163428557853503e-11 8.738042717973059e-14 1.2543452631668399e-77 1.530837473997762e-11
311.0 2.0527759766519825e-07 2.1983505378191527e-11 1.0199183760486335e-13 2.419429837754451e-77 1.7573831729740974e-11
312.0 2.284807255473709e-07 2.519591297358908e-11 1.1892628151816268e-13 4.6469904225190535e-77 2.015632050675584e-11
313.0 2.5412760198549683e-07 2.8852018431217164e-11 1.385336950573988e-13 8.888136523011843e-77 2.3097607745042926e-11
314.0 2.824561667185683e-07 3.300948294741404e-11 1.6121375047397189e-13 1.6929612315833735e-76 2.6444611736247912e-11
315.0 3.1372555401673966e-07 3.773297839622151e-11 1.8742249109329163e-13 3.2114236834959504e-76 3.024999306316491e-11
316.0 3.4821779488677237e-07 4.309497911417423e-11 2.176797922987235e-13 6.067072953814341e-76 3.4572807753080444e-11
317.0 3.862396387156421e-07 4.917663582704686e-11 2.5257774240587627e-13 1.1415852612786153e-75 3.947922872257764e-11
318.0 4.2812450342513746e-07 5.606873969443215e-11 2.9279004944137605e-13 2.1394458962527725e-75 4.504334219419329e-11
319.0 4.742345601724711e-07 6.387278469717064e-11 3.3908258878176254e-13 3.9936883260856296e-75 5.1348025994708196e-11
320.0 5.249629608830546e-07 7.270213750971349e-11 3.9232521961119066e-13 7.425792602895653e-75 5.848591741204595e-11
321.0 5.807362173801317e-07 8.268332477468226e-11 4.5350501138147476e-13 1.3753807034424381e-74 6.656047894450468e-11
322.0 6.420167406892846e-07 9.395744843137407e-11 5.237410353791048e-13 2.5376398332834434e-74 7.56871709029774e-11
323.0 7.093055478042308e-07 1.0668174035371467e-10 6.043008906061769e-13 4.664222576390135e-74 8.599474035105779e-11
324.0 7.831451479543268e-07 1.2103126908617632e-10 6.96619153477654e-13 8.5405505874094e-74 9.762663714371465e-11
325.0 8.64122616025361e-07 1.3720081176884785e-10 8.023179555775364e-13 1.5579900924977413e-73 1.1074256811431501e-10
326.0 9.528728637652951e-07 1.5540690573345898e-10 9.232299155922304e-13 2.831590500820132e-73 1.2552020162793131e-10
327.0 1.050082119624875e-06 1.7589009534275907e-10 1.0614236732088131e-12 5.1274054895430516e-73 1.421570356500428e-10
328.0 1.156491627964045e-06 1.989173907424271e-10 1.2192322958780877e-12 9.250829810371342e-73 1.6087244341984522e-10
329.0 1.2729015783376726e-06 2.2478495636224782e-10 1.3992848543499767e-12 1.6630055445703907e-72 1.81909911818616e-10
330.0 1.400175277526275e-06 2.5382104858620573e-10 1.6045414920831666e-12 2.978863991580418e-72 2.0553948886525021e-10
331.0 1.5392435755110946e-06 2.863892231027156e-10 1.838332341644494e-12 5.316985098149522e-72 2.3206045772050207e-10
332.0 1.6911095588518322e-06 3.228918342538521e-10 2.10440067549639e-12 9.456962149981678e-72 2.6180425611496414e-10
333.0 1.8568535227842224e-06 3.637738498151841e-10 2.4069507105425405e-12 1.6761881958606599e-71 2.9513766109218973e-10
334.0 2.037638237779751e-06 4.095270070482941e-10 2.75070052822385e-12 2.960684558526655e-71 3.3246626099158315e-10
335.0 2.234714521515358e-06 4.606943366541202e-10 3.140940606263273e-12 5.211621701122039e-71 3.7423823731845955e-10
336.0 2.4494271328047024e-06 5.17875084100308e-10 3.583598508278587e-12 9.142774394562446e-71 4.2094848154660656e-10
337.0 2.6832210003192238e-06 5.817300589627271e-10 4.085310319322635e-12 1.5985282966774756e-70 4.731430729425206e-10
338.0 2.9376478019810765e-06 6.529874455066661e-10 4.6534994694115036e-12 2.785560106518728e-70 5.314241457016309e-10
339.0 3.2143729101146818e-06 7.324491096790743e-10 5.296463639913393e-12 4.838014227258756e-70 5.96455175376383e-10
340.0 3.5151827180579676e-06 8.209974400153344e-10 6.023470506249509e-12 8.375225690991961e-70 6.689667165864839e-10
341.0 3.841992363215828e-06 9.196027621064309e-10 6.844863130905537e-12 1.4451498666946844e-69 7.497626258649854e-10
342.0 4.196853865511282e-06 1.0293313696291932e-09 7.772175893760365e-12 2.4855832749129024e-69 8.397268063546427e-10
343.0 4.581964694947347e-06 1.1513542163001482e-09 8.818261908997946e-12 4.261423911038713e-69 9.398305123097613e-10
344.0 4.999676787790727e-06 1.2869563171440566e-09 9.997432963619865e-12 7.282893049981166e-69 1.0511402547852496e-09
345.0 5.452506027137624e-06 1.4375469094083737e-09 1.1325613087292587e-11 1.2407593099636597e-68 1.1748263516269954e-09
346.0 5.943142206423528e-06 1.6046704270771257e-09 1.2820506954924306e-11 2.107254902220765e-68 1.3121721679904296e-09
347.0 6.4744594930589085e-06 1.7900183456819785e-09 1.4501784413191748e-11 3.5678278375669786e-68 1.464584096020506e-09
348.0 7.049527411463464e-06 1.9954419578821822e-09 1.6391282525048924e-11 6.0222561626914486e-68 1.6336023255834855e-09
349.0 7.671622362369063e-06 2.2229661430093108e-09 1.8513226626012605e-11 1.013430979742773e-67 1.8209124603503282e-09
350.0 8.344239698183075e-06 2.4748041980661695e-09 2.0894472003787028e-11 1.7002771214431862e-67 2.0283580372343545e-09
351.0 9.07110637196098e-06 2.7533738007078453e-09 2.356476792631664e-11 2.8441118182354258e-67 2.257954009873343e-09
352.0 9.856194180732793e-06 3.0613141794638208e-09 2.6557045876911664e-11 4.7433563617555235e-67 2.5119012609304907e-09
353.0 1.0703733618493911e-05 3.401504568793667e-09 2.990773397482603e-11 7.887648626013513e-67 2.792602210119644e-09
354.0 1.1618228362074157e-05 3.777084033036729e-09 3.365709972113094e-11 1.3078036124840352e-66 3.102677590391967e-09
355.0 1.2604470404798418e-05 4.191472745058463e-09 3.7849623337930396e-11 2.1621261153839328e-66 3.444984466390463e-09
356.0 1.3667555860040454e-05 4.648394812013856e-09 4.2534404146340526e-11 3.564291724380318e-66 3.822635574959095e-09
357.0 1.4812901450265186e-05 5.1519027431378875e-09 4.776560257768547e-11 5.859078142502016e-66 4.239020069798271e-09
358.0 1.6046261702530776e-05 5.706403660904118e-09 5.360292060407918e-11 9.604154710146017e-66 4.697825757912607e-09
359.0 1.7373746867900002e-05 6.316687360618203e-09 6.011212355064285e-11 1.569902492287803e-65 5.203062918842568e-09
360.0 1.8801841581464326e-05 6.987956328188617e-09 6.736560644418509e-11 2.559055095713378e-65 5.759089801808573e-09
361.0 2.0337424282685444e-05 7.725857832019966e-09 7.544300826921808e-11 4.159964821508559e-65 6.370639901305056e-09
362.0 2.1987787412559338e-05 8.536518209153939e-09 8.44318777086631e-11 6.74391786511703e-65 7.042851115439356e-09
363.0 2.3760658402541674e-05 9.426579470541708e-09 9.442839416726557e-11 1.0903273283844048e-64 7.781296895555273e-09
364.0 2.566422147539258e-05 1.040323835788183e-08 1.0553814813392166e-10 1.758056565263403e-64 8.592019502243064e-09
365.0 2.770714026839584e-05 1.1474287986396019e-08 1.1787698515224926e-10 2.827153030070566e-64 9.481565484784481e-09
366.0 2.9898581298217997e-05 1.264816221709289e-08 1.3157191796352955e-10 4.534353914072395e-64 1.0457023509013327e-08
367.0 3.224823827830158e-05 1.3933982904679156e-08 1.4676211162665288e-10 7.253375030805458e-64 1.1526064661098387e-08
368.0 3.476635730496497e-05 1.5341610175402346e-08 1.6359994672651523e-10 1.1572637931592648e-63 1.269698536184832e-08
369.0 3.7463762919755254e-05 1.688169589155462e-08 1.8225216604194394e-10 1.8416237446204484e-63 1.3978753028551192e-08
370.0 4.035188506434151e-05 1.8565740469241256e-08 2.02901110392685e-10 2.9231725155211835e-63 1.538105462992937e-08
371.0 4.3442786934323994e-05 2.040615321801339e-08 2.2574604966293665e-10 4.6280877401562393e-63 1.6914348281857522e-08
372.0 4.6749193741487326e-05 2.241631637853068e-08 2.5100461534671187e-10 7.308879737994574e-63 1.8589918038176007e-08
373.0 5.0284522391949165e-05 2.461065303983191e-08 2.7891434129802145e-10 1.1513584337512019e-62 2.0419932035849186e-08
374.0 5.406291208652216e-05 2.7004699123626585e-08 3.09734319723365e-10 1.809210438365685e-62 2.241750415899677e-08
375.0 5.8099255844779e-05 2.9615179627001295e-08 3.4374697979963955e-10 2.8359243855467606e-62 2.4596759390077397e-08
376.0 6.240923296069464e-05 3.2460089324420904e-08 3.8125999672141446e-10 4.434405028869242e-62 2.697290302483428e-08
377.0 6.700934238300917e-05 3.555877812888648e-08 4.226083392950434e-10 6.917023518157154e-62 2.9562293927235702e-08
378.0 7.191693702654978e-05 3.893204132487921e-08 4.681564646810633e-10 1.0763518826962172e-61 3.238252201171864e-08
379.0 7.71502590055715e-05 4.2602214884196546e-08 5.183006692184794e-10 1.6708916269873445e-61 3.545249013926361e-08
380.0 8.272847578784022e-05 4.659327608575274e-08 5.734716047423795e-10 2.587670926613249e-61 3.879250062259813e-08
381.0 8.867171725656178e-05 5.093094966011143e-08 6.341369701752224e-10 3.9980134460786324e-61 4.242434653606668e-08
382.0 9.500111367718002e-05 5.564281969071812e-08 7.00804388691923e-10 6.162564740448416e-61 4.637140803552059e-08
383.0 0.00010173883454826928 6.075844749948744e-08 7.740244811019229e-10 9.476943601137626e-61 5.065875389049322e-08
384.0 0.00010890812832832612 6.630949575677694e-08 8.543941466505391e-10 1.4540257193811197e-60 5.531324844173298e-08
385.0 0.0001165333630147292 7.232985905199843e-08 9.425600628131205e-10 2.2257696961125585e-60 6.036366419452278e-08
386.0 0.00012464006755768484 7.885580116966331e-08 1.0392224161910548e-09 3.3993820646082735e-60 6.584080026583916e-08
387.0 0.00013325497408360248 8.59260993152306e-08 1.1451388770525158e-09 5.180104759147378e-60 7.177760690355122e-08
388.0 0.00014240606089960275 9.358219553742896e-08 1.2611288305376965e-09 7.875951493238503e-60 7.820931629827787e-08
389.0 0.00015212259625100514 1.0186835559757503e-07 1.388077878056133e-09 1.19481450716347e-59 8.51735799122313e-08
390.0 0.00016243518279490337 1.108318355340904e-07 1.5269426228383691e-09 1.8085806001529962e-59 9.27106125479248e-08
391.0 0.00017337580275851014 1.20523056176936e-07 1.6787557541656766e-09 2.7316311896171257e-59 1.0086334338555171e-07
392.0 0.00018497786373009132 1.309957858549481e-07 1.844631445121519e-09 4.116801095599327e-59 1.0967757420849966e-07
393.0 0.00019727624505150987 1.4230733155504384e-07 2.0257710794134975e-09 6.190961065340263e-59 1.192021450502928e-07
394.0 0.00021030734475235645 1.5451873877359555e-07 2.2234693230495443e-09 9.290162175780517e-59 1.294891074810856e-07
395.0 0.0002241091269797162 1.6769500031017597e-07 2.4391205572833513e-09 1.3911121659400111e-58 1.405939057605471e-07
396.0 0.000238721169864945 1.8190527424475687e-07 2.6742256896154655e-09 2.0786489904837208e-58 1.525755660767566e-07
397.0 0.0002541847137647063 1.9722311133514108e-07 2.930399360073173e-09 3.0994653229799615e-58 1.6549689408751804e-07
398.0 0.0002705427098175135 2.137266920725849e-07 3.2093775605107983e-09 4.61195866173335e-58 1.7942468098186385e-07
399.0 0.00028783986873649894 2.314990736151808e-07 3.513025684901267e-09 6.848309056614902e-58 1.9442991826444733e-07
400.0 0.0003061227097750772 2.506284468269616e-07 3.843347029208949e-09 1.0148149847795696e-57 2.1058802147288248e-07
401.0 0.00032543960978171114 2.712084036303114e-07 4.202491759624093e-09 1.5007285805844927e-57 2.2797906302129038e-07
402.0 0.0003458408522607515 2.9333821487373723e-07 4.592766368337827e-09 2.2148041061888793e-57 2.466880143589205e-07
403.0 0.00036737867635415765 3.1712311890850933e-07 5.016643636383931e-09 3.262063635080709e-57 2.6680499762576677e-07
404.0 0.00039010732565194047 3.4267462105400133e-07 5.476773123330453e-09 4.7948991203971606e-57 2.884255469757968e-07
405.0 0.00041408309673571854 3.701108041194904e-07 5.975992203870994e-09 7.034000402877719e-57 3.1165087972841554e-07
406.0 0.00043936438734705984 3.9955665012844496e-07 6.517337671459885e-09 1.0298335633644473e-56 3.3658817749060697e-07
407.0 0.00046601174408894254 4.311443733943026e-07 7.104057929607735e-09 1.5048015931022107e-56 3.6335087739477076e-07
408.0 0.000494087909534331 4.6501376505325614e-07 7.739625791159565e-09 2.194546254210916e-56 3.9205897356067785e-07
409.0 0.0005236578686358248 5.013125491623495e-07 8.427751906297698e-09 3.194252331331719e-56 4.228393288922689e-07
410.0 0.0005547888943143197 5.401967504408958e-07 9.172398839875478e-09 4.640430977209783e-56 4.558259972944154e-07
411.0 0.0005875505921032646 5.818310737142154e-07 9.97779581869976e-09 6.72848984805138e-56 4.911605563785869e-07
412.0 0.0006220149437135938 6.263892950882432e-07 1.084845416916445e-08 9.737614736186987e-56 5.289924507004756e-07
413.0 0.0006582563493962989 6.740546648743337e-07 1.1789183465746214e-08 1.4065939164871264e-55 5.694793455645844e-07
414.0 0.0006963516689513971 7.250203222332668e-07 1.2805108410239465e-08 2.028016314417155e-55 6.127874913879698e-07
415.0 0.0007363802612558995 7.794897215068687e-07 1.3901686461781265e-08 2.9185427819405917e-55 6.590920986144208e-07
416.0 0.0007784240221496554 8.37677070145535e-07 1.50847262368137e-08 4.192353409399055e-55 7.085777231190977e-07
417.0 0.0008225674205403625 8.998077781347616e-07 1.636040669812866e-08 6.0110750371623954e-55 7.614386620387043e-07
418.0 0.000868897532564692 9.661189187688247e-07 1.7735297151210563e-08 8.603081554777563e-55 8.178793599151773e-07
419.0 0.0009175040736535868 1.0368597005996933e-06 1.9216378065717613e-08 1.2290475652225693e-54 8.781148250231892e-07
420.0 0.0009684794283361407 1.1122919503410484e-06 2.081106273900021e-08 1.7526741584421957e-54 9.423710557101813e-07
421.0 0.0010219186776178784 1.1926906064730912e-06 2.2527219817794737e-08 2.494919561423533e-54 1.0108854765478067e-06
422.0 0.0010779196237688242 1.2783442232561628e-06 2.4373196693338954e-08 3.5451920322839224e-54 1.0839073840608017e-06
423.0 0.0011365828123389688 1.3695554848009385e-06 2.6357843783757713e-08 5.0287004074992575e-54 1.1616984017471932e-06
424.0 0.0011980115512492148 1.4666417288373785e-06 2.8490539717123966e-08 7.120482491476109e-54 1.2445329440978454e-06
425.0 0.0012623119267535542 1.5699354797194252e-06 3.078121742618035e-08 1.0064809916785901e-53 1.3326986892329364e-06
426.0 0.0013295928161163207 1.6797849902135929e-06 3.324039116540415e-08 1.4201983690707812e-53 1.4264970597810144e-06
427.0 0.001399965896822141 1.7965547915420048e-06 3.5879184459027356e-08 2.0005271800862242e-53 1.5262437115590472e-06
428.0 0.0014735456521228604 1.9206262510832683e-06 3.870935898661603e-08 2.8131740776901603e-53 1.632269029553272e-06
429.0 0.001550449372756185 2.052398137121295e-06 4.174334441177499e-08 3.949208878494384e-53 1.7449186306877103e-06
430.0 0.0016307971546467791 2.192287189949352e-06 4.4994269157035986e-08 5.534642163363367e-53 1.8645538727951188e-06
431.0 0.0017147118924048246 2.34072869858618e-06 4.847599212598972e-08 7.743538945740588e-53 1.991552369160369e-06
432.0 0.001802319268437038 2.498177082303665e-06 5.2203135371477245e-08 1.081594404024721e-52 2.1263085079555234e-06
433.0 0.0018937477375034263 2.6651064761319494e-06 5.6191117706786973e-08 1.5082344108159062e-52 2.2692339758552093e-06
434.0 0.0019891285065206737 2.8420113194035266e-06 6.045618925335223e-08 2.099699514059728e-52 2.4207582850299443e-06
435.0 0.0020885955094391306 3.0294069463703823e-06 6.501546691643662e-08 2.918325411627805e-52 2.5813293026893293e-06
436.0 0.0021922853770164077 3.227830177859326e-06 6.988697077731444e-08 4.0495138381105145e-52 2.751413782285957e-06
437.0 0.0023003374013205223 3.43783991288016e-06 7.50896613877299e-08 5.610078684185315e-52 2.9314978954453482e-06
438.0 0.002412893494780716 3.6600177190132795e-06 8.064347794875002e-08 7.75954335236335e-52 3.122087763609597e-06
439.0 0.002530098143607275 3.8949684203379765e-06 8.656937735277586e-08 1.0715408504253241e-51 3.3237099883239345e-06
440.0 0.00265209835546018 4.143320681682869e-06 9.288937406590017e-08 1.4773752814726967e-51 3.53691217910982e-06
441.0 0.002779043601144619 4.405727587755542e-06 9.962658082068895e-08 2.0336985674354842e-51 3.7622634776738676e-06
442.0 0.002911085750235429 4.682867215825101e-06 1.0680525008970638e-07 2.795117610880423e-51 4.0003550772983236e-06
443.0 0.00304837900044712 4.975443200429784e-06 1.1445081630318973e-07 3.83561839052195e-51 4.2518007360837155e-06
444.0 0.003191079800629285 5.284185288606474e-06 1.2258993877222112e-07 5.255287911694484e-51 4.517237282732073e-06
445.0 0.003339346767241805 5.609849884026958e-06 1.3125054527349318e-07 7.189313590847782e-51 4.797325113460191e-06
446.0 0.00349334059417792 5.953220578372785e-06 1.4046187624766177e-07 9.82001320427029e-51 5.092748678583664e-06
447.0 0.0036532239558382026 6.315108668265913e-06 1.5025452955995175e-07 1.3392891429216687e-50 5.404216957296411e-06
448.0 0.0038191614033237604 6.696353655941771e-06 1.6066050576550533e-07 1.823803823926276e-50 5.732463919055245e-06
449.0 0.00399131925365908 7.097823731847849e-06 1.7171325381857446e-07 2.4798603339418193e-50 6.078248969972312e-06
450.0 0.0041698654719633625 7.52041623729494e-06 1.8344771715994422e-07 3.3668629742505617e-50 6.442357382566688e-06
451.0 0.00435496954646157 7.965058105166851e-06 1.9590038011049969e-07 4.564324775439573e-50 6.825600707118778e-06
452.0 0.004546802356316988 8.432706276784554e-06 2.0910931449734974e-07 6.178516883744193e-50 7.228817162944523e-06
453.0 0.004745536032167263 8.924348092772402e-06 2.231142264290774e-07 8.351264265382975e-50 7.652872007689915e-06
454.0 0.004951343809390327 9.441001655968092e-06 2.37956503137487e-07 1.127156346606387e-49 8.098657882908555e-06
455.0 0.0051643998740049995 9.983716164129025e-06 2.5367925979204727e-07 1.5190905488793463e-49 8.567095133933476e-06
456.0 0.005384879201242815 1.0553572210367729e-05 2.703273861934939e-07 2.0443456109805976e-49 9.059132102204715e-06
457.0 0.005612957386754207 1.1151682049050514e-05 2.8794759324382557e-07 2.7472595130579988e-49 9.575745388039957e-06
458.0 0.005848810470485824 1.177918982497355e-05 3.0658845908752356e-07 3.6865768232386126e-49 1.0117940081900283e-05
459.0 0.0060926147532298055 1.2437271763504846e-05 3.263004748111268e-07 4.9400189793285565e-49 1.0686749962091063e-05
460.0 0.006344546605937345 1.312713631950855e-05 3.4713608958701043e-07 6.6102690007124486e-49 1.1283237656944148e-05
461.0 0.006604782271796558 1.3850024282633751e-05 3.691497551364681e-07 8.832797311516921e-49 1.1908494769322163e-05
462.0 0.006873497661200419 1.4607208836756001e-05 3.9239796938779554e-07 1.1786080698106309e-48 1.2563641961459041e-05
463.0 0.007150868139686999 1.539999557123295e-05 4.169393191969717e-07 1.570492758403374e-48 1.3249828998037935e-05
464.0 0.007437068308942296 1.622972244161049e-05 4.4283452199294585e-07 2.089782972888877e-48 1.3968234745382533e-05
465.0 0.007732271781038018 1.709775967755818e-05 4.701464662084452e-07 2.776952576887125e-48 1.4720067124756353e-05
466.0 0.008036650946007003 1.8005509635634856e-05 4.989402503474588e-07 3.6850301719437147e-48 1.550656301760813e-05
467.0 0.008350376732969149 1.8954406594701655e-05 5.292832205414408e-07 4.883398791320094e-48 1.6328988120783906e-05
468.0 0.008673618364950548 1.9945916491628238e-05 5.61245006436592e-07 6.46271664576757e-48 1.718863674957548e-05
469.0 0.009006543107654 2.0981536595183866e-05 5.948975552563691e-07 8.541281049685143e-48 1.8086831586683323e-05
470.0 0.009349316012329823 2.2062795115752962e-05 6.303151638713646e-07 1.1273247710045074e-47 1.9024923374951725e-05
471.0 0.00970209965309478 2.3191250748969713e-05 6.675745087164984e-07 1.4859232079404832e-47 2.0004290552122984e-05
472.0 0.010065053858850417 2.436849215092267e-05 7.067546733780632e-07 1.9559964907866973e-47 2.102633882547218e-05
473.0 0.010438335440165107 2.5596137343087563e-05 7.479371736826399e-07 2.5713858575766407e-47 2.2092500684618746e-05
474.0 0.010822097911402099 2.6875833044981886e-05 7.912059801105386e-07 3.375957440196495e-47 2.320423485066659e-05
475.0 0.011216491208403671 2.820925393262909e-05 8.366475373543942e-07 4.426497661540708e-47 2.4363025659903524e-05
476.0 0.011621661402058716 2.959810182099422e-05 8.843507808410705e-07 5.796423194687061e-47 2.5570382380352436e-05
477.0 0.012037750408175566 3.1044104768837794e-05 9.344071500389841e-07 7.580528469583439e-47 2.6827838459710847e-05
478.0 0.012464895693946739 3.2549016104147756e-05 9.869105983601825e-07 9.901053041019434e-47 2.8136950702966173e-05
479.0 0.01290322998151945 3.411461336894669e-05 1.0419575994812803e-06 1.2915425782109398e-46 2.949929837852285e-05
480.0 0.013352880948947978 3.574269718173262e-05 1.0996471498872669e-06 1.6826136675049607e-46 3.091648225121109e-05
481.0 0.013813970929106785 3.743509001667385e-05 1.1600807674644065e-06 2.1893304700339654e-46 3.239012354129116e-05
482.0 0.01428661660690752 3.9193634898154764e-05 1.2233624859490786e-06 2.8450657886691687e-46 3.39218628081138e-05
483.0 0.014770928715325402 4.1020194009786904e-05 1.289598845051786e-06 3.692582630005461e-46 3.551335875754493e-05
484.0 0.015267011730746445 4.291664721713169e-05 1.3588988760766734e-06 4.7866079682443206e-46 3.7166286972376515e-05
485.0 0.015774963568070597 4.4884890503282014e-05 1.431374082850992e-06 6.1970929797049176e-46 3.888233856486059e-05
486.0 0.016294875276163755 4.6926834317013125e-05 1.507138417794051e-06 8.013337711653532e-46 4.066321875099125e-05
487.0 0.016826830734122944 4.904440183298808e-05 1.5863082529459925e-06 1.034920293405405e-45 4.251064534596564e-05
488.0 0.017370906348910857 5.1239527123899944e-05 1.6690023457873044e-06 1.3349687631896683e-45 4.4426347180600035e-05
489.0 0.017927170754958876 5.3514153244715565e-05 1.7553417996877025e-06 1.7199219807423838e-45 4.641206243872373e-05
490.0 0.01849568451621829 5.587023022899559e-05 1.8454500188155992e-06 2.213209414197058e-45 4.84695369154107e-05
491.0 0.019076499831336417 5.830971299801387e-05 1.9394526573629607e-06 2.844559649980863e-45 5.060052219656026e-05
492.0 0.019669660242451384 6.0834559183041024e-05 2.0374775629283253e-06 3.6516486997370115e-45 5.280677376003002e-05
493.0 0.020275200348259474 6.344672686181534e-05 2.1396547139223384e-06 4.682167622997735e-45 5.509004899909864e-05
494.0 0.02089314552191919 6.614817221015799e-05 2.2461161508586067e-06 5.996413035428186e-45 5.745210516898196e-05
495.0 0.02152351163443578 6.894084707013414e-05 2.3569959014083685e-06 7.670528874491913e-45 5.9894697257516094e-05
496.0 0.022166304784099256 7.18266964361578e-05 2.4724298990988394e-06 9.800558345357247e-45 6.241957578112185e-05
497.0 0.02282152103258752 7.480765586077456e-05 2.5925558955481995e-06 1.2507502557220743e-44 6.502848450746171e-05
498.0 0.023489146148414873 7.788564878231078e-05 2.7175133661482124e-06 1.594362854932637e-44 6.772315810660026e-05
499.0 0.02416915535824447 8.106258377629043e-05 2.8474434090984416e-06 2.0300326097637759e-44 7.050531973223504e-05
500.0 0.024861513106772055 8.434035173337579e-05 2.9824886377289083e-06 2.5817882193349704e-44 7.337667853531333e-05
501.0 0.02556617282572011 8.772082296628738e-05 3.122793066041528e-06 3.2797627186204716e-44 7.633892711209514e-05
502.0 0.026283076712614397 9.120584424885277e-05 3.2685019874294544e-06 4.161701066929294e-44 7.939373888933324e-05
503.0 0.027012155519896837 9.479723579020075e-05 3.419761846533696e-06 5.27482923322089e-44 8.254276544913166e-05
504.0 0.027753328355017263 9.849678814768392e-05 3.5767201042221192e-06 6.678168815771845e-44 8.578763379654484e-05
505.0 0.028506502492041588 0.00010230625908202007 3.739525095678632e-06 8.445400142844907e-44 8.912994357290646e-05
506.0 0.029271573195390435 0.00010622737035868175 3.9083258816163136e-06 1.0668399820517508e-43 9.257126421835332e-05
507.0 0.030048423556313677 0.00011026180449982053 4.0832720926450405e-06 1.3461606684944151e-43 9.611313208724359e-05
508.0 0.0308369243425527 0.00011441120149074122 4.264513766821858e-06 1.6967404113774254e-43 9.97570475199394e-05
509.0 0.03163693386180327 0.00011867715544579072 4.452201180451549e-06 2.1362747897138497e-43 0.0001035044718751732
510.0 0.032448297839535685 0.00012306121123863167 4.646484672218158e-06 2.686731885096174e-43 0.00010735682452731903
511.0 0.03327084931159863 0.000127564861101663 4.847514460729627e-06 3.375353985638685e-43 0.00011131547983271729
512.0 0.034104408532119344 0.00013218954119994898 5.055440455589871e-06 4.235887016022476e-43 0.0001153817640697338
513.0 0.03494878289721085 0.0001369366281853092 5.270412062134397e-06 5.310087811830315e-43 0.00011955695235749856
514.0 0.035803766884881745 0.00014180743573606104 5.4925779799702665e-06 6.649570014366645e-43 0.0001238422655581382
515.0 0.03666914201159582 0.0001468032110883887 5.7220859954912045e-06 8.318062205519649e-43 0.0001282388671677486
516.0 0.037544676805864444 0.00015192513156533997 5.9590827685516205e-06 1.0394167361848892e-42 0.00013274786020138715
517.0 0.038430126799262866 0.00015717430110975955 6.203713613507746e-06 1.297473129541889e-42 0.0001373702840776453
518.0 0.0393252345351797 0.00016255174682741383 6.45612227484482e-06 1.617895007455598e-42 0.00014210711150832288
519.0 0.04022972959562702 0.0001680584155468954 6.716450697635716e-06 2.0153373202793375e-42 0.00014695924539903142
520.0 0.04114332864645245 0.0001736951704032217 6.984838793103071e-06 2.5077991434500993e-42 0.00015192751576684584
521.0 0.04206573550107632 0.00017946278745139014 7.2614241995453646e-06 3.1173636533931326e-42 0.00015701267668056867
522.0 0.04299664120312279 0.0001853619523174169 7.546342038952161e-06 3.871096623867173e-42 0.00016221540323028464
523.0 0.04393572412798826 0.00019139325689325975 7.839724669603592e-06 4.802136258303732e-42 0.00016753628853191183
524.0 0.04488265010364136 0.0001975571960833159 8.141701435016403e-06 5.951013724144937e-42 0.0001729758407735932
525.0 0.045837072550648145 0.00020385416460911717 8.452398409571113e-06 7.36725156326217e-42 0.00017853448030985108
526.0 0.046798632641580476 0.00021028445387975524 8.771938141207437e-06 9.11129644988394e-42 0.00018421253681023166
527.0 0.047766959479797796 0.00021684824893503554 9.100439391569452e-06 1.1256853826318962e-41 0.00019001024646871277
528.0 0.048741670297655346 0.0002235456254688111 9.438016874016529e-06 1.3893705087038073e-41 0.0001959277492805534
529.0 0.04972237067407753 0.00023037654693961864 9.784780989918995e-06 1.7131103578674697e-41 0.0002019650863929865
530.0 0.050708654771447266 0.00023734086177593496 1.0140837563681867e-05 2.1101864177144783e-41 0.0002081221975363394
531.0 0.05170010559164089 0.0002444383006829655 1.0506287576939185e-05 2.596728310843815e-41 0.0002143989185418177
532.0 0.05269629525116335 0.000251668474058573 1.0881226902407793e-05 3.1923050599195936e-41 0.00022079497895281255
533.0 0.05369678527509067 0.00025903086952492097 1.1265746037861587e-05 3.9206349580622206e-41 0.00022730999973569045
534.0 0.05470112690964325 0.00026652484958302884 1.1659929840730334e-05 4.810436984623909e-41 0.00023394349109658437
535.0 0.05570886145313351 0.0002741496493971491 1.2063857263831256e-05 5.896450973800936e-41 0.00024069485041045794
536.0 0.05671952060494888 0.000281904374715529 1.247760109274268e-05 7.220658772165227e-41 0.00024756336026842226
537.0 0.05773262683221617 0.0002897879999340847 1.290122768534324e-05 8.833744540828401e-41 0.00025454818664926034
538.0 0.05874769375380064 0.000297799366309573 1.3334796714058563e-05 1.0796839319352246e-40 0.00026164837722117163
539.0 0.059764226541194315 0.0003059371803283621 1.3778360911351577e-05 1.3183603146752359e-40 0.0002688628597793355
540.0 0.06078172233581465 0.00031420001223672026 1.4231965818999548e-05 1.608270763301664e-40 0.0002761904408247346
541.0 0.061799670682261616 0.0003225862947386301 1.4695649541719592e-05 1.9600793127680916e-40 0.0002836298042897673
542.0 0.06281755397691247 0.0003310943218662253 1.516944250567799e-05 2.3865987812300277e-40 0.0002911795104153816
543.0 0.06383484793139153 0.0003397222480286823 1.5653367222465704e-05 2.9032091465922128e-40 0.0002988379947851175
544.0 0.06485102205019964 0.00034846808724398135 1.6147438059071564e-05 3.5283544680089728e-40 0.0003066035675201998
545.0 0.06586554012198753 0.000357329712558897 1.6651661014440718e-05 4.2841325352079955e-40 0.00031447441264066336
546.0 0.06687786072362394 0.00036630485566065455 1.7166033503129688e-05 5.1969938844759784e-40 0.0003224485875958012
547.0 0.0678874377365656 0.0003753911066854317 1.769054414666154e-05 6.298569682559516e-40 0.0003305240229687643
548.0 0.06889372087461229 0.00038458591422644905 1.8225172573082905e-05 7.626651312510456e-40 0.00033869852235800214
549.0 0.0698961562223855 0.0003938865855455364 1.876988922528767e-05 9.226348372235393e-40 0.00034696976243923813
550.0 0.07089418678372603 0.0004032902869910871 1.9324655178636364e-05 1.1151456301533513e-39 0.0003553352932108219
551.0 0.07188725303915273 0.00041279404462477205 1.988942196838344e-05 1.3466070083513082e-39 0.00036379253842482137
552.0 0.07287479351160263 0.00042239474505954144 2.0464131427439674e-05 1.624648653232183e-39 0.0003723387962063575
553.0 0.07385624533954245 0.00043208913651045537 2.104871553495725e-05 1.9583444707927488e-39 0.00038097123986281437
554.0 0.07483104485659726 0.0004418738300598758 2.1643096276230934e-05 2.3584762135297573e-39 0.00038968691888454857
555.0 0.0757986281767948 0.00045174530113798605 2.2247185514385984e-05 2.8378433915331512e-39 0.00039848276013822024
556.0 0.07675843178448884 0.00046169989121905216 2.286088487430219e-05 3.41162726872614e-39 0.00040735556925338
557.0 0.0777098931280464 0.0004717338097336057 2.348408563921408e-05 4.0978179952333734e-39 0.000416302032202736
558.0 0.07865245121635421 0.0004818431361962043 2.4116668660405028e-05 4.917715374163637e-39 0.0004253187170760593
559.0 0.07958554721720026 0.0004920238225480339 2.475850428039467e-05 5.896515428591546e-39 0.0004344020760473351
560.0 0.08050862505652391 0.0005022716957128266 2.540945226998011e-05 7.063996853905806e-39 0.0004435484475340682
561.0 0.08142113201763894 0.0005125824603648527 2.6069361779505195e-05 8.455323647971696e-39 0.0004527540585478908
562.0 0.08232251933938703 0.0005229517019064052 2.673807130466306e-05 1.011198274751979e-38 0.00046201502723443717
563.0 0.08321224281226128 0.0005333748896522348 2.7415408667136472e-05 1.20828784100969e-38 0.0004713273656004758
564.0 0.08408976337158545 0.0005438473802182842 2.8101191010370868e-05 1.442560841916157e-38 0.00048068698242618253
565.0 0.08495454768669534 0.0005543644211106818 2.879522481069998e-05 1.720795101462725e-38 0.0004900896863592089
566.0 0.08580606874517982 0.0005649211545111928 2.949730590404936e-05 2.0509595829315727e-38 0.0004995311891873986
567.0 0.08664380643126647 0.0005755126212550509 3.0207219528422534e-05 2.4424157118838004e-38 0.0005090071092867505
568.0 0.08746724809733145 0.0005861337649958818 3.0924740382303376e-05 2.906151329346167e-38 0.0005185129752401503
569.0 0.08827588912763576 0.0005967794365527583 3.1649632699116346e-05 3.455052329154555e-38 0.000528044229622671
570.0 0.08906923349335505 0.000607444398433682 3.2381650337837395e-05 4.104217778296854e-38 0.000537596232948572
571.0 0.08984679429797518 0.0006181233295293237 3.3120536889812e-05 4.871325167899288e-38 0.000547164267774706
572.0 0.09060809431215924 0.0006288108299705548 3.3866025801809817e-05 5.777053408858458e-38 0.0005567435429547691
573.0 0.09135266649725039 0.000639501426143201 3.461784051532573e-05 6.845572285320854e-38 0.0005663291980387244
574.0 0.09208005451648305 0.0006501895758522979 3.5375694622062587e-05 8.105108328403958e-38 0.0005759163078106981
575.0 0.09278981323314046 0.0006608696736287707 3.613929203554929e-05 9.58859849096163e-38 0.0005854998869592061
576.0 0.09348150919482766 0.000671536056170456 3.690832717877835e-05 1.1334444613285465e-37 0.0005950748948726631
577.0 0.09415472110303715 0.0006821830079089341 3.768248518770556e-05 1.3387383493461986e-37 0.0006046362405527157
578.0 0.09480904026735174 0.0006928047666943367 3.846144213047454e-05 1.5799489441512304e-37 0.0006141787876385474
579.0 0.09544407104344739 0.0007033955295884727 3.9244865242110814e-05 1.863132853332382e-37 0.0006236973595336677
580.0 0.09605943125432476 0.0007139494587580603 4.003241317449018e-05 2.19532864222367e-37 0.0006331867446279729
581.0 0.09665475259400547 0.0007244606874579652 4.082373626126193e-05 2.5847094550018487e-37 0.0006426417016061729
582.0 0.09722968101313564 0.0007349233260953623 4.161847679744257e-05 3.040758296636013e-37 0.0006520569648345645
583.0 0.09778387708591238 0.0007453314683651017 4.2416269333339975e-05 3.5744691762877258e-37 0.0006614272498175582
584.0 0.09831701635773368 0.0007556791974459816 4.321674098241242e-05 4.19857774049931e-37 0.0006707472587148346
585.0 0.09882878967311313 0.0007659605922482316 4.4019511742678994e-05 4.927825505977959e-37 0.0006800116859105229
586.0 0.09931890348334817 0.0007761697337017077 4.48241948312293e-05 5.779262343259789e-37 0.0006892152236250735
587.0 0.09978708013354685 0.0007863007110747594 4.5630397031383026e-05 6.7725924709914e-37 0.0006983525675608805
588.0 0.10023305812857186 0.0007963476283129628 4.643771905198252e-05 7.930569903690801e-37 0.000707418422572028
589.0 0.10065659237759919 0.0008063046103876463 4.724575589831922e-05 9.279450062175488e-37 0.0007164075083491534
590.0 0.10105745441694536 0.0008161658096433667 4.805409725412641e-05 1.0849505114760732e-36 0.0007253145651097416
591.0 0.10143543261092462 0.0008259254121340638 4.8862327874079274e-05 1.2675611579241291e-36 0.0007341343592846405
592.0 0.10179033233047999 0.0008355776439370986 4.9670027986187224e-05 1.4797919791988977e-36 0.0007428616891911212
593.0 0.10212197610943652 0.000845116777434932 5.0476773703472156e-05 1.7262616053876804e-36 0.0007514913906832756
594.0 0.10243020377821697 0.0008545371375538524 5.1282137444280344e-05 2.0122789607003892e-36 0.000760018342770227
595.0 0.10271487257493893 0.0008638331079495152 5.208568836057131e-05 2.3439418096642558e-36 0.0007684374731929221
596.0 0.10297585723382008 0.0008729991371288889 5.2886992773493284e-05 2.7282486846189994e-36 0.0007767437639501242
597.0 0.10321305005090639 0.0008820297444987079 5.3685614615559874e-05 3.173225913760034e-36 0.0007849322567646475
598.0 0.10342636092712909 0.0008909195263302405 5.4481115878700355e-05 3.68807167659291e-36 0.0007929980584806178
599.0 0.10361571738878612 0.0008996631616307807 5.527305706746854e-05 4.283319244640565e-36 0.0008009363463830506
600.0 0.10378106458554635 0.0009082554179121208 5.606099765666214e-05 4.9710218219942544e-36 0.0008087423734309076
601.0 0.10392236526614157 0.0009166911568467027 5.684449655260721e-05 5.764961685476933e-36 0.0008164114733951586
602.0 0.10403959973194132 0.0009249653398023205 5.762311255735083e-05 6.680886640674166e-36 0.0008239390658935351
603.0 0.10413276576863939 0.000933073033246414 5.8396404834991954e-05 7.736777161037077e-36 0.0008313206613137862
604.0 0.10420187855633405 0.0009410094140114414 5.916393337938634e-05 8.953147966126804e-36 0.0008385518656176537
605.0 0.10424697055830622 0.0009487697744129559 5.9925259482448996e-05 1.0353388225583208e-35 0.0008456283850178793
606.0 0.10426809138884771 0.0009563495272124333 6.067994620228154e-05 1.1964145051648778e-35 0.0008525460305209382
607.0 0.10426530766051839 0.0009637442104171515 6.142755883034903e-05 1.381575546951838e-35 0.0008593007223284024
608.0 0.10423870281125171 0.000970949491909821 6.216766535693582e-05 1.5942732636200422e-35 0.0008658884940901919
609.0 0.10418837691175692 0.0009779611739009996 6.289983693411137e-05 1.8384312720252872e-35 0.0008723054970032557
610.0 0.1041144464536987 0.0009847751971976966 6.362364833544486e-05 2.1185069562343103e-35 0.0008785480037495579
611.0 0.1040170441191662 0.0009913876452819774 6.433867841171331e-05 2.4395605016239985e-35 0.0008846124122675924
612.0 0.10389631853196994 0.0009977947481937433 6.504451054185735e-05 2.807332372826795e-35 0.0008904952493519757
613.0 0.10375243399133373 0.0010039928862123067 6.574073307845103e-05 3.228330205761967e-35 0.0008961931740760607
614.0 0.10358557018857362 0.001009978593331758 6.642693978696117e-05 3.7099261878053763e-35 0.0009017029810328347
615.0 0.10339592190738267 0.0010157485605256182 6.710273027809254e-05 4.260466114182397e-35 0.0009070216033898242
616.0 0.10318369870835059 0.0010212996387965322 6.776771043251756e-05 4.889391433824824e-35 0.0009121461157539453
617.0 0.1029491245983953 0.0010266288420075107 6.842149281732857e-05 5.607375735197947e-35 0.0009170737368429139
618.0 0.10269243768576168 0.0010317333494912428 6.906369709354005e-05 6.426477273026841e-35 0.0009218018319598378
619.0 0.10241388982130174 0.0010366105084348536 6.969395041401581e-05 7.360309301573624e-35 0.000926327915268385
620.0 0.10211374622674005 0.001041257836037694 7.031188781120167e-05 8.424230160351988e-35 0.000930649651866091
621.0 0.10179228511064194 0.001045673021440185 7.09171525740656e-05 9.63555525523423e-35 0.0009347648596537807
622.0 0.10144979727283752 0.0010498539274224085 7.15093966136861e-05 1.1013793293200935e-34 0.0009386715109996637
623.0 0.10108658569803174 0.0010537985918712682 7.208828081693303e-05 1.2580909364026924e-34 0.0009423677341967853
624.0 0.10070296513936514 0.0010575052290157537 7.265347538772949e-05 1.4361617718598146e-34 0.0009458518147131572
625.0 0.10029926169268821 0.00106097223043016 7.320466017540103e-05 1.6383707373040026e-34 0.000949122196234169
626.0 0.09987581236231093 0.001064198165805537 7.374152498964625e-05 1.8678403972264478e-34 0.0009521774814972776
627.0 0.09943296461900278 0.0010671817834901236 7.426376990169405e-05 2.1280771677878806e-34 0.0009550164329193875
628.0 0.09897107595102285 0.0010699220108000176 7.477110553124743e-05 2.4230159205757227e-34 0.0009576379730177961
629.0 0.0984905134089274 0.0010724179541013843 7.526325331881875e-05 2.7570694530201813e-34 0.0009600411846256263
630.0 0.09799165314496475 0.0010746688986665986 7.573994578313857e-05 3.135183319691755e-34 0.000962225310903645
631.0 0.09747487994779597 0.001076674308306372 7.620092676330047e-05 3.562896564851666e-34 0.0009641897551500739
632.0 0.09694058677330347 0.001078433824780647 7.664595164535853e-05 4.046408946671477e-34 0.0009659340804106479
633.0 0.09638917427228143 0.0010799472669917596 7.707478757315135e-05 4.592655297760816e-34 0.0009674580088918427
634.0 0.0958210503157008 0.0010812146299628007 7.748721364309064e-05 5.209387725350994e-34 0.0009687614211796663
635.0 0.09523662951835488 0.0010822360836057283 7.788302108277544e-05 5.905266418005888e-34 0.0009698443552678909
636.0 0.09463633276154876 0.0010830119712826802 7.826201341322328e-05 6.689959894399433e-34 0.0009707070053986092
637.0 0.0940205867156116 0.001083542808165723 7.862400659464394e-05 7.574255603899529e-34 0.0009713497207196075
638.0 0.09338982336289973 0.0010838292793994037 7.896882915563118e-05 8.570181868782126e-34 0.0009717730037622841
639.0 0.09274447952198986 0.0010838722380713509 7.929632230572003e-05 9.691142244306564e-34 0.0009719775087446288
640.0 0.09208499637375306 0.0010836727029964817 7.960634003129197e-05 1.095206346601981e-33 0.0009719640397040766
641.0 0.09141181898995002 0.0010832318563202723 7.989874917481431e-05 1.236955825397898e-33 0.0009717335484649578
642.0 0.0907253958650103 0.0010825510409472464 8.017342949746524e-05 1.3962104351578437e-33 0.0009712871324459117
643.0 0.09002617845159196 0.0010816317578004866 8.043027372518109e-05 1.5750241292809468e-33 0.0009706260323123155
644.0 0.08931462070056861 0.0010804756629190584 8.0669187578259e-05 1.7756786516642744e-33 0.0009697516294797716
645.0 0.08859117860598173 0.0010790845643993136 8.089008978459331e-05 2.0007072581292614e-33 0.0009686654434738727
646.0 0.08785630975556638 0.0010774604191873612 8.109291207673677e-05 2.2529207375049943e-33 0.0009673691291526632
647.0 0.0871104728873507 0.0010756053297290768 8.12775991729257e-05 2.535435937469737e-33 0.0009658644737973953
648.0 0.08635412745289792 0.0010735215404852928 8.144410874231943e-05 2.8517070167950416e-33 0.0009641533940783389
649.0 0.08558773318763901 0.001071211434318716 8.159241135463819e-05 3.205559663347583e-33 0.0009622379329014189
650.0 0.08481174968881723 0.0010686775287604275 8.17224904144992e-05 3.601228536164061e-33 0.0009601202561426514
651.0 0.08402663600146294 0.0010659224721629387 8.183434208070194e-05 4.0433982101831534e-33 0.0009578026492765533
652.0 0.08323285021283644 0.0010629490397473487 8.192797517077345e-05 4.5372479238821136e-33 0.0009552875139052371
653.0 0.08243084905576026 0.0010597601295523759 8.200341105112087e-05 5.088500453198196e-33 0.0009525773641951089
654.0 0.08162108752118763 0.001056358758292358 8.206068351310303e-05 5.7034754597939156e-33 0.0009496748232274856
655.0 0.08080401848038277 0.001052748057132091 8.20998386354123e-05 6.389147688047232e-33 0.0009465826192701658
656.0 0.07998009231705325 0.0010489312673862131 8.212093463316237e-05 7.153210413189981e-33 0.0009433035819768334
657.0 0.0791497565697074 0.0010449117361502798 8.212404169405331e-05 8.004144572871058e-33 0.0009398406385206968
658.0 0.07831345558454039 0.0010406929118713909 8.210924180205792e-05 8.951294046193184e-33 0.0009361968096694017
659.0 0.07747163017911132 0.001036278339865968 8.207662854907403e-05 1.0004947578045957e-32 0.0009323752058080436
660.0 0.07662471731701143 0.0010316716577917046 8.202630693495727e-05 1.1176427882436022e-32 0.0009283790229165863
661.0 0.07577314979377812 0.0010268765910817468 8.195839315645131e-05 1.2478188496618407e-32 0.0009242115385089333
662.0 0.07491735593418104 0.0010218969483476272 8.187301438542794e-05 1.3923918998235724e-32 0.0009198761075395368
663.0 0.07405775930109197 0.0010167366167588819 8.177030853697978e-05 1.552865924052326e-32 0.0009153761582846894
664.0 0.07319477841604421 0.0010113995574060665 8.16504240278292e-05 1.730892330601872e-32 0.0009107151882045677
665.0 0.07232882649159277 0.0010058898006541199 8.151351952555373e-05 1.928283392724834e-32 0.0009058967597923127
666.0 0.07146031117559173 0.0010002114414933143 8.135976368916789e-05 2.1470268173691006e-32 0.0009009244964167004
667.0 0.07058963430741622 0.0009943686348939486 8.118933490153349e-05 2.389301525801465e-32 0.0008958020781639868
668.0 0.06971719168623149 0.0009883655911721344 8.10024209941809e-05 2.657494737133414e-32 0.0008905332376855981
669.0 0.06884337285125686 0.000982206571372019 8.079921896498e-05 2.9542204517073716e-32 0.0008851217560565297
670.0 0.06796856087411224 0.0009758958826718271 8.057993468928054e-05 3.2823394376217153e-32 0.0008795714586511691
671.0 0.06709313216316141 0.0009694378738188236 8.034478262497031e-05 3.644980830321379e-32 0.0008738862110411997
672.0 0.06621745627986819 0.0009628369305997743 8.009398551203829e-05 4.0455654621941995e-32 0.0008680699149215886
673.0 0.06534189576707086 0.0009560974713520258 7.982777406712178e-05 4.4878310464819824e-32 0.0008621265040693448
674.0 0.06446680598913813 0.0009492239425211728 7.954638667360385e-05 4.975859347573341e-32 0.0008560599403405091
675.0 0.06359253498387647 0.0009422208142700231 7.92500690677352e-05 5.514105477886536e-32 0.0008498742097097077
676.0 0.0627194233261401 0.0009350925761447508 7.893907402136759e-05 6.10742947011059e-32 0.0008435733183576679
677.0 0.06184780400293811 0.0009278437328018619 7.861366102170839e-05 6.76113028253305e-32 0.0008371612888100569
678.0 0.06097800229999647 0.0009204787998020332 7.827409594872407e-05 7.480982404605005e-32 0.0008306421561332057
679.0 0.06011033569953941 0.0009130022994739776 7.792065075058651e-05 8.273275239725543e-32 0.000824019964189663
680.0 0.05924511378917307 0.0009054187568532507 7.755360311771713e-05 9.144855452554773e-32 0.000817298761958113
681.0 0.05838263818166848 0.0008977326956996069 7.717323615588311e-05 1.0103172478936134e-31 0.0008104825999210211
682.0 0.05752320244546793 0.0008899486345968568 7.677983805884051e-05 1.1156327407782265e-31 0.0008035755265236768
683.0 0.056667092045701174 0.0008820710831385687 7.637370178097649e-05 1.231312545603808e-31 0.000796581584707765
684.0 0.05581458429548316 0.0008741045382026551 7.595512471038586e-05 1.3583132270108512e-31 0.0007895048085223204
685.0 0.05496594831730767 0.0008660534803184646 7.552440834287609e-05 1.4976734299936859e-31 0.0007823492198154463
686.0 0.05412144501425939 0.0008579223701285176 7.508185795727534e-05 1.6505203505237238e-31 0.0007751188250088457
687.0 0.053281327050832474 0.000849715644947899 7.462778229250054e-05 1.8180766667254384e-31 0.0007678176119579989
688.0 0.052445838843080905 0.0008414377154232959 7.416249322676147e-05 2.001667959384516e-31 0.0007604495468999053
689.0 0.05161521655787503 0.0008330929622942699 7.368630545933496e-05 2.202730652065657e-31 0.0007530185714908408
690.0 0.05078968812096206 0.0008246857332580629 7.319953619523601e-05 2.422820502671544e-31 0.000745528599935427
691.0 0.049969473233589294 0.0008162203399400422 7.270250483319009e-05 2.663621679888286e-31 0.0007379835162090339
692.0 0.04915478339740649 0.0008077010549711174 7.21955326572454e-05 2.9269564596331214e-31 0.0007303871713748338
693.0 0.048345821947361194 0.0007991321091732151 7.167894253234853e-05 3.2147955783489026e-31 0.0007227433809966174
694.0 0.047542784092317894 0.0007905176888541011 7.115305860422652e-05 3.5292692817817787e-31 0.0007150559226486434
695.0 0.046745856963108845 0.0007818619332122314 7.061820600386942e-05 3.872679109723759e-31 0.0007073285335232685
696.0 0.0459552196677144 0.0007731689318520464 7.007471055688419e-05 4.2475104591125715e-31 0.0006995649081368409
697.0 0.045171043353315954 0.000764442722410674 6.952289849804353e-05 4.656445969849889e-31 0.0006917686961348501
698.0 0.04439349127489603 0.0007556872882957005 6.896309619123745e-05 5.102379779724808e-31 0.0006839435001961447
699.0 0.04362271887011886 0.0007469065565344909 6.83956298551094e-05 5.58843269691972e-31 0.0006760928740367601
700.0 0.042858873840186065 0.0007381043957346976 6.7820825294585e-05 6.117968340720234e-31 0.0006682203205131482
