200.0 4.196640186254389e-14 4.235401838094569e-23 3.2672318206998233e-34 4.611947764781973e-125 1.9859941533008053e-20
201.0 5.195839925714145e-14 5.813061301315095e-23 5.0930433165969015e-34 2.1309527360289595e-124 2.6436215034419012e-20
202.0 6.417083946522865e-14 7.950601453089652e-23 7.901548152732751e-34 9.694567928701662e-124 3.507817245148972e-20
203.0 7.915883290041245e-14 1.0850211056885848e-22 1.2216613266833913e-33 4.348943460213402e-123 4.645659687277955e-20
204.0 9.736646752984638e-14 1.475008748195557e-22 1.8792142265714712e-33 1.9208366709471795e-122 6.130610966239057e-20
205.0 1.1957089763369186e-13 2.0000146780137882e-22 2.8797867792976055e-33 8.365397965572716e-122 8.07175838523203e-20
206.0 1.465492770850553e-13 2.7039346480712927e-22 4.3949386936820776e-33 3.59159384848275e-121 1.0599392917796012e-19
207.0 1.791897814537698e-13 3.643501280305332e-22 6.67723312854034e-33 1.5198435575583027e-120 1.3876367125531825e-19
208.0 2.1871365219472963e-13 4.896311641258166e-22 1.0105701923468701e-32 6.343942018101498e-120 1.8122513090068781e-19
209.0 2.6656417423346834e-13 6.564210998240711e-22 1.524073157438768e-32 2.6132004992902364e-119 2.361800170063142e-19
210.0 3.24184631443201e-13 8.773373112684852e-22 2.288910533956823e-32 1.0617297557086228e-118 3.069414208954321e-19
211.0 3.934623949640037e-13 1.1691824014396819e-21 3.423760956352083e-32 4.256082163619396e-118 3.978458425544581e-19
212.0 4.767289227288594e-13 1.5540762970216816e-21 5.102455797525261e-32 1.684101783089425e-117 5.144726410833429e-19
213.0 5.765377147241885e-13 2.060025922734775e-21 7.575282203569337e-32 6.577917490176042e-117 6.636394033121726e-19
214.0 6.961084007954573e-13 2.723915246650622e-21 1.1206730939985832e-31 2.5371310369233635e-116 8.5414807256681365e-19
215.0 8.389936735590524e-13 3.5923610181722194e-21 1.65185141304758e-31 9.663576532308058e-116 1.096752588222986e-18
216.0 1.0094123537186948e-12 4.725332776279408e-21 2.4259496207703887e-31 3.6352478593250673e-115 1.4049398074413654e-18
217.0 1.2123604108597949e-12 6.199846679412456e-21 3.55015743522055e-31 1.3508911573834766e-114 1.7955971906881918e-18
218.0 1.4536109619186221e-12 8.113918728420443e-21 5.177016860911649e-31 4.959750045725332e-114 2.2896327694570265e-18
219.0 1.7400473353136747e-12 1.0593255605625873e-20 7.523701883010545e-31 1.7995216888117734e-113 2.9132313305489548e-18
220.0 2.079552046564596e-12 1.3796899746304358e-20 1.0897167493143145e-30 6.453156514567464e-113 3.698614728667931e-18
221.0 2.481339861352235e-12 1.792682353411759e-20 1.573069770870263e-30 2.2875807250261496e-112 4.685687691319801e-18
222.0 2.9559577919802087e-12 2.323738827601432e-20 2.263250664423443e-30 8.017074631197416e-112 5.9233678864279565e-18
223.0 3.515840202576165e-12 3.005116495195685e-20 3.245645400327217e-30 2.778250557442589e-111 7.472256236424906e-18
224.0 4.175308803562547e-12 3.877389161743812e-20 4.639516481369775e-30 9.521575594115838e-111 9.406655423869154e-18
225.0 4.950905710641262e-12 4.99153231513435e-20 6.610971592654525e-30 3.227687279622919e-110 1.1817624697992414e-17
226.0 5.861726502147517e-12 6.411465481581719e-20 9.390669110058775e-30 1.082385271419925e-109 1.4816576889471943e-17
227.0 6.9297532744987806e-12 8.217132970678872e-20 1.3297876004742914e-29 3.591202761366374e-109 1.853948693307065e-17
228.0 8.18040973878368e-12 1.0508500429072169e-19 1.877350753159446e-29 1.179048752212956e-108 2.3152415720903722e-17
229.0 9.64289427100856e-12 1.3410119028938466e-19 2.6424390137989913e-29 3.831059394944792e-108 2.8857354503715843e-17
230.0 1.1350401937750148e-11 1.7076401561934006e-19 3.7082261366640657e-29 1.2321067117308049e-107 3.589860135709618e-17
231.0 1.3341567755442336e-11 2.1699819322442087e-19 5.18869490127715e-29 3.9227452784731184e-107 4.457408023034935e-17
232.0 1.5660133598944424e-11 2.751800314632751e-19 7.239198343269189e-29 1.2365004947349464e-106 5.524270956731705e-17
233.0 1.835639144984628e-11 3.482513364502174e-19 1.0071216120954108e-28 3.8593946845226027e-106 6.833893321049486e-17
234.0 2.148773846496015e-11 4.398410304225091e-19 1.3971692312043764e-28 1.1929447227350731e-105 8.438649673966181e-17
235.0 2.5119454080002984e-11 5.544136689718255e-19 1.932877908100772e-28 3.652150095031951e-105 1.0401509027744312e-16
236.0 2.932614323136663e-11 6.974612900777893e-19 2.6666456113429567e-28 1.1075386418176747e-104 1.2798234459164737e-16
237.0 3.4192624458959686e-11 8.757199656432068e-19 3.6689936823076538e-28 3.3273879893949934e-104 1.5719691668472631e-16
238.0 3.9815262080438865e-11 1.0974373450066299e-18 5.034589262949147e-28 9.904517276532479e-104 1.9274698244238525e-16
239.0 4.6303409369775856e-11 1.3726933937286283e-18 6.890182465293288e-28 2.921449924008752e-103 2.359335659393984e-16
240.0 5.3781295799821974e-11 1.713794191720462e-18 9.405093291708962e-28 8.539847836765156e-103 2.8831116035414947e-16
241.0 6.23891371147026e-11 2.135713088193767e-18 1.2804807620904688e-27 2.474200129840252e-102 3.5173014036818616e-16
242.0 7.228591068874946e-11 2.6566664633795943e-18 1.738902861790921e-27 7.105608856188514e-102 4.283945429806435e-16
243.0 8.365124268418283e-11 3.298764523543008e-18 2.3555053594620774e-27 2.0230061709098023e-101 5.20923345886595e-16
244.0 9.668773925421107e-11 4.088792605412728e-18 3.1828235710183503e-27 5.710427939750039e-101 6.324230062334189e-16
245.0 1.1162376178341894e-10 5.059147918589753e-18 4.290160744456455e-27 1.598309402061375e-100 7.665731036337804e-16
246.0 1.287165351357926e-10 6.248955305735254e-18 5.7687277596514765e-27 4.4362764804794474e-100 9.277263543523216e-16
247.0 1.4825569992048311e-10 7.70539865216564e-18 7.738300342950539e-27 1.2212000695048373e-99 1.1210258695040033e-15
248.0 1.7056630958334397e-10 9.485250526329877e-18 1.035576379942479e-26 3.3343277675923396e-99 1.3525342693797596e-15
249.0 1.9601360373573478e-10 1.1656755514032383e-17 1.382618776141505e-26 9.030797178419905e-99 1.6293941680462046e-15
250.0 2.2500678220132658e-10 1.430177421542982e-17 1.8416970014649842e-26 2.4265079845103923e-98 1.9600023558513113e-15
251.0 2.580048883232818e-10 1.751841360357395e-17 2.4476090487406092e-26 6.46870420892232e-98 2.3542253862205205e-15
252.0 2.955209158185601e-10 2.1423974267660416e-17 3.2455269527190035e-26 1.7110900373989038e-97 2.8236278357817656e-15
253.0 3.381290240231263e-10 2.615859273914442e-17 4.293976824421097e-26 4.4914739948310166e-97 3.381759449882872e-15
254.0 3.8647019867685784e-10 3.188936281854469e-17 5.66861301704146e-26 1.170050770898522e-96 4.04446492914105e-15
255.0 4.4125979982393504e-10 3.881526086790642e-17 7.467029475957136e-26 3.0252354653296714e-96 4.8302525515797384e-15
256.0 5.032952204816779e-10 4.7172864414513235e-17 9.814855538087625e-26 7.764088862457576e-96 5.7607113045104844e-15
257.0 5.734644331737938e-10 5.724304678131224e-17 1.287347399865603e-25 1.978045022256995e-95 6.860990575750954e-15
258.0 6.527557573339496e-10 6.93588342645512e-17 1.6849782086310192e-25 5.003033159772064e-95 8.160354567848525e-15
259.0 7.422676263246918e-10 8.391447446280241e-17 2.200847897676449e-25 1.256372859978398e-94 9.692805554831569e-15
260.0 8.432200192888353e-10 1.0137606653154728e-16 2.868754485701371e-25 3.132763128064221e-94 1.1497804826839052e-14
261.0 9.569666696141237e-10 1.2229389303791996e-16 3.7317676991721653e-25 7.757035400366618e-94 1.3621092152323506e-14
262.0 1.085008382988552e-09 1.4731673683466866e-16 4.844665451627977e-25 1.9074713047039352e-93 1.6115619694519485e-14
263.0 1.229007464955719e-09 1.772084683528906e-16 6.276981983282223e-25 4.658526252320219e-93 1.9042613782398137e-14
264.0 1.3908035909202497e-09 2.1286727399251277e-16 8.116815293633268e-25 1.1300590567708611e-92 2.2472784494320077e-14
265.0 1.5724308964516958e-09 2.5534786857151646e-16 1.0475572543992299e-24 2.7230087467287638e-92 2.6487696738130173e-14
266.0 1.7761368428377072e-09 3.058871967752669e-16 1.3493876628235031e-24 6.518160169985819e-92 3.118133043017496e-14
267.0 2.0044019696078516e-09 3.659339577147201e-16 1.734889718877204e-24 1.5501057732272851e-91 3.6661835719648e-14
268.0 2.2599624211315344e-09 4.3718280551882837e-16 2.2263447870816334e-24 3.662602256088904e-91 4.3053538625321644e-14
269.0 2.545833470838575e-09 5.216135518637762e-16 2.851723899602339e-24 8.598874763076433e-91 5.049919306514895e-14
270.0 2.8653349309839337e-09 6.215361892315006e-16 3.646077737779272e-24 2.0060775774758502e-90 5.916252161702105e-14
271.0 3.2221200019038766e-09 7.39642860193686e-16 4.6532526119710276e-24 4.6509160093796405e-90 6.923110933336533e-14
272.0 3.620204230059651e-09 8.790669615838224e-16 5.928000473791692e-24 1.0716274748404297e-89 8.091961899805869e-14
273.0 4.06399923715248e-09 1.0434513742048398e-15 7.538575808639413e-24 2.4541058135634865e-89 9.447346203677634e-14
274.0 4.558347112442623e-09 1.237026041935281e-15 9.569919399501828e-24 5.586192442358099e-89 1.1017288312437646e-13
275.0 5.108558798289839e-09 1.4646969182687835e-15 1.2127560837368292e-23 1.2639803425351035e-88 1.283375773518957e-13
276.0 5.720454581250273e-09 1.7321472425297484e-15 1.5342389939880155e-23 2.8431172943583935e-88 1.4933185089352476e-13
277.0 6.400408908473105e-09 2.0459533408229683e-15 1.9376486244334658e-23 6.357803535572408e-88 1.7357043725580154e-13
278.0 7.155397308609532e-09 2.4137161098281427e-15 2.443022311160803e-23 1.413528992912274e-87 2.0152497836011128e-13
279.0 7.993047525835257e-09 2.8442107640001357e-15 3.0750916865741065e-23 3.1247454874947625e-87 2.3373129301059575e-13
280.0 8.921694977285568e-09 3.3475571784170883e-15 3.864334102989216e-23 6.868525990416874e-87 2.7079751748623705e-13
281.0 9.950441090000632e-09 3.935412803653965e-15 4.8482480868134855e-23 1.5013352004507072e-86 3.1341316133161686e-13
282.0 1.1089217069743916e-08 4.621191812767696e-15 6.072899203152525e-23 3.263494629684173e-86 3.6235924508477487e-13
283.0 1.2348851879606776e-08 5.420313182380373e-15 7.594790166528328e-23 7.055126020148035e-86 4.1851958916363124e-13
284.0 1.3741145093388232e-08 6.350481390596243e-15 9.483119993584726e-23 1.516940162469553e-85 4.828933856479033e-13
285.0 1.5278945288579565e-08 7.432003870159498e-15 1.1822509375215496e-22 3.2441336707610576e-85 5.566091991189669e-13
286.0 1.697623331160056e-08 8.68814917982616e-15 1.4716282938855878e-22 6.901128400654393e-85 6.409405080990563e-13
287.0 1.884821218989003e-08 1.0145551450517143e-14 1.8290417647571228e-22 1.4603490563896383e-84 7.373229966151467e-13
288.0 2.0911402690158598e-08 1.1834665915467965e-14 2.269828459230591e-22 3.0742007498592124e-84 8.473737223239906e-13
289.0 2.3183746075047827e-08 1.3790282143031323e-14 2.8126336745600995e-22 6.43828528721857e-84 9.729123950719815e-13
290.0 2.5684713057135875e-08 1.605210089544062e-14 3.480092028501445e-22 1.3415095960990374e-83 1.1159849185044999e-12
291.0 2.8435420724132025e-08 1.86653827268251e-14 4.29964218092485e-22 2.7811584804443435e-83 1.2788894734691043e-12
292.0 3.145875732173041e-08 2.1681676226301642e-14 5.304499957655032e-22 5.7370492769752234e-83 1.46420536932296e-12
293.0 3.477951489144708e-08 2.515963460223062e-14 6.534819022442867e-22 1.1776181926104998e-82 1.6748249087801346e-12
294.0 3.8424530759399776e-08 2.916593085063886e-14 8.039073472053638e-22 2.4054448586037454e-82 1.9139885778293236e-12
295.0 4.242283842771541e-08 3.377628253784907e-14 9.875702631869538e-22 4.889707402227304e-82 2.185323879785451e-12
296.0 4.680582808688924e-08 3.907659806577255e-14 1.2115065157274327e-21 9.892093363341286e-82 2.4928881413336356e-12
297.0 5.160741707805653e-08 4.5164257491326834e-14 1.4841757530998139e-21 1.9917389798607895e-81 2.841215647987533e-12
298.0 5.686423174370028e-08 5.214954321600592e-14 1.8157361629515145e-21 3.9915010979529473e-81 3.2353695558226426e-12
299.0 6.261579977394337e-08 6.015723533148009e-14 2.218369618425652e-21 7.961962894818091e-81 3.680998933816937e-12
300.0 6.890475548494028e-08 6.932839079111905e-14 2.7066660319397534e-21 1.5808996104123885e-80 4.184401505119429e-12
301.0 7.577705680258472e-08 7.982232404282618e-14 3.2980770670877948e-21 3.1247019143750453e-80 4.752592490037597e-12
302.0 8.328221594290891e-08 9.181881144697694e-14 4.013451115735782e-21 6.1482667156487796e-80 5.393380171797906e-12
303.0 9.147354389313713e-08 1.0552054210189509e-13 4.877663305253533e-21 1.2043590947240721e-79 6.115448742587318e-12
304.0 1.0040840946252509e-07 1.2115584042543312e-13 5.920356523891085e-21 2.3487544561083005e-79 6.928449068398899e-12
305.0 1.1014851333859209e-07 1.3898168776532108e-13 7.176811967447346e-21 4.560541790653282e-79 7.84309803575528e-12
306.0 1.2076017902609562e-07 1.5928707458993937e-13 8.688970709987574e-21 8.816802199191516e-79 8.87128729438946e-12
307.0 1.3231465943803685e-07 1.8239671376011299e-13 1.0506630957637666e-20 1.697227185275563e-78 1.0026202048468417e-11
308.0 1.448884622349707e-07 2.0867515361000545e-13 1.2688849737935219e-20 3.2532784377405165e-78 1.1322450907437703e-11
309.0 1.5856369256908897e-07 2.385313271571801e-13 1.5305581874246296e-20 6.209730847593063e-78 1.2776207553269654e-11
310.0 1.7342841654911442e-07 2.724235834193152e-13 1.8439594459425024e-20 1.1803540316614804e-77 1.4405365391102815e-11
311.0 1.8957704341434943e-07 3.1086524305323544e-13 2.218870033463001e-20 2.23438095830614e-77 1.6229706011170838e-11
312.0 2.0711072995351812e-07 3.5443073244079465e-13 2.666836109766723e-20 4.212353476159571e-77 1.8271082794096564e-11
313.0 2.2613780681858105e-07 4.037623491378106e-13 3.2014717296422596e-20 7.909190832929416e-77 2.0553620769293575e-11
314.0 2.4677422727021835e-07 4.595777171462441e-13 3.83881119789335e-20 1.4790939230535124e-76 2.3103933974915495e-11
315.0 2.691440411091801e-07 5.226779994387006e-13 4.5977183750306754e-20 2.7550689984396677e-76 2.595136185849385e-11
316.0 2.933798933280628e-07 5.939569350748297e-13 5.500361606850528e-20 5.111620491946436e-76 2.912822606882708e-11
317.0 3.1962354845899774e-07 6.744107760688261e-13 6.57276420935573e-20 9.446920913961234e-76 3.267010920136204e-11
318.0 3.4802644358762857e-07 7.651492095907286e-13 7.845441895751938e-20 1.7391757317417782e-75 3.661615736948081e-11
319.0 3.78750268563767e-07 8.6740734882166e-13 9.35414005362715e-20 3.1895830736477807e-75 4.100940814739879e-11
320.0 4.1196757704038854e-07 9.825588931440276e-13 1.1140685688761772e-19 5.827431674557423e-75 4.5897146051399806e-11
321.0 4.478624276433415e-07 1.1121305569698494e-12 1.3253970816958974e-19 1.0606904173402621e-74 5.133128741250304e-11
322.0 4.866310581217892e-07 1.2578178823281562e-12 1.5751086480019238e-19 1.9234613039481028e-74 5.736879699307709e-11
323.0 5.284825924418455e-07 1.4215025524959284e-12 1.8698629107154004e-19 3.4751743399260342e-74 6.407213852729339e-11
324.0 5.736397832241663e-07 1.6052713389665089e-12 2.2174203955077023e-19 6.25580021835528e-74 7.150976177827369e-11
325.0 6.223397895925819e-07 1.8114368180621434e-12 2.6268153607936377e-19 1.1220620874525459e-73 7.975662858612447e-11
326.0 6.74834993937024e-07 2.0425600133106755e-12 3.1085543376728575e-19 2.0053633922392367e-73 8.88947809572874e-11
327.0 7.313938564309763e-07 2.301475118236292e-12 3.6748439467633953e-19 3.5712948581792175e-73 9.901395384203209e-11
328.0 7.923018111315564e-07 2.5913164801093802e-12 4.339852069835558e-19 6.33765868770723e-73 1.1021223604280592e-10
329.0 8.57862203492909e-07 2.9155480266806603e-12 5.120006967811847e-19 1.1207697634794096e-72 1.2259678237944735e-10
330.0 9.283972714488395e-07 3.277995338104391e-12 6.034339539508972e-19 1.9751592862619745e-72 1.3628458072379195e-10
331.0 1.0042491724368173e-06 3.6828805821371325e-12 7.104874584237374e-19 3.46896226797801e-72 1.5140327777151308e-10
332.0 1.0857810562916563e-06 4.134860537690106e-12 8.357077660815616e-19 6.071865834339461e-72 1.680920672810548e-10
333.0 1.1733781877013168e-06 4.63906796119945e-12 9.820364991382524e-19 1.0592126106728317e-71 1.8650264527893086e-10
334.0 1.2674491174771755e-06 5.20115655177475e-12 1.1528684758505453e-18 1.8416012034215277e-71 2.068002363088094e-10
335.0 1.3684269070952694e-06 5.827349808824445e-12 1.3521179219984958e-18 3.191335312297968e-71 2.2916469583918865e-10
336.0 1.4767704056378475e-06 6.524494075197937e-12 1.5842938182693e-18 5.5122189472332556e-71 2.537916933803244e-10
337.0 1.5929655836889584e-06 7.300116101203658e-12 1.8545855713264776e-18 9.4900888180929e-71 2.8089398199723456e-10
338.0 1.7175269229674102e-06 8.162485462975145e-12 2.1689603346451564e-18 1.6286072398684032e-70 3.1070275924226886e-10
339.0 1.8509988663469316e-06 9.120682216765322e-12 2.5342734707406024e-18 2.7859738432485676e-70 3.4346912580502544e-10
340.0 1.9939573284712553e-06 1.0184670176447958e-11 2.95839381966723e-18 4.7507751327874975e-70 3.794656477424614e-10
341.0 2.147011269270508e-06 1.1365376236289391e-11 3.45034563791939e-18 8.07589593171703e-70 4.189880288212176e-10
342.0 2.310804332896942e-06 1.2674776190194544e-11 4.020469291432141e-18 1.368571979273617e-69 4.623568998959235e-10
343.0 2.4860165533685676e-06 1.4125987521516012e-11 4.6806030273958385e-18 2.3121021415649736e-69 5.099197323670728e-10
344.0 2.6733661290884645e-06 1.5733369672230865e-11 5.4442884195639525e-18 3.8942196521861217e-69 5.620528832836879e-10
345.0 2.873611269168911e-06 1.7512632337415208e-11 6.327002381214334e-18 6.539121493295362e-69 6.191637802047899e-10
346.0 3.0875521121545715e-06 1.948095235172998e-11 7.346418964848694e-18 1.0947507392920255e-68 6.816932538498605e-10
347.0 3.316032720384283e-06 2.165709978524833e-11 8.522704536448349e-18 1.8273392339165503e-68 7.501180275148949e-10
348.0 3.559943152442024e-06 2.4061573900287984e-11 9.878850313425787e-18 3.0411811086460542e-68 8.249533725221739e-10
349.0 3.820221613480354e-06 2.6716749642619302e-11 1.1441046691662042e-17 5.046560883359683e-68 9.067559387969992e-10
350.0 4.097856689825032e-06 2.9647035425640825e-11 1.3239104293331794e-17 8.350062113124042e-68 9.961267716279843e-10
351.0 4.393889666285527e-06 3.2879042958303606e-11 1.5306927186069165e-17 1.377639398710265e-67 1.0937145243492166e-09
352.0 4.709416928456097e-06 3.644176993627665e-11 1.76830443248526e-17 2.2664369571187323e-67 1.2002188779885379e-09
353.0 5.045592457144621e-06 4.0366796502901796e-11 2.0411205939898347e-17 3.7181288165895844e-67 1.316394180703432e-09
354.0 5.403630409985591e-06 4.4688496347611434e-11 2.354105227029706e-17 6.082586045370278e-67 1.4430533173673765e-09
355.0 5.784807798668e-06 4.9444263461753904e-11 2.7128862877107444e-17 9.923053973941835e-67 1.5810718235237413e-09
356.0 6.190467260119116e-06 5.467475555166316e-11 3.123839559944547e-17 1.6143801753025766e-66 1.731392255972887e-09
357.0 6.622019927045603e-06 6.042415522288432e-11 3.5941825194277776e-17 2.6192662081790257e-66 1.895028834668164e-09
358.0 7.080948396246345e-06 6.6740450051841e-11 4.1320792709502337e-17 4.2381537303099334e-66 2.073072369316373e-09
359.0 7.568809802268705e-06 7.367573280499252e-11 4.7467577824687614e-17 6.839223261729396e-66 2.266695487242154e-09
360.0 8.087238994331358e-06 8.12865230481452e-11 5.448640759410024e-17 1.1007267596115856e-65 2.477158177045707e-09
361.0 8.637951819179047e-06 8.963411149679022e-11 6.249491641039006e-17 1.7668695503522175e-65 2.705813664499422e-09
362.0 9.222748516697466e-06 9.878492857634965e-11 7.162577353124068e-17 2.828727480406268e-65 2.954114639162724e-09
363.0 9.843517224819869e-06 1.0881093863548711e-10 8.202849607368044e-17 4.516985874640431e-65 3.2236198477834405e-09
364.0 1.0502237598847801e-05 1.197900614174325e-10 9.387146721085726e-17 7.194267622072141e-65 3.5160010738299772e-09
365.0 1.1200984549724248e-05 1.3180662247751812e-10 1.0734418125163807e-16 1.142914682019615e-64 3.833050523204303e-09
366.0 1.1941932096936322e-05 1.4495183422033384e-10 1.2265973931865132e-16 1.811087489577887e-64 4.1766886339903626e-09
367.0 1.2727357347924272e-05 1.5932430950284785e-10 1.4005762178527016e-16 2.862677185615063e-64 4.5489723342743455e-09
368.0 1.3559644596516877e-05 1.7503060962204607e-10 1.5980676596462954e-16 4.513583520415487e-64 4.952103766397562e-09
369.0 1.4441289548784906e-05 1.9218582878412178e-10 1.8220898041250093e-16 7.098972357087279e-64 5.388439502157208e-09
370.0 1.5374903678920156e-05 2.1091421719264467e-10 2.0760273012846922e-16 1.1137892515143232e-63 5.8605002724977905e-09
371.0 1.6363218712086452e-05 2.3134984491953638e-10 2.3636733008247193e-16 1.743221769482476e-63 6.3709812339355415e-09
372.0 1.7409091241527126e-05 2.536373089644868e-10 2.689275881094569e-16 2.7217785815881805e-63 6.92276279862149e-09
373.0 1.8515507480990097e-05 2.7793248594491023e-10 3.0575894194163346e-16 4.2394726407572567e-63 7.51892205366971e-09
374.0 1.968558815250038e-05 3.0440333295613945e-10 3.473931392334231e-16 6.587764179974766e-63 8.162744795817076e-09
375.0 2.0922593512666355e-05 3.3323073930554464e-10 3.944245139287598e-16 1.021267695923252e-62 8.857738209631387e-09
376.0 2.222992852330771e-05 3.6460943199627255e-10 4.475169172037953e-16 1.5795180001209603e-62 9.607644219659105e-09
377.0 2.3611148159906054e-05 3.9874893777319725e-10 5.074113662120144e-16 2.437255184199124e-62 1.0416453542747158e-08
378.0 2.5069962869419074e-05 4.3587460495908667e-10 5.749344798252983e-16 3.7521205503596016e-62 1.1288420475307883e-08
379.0 2.661024417229142e-05 4.762286881864146e-10 6.510077763595374e-16 5.763147752538275e-62 1.2228078444343651e-08
380.0 2.8236030413493473e-05 5.200714994300409e-10 7.366579150398434e-16 8.8319716141445e-62 1.324025635627804e-08
381.0 2.995153266260681e-05 5.676826288150327e-10 8.330279699703873e-16 1.3504489821629573e-61 1.4330095776629614e-08
382.0 3.176114076954528e-05 6.193622389474761e-10 9.413898332119017e-16 2.0602925444423946e-61 1.5503068977726864e-08
383.0 3.366942956921978e-05 6.754324364289531e-10 1.063157851488536e-15 3.136297821050668e-61 1.676499788653629e-08
384.0 3.5681165245356264e-05 7.362387246898714e-10 1.1999038103938092e-15 4.763770414622195e-61 1.8122073973734715e-08
385.0 3.7801311845454244e-05 8.021515420964796e-10 1.3533733890361618e-15 7.219993674110159e-61 1.9580879117536717e-08
386.0 4.0035037959712615e-05 8.735678898695006e-10 1.5255042190140943e-15 1.0918991995344714e-60 2.1148407487189342e-08
387.0 4.238772355205103e-05 9.509130540296336e-10 1.718445691906553e-15 1.6477647458296433e-60 2.28320884798394e-08
388.0 4.4864966958997854e-05 1.0346424263410416e-09 1.9345806723290687e-15 2.4813150597847976e-60 2.463981075975283e-08
389.0 4.747259204245545e-05 1.125243428777869e-09 2.176549285336719e-15 3.728633553649601e-60 2.6579947434614716e-08
390.0 5.021665550659392e-05 1.223237546745156e-09 2.44727496156359e-15 5.591206744198125e-60 2.8661382417396585e-08
391.0 5.3103454378811936e-05 1.3291824762712657e-09 2.7499929378922013e-15 8.366741491580641e-60 3.0893538018275626e-08
392.0 5.613953365430117e-05 1.44367439057618e-09 3.0882814272149426e-15 1.2494213577452273e-59 3.328640381199596e-08
393.0 5.933169409940548e-05 1.5673503315057413e-09 3.46609568750368e-15 1.861958635791089e-59 3.5850566824557486e-08
394.0 6.268700022490333e-05 1.7008907319348599e-09 3.887805239371342e-15 2.769149118820855e-59 3.859724309366228e-08
395.0 6.62127884212684e-05 1.8450220749878282e-09 4.358234499756315e-15 4.110025180811804e-59 4.153831064758647e-08
396.0 6.991667525393319e-05 2.0005196962683764e-09 4.882707120297327e-15 6.087948819821347e-59 4.468634395143392e-08
397.0 7.380656593215824e-05 2.16821073596138e-09 5.4670943422205364e-15 8.999789496653917e-59 4.805464988089238e-08
398.0 7.789066293016781e-05 2.348977246926851e-09 6.117867700970367e-15 1.3278070505438754e-58 5.165730526295833e-08
399.0 8.217747478164447e-05 2.5437594663241266e-09 6.842156441914059e-15 1.9551730177867358e-58 5.550919605094925e-08
400.0 8.667582502892428e-05 2.753559257413891e-09 7.647810032710965e-15 2.8733551366415367e-58 5.962605817706949e-08
401.0 9.139486134055292e-05 2.979443729365893e-09 8.543466189057037e-15 4.214572424798688e-58 6.40245201478574e-08
402.0 9.634406478361296e-05 3.2225490423290723e-09 9.538624859073853e-15 6.1699833578015296e-58 6.872214743103073e-08
403.0 0.00010153325925948219 3.4840844059499813e-09 1.0643728646085044e-14 9.015437587953252e-58 7.37374886983038e-08
404.0 0.00010697262109764442 3.7653362793509404e-09 1.1870250183181724e-14 1.314825159846681e-57 7.909012398052435e-08
405.0 0.00011267268880179224 4.067672780795965e-09 1.3230787009772443e-14 1.9139630298189816e-57 8.480071479192931e-08
406.0 0.0001186443729520541 4.392548315856571e-09 1.4739164540628237e-14 2.780925375133774e-57 9.089105628832662e-08
407.0 0.00012489896626533 4.741508433122907e-09 1.6410547759795848e-14 4.0331207484980534e-57 9.738413152426035e-08
408.0 0.00013144815379376222 5.11619491594839e-09 1.826156231337462e-14 5.838415552465516e-57 1.0430416785830635e-07
409.0 0.0001383040232855956 5.518351120613228e-09 2.031042572773308e-14 8.436385191030185e-57 1.1167669559044068e-07
410.0 0.00014547907567068484 5.9498275692342355e-09 2.2577089521791724e-14 1.2168333147916572e-56 1.1952860886845626e-07
411.0 0.00015298623570936406 6.412587808948584e-09 2.5083393045285917e-14 1.7519620398597706e-56 1.2788822896134628e-07
412.0 0.00016083886276051823 6.9087145459478225e-09 2.7853229919598285e-14 2.5179248440846592e-56 1.3678536993275224e-07
413.0 0.00016905076169641497 7.440416066036424e-09 3.091272802749054e-14 3.6123582126897947e-56 1.4625140680581518e-07
414.0 0.00017763619393964484 8.010032951567018e-09 3.429044405325765e-14 5.1733788458215585e-56 1.5631934626924752e-07
415.0 0.0001866098886301934 8.620045106213837e-09 3.801757364651013e-14 7.396028548776168e-56 1.670239000020346e-07
416.0 0.00019598705391581767 9.27307909872231e-09 4.212817835101634e-14 1.0555262560025281e-55 1.7840156068281145e-07
417.0 0.00020578338835023803 9.971915836607574e-09 4.665943051233428e-14 1.5038030414117448e-55 1.9049068074233032e-07
418.0 0.00021601509241575795 1.0719498582541885e-08 5.165187746320919e-14 2.1387970243513318e-55 2.033315539469138e-07
419.0 0.0002266988801402325 1.1518941324270412e-08 5.714972635899949e-14 3.036757161911339e-55 2.1696649985932736e-07
420.0 0.00023785199082256554 1.2373537511234493e-08 6.320115113218016e-14 4.30444907399779e-55 2.314399512639241e-07
421.0 0.00024949220084640285 1.3286769169699004e-08 6.985862311961751e-14 6.091120418361256e-55 2.4679854461167227e-07
422.0 0.00026163783558769046 1.4262316409722347e-08 7.7179267019607e-14 8.605060615061403e-55 2.6309121356529276e-07
423.0 0.0002743077813943112 1.5304067336152828e-08 8.522524393085346e-14 1.2136481716093389e-54 2.8036928569843035e-07
424.0 0.0002875214976518804 1.6416128377985522e-08 9.406416334316019e-14 1.7089082219770003e-54 2.986865824382017e-07
425.0 0.0003012990289079188 1.7602835048433667e-08 1.0376952605115044e-13 2.402351898765219e-54 3.180995222990825e-07
426.0 0.00031566101705575385 1.8868763149841567e-08 1.1442120008930803e-13 3.371718440170826e-54 3.386672274845711e-07
427.0 0.0003306287135661753 2.0218740437082177e-08 1.261059319078298e-13 4.724627432050284e-54 3.6045163391958113e-07
428.0 0.0003462239917755404 2.1657858754560536e-08 1.3891789514780404e-13 6.609828187774075e-54 3.835176047985802e-07
429.0 0.00036246935918249 2.3191486658742455e-08 1.5295927949097561e-13 9.232595637231195e-54 4.079330476728972e-07
430.0 0.00037938796979773904 2.482528254393569e-08 1.683409222384533e-13 1.2875768442030384e-53 4.3376903520013085e-07
431.0 0.000397003636478511 2.656520828231495e-08 1.8518298538060982e-13 1.7928452787252265e-53 4.6109992955446065e-07
432.0 0.0004153408432955264 2.8417543396646478e-08 2.0361568112578844e-13 2.4925125072924524e-53 4.900035106247055e-07
433.0 0.00043442475787329037 3.038889977753682e-08 2.237800489769633e-13 3.4598819882876784e-53 5.20561108006055e-07
434.0 0.00045428124372385914 3.248623696228894e-08 2.4582878765297266e-13 4.795336769678546e-53 5.528577368798619e-07
435.0 0.00047493687254592784 3.471687798944601e-08 2.6992714531127913e-13 6.6361358042085295e-53 5.869822378195437e-07
436.0 0.000496418936494943 3.70885258455576e-08 2.9625387173575405e-13 9.169679157246559e-53 6.230274205992211e-07
437.0 0.0005187554603968096 3.960928051851815e-08 3.2500223633440413e-13 1.2651443866479018e-52 6.610902120406534e-07
438.0 0.0005419752138891211 4.228765667262165e-08 3.563811160029797e-13 1.7429199329252734e-52 7.012718079447169e-07
439.0 0.0005661077234982224 4.513260196245105e-08 3.906161571418882e-13 2.3975652999956823e-52 7.436778291832251e-07
440.0 0.0005911832846281085 4.8153516000447445e-08 4.2795101632097105e-13 3.293239746298387e-52 7.884184819851789e-07
441.0 0.0006172329734322388 5.136026999249612e-08 4.68648684314728e-13 4.516898595351564e-52 8.356087224409515e-07
442.0 0.0006442886585842475 5.47632270594967e-08 5.129928985060175e-13 6.186223047375751e-52 8.853684253048125e-07
443.0 0.0006723830129088597 5.837326325856754e-08 5.612896488731933e-13 8.460249363381342e-52 9.378225571022357e-07
444.0 0.0007015495248667991 6.220178932004828e-08 6.138687830609871e-13 1.1553596173810658e-51 9.931013535876895e-07
445.0 0.0007318225098866531 6.62607731164725e-08 6.71085716311598e-13 1.5755481185807248e-51 1.0513405015959193e-06
446.0 0.0007632371215129627 7.056276287754689e-08 7.333232522974989e-13 2.1455104102181945e-51 1.1126813252934055e-06
447.0 0.0007958293623628491 7.512091116702374e-08 8.009935212111771e-13 2.9175480001096424e-51 1.1772709768648464e-06
448.0 0.0008296360948838006 7.994899963738832e-08 8.745400417769097e-13 3.9618474385489835e-51 1.2452626316678646e-06
449.0 0.0008646950518696025 8.506146457476564e-08 9.544399141316948e-13 5.372466655282869e-51 1.3168156878325966e-06
450.0 0.0009010448467507149 9.04734232518049e-08 1.041206150909896e-12 7.275281548197889e-51 1.3920959703659095e-06
451.0 0.0009387249836227586 9.620070110123079e-08 1.1353901541567041e-12 9.838520463489249e-51 1.4712759397391358e-06
452.0 0.000977775866984354 1.0225985972298968e-07 1.2375843460498527e-12 1.328671059186738e-50 1.5545349049424773e-06
453.0 0.0010182388112017593 1.0866822574237745e-07 1.3484249618293e-12 1.791911670246396e-50 1.6420592410570375e-06
454.0 0.0010601560496459141 1.1544392052900566e-07 1.4685950136276663e-12 2.413408694191824e-50 1.7340426112795579e-06
455.0 0.0011035707434973554 1.2260589079102422e-07 1.598827434337851e-12 3.2461155746379423e-50 1.8306861934057875e-06
456.0 0.0011485269902142274 1.3017394005884902e-07 1.7399084110609185e-12 4.360332003353581e-50 1.9321989107753616e-06
457.0 0.0011950698316141519 1.3816876106732877e-07 1.8926809180275113e-12 5.84926401083752e-50 2.03879766760218e-06
458.0 0.0012432452615695276 1.4661196905002405e-07 2.0580484593754573e-12 7.836327044672965e-50 2.1507075886871847e-06
459.0 0.0012931002333053947 1.5552613595785694e-07 2.2369790325961533e-12 1.048472610436508e-49 2.268162263489686e-06
460.0 0.0013446826662467215 1.6493482560881649e-07 2.4305093238408432e-12 1.401000685560075e-49 2.3914039944535167e-06
461.0 0.001398041452441084 1.748626297840711e-07 2.639749146869368e-12 1.869647820979856e-49 2.5206840496138947e-06
462.0 0.0014532264624808667 1.8533520527310297e-07 2.865886137726441e-12 2.4918673437697465e-49 2.656262919326966e-06
463.0 0.0015102885509596113 1.9637931188306947e-07 3.11019071790815e-12 3.316936050348448e-49 2.798410577150603e-06
464.0 0.0015692795613923597 2.0802285141405832e-07 3.3740213390920664e-12 4.4096054666555616e-49 2.9474067447118696e-06
465.0 0.0016302523306168822 2.202949076119063e-07 3.658830023175635e-12 5.854855518121799e-49 3.1035411605448584e-06
466.0 0.0016932606926390835 2.3322578710277384e-07 3.966168211791197e-12 7.764075836143571e-49 3.267113852778727e-06
467.0 0.0017583594818787786 2.4684706131150044e-07 4.297692939971967e-12 1.0283093617334138e-48 3.4384354155308985e-06
468.0 0.001825604535838745 2.6119160937386206e-07 4.655173349338821e-12 1.3602586978036936e-48 3.6178272889792342e-06
469.0 0.0018950526971364251 2.7629366204063666e-07 5.040497556548349e-12 1.7971576327048966e-48 3.8056220429199173e-06
470.0 0.0019667618148979343 2.921888465784543e-07 5.455679893443741e-12 2.37148825612079e-48 4.0021636637234445e-06
471.0 0.0020407907454917545 3.0891423266838055e-07 5.9028685358800555e-12 3.1255691445192104e-48 4.2078078445502765e-06
472.0 0.0021171993525289676 3.2650837929422867e-07 6.3843535386301545e-12 4.114468299840295e-48 4.422922278572775e-06
473.0 0.00219604850622774 3.4501138263704313e-07 6.902575294859008e-12 5.409759155408976e-48 4.647886955290729e-06
474.0 0.0022774000819642 3.64464924949551e-07 7.460133438475862e-12 7.104357966407502e-48 4.883094459452923e-06
475.0 0.0023613169581106464 3.8491232442489506e-07 8.059796209078089e-12 9.318746655283808e-48 5.128950272658619e-06
476.0 0.0024478630130899104 4.063985860468329e-07 8.704510299336589e-12 1.2208968628166568e-47 5.3858730773504286e-06
477.0 0.0025371031216035204 4.2897045341086165e-07 9.397411205355054e-12 1.5976890857051237e-47 5.654295062952984e-06
478.0 0.002629103150054389 4.5267646151455587e-07 1.0141834101385672e-11 2.088335945854808e-47 5.934662234038386e-06
479.0 0.0027239299511241603 4.775669905042308e-07 1.094132526072847e-11 2.726504539545236e-47 6.227434720259438e-06
480.0 0.0028216513574570124 5.036943203614708e-07 1.1799654045228626e-11 3.555599092917212e-47 6.533087087756771e-06
481.0 0.0029223361744616424 5.311126865215755e-07 1.272082548665641e-11 4.631513750293568e-47 6.852108651868809e-06
482.0 0.0030260541722285893 5.598783364123209e-07 1.3709093483878446e-11 6.026145613723957e-47 7.185003790934519e-06
483.0 0.0031328760764359584 5.900495868767409e-07 1.4768974639822844e-11 7.831873001867796e-47 7.532292260673124e-06
484.0 0.003242873558396302 6.216868824925524e-07 1.5905262764105446e-11 1.016725780289266e-46 7.894509509268319e-06
485.0 0.003356119224023124 6.548528547304548e-07 1.712304406618118e-11 1.3184298519930086e-46 8.27220699239084e-06
486.0 0.0034726866018803585 6.896123819625573e-07 1.8427713066265096e-11 1.7077645600827966e-46 8.665952488293129e-06
487.0 0.003592650130144312 7.260326502675919e-07 1.982498925035434e-11 2.2096297190724162e-46 9.076330412297489e-06
488.0 0.0037160851425652912 7.641832150262727e-07 2.132093449755226e-11 2.855842687211846e-46 9.503942130608883e-06
489.0 0.0038430678533645235 8.041360632692328e-07 2.292197130779998e-11 3.687016186119467e-46 9.949406273004251e-06
490.0 0.003973675341011562 8.459656767384034e-07 2.4634901858723027e-11 4.754933869021072e-46 1.0413359043950509e-05
491.0 0.00410798553095304 8.897490956465609e-07 2.6466927921650477e-11 6.1255523745812864e-46 1.0896454532014403e-05
492.0 0.004246077177173332 9.355659830780673e-07 2.8425671666360492e-11 7.88279106598113e-46 1.1399365016925926e-05
493.0 0.004388029842654331 9.834986900101052e-07 3.051919738578425e-11 1.0133311091935857e-45 1.1922781274123689e-05
494.0 0.004533923878674367 1.0336323209048422e-06 3.275603417172504e-11 1.3012535723354661e-45 1.2467412876270007e-05
495.0 0.0046838404028844245 1.0860547998185569e-06 3.514519957309406e-11 1.6692226465664563e-45 1.3033988491192546e-05
496.0 0.00483786127628163 1.1408569370125978e-06 3.769622427000589e-11 2.1390007115193283e-45 1.3623256176195686e-05
497.0 0.004996069078907486 1.1981324959824714e-06 4.041917779552899e-11 2.7381324273372454e-45 1.4235983667873347e-05
498.0 0.0051585470843566175 1.2579782608766096e-06 4.3324695339169895e-11 3.5014452227222705e-45 1.4872958667243872e-05
499.0 0.005325379233047615 1.320494104243468e-06 4.6424005665695374e-11 4.4729297909692035e-45 1.553498911964869e-05
500.0 0.005496650104242126 1.3857830550504092e-06 4.97289601835511e-11 5.708094444610897e-45 1.622290348893562e-05
501.0 0.005672444886812442 1.4539513669184289e-06 5.325206319765478e-11 7.276909762762958e-45 1.6937551025475198e-05
502.0 0.0058528493487321025 1.5251085865076455e-06 5.7006503381492935e-11 9.267487838478374e-45 1.7679802027470422e-05
503.0 0.0060379498052744165 1.5993676219876538e-06 6.10061865038268e-11 1.1790674801247223e-44 1.8450548095034058e-05
504.0 0.006227833085949382 1.6768448115360336e-06 6.52657694460689e-11 1.4985777623641506e-44 1.925070237663388e-05
505.0 0.0064225865001047485 1.7576599917778987e-06 6.980069554560659e-11 1.9027698315695314e-44 2.0081199807175975e-05
506.0 0.006622297801211024 1.8419365661001618e-06 7.462723130140505e-11 2.4135812654230263e-44 2.0942997337261802e-05
507.0 0.006827055149909071 1.929801572788634e-06 7.976250447913034e-11 3.0585009250905594e-44 2.1837074153337236e-05
508.0 0.007036947075614295 2.021385752854312e-06 8.522454364997667e-11 3.871940127129612e-44 2.276443188754288e-05
509.0 0.007252062436905517 2.1168236175313258e-06 9.103231920217545e-11 4.89693414193236e-44 2.3726094817423074e-05
510.0 0.007472490380506044 2.216253515309748e-06 9.720578585949138e-11 6.187251567297409e-44 2.4723110054316057e-05
511.0 0.007698320298985897 2.3198176984530176e-06 1.0376592674457931e-10 7.810006850305053e-44 2.575654772025378e-05
512.0 0.007929641787098854 2.4276623888854946e-06 1.1073479902241062e-10 9.848892894901638e-44 2.6827501112498714e-05
513.0 0.00816654459678511 2.539937843365762e-06 1.1813558116013603e-10 1.240817714759908e-43 2.7937086855209064e-05
514.0 0.008409118590871529 2.656798417859373e-06 1.2599262183959404e-10 1.5617636828242102e-43 2.9086445037723815e-05
515.0 0.008657453695415674 2.77840263099536e-06 1.3433149055711704e-10 1.963864831009706e-43 3.0276739338658685e-05
516.0 0.008911639850754079 2.9049132265225285e-06 1.4317902994644976e-10 2.467169355491466e-43 3.150915713537929e-05
517.0 0.009171766961174183 3.036497234633892e-06 1.5256340985796503e-10 3.0965604783723554e-43 3.278490959792061e-05
518.0 0.009437924843361353 3.1733260320989014e-06 1.6251418323037048e-10 3.882893939553135e-43 3.410523176722343e-05
519.0 0.0097102031734486 3.3155754010354184e-06 1.730623437853069e-10 4.864396315771661e-43 3.547138261641217e-05
520.0 0.009988691432876003 3.463425586274071e-06 1.8424038558058322e-10 6.088382404546567e-43 3.6884645095172126e-05
521.0 0.010273478852864856 3.6170613511314995e-06 1.9608236445022058e-10 7.613362559417137e-43 3.8346326155839026e-05
522.0 0.010564654357697658 3.7766720315350047e-06 2.0862396136507066e-10 9.511626181032189e-43 3.985775676119654e-05
523.0 0.01086230650673 3.942451588349589e-06 2.2190254774220632e-10 1.1872406102338002e-42 4.14202918730159e-05
524.0 0.01116652343512645 4.114598657775938e-06 2.3595725273102497e-10 1.4805751010685587e-42 4.3035310420592176e-05
525.0 0.011477392793454364 4.293316599736921e-06 2.5082903250566943e-10 1.844726010944933e-42 4.470421524906983e-05
526.0 0.011795001685991825 4.4788135440670115e-06 2.6656074158634754e-10 2.2963866874278614e-42 4.6428433046289417e-05
527.0 0.012119436607928155 4.6713024344332885e-06 2.8319720621719847e-10 2.8560898126765933e-42 4.820941424811235e-05
528.0 0.012450783381360242 4.871001069813171e-06 3.0078529982098483e-10 3.5490682068713426e-42 5.004863292112041e-05
529.0 0.012789127090198795 5.078132143430024e-06 3.19374020553676e-10 4.4063035992218366e-42 5.194758662240323e-05
530.0 0.013134552013970603 5.292923278997453e-06 3.390145709773478e-10 5.465803300751626e-42 5.390779623564633e-05
531.0 0.013487141560486093 5.515607064112291e-06 3.597604398671279e-10 6.774152958042519e-42 5.593080578265112e-05
532.0 0.013846978197543434 5.746421080714725e-06 3.816674861709017e-10 8.388403464404517e-42 5.801818221024107e-05
533.0 0.014214143383577151 5.985607932427878e-06 4.0479402513171626e-10 1.0378361975127998e-41 6.0171515151444645e-05
534.0 0.014588717497324077 6.2334152686514795e-06 4.2920091658438285e-10 1.2829371198015668e-41 6.239241666050858e-05
535.0 0.014970779766570458 6.490095805280422e-06 4.5495165543523715e-10 1.5845678161528548e-41 6.468252092127264e-05
536.0 0.015360408195981052 6.755907341890798e-06 4.821124643295397e-10 1.9554514037037183e-41 6.704348392817504e-05
537.0 0.015757679494040982 7.031112775246104e-06 5.107523885089068e-10 2.411103094462552e-41 6.94769831392824e-05
538.0 0.01616266899919445 7.315980108998295e-06 5.409433928598461e-10 2.9704270756141593e-41 7.198471710097689e-05
539.0 0.01657545060523261 7.610782459444806e-06 5.727604611506288e-10 3.6564375614793313e-41 7.456840504381265e-05
540.0 0.016996096685840623 7.915798057135824e-06 6.062816974455097e-10 4.4971291269216756e-41 7.722978644842013e-05
541.0 0.017424678018564937 8.231310244283673e-06 6.415884296935621e-10 5.526526361512991e-41 7.997062058190437e-05
542.0 0.01786126370805954 8.557607467744123e-06 6.787653154725229e-10 6.785948751291735e-41 8.279268600341045e-05
543.0 0.018305921108797574 8.894983267488082e-06 7.179004498754391e-10 8.325533673547214e-41 8.56977800390034e-05
544.0 0.01875871574714234 9.243736260344627e-06 7.590854755134389e-10 1.020606868297401e-40 8.868771822468888e-05
545.0 0.01921971124306325 9.60417011898369e-06 8.024156946188413e-10 1.2501194114739087e-40 9.176433371822906e-05
546.0 0.01968896923129066 9.976593545870066e-06 8.479901832097051e-10 1.5300048712609091e-40 9.492947667813562e-05
547.0 0.020166549282152207 1.0361320242136645e-05 8.959119072899222e-10 1.8710444840075377e-40 9.818501361032513e-05
548.0 0.020652508822084387 1.0758668871206526e-05 9.462878410450217e-10 2.2862676237396656e-40 0.00010153282668178936
549.0 0.021146903053897048 1.1168963017034324e-05 9.992290869925096e-10 2.7914080704005244e-40 0.00010497481300103802
550.0 0.02164978487678726 1.1592531136795885e-05 1.0548509980370306e-09 3.405450304798678e-40 0.00010851288386469445
551.0 0.022161204806237664 1.2029706507928596e-05 1.113273301382034e-09 4.151283077868467e-40 0.00011214896397032466
552.0 0.022681210893908788 1.2480827169415137e-05 1.1746202242439504e-09 5.056480705718524e-40 0.00011588499059549238
553.0 0.02320984864741186 1.2946235857084627e-05 1.239020621298478e-09 6.154236321875439e-40 0.00011972291274193197
554.0 0.0237471609502156 1.3426279932902935e-05 1.3066081038011788e-09 7.48447577436285e-40 0.00012366469024559045
555.0 0.02429318798170006 1.3921311308100173e-05 1.3775211703077735e-09 9.095186104469059e-40 0.00012771229285212933
556.0 0.024847967137303816 1.44316863599437e-05 1.4519033389094905e-09 1.1043998722648111e-39 0.00013186769925712703
557.0 0.025411532949120647 1.4957765842200933e-05 1.5299032809158846e-09 1.3400074664082897e-39 0.0001361328961123957
558.0 0.025983917006632506 1.5499914788958395e-05 1.6116749558743464e-09 1.6246347846554985e-39 0.00014050987699635494
559.0 0.026565147878059293 1.605850241192228e-05 1.69737774785467e-09 1.9682192282763958e-39 0.00014500064135061156
560.0 0.027155251032034138 1.6633901990881865e-05 1.7871766028761674e-09 2.3826590967444085e-39 0.00014960719338083666
561.0 0.027754248759996495 1.7226490757422958e-05 1.8812421673894903e-09 2.8821897959027235e-39 0.000154331540923724
562.0 0.02836216009909416 1.7836649771624665e-05 1.979750927682013e-09 3.483830134280361e-39 0.0001591756942786006
563.0 0.028979000755959498 1.846476379182424e-05 2.0828853501058983e-09 4.207911369128131e-39 0.00016414166500542873
564.0 0.029604783031108153 1.9111221137161446e-05 2.1908340219807775e-09 5.078703878066977e-39 0.00016923146468757777
565.0 0.030239515744446454 1.9776413543078398e-05 2.3037917930668613e-09 6.125158920927045e-39 0.00017444710366189238
566.0 0.030883204161517623 2.0460736009417364e-05 2.421959917437807e-09 7.381785980056913e-39 0.000179790589713816
567.0 0.03153584992095669 2.1164586641298106e-05 2.5455461956358424e-09 8.889689697053664e-39 0.00018526392674011622
568.0 0.03219745096302611 2.1888366482581798e-05 2.6747651169422247e-09 1.0697794540607154e-38 0.00019086911337841506
569.0 0.03286800145931242 2.263247934186514e-05 2.8098380016033917e-09 1.286429013843841e-38 0.0001966081416039347
570.0 0.03354749174380657 2.3397331611053636e-05 2.9509931428590545e-09 1.5458335794757888e-38 0.00020248299529476948
571.0 0.0342359082452794 2.418333207636015e-05 3.0984659485859073e-09 1.856206921840936e-38 0.0002084956487652057
572.0 0.0349332334211744 2.4990891721793333e-05 3.2524990823899185e-09 2.2272972050705796e-38 0.00021464806526849808
573.0 0.03563944569302727 2.582042352506298e-05 3.4133426039553268e-09 2.670665357181758e-38 0.00022094219546929495
574.0 0.03635451938346169 2.6672342245862264e-05 3.5812541084545194e-09 3.2000124172089026e-38 0.0002273799758861763
575.0 0.03707842465501831 2.754706420664748e-05 3.756498864836589e-09 3.831564201999744e-38 0.0002339633273061165
576.0 0.037811127450641406 2.844500706573077e-05 3.939349952764031e-09 4.5845230093791144e-38 0.00024069415317005014
577.0 0.03855258943612078 2.9366589582852503e-05 4.1300883980058814e-09 5.481597666064264e-38 0.00024757433793170136
578.0 0.039302767944497725 3.0312231377203293e-05 4.329003306061943e-09 6.54962507172572e-38 0.00025460574539011777
579.0 0.04006161592245106 3.1282352677873575e-05 4.536391993785326e-09 7.820298523176477e-38 0.0002617902169964079
580.0 0.04082908187889735 3.227737406688821e-05 4.752560118788141e-09 9.331020568623587e-38 0.0002691295701366549
581.0 0.04160510983567869 3.3297716214715536e-05 4.977821806369708e-09 1.1125900991167461e-37 0.00027662559639069954
582.0 0.04238963928069322 3.434379960852519e-05 5.2124997737542344e-09 1.3256923810822942e-37 0.0002842800597696772
583.0 0.043182605123216936 3.5416044273004846e-05 5.456925451349782e-09 1.5785310990392415e-37 0.00029209469493127606
584.0 0.043983937651804327 3.651486948406048e-05 5.711439100808845e-09 1.8783114907844625e-37 0.000300071205375948
585.0 0.044793562494646666 3.764069347533383e-05 5.976389929605325e-09 2.233507670131769e-37 0.00030821126162399907
586.0 0.04561140058252925 3.879393313768964e-05 6.252136201868631e-09 2.6540793400336344e-37 0.0003165164993752804
587.0 0.04643736811446389 3.997500371178663e-05 6.539045345202484e-09 3.151724343910769e-37 0.00032498851765283066
588.0 0.04727137652611486 4.118431847389425e-05 6.837494053217382e-09 3.740172783146668e-37 0.0003336288769321722
589.0 0.04811333246093175 4.242228841495414e-05 7.147868383472584e-09 4.435529311594522e-37 0.00034243909725659925
590.0 0.04896313774430911 4.368932191324553e-05 7.470563850575017e-09 5.256671231791286e-37 0.0003514206563416759
591.0 0.04982068936058016 4.49858244005863e-05 7.805985514107551e-09 6.2257111808949854e-37 0.00036057498766865287
592.0 0.05068587943313846 4.6312198022435844e-05 8.154548061123692e-09 7.368534528434915e-37 0.00036990347856997904
593.0 0.05155859520751617 4.76688412918684e-05 8.516675882874013e-09 8.715423136650026e-37 0.000379407468306835
594.0 0.052438719037782765 4.905614873788027e-05 8.892803145509021e-09 1.0301778884896604e-36 0.00038908824614253794
595.0 0.053326128375991155 5.0474510547928876e-05 9.283373854399655e-09 1.2168962362954423e-36 0.00039894704941109054
596.0 0.05422069576501908 5.1924312205182666e-05 9.688841911813902e-09 1.4365264429326531e-36 0.00040898506158474176
597.0 0.05512228883466082 5.340593412052236e-05 1.0109671167606216e-08 1.6947030949055364e-36 0.00041920341034087173
598.0 0.05603077030112372 5.491975125962157e-05 1.054633546262302e-08 1.9979964016219558e-36 0.00042960316563076347
599.0 0.05694599796996921 5.6466132765346566e-05 1.0999318664509512e-08 2.3540626379567953e-36 0.0004401853377520498
600.0 0.05786782474251225 5.8045441575700305e-05 1.1469114695595399e-08 2.7718179682888928e-36 0.00045095087542647007
601.0 0.05879609862572668 5.9658034037580545e-05 1.1956227552543576e-08 3.261639156930074e-36 0.00046190066388486836
602.0 0.05973066274579739 6.130425951673419e-05 1.2461171317465209e-08 3.8355951753483906e-36 0.00047303552296217363
603.0 0.060671355365182776 6.298446000402113e-05 1.2984470160150182e-08 4.507714291978165e-36 0.0004843562052029658
604.0 0.0616180099033894 6.469896971845841e-05 1.3526658331130106e-08 5.294291885007266e-36 0.0004958633939809467
605.0 0.06257045496137133 6.644811470723386e-05 1.4088280145235527e-08 6.21424496267848e-36 0.0005075577016333978
606.0 0.0635285143497069 6.823221244314052e-05 1.466988995536033e-08 7.289520221110894e-36 0.0005194396676136724
607.0 0.06449200712043433 7.005157141961444e-05 1.5272052116092138e-08 8.545563429548596e-36 0.0005315097566626426
608.0 0.06546074760270446 7.190649074386057e-05 1.5895340936930132e-08 1.0011859022127664e-35 0.0005437683570022858
609.0 0.06643454544217114 7.379725972831604e-05 1.6540340624764455e-08 1.172255001026802e-35 0.0005562157785527331
610.0 0.06741320564422268 7.572415748090746e-05 1.7207645215336855e-08 1.3717149729346348e-35 0.000568852251175622
611.0 0.0683965286209712 7.768745249437063e-05 1.7897858493363995e-08 1.6041358518201872e-35 0.0005816779229451129
612.0 0.06938431024211691 7.968740223513181e-05 1.861159390105892e-08 1.8748000223801509e-35 0.0005946928584496134
613.0 0.07037634188955269 8.172425273198572e-05 1.9349474434730332e-08 2.1898095452107825e-35 0.0006078970371252057
614.0 0.07137241051593828 8.379823816522512e-05 2.01121325292403e-08 2.556209077942437e-35 0.0006212903516248626
615.0 0.07237229870692853 8.590958045627162e-05 2.0900209929965323e-08 2.982126572869597e-35 0.0006348726062229593
616.0 0.07337578474734324 8.805848885855755e-05 2.1714357552074892e-08 3.4769342239599315e-35 0.000648643515259743
617.0 0.07438264269110505 9.024515954989134e-05 2.255523532682721e-08 4.051432466017324e-35 0.0006626027016265299
618.0 0.07539264243499742 9.246977522681372e-05 2.342351203465386e-08 4.718060200737909e-35 0.0006767496952943538
619.0 0.07640554979613144 9.473250470126212e-05 2.431986512476562e-08 5.491134843501885e-35 0.0006910839318873711
620.0 0.07742112659328722 9.703350250021329e-05 2.5244980521109677e-08 6.387126256707713e-35 0.0007056047513048288
621.0 0.07843913073187588 9.937290846847202e-05 2.6199552414390606e-08 7.424969166553421e-35 0.00072031139639168
622.0 0.07945931629267855 0.00010175084737528217 2.7184283040007022e-08 8.626419257527189e-35 0.0007352030116615985
623.0 0.08048143362420784 0.00010416742852506657 2.8199882441670543e-08 1.0016458810249668e-34 0.0007502786420733812
624.0 0.08150522943876266 0.00010662274537289308 2.9247068220563894e-08 1.162375850250481e-34 0.0007655372318637958
625.0 0.0825304469119959 0.00010911687514494869 3.0326565269820494e-08 1.348120283991011e-34 0.0007809776234375949
626.0 0.0835568257860797 0.00011164987846465735 3.143910549421743e-08 1.5626487632569886e-34 0.0007965985563179181
627.0 0.08458410247638753 0.00011422179898486819 3.25854275149325e-08 1.8102798999058534e-34 0.0008123986661587451
628.0 0.08561201018152093 0.0001168326630264263 3.376627635919512e-08 2.095958457246339e-34 0.0008283764838202037
629.0 0.08664027899683104 0.000119482479223873 3.4982403134801443e-08 2.4253428919749835e-34 0.000844530434510589
630.0 0.08766863603122495 0.00012217123817854996 3.623456468934521e-08 2.8049046681415987e-34 0.0008608588369955321
631.0 0.08869680552717106 0.00012489891211954493 3.75235232540788e-08 3.2420408611461902e-34 0.0008773599028758845
632.0 0.08972450898398264 0.00012766545457315804 3.8850046072408044e-08 3.7452017567989024e-34 0.0008940317359375395
633.0 0.09075146528415658 0.0001304708000411458 4.0214905012917265e-08 4.3240353594012946e-34 0.0009108723315733951
634.0 0.09177739082278046 0.0001333148636883408 4.161887616694509e-08 4.989550956097102e-34 0.0009278795762800149
635.0 0.0928019996398571 0.0001361975410400074 4.306273943067397e-08 5.75430414503931e-34 0.0009450512472298481
636.0 0.09382500355552147 0.00013911870768947788 4.4547278071779105e-08 6.632606025213129e-34 0.0009623850119211192
637.0 0.09484611230807742 0.0001420782190165563 4.607327828068351e-08 7.640759569289679e-34 0.0009798784279070453
638.0 0.09586503369462315 0.0001450759099169297 4.764152870640986e-08 8.797326561238899e-34 0.0009975289426043083
639.0 0.0968814737143938 0.00014811159454336813 4.925281997721551e-08 1.012342888162551e-33 0.0010153338931844207
640.0 0.09789513671451586 0.00015118506605884678 5.090794420601334e-08 1.1643088369797222e-33 0.0010332905065471058
641.0 0.09890572553814883 0.00015429609640213698 5.260769448073545e-08 1.3383609988449019e-33 0.0010513958993776625
642.0 0.0999129416749952 0.0001574444360664283 5.435286433983254e-08 1.5376013567524759e-33 0.0010696470782903284
643.0 0.1009164854139003 0.00016062981389113753 5.614424723298666e-08 1.7655520016834724e-33 0.0010880409400568706
644.0 0.10191605599754745 0.00016385193686749497 5.798263596728779e-08 2.026209857660109e-33 0.001106574271922582
645.0 0.10291135177913983 0.00016711048995831908 5.986882213909551e-08 2.3241082429229194e-33 0.0011252437520106013
646.0 0.10390207038085718 0.0001704051359322211 6.180359555176687e-08 2.664386083162406e-33 0.0011440459498143253
647.0 0.10488790885406922 0.0001737355152127803 6.378774361956955e-08 3.0528656853758624e-33 0.0011629773267796781
648.0 0.10586856384111541 0.00017710124574295136 6.582205075802775e-08 3.4961400834997505e-33 0.001182034236977115
649.0 0.10684373173855138 0.00018050192286509956 6.790729776102131e-08 4.0016710805012286e-33 0.001201212927864125
650.0 0.1078131088617718 0.00018393711921707175 7.004426116499589e-08 4.577899237194591e-33 0.001220509541139069
651.0 0.10877639161075313 0.0001874063846444225 7.223371260056348e-08 5.234367196866519e-33 0.0012399201136852518
652.0 0.10973327663694502 0.00019090924612937587 7.447641813196927e-08 5.981857888184811e-33 0.0012594405786072204
653.0 0.11068346101109253 0.00019444520773669532 7.677313758478555e-08 6.832549318223136e-33 0.0012790667663585208
654.0 0.11162664239181778 0.00019801375057667376 7.912462386223172e-08 7.80018785434164e-33 0.0012987944059604563
655.0 0.11256251919493011 0.00020161433278570993 8.153162225064705e-08 8.900282099827237e-33 0.0013186191263130425
656.0 0.1134907907631959 0.0002052463895244944 8.399486971450648e-08 1.015031969543454e-32 0.0013385364575964566
657.0 0.1144111575365347 0.00020890933299423162 8.651509418155134e-08 1.1570009629346547e-32 0.0013585418327639249
658.0 0.11532332122248845 0.00021260255247110196 8.909301381855578e-08 1.318155291374815e-32 0.0013786305891255598
659.0 0.11622698496670014 0.00021632541435894932 9.172933629818746e-08 1.5009944789566443e-32 0.0013987979700212179
660.0 0.11712185352344535 0.0002200772622607127 9.442475805766801e-08 1.7083311954632304e-32 0.001419039126583973
661.0 0.1180076334259218 0.00022385741706850145 9.717996354972098e-08 1.9433288677269835e-32 0.001439349119591764
662.0 0.11888403315624202 0.00022766517707262276 9.9995624486486e-08 2.2095436060308675e-32 0.0014597229214074585
663.0 0.11975076331489753 0.00023149981808952652 1.0287239907697052e-07 2.510970916294221e-32 0.0014801554180053859
664.0 0.12060753678966189 0.000235360593608993 1.058109312587915e-07 2.852097717345493e-32 0.0015006414110847234
665.0 0.12145406892368658 0.00023924673496045632 1.0881184992480053e-07 3.2379602358352166e-32 0.001521175620267374
666.0 0.12229007768269146 0.00024315745149862137 1.1187576814533618e-07 3.6742084097245043e-32 0.001541752685379706
667.0 0.12311528382110319 0.0002470919308084212 1.1500328238681937e-07 4.1671774952422094e-32 0.0015623671688168306
668.0 0.1239294110469741 0.0002510493389292884 1.181949717274115e-07 4.723967642236789e-32 0.0015830135579876909
669.0 0.12473218618557667 0.0002550288205988307 1.2145139707052918e-07 5.352532279494131e-32 0.00160368626783997
670.0 0.12552333934147986 0.00025902949951578255 1.247731003569426e-07 6.061776235421789e-32 0.0016243796434625218
671.0 0.12630260405901553 0.00026305047862230143 1.28160603776296e-07 6.861664611144163e-32 0.001645087962764282
672.0 0.12706971748095366 0.00026709084040546196 1.3161440897882315e-07 7.763343523179263e-32 0.0016658054392273212
673.0 0.1278244205052701 0.0002711496472179147 1.351349962881011e-07 8.779273942204982e-32 0.001686526224732436
674.0 0.12856645793985086 0.00027522594161756244 1.3872282391565748e-07 9.92337997375251e-32 0.001707244412455042
675.0 0.12929557865502406 0.00027931874672618915 1.4237832717832164e-07 1.1211213056830364e-31 0.0017279540398296538
676.0 0.13001153573376065 0.00028342706660683885 1.46101917719148e-07 1.2660133698387637e-31 0.0017486490915804567
677.0 0.13071408661938902 0.00028754988665971836 1.4989398273276078e-07 1.42895125161439e-31 0.0017693235028153733
678.0 0.13140299326077085 0.00029168617403660705 1.5375488419609998e-07 1.6120952530718008e-31 0.0017899711621823678
679.0 0.13207802225470586 0.00029583487807332263 1.5768495810533641e-07 1.8178534831242838e-31 0.00181058591508412
680.0 0.1327389449855378 0.00029999493074022045 1.6168451371997355e-07 2.048908993806671e-31 0.0018311615669498805
681.0 0.13338553776176357 0.0003041652471103029 1.6575383281495895e-07 2.308249740289885e-31 0.0018516918865609262
682.0 0.13401758194956043 0.00030834472584473176 1.698931689417584e-07 2.5992016422346883e-31 0.001872170609427411
683.0 0.13463486410310796 0.00031253224969542614 1.7410274669930957e-07 2.9254650496645117e-31 0.0018925914412137946
684.0 0.1352371760915924 0.0003167266860244273 1.7838276101577535e-07 3.2911549443121304e-31 0.001912948061210096
685.0 0.1358243152227741 0.0003209268873396624 1.8273337644201455e-07 3.700845237526497e-31 0.0019332341258459613
686.0 0.1363960843629949 0.0003251316918467083 1.8715472645767675e-07 4.159617558503107e-31 0.001953443272244433
687.0 0.13695229205357765 0.00032933992401629187 1.9164691279091407e-07 4.67311496201345e-31 0.001973569121813183
688.0 0.13749275262343885 0.0003335503951669488 1.9621000475254007e-07 5.247601023169211e-31 0.001993605283869128
689.0 0.1380172862978717 0.00033776190406252645 2.008440385856196e-07 5.890024828286015e-31 0.0020135453592940314
690.0 0.13852571930338503 0.0003419732375240462 2.0554901683137813e-07 6.6080924158509495e-31 0.0020333829442177004
691.0 0.13901788396851844 0.0003461831710554737 2.1032490771236133e-07 7.410345270196515e-31 0.0020531116337256907
692.0 0.13949361882052178 0.00035039046948286015 2.1517164453370137e-07 8.30624652301629e-31 0.0020727250255879637
693.0 0.13995276867785506 0.00035459388760642797 2.2008912510343774e-07 9.30627557461173e-31 0.0020922167240056905
694.0 0.1403951847383993 0.0003587921708650227 2.2507721117274416e-07 1.042203190804246e-30 0.002111580343372533
695.0 0.14082072466331544 0.00036298405601239915 2.3013572789692378e-07 1.1666348935482518e-30 0.00213080951204713
696.0 0.1412292526565018 0.0003671682718048541 2.352644633180889e-07 1.3053418787432776e-30 0.002149897876133777
697.0 0.14162063953952755 0.00037134353969948166 2.4046316787026084e-07 1.459892903233079e-30 0.0021688391032670448
698.0 0.14199476282206763 0.00037550857456268675 2.45731553907863e-07 1.632021239698802e-30 0.0021876268863981973
699.0 0.14235150676770345 0.0003796620853881554 2.51069295258296e-07 1.8236410647511186e-30 0.0022062549475788257
700.0 0.14269076245507883 0.00038380277602377403 2.5647602679944363e-07 2.0368653886441312e-30 0.002224717041738872
