200.0 0.0 0.0 0.0 0.0 0.0
201.0 0.0 0.0 0.0 0.0 0.0
202.0 0.0 0.0 0.0 0.0 0.0
203.0 0.0 0.0 0.0 0.0 0.0
204.0 0.0 0.0 0.0 0.0 0.0
205.0 0.0 0.0 0.0 0.0 0.0
206.0 0.0 0.0 0.0 0.0 0.0
207.0 0.0 0.0 0.0 0.0 0.0
208.0 0.0 0.0 0.0 0.0 0.0
209.0 0.0 0.0 0.0 0.0 0.0
210.0 0.0 0.0 0.0 0.0 0.0
211.0 0.0 0.0 0.0 0.0 0.0
212.0 0.0 0.0 0.0 0.0 0.0
213.0 0.0 0.0 0.0 0.0 0.0
214.0 0.0 0.0 0.0 0.0 0.0
215.0 0.0 0.0 0.0 0.0 0.0
216.0 0.0 0.0 0.0 0.0 0.0
217.0 0.0 0.0 0.0 0.0 0.0
218.0 0.0 0.0 0.0 0.0 0.0
219.0 0.0 0.0 0.0 0.0 0.0
220.0 0.0 0.0 0.0 0.0 0.0
221.0 0.0 0.0 0.0 0.0 0.0
222.0 0.0 0.0 0.0 0.0 0.0
223.0 0.0 0.0 0.0 0.0 0.0
224.0 0.0 0.0 0.0 0.0 0.0
225.0 0.0 0.0 0.0 0.0 0.0
226.0 0.0 0.0 0.0 0.0 0.0
227.0 0.0 0.0 0.0 0.0 0.0
228.0 0.0 0.0 0.0 0.0 0.0
229.0 0.0 0.0 0.0 0.0 0.0
230.0 0.0 0.0 0.0 0.0 0.0
231.0 0.0 0.0 0.0 0.0 0.0
232.0 0.0 0.0 0.0 0.0 0.0
233.0 0.0 0.0 0.0 0.0 0.0
234.0 0.0 0.0 0.0 0.0 0.0
235.0 0.0 0.0 0.0 0.0 0.0
236.0 0.0 0.0 0.0 0.0 0.0
237.0 0.0 0.0 0.0 0.0 0.0
238.0 0.0 0.0 0.0 0.0 0.0
239.0 0.0 0.0 0.0 0.0 0.0
240.0 0.0 0.0 0.0 0.0 0.0
241.0 0.0 0.0 0.0 0.0 0.0
242.0 0.0 0.0 0.0 0.0 0.0
243.0 0.0 0.0 0.0 0.0 0.0
244.0 0.0 0.0 0.0 0.0 0.0
245.0 0.0 0.0 0.0 0.0 0.0
246.0 1.1002189516881302e-16 7.768793114851067e-19 1.1805138174937959e-24 3.7919568403566864e-106 7.929844568626306e-22
247.0 1.0999498679830241e-16 7.924216581038721e-19 1.2712461626261498e-24 9.06041963953603e-106 8.317199661313803e-22
248.0 1.0996742444721592e-16 8.08139389113501e-19 1.368123889552625e-24 2.1497061040990616e-105 8.720052069111148e-22
249.0 1.0993919288359424e-16 8.240321465575008e-19 1.4715040503347179e-24 5.065151264855412e-105 9.138869767719989e-22
250.0 2.1982055315804951e-16 1.6801990704030748e-18 3.1635214119904757e-24 2.3705788873521048e-104 1.9148258458663262e-21
251.0 3.2964197912141224e-16 2.5690233667754494e-18 5.097856594941618e-24 8.264790917869379e-104 3.007894620350006e-21
252.0 4.3940130456920485e-16 3.491025748435815e-18 7.297953733735492e-24 2.544169141415566e-103 4.198368671211685e-21
253.0 5.490962972919141e-16 4.446724855081385e-18 9.788990885447008e-24 7.293818527024625e-103 5.491724934371863e-21
254.0 6.587246575665055e-16 5.436637061023983e-18 1.2597978167475867e-23 1.9943097709326876e-102 6.893646093824188e-21
255.0 8.780388761628584e-16 7.38431574982374e-18 1.8004411215347722e-23 6.019751514110177e-102 9.611456841670357e-21
256.0 1.2069364109332849e-15 1.0341586440285348e-17 2.6520477807041867e-23 1.8618816878199962e-101 1.3814580276829388e-20
257.0 1.5356225141441733e-15 1.3403876808532053e-17 3.613927968295691e-23 5.296807080707134e-101 1.8372354043203858e-20
258.0 2.083394330551246e-15 1.852244289545194e-17 5.248480317224404e-23 1.5968133261973596e-100 2.604532591390956e-20
259.0 2.7404126475446328e-15 2.4812010217405784e-17 7.386127742231165e-23 4.638461861208201e-100 3.5785323231963374e-20
260.0 3.506554305079955e-15 3.232844696163457e-17 1.0106353711005798e-22 1.3027684094566646e-99 4.781394664766754e-20
261.0 4.600775034605829e-15 4.318504124033246e-17 1.417212283351255e-22 3.729322655192467e-99 6.548564616544558e-20
262.0 6.0227094855691005e-15 5.75483393951942e-17 1.9818248760458118e-22 1.0588070747110964e-98 8.945524949094406e-20
263.0 7.77197530187596e-15 7.558784879959923e-17 2.7305881707893535e-22 2.9459504525855754e-98 1.2042133853539569e-19
264.0 1.0067020796546103e-14 9.96421414619985e-17 3.7745192915585344e-22 8.179679790954656e-98 1.6266422544316794e-19
265.0 1.3125946011107073e-14 1.3220159428948298e-16 5.249453427794665e-22 2.2730452497460237e-97 2.211073810161259e-19
266.0 1.694780129288768e-14 1.7367070304159188e-16 7.226182557402398e-22 6.21959303426423e-97 2.9753056151584162e-19
267.0 2.1750188302294168e-14 2.2673945951998643e-16 9.88239818901971e-22 1.6820524509244468e-96 3.978253077480885e-19
268.0 2.7968816106515835e-14 2.9657425806523923e-16 1.3535402498826176e-21 4.532758952716163e-96 5.328214722895665e-19
269.0 3.5929402397537004e-14 3.8748033152657693e-16 1.851148024730705e-21 1.213561040293938e-95 7.126961952428872e-19
270.0 4.606618398171818e-14 5.052052253080068e-16 2.525608423150642e-21 3.225184524374899e-95 9.511598718046524e-19
271.0 5.903075852821132e-14 6.582579551175196e-16 3.44235424947418e-21 8.520697544550118e-95 1.2683465840140377e-18
272.0 7.536435472722165e-14 8.544029051752025e-16 4.672395421922333e-21 2.2308827904988168e-94 1.6845610034715733e-18
273.0 9.593407238081806e-14 1.105594825744959e-15 6.3204506852897135e-21 5.793120298751488e-94 2.2301244208532115e-18
274.0 1.2214998747463085e-13 1.4308394705209964e-15 8.548254490777761e-21 1.496931497389358e-93 2.9523017799483008e-18
275.0 1.550924462396256e-13 1.8463373253418734e-15 1.1523725438310887e-20 3.8373602235564785e-93 3.896243461587616e-18
276.0 1.9660129876118115e-13 2.378366687822507e-15 1.550309258699999e-20 9.771261088818366e-93 5.132255735113501e-18
277.0 2.487298330461083e-13 3.057327742902074e-15 2.0806692197801667e-20 2.4707412206888794e-92 6.745216828759581e-18
278.0 3.141789930226822e-13 3.923405114839074e-15 2.786833548332105e-20 6.206519309098213e-92 8.848553342232399e-18
279.0 3.961867189370476e-13 5.025838793310108e-15 3.7248605819156087e-20 1.5488243479129428e-91 1.1585222506368743e-17
280.0 4.98634781172926e-13 6.424881285678904e-15 4.96693361917223e-20 3.838828790865137e-91 1.5134911159561306e-17
281.0 6.266980235615277e-13 8.200995035296163e-15 6.611213368833711e-20 9.455699444030863e-91 1.9739367027867307e-17
282.0 7.862976191081029e-13 1.0448962476745698e-14 8.781124886506978e-20 2.3140299636609098e-90 2.56936274112044e-17
283.0 9.847489049030955e-13 1.328747640234663e-14 1.1637352802830521e-19 5.626051466183218e-90 3.337449595536836e-17
284.0 1.2314067570712028e-12 1.686951618069491e-14 1.539298092526336e-19 1.3593993465919362e-89 4.3274281291006664e-17
285.0 1.5373334052164267e-12 2.1379967953604467e-14 2.0319386544870176e-19 3.2641749602809246e-89 5.600477646162843e-17
286.0 1.91604957075743e-12 2.7048170647770062e-14 2.676709361609347e-19 7.789068321050939e-89 7.23407697622212e-17
287.0 2.384390543882766e-12 3.416295883588747e-14 3.5192993378340564e-19 1.8474126064281594e-88 9.327494635589191e-17
288.0 2.9623852763267714e-12 4.307465292319912e-14 4.617839495103007e-19 4.355024468129824e-88 1.2004204001772593e-16
289.0 3.674863912313409e-12 5.422247797210569e-14 6.047736892104028e-19 1.0205349119417096e-87 1.5421669297613953e-16
290.0 4.551546339524143e-12 6.814140363601816e-14 7.905011162663109e-19 2.3772673955820957e-87 1.9776187724908614e-16
291.0 5.628639768370057e-12 8.549213694496002e-14 1.0312835624170385e-18 5.505154777570643e-87 2.5314934565427537e-16
292.0 6.950104787696034e-12 1.0708822803102255e-13 1.3428824496952347e-18 1.2674719868737752e-86 3.234832400856571e-16
293.0 8.568806460683086e-12 1.3392321479689402e-13 1.745345842288714e-18 2.901358000119863e-86 4.1263515444827016e-16
294.0 1.05486272446318e-11 1.672147387220052e-13 2.264204991759538e-18 6.603630719607341e-86 5.25444336182698e-16
295.0 1.2966675471568828e-11 2.0845325380654722e-13 2.9319244737509247e-18 1.4945546169345217e-85 6.679511932642182e-16
296.0 1.5915588009892596e-11 2.594555278979615e-13 3.789644167289858e-18 3.363651258002905e-85 8.476675284658966e-16
297.0 1.9506677613600456e-11 3.2243556519301876e-13 4.8894439240213015e-18 7.528415946843778e-85 1.0739285322530788e-15
298.0 2.387348985638177e-11 4.000870889088988e-13 6.297132386373438e-18 1.6757645017207718e-84 1.3583154103042157e-15
299.0 2.917608766656044e-11 4.956837523934926e-13 8.095740057625996e-18 3.7099091324516096e-84 1.7151764887023002e-15
300.0 3.560562895147316e-11 6.131908957752225e-13 1.0389725255734638e-17 8.169091457000296e-84 2.1622346139495536e-15
301.0 4.339105376555797e-11 7.574211757613111e-13 1.3310558501494728e-17 1.789250130434794e-83 2.7214041421304495e-15
302.0 5.280497761132553e-11 9.341863306986243e-13 1.7023068413399627e-17 3.8983002864723236e-83 3.4196654831613497e-15
303.0 6.417242662551331e-11 1.1505091641120056e-12 2.1733816120950113e-17 8.449070884062318e-83 4.290237034811282e-15
304.0 7.78800443585288e-11 1.4148576238544004e-12 2.7701118823631865e-17 1.8217707282503794e-82 5.373931562814978e-15
305.0 9.438693631353697e-11 1.7374235182646828e-12 3.5247396076337054e-17 3.907956217497118e-82 6.720798786689487e-15
306.0 1.1423830910295011e-10 2.1304705119513597e-12 4.477470655150059e-17 8.340634992874239e-82 8.392177522844996e-15
307.0 1.3807964355623803e-10 2.608713799564706e-12 5.67831689895391e-17 1.7711758150770477e-81 1.0463046278886928e-14
308.0 1.6667532685612182e-10 3.189807925350453e-12 7.189434949825427e-17 3.7424736145311703e-81 1.3025006799706915e-14
309.0 2.0092809138776618e-10 3.894880094875975e-12 9.087896637505326e-17 7.868821336227151e-81 1.6189702429728067e-14
310.0 2.41903703072054e-10 4.749198191891895e-12 1.1469160093060851e-16 1.6463969220066005e-80 2.00930810622198e-14
311.0 2.908584105342855e-10 5.7829338045277626e-12 1.4451252406804063e-16 3.428097001389391e-80 2.4900412037392188e-14
312.0 3.4927092132854097e-10 7.03206144906851e-12 1.8179866952240638e-16 7.10370042107393e-80 3.0812299887100846e-14
313.0 4.188794895533809e-10 8.539414767757073e-12 2.283456146369282e-16 1.4650349118914047e-79 3.807187439127514e-14
314.0 5.017255358743728e-10 1.035593912060319e-11 2.863632126943883e-16 3.007198925761205e-79 4.697343714778416e-14
315.0 6.002025642373199e-10 1.2542127591009568e-11 3.585664550103484e-16 6.143920076028878e-79 5.78726315794599e-14
316.0 7.171143130032609e-10 1.5169734584738104e-11 4.482863799644416e-16 1.2494435715526694e-78 7.119870277883344e-14
317.0 8.557401374084139e-10 1.8323742357362927e-11 5.596031332036303e-16 2.5292596368370077e-78 8.746891107339002e-14
318.0 1.0199113128341721e-09 2.210467538209282e-11 6.975071067445996e-16 5.096753526901089e-78 1.0730573443982219e-13
319.0 1.2140987528893694e-09 2.6631295391114123e-11 8.680930972570108e-16 1.0224332900508124e-77 1.3145725672298864e-13
320.0 1.4435127264472906e-09 3.204371340051753e-11 1.0787931523061143e-15 2.0419014149506706e-77 1.6082118624182478e-13
321.0 1.7142182853828647e-09 3.8507026972838886e-11 1.33865696637622e-15 4.059851410404625e-77 1.9647334999226566e-13
322.0 2.033266610140283e-09 4.621551969001857e-11 1.6586875265173406e-15 8.03670374083642e-77 2.397012221952075e-13
323.0 2.4088460171475207e-09 5.53975422082476e-11 2.0522436318193792e-15 1.5839991680606316e-76 2.920435183843421e-13
324.0 2.850453392580359e-09 6.632113362423003e-11 2.535520311341624e-15 3.1085478164521646e-76 3.5533665729707426e-13
325.0 3.3690908545114164e-09 7.930053933282906e-11 3.1281232968762412e-15 6.074381198581524e-76 4.3176948099700717e-13
326.0 3.977488726667831e-09 9.470370425107863e-11 3.8537529202794944e-15 1.1819645331327142e-75 5.239473238553081e-13
327.0 4.690360026495638e-09 1.1296092283219288e-10 4.7410188926683765e-15 2.290237810770293e-75 6.349671754588759e-13
328.0 5.524689816519641e-09 1.345747945863676e-10 5.8244090023096574e-15 4.419224835867451e-75 7.685056496992494e-13
329.0 6.500062590508539e-09 1.6013163805360781e-10 7.14543786417763e-15 8.492125638014345e-75 9.289216328878035e-13
330.0 7.639034514497006e-09 1.90314615432869e-10 8.754009612011467e-15 1.6251997311278132e-74 1.1213762124894077e-12
331.0 8.96755483890402e-09 2.2591877365552713e-10 1.071003078921671e-14 3.097648494615896e-74 1.3519724322115713e-12
332.0 1.0515441517977229e-08 2.678682373955108e-10 1.3085315565597184e-14 5.8804074464207675e-74 1.6279177951093604e-12
333.0 1.231691996777488e-08 3.1723590301206774e-10 1.5965836240910865e-14 1.1118526909106035e-73 1.9577133610938023e-12
334.0 1.4411229599692464e-08 3.7526589285304114e-10 1.945437425409861e-14 2.0939489725949892e-73 2.3513730418219957e-12
335.0 1.6843308172598133e-08 4.43399184538116e-10 2.3673641565297333e-14 3.9280610362470116e-73 2.820677943619569e-12
336.0 1.966456163499198e-08 5.233027921942663e-10 2.876994902086286e-14 7.340028539278641e-73 3.3794707544743815e-12
337.0 2.2933730097336403e-08 6.169029769394651e-10 3.491751302485408e-14 1.366276445532986e-72 4.043996201206378e-12
338.0 2.6717859601761927e-08 7.264229651323566e-10 4.2323502972944573e-14 2.533462445295401e-72 4.833294074350003e-12
339.0 3.1093392254207066e-08 8.544257584267523e-10 5.123395017353381e-14 4.679926016867283e-72 5.7696525103455015e-12
340.0 3.614738818293191e-08 1.0038626777144347e-09 6.194065687661698e-14 8.612426677473163e-72 6.879130197611043e-12
341.0 4.1978891210835245e-08 1.1781282745418592e-09 7.478925972794785e-14 1.5790189907236223e-71 8.192156758685439e-12
342.0 4.870045696805717e-08 1.3811224701563617e-09 9.018863410345027e-14 2.8842805873030227e-71 9.744222817445254e-12
343.0 5.6439856928966055e-08 1.6173206814328157e-09 1.0862184098773692e-13 5.249149041194518e-71 1.1576671402713491e-11
344.0 6.534197990108808e-08 1.891852963480615e-09 1.306588588619517e-13 9.518188304806922e-71 1.3737605112620191e-11
345.0 7.557094857274242e-08 2.210593141485979e-09 1.5697136691179005e-13 1.719674541169442e-70 1.6282924101106246e-11
346.0 8.731247418840942e-08 2.5802591147247993e-09 1.8834989029444412e-13 3.0958310077064645e-70 1.9277512563065373e-11
347.0 1.0077647282555511e-07 3.008525590617157e-09 2.2572365838489615e-13 5.553407284489073e-70 2.2796593215477518e-11
348.0 1.1619996819754052e-07 3.504150615249149e-09 2.701835735868404e-13 9.926707617935414e-70 2.6927271460998857e-11
349.0 1.338503101777034e-07 4.07711746616333e-09 3.230087469421104e-13 1.7681794615914162e-69 3.177029396283664e-11
350.0 1.5402873728556176e-07 4.738793524607543e-09 3.856971102702886e-13 3.1385907826742983e-69 3.7442048471624977e-11
351.0 1.7707431614758424e-07 5.502107972287649e-09 4.600006873061279e-13 5.551904416180148e-69 4.407683537113942e-11
352.0 2.033682935682619e-07 6.381750332463159e-09 5.479661828050578e-13 9.787228938347275e-69 5.1829444883097776e-11
353.0 2.3333889696326926e-07 7.394391979184708e-09 6.519816267007158e-13 1.7194890078802335e-68 6.087807699554779e-11
354.0 2.674666245682291e-07 8.558933021632048e-09 7.748299116372387e-13 3.010732849520217e-68 7.142764596834573e-11
355.0 3.0629006814887e-07 9.896777130405554e-09 9.19750163177853e-13 5.253991115527455e-68 8.37135153715654e-11
356.0 3.504123136947234e-07 1.1432137084944517e-08 1.090507997272711e-12 9.138222829398891e-68 9.800571440497563e-11
357.0 4.0050796993106134e-07 1.3192374095577103e-08 1.2914758519898342e-12 1.5841646556549032e-67 1.1461369187881404e-10
358.0 4.573308771526126e-07 1.5208374186136545e-08 1.527724721948107e-12 2.7372584215099368e-67 1.3389166987333007e-10
359.0 5.217225510680265e-07 1.7514965148768364e-08 1.8051287777711561e-12 4.714317178856456e-67 1.5624466501244182e-10
360.0 5.94621421937686e-07 2.0151377931961993e-08 2.1304845336547162e-12 8.09319115490313e-67 1.8213525266558137e-10
361.0 6.770729317838409e-07 2.3161756584377934e-08 2.5116464150733226e-12 1.3849342663389262e-66 2.1209115644934432e-10
362.0 7.702405556853828e-07 2.6595721173436914e-08 2.9576807881421684e-12 2.362420077318593e-66 2.467137531840455e-10
363.0 8.754178169186842e-07 3.050898842363936e-08 3.479040743593285e-12 4.017110777700315e-66 2.866875919723868e-10
364.0 9.940413717655208e-07 3.4964055240105394e-08 4.087764191297428e-12 6.809405699103059e-66 3.327910359733659e-10
365.0 1.1277052394542492e-06 4.00309504957866e-08 4.797698083583511e-12 1.150676415489241e-65 3.8590814396014486e-10
366.0 1.2781762609352027e-06 4.578806098309642e-08 5.624751906095317e-12 1.93845436137513e-65 4.4704192068333345e-10
367.0 1.4474108706140169e-06 5.232303769738432e-08 6.587183892945143e-12 3.2555619868674055e-65 5.173290752164621e-10
368.0 1.6375732715006343e-06 5.973378910610095e-08 7.70592379374785e-12 5.450971579016739e-65 5.980564392988127e-10
369.0 1.8510551063128761e-06 6.81295684089625e-08 9.004936405110221e-12 9.099318303098506e-65 6.9067920990237e-10
370.0 2.0904967217280566e-06 7.763216225064645e-08 1.051163050832833e-11 1.514398286721605e-64 7.968411941429137e-10
371.0 2.358810125849545e-06 8.837718875394621e-08 1.2257318312024525e-11 2.5129097360407527e-64 9.183972487701592e-10
372.0 2.6592037441287887e-06 1.0051551324638502e-07 1.4277731004614904e-11 4.157462152639012e-64 1.0574381223241216e-09
373.0 2.995209079320527e-06 1.1421479039266478e-07 1.661359654362137e-11 6.858092849015496e-64 1.2163179229614388e-09
374.0 3.3707093866772182e-06 1.2966114199254171e-07 1.9311286399015553e-11 1.1280048320952222e-63 1.3976844527663497e-09
375.0 3.789970477369306e-06 1.4706098012190898e-07 2.2423538583800475e-11 1.84994963205536e-63 1.6045126666751748e-09
376.0 4.257673765511029e-06 1.6664298574579543e-07 2.6010264969959337e-11 3.025233456876091e-63 1.840141532597227e-09
377.0 4.778951676379222e-06 1.8866025338624807e-07 3.013945160037835e-11 4.933061564566751e-63 2.108314588638619e-09
378.0 5.359425534777902e-06 2.1339261285890912e-07 3.4888161465452385e-11 8.021236725361029e-63 2.4132245132470223e-09
379.0 6.005246054573792e-06 2.4114913955885986e-07 4.034365002821902e-11 1.3005938644822321e-62 2.7595620452583854e-09
380.0 6.723136549772192e-06 2.7227086514229503e-07 4.660460463441422e-11 2.1029355152284254e-62 3.1525696117223105e-09
381.0 7.520438988002182e-06 3.0713370086505775e-07 5.378251985851115e-11 3.390801162387745e-62 3.5981000436386753e-09
382.0 8.405163007799097e-06 3.4615158625907254e-07 6.200322181014096e-11 5.452289892684297e-62 4.1026807829236905e-09
383.0 9.386038017828338e-06 3.8977987609618225e-07 7.140855543126614e-11 8.743067809656361e-62 4.673584006177976e-09
384.0 1.047256849447045e-05 4.3851897891399597e-07 8.215824988836188e-11 1.3981861751433592e-61 5.318903114479892e-09
385.0 1.1675092593256222e-05 4.92918260734345e-07 9.443197830528306e-11 2.2299251151014482e-61 6.047636063246557e-09
386.0 1.3004844181740455e-05 5.535802276640903e-07 1.0843162923095845e-10 3.546887845192606e-61 6.869776028178513e-09
387.0 1.4474018400246191e-05 6.211650013943376e-07 1.2438380849405724e-10 5.626576577326294e-61 7.796409929102076e-09
388.0 1.609584084834756e-05 6.963951016184535e-07 1.4254259135717773e-10 8.902013085935015e-61 8.839825356047517e-09
389.0 1.7884640488575205e-05 7.800605494637906e-07 1.631925462159225e-10 1.4047109658774073e-60 1.0013626465733702e-08
390.0 1.9855926351445512e-05 8.730243060440075e-07 1.8665205246971287e-10 2.2107921805729507e-60 1.1332859440145591e-08
391.0 2.2026468112510816e-05 9.762280599619642e-07 2.1327693657071944e-10 3.470391273518603e-60 1.2814148119028874e-08
392.0 2.4414380606648032e-05 1.0906983776286314e-06 2.434644517567849e-10 5.433577121232438e-60 1.4475840442439911e-08
393.0 2.703921232694466e-05 1.2175532297244798e-06 2.7765762840702544e-10 8.485497618320654e-60 1.6338166356524807e-08
394.0 2.9922037945149063e-05 1.3580089068728097e-06 3.1635002349777844e-10 1.3217825819047078e-59 1.842340785622569e-08
395.0 3.30855548723877e-05 1.5133873369436407e-06 3.600908991344703e-10 2.053719030551579e-59 2.0756081853751983e-08
396.0 3.655418386497095e-05 1.6851238158982736e-06 4.094908617025304e-10 3.1829316784877204e-59 2.3363136578239346e-08
397.0 4.035417365746704e-05 1.8747751631230445e-06 4.6522799467629793e-10 4.920687795750424e-59 2.6274162221892215e-08
398.0 4.451370958966188e-05 2.0840283114951778e-06 5.280545197041828e-10 7.588280188603118e-59 2.9521616560400808e-08
399.0 4.906302616541335e-05 2.314709341049572e-06 5.988040220233199e-10 1.1673114218278149e-58 3.3141066277654766e-08
400.0 5.403452346574177e-05 2.5687929642599622e-06 6.783992778234826e-10 1.7912765814972673e-58 3.717144473286973e-08
401.0 5.946288730567682e-05 2.8484124692156588e-06 7.67860722525996e-10 2.74206494174327e-58 4.1655326902529404e-08
402.0 6.538521300116248e-05 3.1558701255943686e-06 8.683156003557662e-10 4.1873433196903984e-58 4.6639222226790606e-08
403.0 7.184113258357946e-05 3.493648056600414e-06 9.810078368799957e-10 6.378986075881816e-58 5.2173886080194086e-08
404.0 7.887294526692982e-05 3.86441957802089e-06 1.1073086773593288e-09 9.694455628371357e-58 5.8314650570041564e-08
405.0 8.652575094131261e-05 4.271061003475574e-06 1.2487281348491824e-09 1.4698068377539514e-57 6.51217753455711e-08
406.0 9.484758643481347e-05 4.716663912743194e-06 1.4069272929723577e-09 2.223148501053291e-57 7.266081907603273e-08
407.0 0.00010388956424670034 5.204547877353344e-06 1.5837315090269541e-09 3.3547047637342704e-57 8.100303221970809e-08
408.0 0.000113706013422271 5.73827363513723e-06 1.7811445637728077e-09 5.050378708361463e-57 9.02257716689072e-08
409.0 0.0001243546221985898 6.321656702380219e-06 2.001363804617901e-09 7.585487885525603e-57 1.0041293780628981e-07
410.0 0.00013589658201346378 6.95878140923614e-06 2.246796329158538e-09 1.1366822864246548e-56 1.1165543445448625e-07
411.0 0.00014839673243041487 7.654015340804954e-06 2.520076255991018e-09 1.6994041382338618e-56 1.240516521383689e-07
412.0 0.00016192370648682042 8.412024162559464e-06 2.824083129315206e-09 2.534908021679448e-56 1.3770797500390609e-07
413.0 0.00017655007593817294 9.237786805518485e-06 3.1619615033496093e-09 3.772607176485681e-56 1.5273931166308886e-07
414.0 0.00019235249582234156 1.0136610982361373e-05 3.5371417515151142e-09 5.601968330656697e-56 1.69269650139109e-07
415.0 0.00020941184772992443 1.1114149001894731e-05 3.953362144116498e-09 8.299753114004545e-56 1.8743263699062609e-07
416.0 0.00022781338112091675 1.2176413844920028e-05 4.414692236503526e-09 1.226933108271143e-55 2.0737218058217636e-07
417.0 0.00024764685198861 1.3329795460369729e-05 4.925557607646733e-09 1.8097286287398484e-55 2.2924307835147407e-07
418.0 0.0002690066581269655 1.4581077235954072e-05 5.4907659864722155e-09 2.663474266998387e-55 2.5321166779285644e-07
419.0 0.0002919919702200297 1.5937452593147198e-05 6.115534800361389e-09 3.911394296424283e-55 2.794565007400121e-07
420.0 0.0003167068579251209 1.7406541651273867e-05 6.805520176587276e-09 5.731499394266166e-55 3.0816904037528244e-07
421.0 0.00034326041009475206 1.8996407901321975e-05 7.566847423687373e-09 8.380384178944359e-55 3.3955438024431543e-07
422.0 0.00037176684822904494 2.0715574824382603e-05 8.40614301488262e-09 1.2227116374416968e-54 3.738319843696381e-07
423.0 0.0004023456322310503 2.2573042385591777e-05 9.330568090854152e-09 1.7801392232846974e-54 4.1123644739172674e-07
424.0 0.00043512155749379056 2.4578303328961504e-05 1.034785349325471e-08 2.5861816011437075e-54 4.5201827346616085e-07
425.0 0.00047022484232322716 2.6741359193907667e-05 1.1466336334132142e-08 3.7492505266155903e-54 4.964446724516101e-07
426.0 0.0005077912046718118 2.9072735969312337e-05 1.2694998099452825e-08 5.423948083668817e-54 5.448003717129194e-07
427.0 0.0005479619271352671 3.1583499296297143e-05 1.4043504277381778e-08 7.83028166168106e-54 5.973884416487533e-07
428.0 0.0005908839091474726 3.428526912636937e-05 1.5522245493821635e-08 1.1280677281651693e-53 6.545311328314197e-07
429.0 0.0006367097052856921 3.719023373671964e-05 1.7142380128680257e-08 1.6217876348118684e-53 7.165707224078423e-07
430.0 0.0006855975485991141 4.03111630008391e-05 1.8915878377132734e-08 2.3267989453888245e-53 7.838703671862839e-07
431.0 0.0007377113578533295 4.366142080774593e-05 2.0855567709626838e-08 3.331461486652926e-53 8.568149605755761e-07
432.0 0.0007932207275999229 4.725497652033795e-05 2.297517967405952e-08 4.76021710000636e-53 9.358119903168018e-07
433.0 0.0008523008999674947 5.110641535888888e-05 2.5289397971670083e-08 6.78796610680051e-53 1.021292393678549e-06
434.0 0.0009151327170946112 5.523094759337414e-05 2.7813907726544986e-08 9.660028073021548e-53 1.1137114065514594e-06
435.0 0.000981902553135288 5.964441642519484e-05 3.056544585584941e-08 1.3719799547622477e-52 1.2135494026194798e-06
436.0 0.001052802224796623 6.436330443691933e-05 3.3561852434917986e-08 1.944699911244974e-52 1.321312718542604e-06
437.0 0.00112802887938994 6.940473848635395e-05 3.6822122937420643e-08 2.751044593622715e-52 1.4375344608294795e-06
438.0 0.0012077848594282087 7.478649292084208e-05 4.0366461217130765e-08 3.884074865854356e-52 1.5627752898544071e-06
439.0 0.0012922775428274445 8.052699098579605e-05 4.421633308265527e-08 5.4730215929592315e-52 1.6976241762141652e-06
440.0 0.0013817191578463842 8.664530430288867e-05 4.839452030237512e-08 7.696991046869828e-52 1.842699124425296e-06
441.0 0.0014763265719327683 9.316115029232425e-05 5.292517486080874e-08 1.0803728423584268e-51 1.9986478587145684e-06
442.0 0.0015763210537328024 0.00010009488741615976 5.783387327287962e-08 1.5135255762678286e-51 2.1661484654796877e-06
443.0 0.0016819280075806697 0.00010746750812071807 6.31476707465084e-08 2.1162834399738767e-51 2.345909986790489e-06
444.0 0.0017933766798719439 0.00011530062935912876 6.889515496844552e-08 2.9534550608816646e-51 2.538672959135105e-06
445.0 0.0019108998368246573 0.00012361648057917477 7.510649927303711e-08 4.113995677956957e-51 2.7452098914775885e-06
446.0 0.0020347334132002266 0.00013243788906406987 8.181351493703121e-08 5.719771217870123e-51 2.9663256765216853e-06
447.0 0.002165116131701767 0.00014178826252152457 8.90497023298069e-08 7.937417917449909e-51 3.202857929024517e-06
448.0 0.002302289092840076 0.00015169156881993394 9.685030063201463e-08 1.0994360300277507e-50 3.4556772448669817e-06
449.0 0.002446495335196503 0.0001621723127786509 1.052523358219037e-07 1.5200404561387954e-50 3.7256873745610864e-06
450.0 0.002597979366135905 0.0001732555099269521 1.1429466661471665e-07 2.0976793123235736e-50 4.013825304848738e-06
451.0 0.002756986663144553 0.00018496665715425436 1.2401802802695263e-07 2.889522509375877e-50 4.321061242039287e-06
452.0 0.0029237631461105323 0.00019733170018395853 1.3446507222518125e-07 3.9730163193074514e-50 4.6483984907821245e-06
453.0 0.003098554620994513 0.00021037699781281416 1.4568040630716825e-07 5.452882099144221e-50 4.996873222028326e-06
454.0 0.003281606195513464 0.00022412928287074324 1.5771062665406955e-07 7.470463358494378e-50 5.367554124093257e-06
455.0 0.0034731616675569518 0.00023861561986441532 1.7060434948091842e-07 1.0216186183554008e-49 5.761541930798721e-06
456.0 0.003673462887270616 0.00025386335928476926 1.8441223720775025e-07 1.39461396440584e-49 6.17996882096265e-06
457.0 0.0038827490938338795 0.0002699000885678526 1.9918702026448666e-07 1.9004098285201463e-49 6.6239976836339785e-06
458.0 0.004101256228178889 0.0002867535797168212 2.1498351394108865e-07 2.5850719959662868e-49 7.094821243846446e-06
459.0 0.004329216222984821 0.0003044517336029085 2.3185862988811528e-07 3.510218711239666e-49 7.593661043863146e-06
460.0 0.004566856271512339 0.0003230225209836449 2.4987138187544167e-07 4.758125413411987e-49 8.121766275364397e-06
461.0 0.00481439807693452 0.0003424939202880604 2.6908288541454646e-07 6.4384563548909235e-49 8.680412458322347e-06
462.0 0.005072057084019427 0.00036289385223812337 2.8955635085509257e-07 8.697125836690043e-49 9.270899962825199e-06
463.0 0.00534004169515076 0.0003842501113910886 3.113570695707243e-07 1.1727942185455307e-48 9.894552370565346e-06
464.0 0.005618552472831304 0.0004065902947053229 3.345523928571246e-07 1.5787881463839135e-48 1.0552714673252588e-05
465.0 0.005907781330934186 0.00042994172724796447 3.5921170317400104e-07 2.1217087364744653e-48 1.1246751305741004e-05
466.0 0.006207910717154075 0.0004543313851838987 3.854063773779367e-07 2.846501415967503e-48 1.1978044012358512e-05
467.0 0.006519112789182245 0.0004797858161989625 4.132097416046034e-07 3.812454040484016e-48 1.2747989545467689e-05
468.0 0.006841548587286244 0.0005063310575302781 4.4269701747819726e-07 5.09764069359472e-48 1.3557997196030082e-05
469.0 0.007175367206112745 0.0005339925517958598 4.7394525934768663e-07 6.804700450500243e-48 1.4409486156712164e-05
470.0 0.007520704968564336 0.0005627950608275217 5.070332822676209e-07 9.06833932589095e-48 1.530388271867814e-05
471.0 0.007877684604781028 0.0005927625777342937 5.420415804719877e-07 1.20650527180946e-47 1.6242617304158333e-05
472.0 0.008246414439290686 0.000623918237436364 5.790522361145816e-07 1.6025704314182e-47 1.7227121337589756e-05
473.0 0.008626987589461465 0.0006562842259252638 6.181488180796532e-07 2.1251773338948685e-47 1.8258823958943413e-05
474.0 0.009019481178499768 0.0006898816885251535 6.594162707033666e-07 2.813630484638958e-47 1.9339148583803592e-05
475.0 0.00942395556620149 0.0007247306374384992 7.029407922766818e-07 3.7190879483773356e-47 2.0469509315456736e-05
476.0 0.00984045360077708 0.0007608498588791852 7.48809703243974e-07 4.908027477696247e-47 2.1651307215284387e-05
477.0 0.010268999895039217 0.0007982568201051653 7.971113040487519e-07 6.466693810633027e-47 2.288592643853077e-05
478.0 0.010709600130254399 0.0008369675766751485 8.479347226210987e-07 8.506795527318475e-47 2.4174730243413436e-05
479.0 0.011162240390939332 0.0008769966802637521 9.013697515454615e-07 1.1172790653016341e-46 2.5519056882402713e-05
480.0 0.011626886533885335 0.0009183570873812351 9.575066749963774e-07 1.4651188958579143e-46 2.6920215385432e-05
481.0 0.012103483594572839 0.0009610600693458499 1.0164360855718703e-06 1.918241001312716e-46 2.837948124548096e-05
482.0 0.012591955234193276 0.0010051151238724477 1.078248691213158e-06 2.5075874879945857e-46 2.9898092018070478e-05
483.0 0.0130922032302604 0.0010505298886335022 1.143035112437419e-06 3.2729182550588135e-46 3.147724284665491e-05
484.0 0.013604107013858653 0.0010973100571646556 1.2108856701753157e-06 4.265243793730976e-46 3.311808192704324e-05
485.0 0.014127523256328718 0.0011454592974777043 1.2818901645461527e-06 5.549906648888742e-46 3.4821705924402345e-05
486.0 0.014662285508149027 0.0011949791737507196 1.3561376449638492e-06 7.210478350414404e-46 3.6589155357298184e-05
487.0 0.015208203892576084 0.0012458690714588704 1.4337161720154583e-06 9.353679895737322e-46 3.8421409963754164e-05
488.0 0.015765064856486197 0.0012981261263089788 1.5147125716105308e-06 1.2115584938599272e-45 4.0319384065002794e-05
489.0 0.016332630980632205 0.0013517451573308772 1.5992121819472136e-06 1.5669427937575197e-45 4.228392194301237e-05
490.0 0.016910640851397526 0.001406718604475841 1.6872985938979606e-06 2.0235417348084618e-45 4.4315793248492004e-05
491.0 0.01749880899589433 0.0014630364710604912 1.77905338546566e-06 2.609304979033779e-45 4.641568845641265e-05
492.0 0.018096825882028093 0.0015206862713826707 1.8745558510093301e-06 3.359653897775673e-45 4.8584214386400343e-05
493.0 0.018704357984955577 0.001579652983825463 1.9738827259892762e-06 4.3194117869043004e-45 5.082188980570746e-05
494.0 0.019321047921090417 0.0016399190097479922 2.0771079080239866e-06 5.5452149840536256e-45 5.312914113257284e-05
495.0 0.01994651465058922 0.0017014641384473336 2.1843021750968658e-06 7.108520169544877e-45 5.550629825795936e-05
496.0 0.02058035374897094 0.0017642655184557112 2.2955329017891756e-06 9.099349650265926e-45 5.795359050362297e-05
497.0 0.021222137748307304 0.0018282976354215535 2.410863774458592e-06 1.1630948777586764e-44 6.0471142734544965e-05
498.0 0.021871416548048608 0.0018935322967927784 2.530354506305808e-06 1.4845569059274174e-44 6.305897164332495e-05
499.0 0.02252771789542488 0.0019599386235107045 2.654060553319057e-06 1.8921638457535748e-44 6.571698222431766e-05
500.0 0.0231905479349345 0.002027483048885993 2.7820328320969996e-06 2.4082638575215246e-44 6.844496445455486e-05
501.0 0.02385939182627242 0.0020961293248128975 2.914317440586761e-06 3.0608079016833516e-44 7.12425901984188e-05
502.0 0.024533714429686854 0.002165838535444347 3.0509553827833325e-06 3.8847044672195156e-44 7.410941035229638e-05
503.0 0.025212961057533085 0.002236569118427927 3.1919822984574914e-06 4.923489498806326e-44 7.704485224502336e-05
504.0 0.025896558290478513 0.0023082768937710985 3.3374281989846364e-06 6.231381901263997e-44 8.004821730914394e-05
505.0 0.026583914856554466 0.0023809151003759397 3.4873172103530747e-06 7.875810032802196e-44 8.311867903728778e-05
506.0 0.027274422571018 0.002454434440257053 3.6416673244346256e-06 9.940512691924209e-44 8.625528123723552e-05
507.0 0.027967457334658333 0.002528783130419972 3.800490159586297e-06 1.2529339847448362e-43 8.945693659811195e-05
508.0 0.028662380187973464 0.00260390696235062 3.963790731646507e-06 1.577090445563302e-43 9.272242557928027e-05
509.0 0.029358538418440022 0.0026797493690393108 4.1315672363788445e-06 1.982426797746072e-43 9.605039563256881e-05
510.0 0.030055266717786955 0.0027562514994249 4.303810844384926e-06 2.488587962458851e-43 9.94393607670792e-05
511.0 0.030751888386000504 0.0028333523001173627 4.480505509485543e-06 3.1198034068044473e-43 0.00010288770146473105
512.0 0.031447716578653986 0.0029109886042335427 4.66162779154851e-06 3.9059165683410016e-43 0.00010639366495369113
513.0 0.032142055593816755 0.0029890952271378014 4.847146694684054e-06 4.883636095651271e-43 0.00010995536584504924
514.0 0.03283420219476961 0.0030676050688637348 5.037023521707543e-06 6.098054628218e-43 0.00011357078713723985
515.0 0.033523446964525194 0.003146449222958876 5.231211745713645e-06 7.604489821610199e-43 0.00011723778159110849
516.0 0.03420907568799184 0.0032255570914652334 5.429656899551428e-06 9.470712981063745e-43 0.00012095407347703908
517.0 0.03489037075757378 0.003304856505729881 5.632296483946153e-06 1.1779643292401103e-42 0.00012471726069439385
518.0 0.035566612597796365 0.003384273852705667 5.839059894938277e-06 1.4632600576763266e-42 0.00012852481726172298
519.0 0.03623708110456498 0.0034637342063887004 6.049868371262765e-06 1.8153227143728394e-42 0.0001323740961751142
520.0 0.036901057094516486 0.0035431614640094654 6.264634962210675e-06 2.249221013915481e-42 0.0001362623326302946
521.0 0.03755782375992505 0.0036224784865787688 6.483264516451915e-06 2.7832960316773647e-42 0.0001401866476028217
522.0 0.0382066681245764 0.0037016072433691642 6.705653692220127e-06 3.439843202810905e-42 0.00014414405177918158
523.0 0.03884688249604048 0.0037804689598978053 6.931690989187419e-06 4.245930314312593e-42 0.0001481314498302754
524.0 0.03947776590976303 0.003858984268959619 7.161256802273413e-06 5.234377341468983e-42 0.00015214564501730117
525.0 0.04009862556043946 0.003937073364247639 7.394223497553042e-06 6.444928644131633e-42 0.00015618334411871468
526.0 0.040708778216226836 0.004014656156090299 7.630455510351741e-06 7.925653496787591e-42 0.0001602411626657942
527.0 0.04130755161133763 0.004091652428818505 7.869809465517534e-06 9.734617306102865e-42 0.00016431563047275124
528.0 0.04189428581275254 0.004167981999278536 8.112134319792686e-06 1.1941873316197504e-41 0.00016840319744651164
529.0 0.042468334556814695 0.004243564875994135 8.357271526107694e-06 1.463183328235586e-41 0.00017250023965983117
530.0 0.04302906655166114 0.004318321418485287 8.605055219547059e-06 1.7906085699472049e-41 0.0001766030656705887
531.0 0.043575866741548265 0.004392172496246839 8.855312424644417e-06 2.188674192101286e-41 0.00018070792306893986
532.0 0.044108137529312204 0.004465039646894431 9.107863283585559e-06 2.672040414745174e-41 0.0001848110052331857
533.0 0.044625299953352286 0.004536845232986653 9.362521304810355e-06 3.258286508490241e-41 0.00018890845827426467
534.0 0.04512679481578567 0.004607512597045693 9.619093631439154e-06 3.968466739962554e-41 0.00019299638814832226
535.0 0.04561208375850182 0.0046769662142947775 9.87738132884658e-06 4.82776722911791e-41 0.0001970708679156528
536.0 0.046080650284207506 0.0047451318426560566 1.0137179690661088e-05 5.866281099574555e-41 0.0002011279451243648
537.0 0.046532000719638186 0.004811936669550694 1.03982785623677e-05 7.119922128704361e-41 0.00020516364929607514
538.0 0.046965665118439956 0.004877309455066579 1.06604626816424e-05 8.631500360429e-41 0.00020917399949096392
539.0 0.04738119810144593 0.004941180671072741 1.0923512034477372e-05 1.0451986891465195e-40 0.00021315501192917136
540.0 0.047778179632267874 0.005003482635871731 1.118720222608419e-05 1.2641999350037272e-40 0.00021710270764512319
541.0 0.04815621572646716 0.005064149644009453 1.1451304865524704e-05 1.5273544532614885e-40 0.00022101312015169214
542.0 0.0485149390927404 0.005123118090873501 1.1715587962948686e-05 1.8432060336627935e-40 0.00022488230309076004
543.0 0.04885400970488355 0.005180326591739892 1.197981633828536e-05 2.2218805624063286e-40 0.00022870633784717812
544.0 0.0491731153035053 0.005235716094945253 1.2243752040180705e-05 2.675365408316016e-40 0.0002324813411030959
545.0 0.049471971826768754 0.00528922998889051 1.2507154773947011e-05 3.217835664771253e-40 0.00023620347231017422
546.0 0.04975032376966608 0.005340814202603283 1.2769782337250578e-05 3.866034672522405e-40 0.00023986894105744016
547.0 0.050007944471617556 0.005390417299614917 1.3031391062244327e-05 4.639717353279869e-40 0.00024347401431317888
548.0 0.05024463633241995 0.005437990564932373 1.3291736262826697e-05 5.562166141798153e-40 0.00024701502351975543
549.0 0.050460230956834676 0.005483488084913521 1.35505726856963e-05 6.660790734614225e-40 0.0002504883715209895
550.0 0.05065458922834273 0.005526866819880981 1.3807654963860823e-05 7.967824498434932e-40 0.0002538905393024229
551.0 0.050827601312839026 0.00556808666933815 1.4062738071257515e-05 9.521132224690426e-40 0.0002572180925256902
552.0 0.05097918659326756 0.0056071105296783726 1.4315577777143198e-05 1.1365146005996947e-39 0.00026046768783906626
553.0 0.05110929353641023 0.0056439043443050705 1.4565931098917584e-05 1.3551948375253357e-39 0.00026363607894719116
554.0 0.05121789949327828 0.0056784371461105765 1.4813556752062542e-05 1.6142524522187662e-39 0.00026672012242408863
555.0 0.051305010434733296 0.005710681092286281 1.5058215595891872e-05 1.920820842234191e-39 0.0002697167832545491
556.0 0.05137066062416962 0.005740611491464998 1.529967107383382e-05 2.2832351120715432e-39 0.0002726231400901225
557.0 0.051414912229272657 0.0057682068232231916 1.553768964699732e-05 2.711224325187212e-39 0.00027543639020713716
558.0 0.0514378548750225 0.005793448749995204 1.577204121980343e-05 3.216132820032173e-39 0.0002781538541552803
559.0 0.051439605140281744 0.005816322121478169 1.6002499556505277e-05 3.811174716466297e-39 0.00028077298008656766
560.0 0.051420306000440286 0.005836814971629623 1.622884268745916e-05 4.511726284717489e-39 0.000283291347755713
561.0 0.05138012621872158 0.005854918508383618 1.645085330405769e-05 5.335661461434996e-39 0.00028570667218418835
562.0 0.05131925968887051 0.005870627096233317 1.6668319141285373e-05 6.303736483694578e-39 0.0002880168069815198
563.0 0.051237924732045595 0.005883938231849369 1.688103334691065e-05 7.440030380142323e-39 0.00029021974731862466
564.0 0.05113636335082487 0.005894852512923548 1.708879483638586e-05 8.772448917702982e-39 0.0002923136325492718
565.0 0.05101484044331057 0.0059033736004458276 1.7291408632585463e-05 1.0333300562142766e-38 0.00029429674847698215
566.0 0.05087364298037963 0.005909508174641038 1.7488686189576188e-05 1.215995408193205e-38 0.0002961675292659503
567.0 0.05071307914917041 0.005913265884807106 1.768044569967615e-05 1.429558861892791e-38 0.0002979245589957641
568.0 0.050533477465934194 0.0059146592933121845 1.786651238312676e-05 1.679004837910177e-38 0.00029956657286091113
569.0 0.05033518586139905 0.0059137038140215 1.804671875976947e-05 1.9700815575745873e-38 0.00030109245801723117
570.0 0.05011857074180169 0.0059104176454368015 1.822090490218788e-05 2.309411690139637e-38 0.0003025012540785951
571.0 0.04988401602873717 0.005904821698841935 1.838891866984504e-05 2.704618062952472e-38 0.0003037921532681861
572.0 0.04963192218096276 0.005896939521757728 1.8550615923817533e-05 3.1644663470783435e-38 0.00030496450022982616
573.0 0.04936270520126469 0.005886797217017232 1.8705860721797927e-05 3.699026855055316e-38 0.00030601779150579727
574.0 0.04907679563145077 0.0058744233577780886 1.885452549310554e-05 4.319857835582039e-38 0.0003069516746885269
575.0 0.04877463753849286 0.005859848898795165 1.8996491193519356e-05 5.040212924275595e-38 0.0003077659472544807
576.0 0.048456687494774615 0.005843107084279057 1.913164743981171e-05 5.875275712634669e-38 0.00030846055508939045
577.0 0.04812341355534149 0.005824233352669686 1.925989262393439e-05 6.842424731679674e-38 0.0003090355907148101
578.0 0.04777529423495285 0.005803265238652976 1.938113400686742e-05 7.961532515272298e-38 0.0003094912912266087
579.0 0.04741281748768545 0.005780242272752262 1.9495287792219078e-05 9.255302813953418e-38 0.0003098280359568893
580.0 0.047036479691704304 0.005755205878819989 1.9602279179714045e-05 1.0749650476607572e-37 0.00031004634387119727
581.0 0.04664678464174768 0.005728199269756018 1.970204239877901e-05 1.2474129007955054e-37 0.0003101468707136147
582.0 0.046244242551755736 0.005699267341773708 1.9794520722489454e-05 1.4462411348639731e-37 0.0003101304059127531
583.0 0.04582936906995986 0.005668456567529819 1.987966646219753e-05 1.6752830015663833e-37 0.00030999786926207433
584.0 0.04540268430864672 0.005635814888429941 1.9957440943219606e-05 1.9388983388551186e-37 0.0003097503073884149
585.0 0.04496471189066794 0.005601391606411261 2.002781446200307e-05 2.2420415635633893e-37 0.00030938889002272724
586.0 0.044515978014679304 0.005565237275501263 2.009076622525593e-05 2.5903378550363342e-37 0.0003089149060875411
587.0 0.04405701054092118 0.005527403593436525 2.0146284271546854e-05 2.9901684414906618e-37 0.00030832975961549944
588.0 0.04358833809927972 0.005487943293623229 2.0194365375949623e-05 3.448765993337574e-37 0.0003076349655138277
589.0 0.04311048922119263 0.0054469100377053685 2.0235014938324786e-05 3.974321228591875e-37 0.00030683214518933917
590.0 0.0426239914968531 0.005404358308998029 2.0268246855873534e-05 4.576101945420485e-37 0.0003059230220487065
591.0 0.042129370759044375 0.005360343307033463 2.0294083380636846e-05 5.264585816553995e-37 0.00030490941688875975
592.0 0.041627150294792664 0.005314920843453718 2.0312554962633192e-05 6.05160841042818e-37 0.0003037932431913551
593.0 0.041117850085903934 0.005268147239472552 2.032370007935717e-05 6.950528045336523e-37 0.0003025765023372587
594.0 0.04060198607932012 0.005220079225116435 2.0327565052382014e-05 7.976409236378086e-37 0.00030126127875328
595.0 0.040080069488119534 0.005170773840443736 2.0324203851834238e-05 9.146226661471168e-37 0.00029984973500674783
596.0 0.0395526061238338 0.005120288338924384 2.031367788951034e-05 1.04790917530874e-36 0.0002983441068609369
597.0 0.03902009576066063 0.0050686800931529 2.029605580143082e-05 1.1996504217640743e-36 0.0002967466983049304
598.0 0.038483031532029685 0.005016006503053794 2.0271413220633227e-05 1.3722630995661598e-36 0.00029505987657101474
599.0 0.03794189935984326 0.0049623249067224685 2.0239832541001464e-05 1.568461540409319e-36 0.0002932860671521553
600.0 0.0373971774166341 0.0049076924940354965 2.0201402672946628e-05 1.7912919448406728e-36 0.00029142774883191545
601.0 0.0368493356207544 0.004852166223148306 2.0156218791743547e-05 2.044170255795187e-36 0.0002894874487385671
602.0 0.03629883516461204 0.004795802739985778 2.0104382079326703e-05 2.330924028428739e-36 0.0002874677374347083
603.0 0.03574612807588282 0.00473865830081983 2.0045999460348337e-05 2.6558386810492758e-36 0.00028537122405328084
604.0 0.03519165681152357 0.004680788698014161 1.9981183333288828e-05 3.023708545104463e-36 0.0002832005514903022
605.0 0.034635853884315226 0.004622249189002832 1.9910051297393807e-05 3.439893167814622e-36 0.0002809583916640254
606.0 0.03407914152160658 0.004563094428560796 1.9832725876213807e-05 3.910379359296275e-36 0.0002786474408499102
607.0 0.03352193135583352 0.004503378404410373 1.9749334238497824e-05 4.441849517061829e-36 0.00027627041510009824
608.0 0.03296462414629545 0.004443154376193693 1.96600079171635e-05 5.041756804752721e-36 0.00027383004575536496
609.0 0.03240760953166242 0.004382474817838247 1.9564882527082505e-05 5.718407809064341e-36 0.0002713290750574524
610.0 0.03185126581254667 0.004321391363321798 1.9464097482355242e-05 6.48105334918688e-36 0.00026877025186849393
611.0 0.03129595976347424 0.0042599547558408975 1.935779571376104e-05 7.339988166931358e-36 0.0002661563275041696
612.0 0.03074204647351103 0.004198214800373765 1.9246123387030883e-05 8.306660283201177e-36 0.0002634900516864365
613.0 0.030189869214745188 0.004136220319618487 1.9129229622561805e-05 9.393790867798448e-36 0.00026077416862108104
614.0 0.029639759337817283 0.004074019113283142 1.9007266217185848e-05 1.0615505534934727e-35 0.0002580114132050584
615.0 0.029092036193597303 0.004011657920689033 1.8880387368547445e-05 1.1987478046417922e-35 0.0002552045073675902
616.0 0.028547007080133868 0.00394918238664835 1.8748749402651307e-05 1.3527087478561885e-35 0.00025235615654895264
617.0 0.028004967213915346 0.003886637030562882 1.8612510505080087e-05 1.525358998757049e-35 0.00024946904631988444
618.0 0.027466199724513876 0.003824065218691102 1.8471830456387224e-05 1.7188306391764405e-35 0.00024654583914451264
619.0 0.02693097567160264 0.003761509139516452 1.832687037210207e-05 1.9354826877684004e-35 0.00024358917128866237
620.0 0.026399554083385422 0.0036990097821528603 1.817779244779751e-05 2.1779234231136374e-35 0.00024060164987550897
621.0 0.025872182015398395 0.00363660691770898 1.802475970959596e-05 2.4490347093778527e-35 0.00023758585008946395
622.0 0.025349094628702964 0.003574339083537151 1.7867935770504667e-05 2.7519984851174823e-35 0.00023454431252933485
623.0 0.02483051528641893 0.003512243570279765 1.770748459289756e-05 3.0903255869547506e-35 0.00023147954071077963
624.0 0.024316655667608326 0.0034503564116306683 1.7543570257474665e-05 3.4678870916032224e-35 0.00022839399871823191
625.0 0.02380771589746208 0.0033887123767172515 1.7376356738957494e-05 3.888948372118744e-35 0.00022529010900551447
626.0 0.0233038846928079 0.0033273449650147533 1.7206007688794602e-05 4.358206077326418e-35 0.0002221702503445587
627.0 0.02280533952190822 0.0032662864036934972 1.7032686225080458e-05 4.880828257125959e-35 0.00021903675592074232
628.0 0.02231224677756768 0.003205567647303491 1.6856554729892348e-05 5.462497870854171e-35 0.00021589191157340293
629.0 0.021824761962579705 0.003145218379698666 1.6677774654220324e-05 6.109459931093337e-35 0.00021273795417973862
630.0 0.02134302988652402 0.0030852670180970074 1.6496506330613934e-05 6.828572551268473e-35 0.00020957707017969253
631.0 0.02086718487299585 0.003025740719179213 1.6312908793681072e-05 7.627362182127279e-35 0.00020641139423963078
632.0 0.020397350976321747 0.0029666653871215747 1.6127139608516394e-05 8.514083339726199e-35 0.00020324300805194283
633.0 0.01993364220686807 0.002908065683462646 1.5939354707133085e-05 9.497783145899168e-35 0.00020007393926772894
634.0 0.019476162764061687 0.0028499650387022067 1.574970823294317e-05 1.0588371021374251e-34 0.00019690616055945392
635.0 0.019025007276259435 0.0027923856655302157 1.5558352393301553e-05 1.1796693891729947e-34 0.00019374158881016112
636.0 0.0185802610466445 0.00273534857358649 1.5365437320120908e-05 1.3134617287286518e-34 0.00019058208442583304
637.0 0.01814200030434604 0.0026788735856516526 1.5171110938537568e-05 1.4615112739806316e-34 0.00018742945076724867
638.0 0.017710292460000537 0.0026229793551701508 1.4975518843583565e-05 1.625235190152657e-34 0.00018428543369748243
639.0 0.017285196365020374 0.002567683385010383 1.4778804184817623e-05 1.8061807835631397e-34 0.0001811517212412704
640.0 0.016866762573839688 0.0025130020473649968 1.4581107558829864e-05 2.006036395171453e-34 0.00017802994335211258
641.0 0.016455033608463464 0.0024589506047001494 1.4382566909540515e-05 2.226643108518041e-34 0.0001749216717831674
642.0 0.016050044224657462 0.0024055432316617774 1.4183317436182652e-05 2.470007324581331e-34 0.0001718284200577386
643.0 0.015651821679149087 0.0023527930378495127 1.3983491508845927e-05 2.738314258792856e-34 0.00016875164353512235
644.0 0.015260385997254957 0.0023007120913734118 1.3783218591459124e-05 3.0339424182663006e-34 0.00016569273956771187
645.0 0.014875750240359184 0.002249311443107839 1.3582625172057395e-05 3.35947912019258e-34 0.00016265304774499471
646.0 0.01449792077271511 0.0021986011515621753 1.3381834700185477e-05 3.717737115345306e-34 0.0001596338502202699
647.0 0.014126897527061658 0.002148590308288883 1.318096753126733e-05 4.111772383715941e-34 0.00015663637211578579
648.0 0.013762674268586577 0.002099287063753921 1.2980140877774238e-05 4.544903172462757e-34 0.0001536617820021418
649.0 0.013405238856783368 0.0020506986535950367 1.2779468767001008e-05 5.02073034959764e-34 0.0001507111924476573
650.0 0.013054573504795573 0.002002831425198994 1.2579062005269537e-05 5.543159150166652e-34 0.00014778566063364742
651.0 0.01271065503585501 0.0019556908645293786 1.237902814835817e-05 6.1164223950768224e-34 0.00014488618903142012
652.0 0.012373455136456595 0.0019092816231406583 1.2179471477956838e-05 6.745105266199072e-34 0.00014201372613695086
653.0 0.01204294060594157 0.0018636075453175682 1.1980492983946165e-05 7.43417172492297e-34 0.00013916916725928611
654.0 0.011719073602182202 0.0018186716952807947 1.178219035228852e-05 8.188992664942664e-34 0.00013635335535872723
655.0 0.011401811883085552 0.0017744763844028532 1.158465795831564e-05 9.015375893718849e-34 0.00013356708193091956
656.0 0.01109110904367084 0.0017310231983826525 1.1387986865206043e-05 9.919598040785917e-34 0.0001308110879331856
657.0 0.01078691474848524 0.0016883130243280301 1.1192264827430224e-05 1.0908438494826072e-33 0.00012808606474937344
658.0 0.010489174959152872 0.0016463460776993941 1.0997576298946925e-05 1.1989215475236749e-33 0.00012539265518966088
659.0 0.010197832156878387 0.0016051219290710438 1.0804002445937831e-05 1.3169824347750672e-33 0.00012273145452190408
660.0 0.009912825559737494 0.001564639530667825 1.0611621163856463e-05 1.4458778297506115e-33 0.0001201030115310916
661.0 0.009634091334621456 0.00152489724263969 1.0420507098583106e-05 1.586525147683853e-33 0.00011750782960374173
662.0 0.009361562803710402 0.001485892859037467 1.0230731671465353e-05 1.7399124748913907e-33 0.00011494636783403952
663.0 0.009095170645377803 0.0014476236334570688 1.0042363108035032e-05 1.907103415217687e-33 0.00011241904214872531
664.0 0.008834843089441291 0.0014100863043211103 9.855466470188736e-06 2.089242221441421e-33 0.00010992622644779631
665.0 0.00858050610669378 0.0013732771197695515 9.67010369162308e-06 2.2875592249011316e-33 0.0001074682537582102
666.0 0.008332083592673475 0.0013371918621347312 9.486333616328445e-06 2.5033765769748484e-33 0.00010504541739800287
667.0 0.008089497545627542 0.0013018258719754016 9.30421203992674e-06 2.7381143164109644e-33 0.0001026579721481046
668.0 0.007852668238663449 0.0012671740716505087 9.123791753669716e-06 2.9932967768729214e-33 0.00010030613542956135
669.0 0.007621514386073178 0.0012332309884120786 8.945122590893352e-06 3.2705593494041405e-33 9.799008848370268e-05
670.0 0.007395953303846308 0.001199990777001433 8.768251475748025e-06 3.571655614863779e-33 9.570997755313293e-05
671.0 0.007175901064388428 0.001167447241733187 8.593222474015654e-06 3.8984648617045775e-33 9.346591506139383e-05
672.0 0.006961272645478793 0.0011355938580542998 8.420076845836771e-06 4.2530000047779405e-33 9.125798078933374e-05
673.0 0.006751982073507734 0.001104423793566736 8.248853100170678e-06 4.637415921141426e-33 8.908622304628082e-05
674.0 0.006547942561048969 0.001073929928504766 8.079587050822845e-06 5.0540182191217044e-33 8.69506598342891e-05
675.0 0.006349066638826766 0.0010441048756589966 7.912311873874016e-06 5.5052724571363236e-33 8.485128000378142e-05
676.0 0.006155266282147263 0.0010149409997409222 7.747058166351825e-06 5.9938138290082706e-33 8.27880443990298e-05
677.0 0.005966453031872243 0.000986430436183567 7.583854005992945e-06 6.52245733271082e-33 8.076088699203538e-05
678.0 0.005782538110019988 0.0009585651093751112 7.422725011948846e-06 7.094208439658889e-33 7.876971600346626e-05
679.0 0.0056034325300824556 0.000931336750323451 7.263694406291195e-06 7.71227428180193e-33 7.681441500938278e-05
680.0 0.00542904720215682 0.0009047369137514546 7.106783076182856e-06 8.380075373894226e-33 7.489484403261976e-05
681.0 0.005259293032991203 0.0008787569946233208 6.952009636581681e-06 9.101257888387312e-33 7.301084061774416e-05
682.0 0.00509408102105278 0.00085338824410421 6.799390493354924e-06 9.879706500435311e-33 7.116222088864716e-05
683.0 0.004933322346724754 0.0008286217849554058 6.648939906680215e-06 1.0719557820491028e-32 6.93487805878395e-05
684.0 0.004776928457749612 0.0008044486263695362 6.5006700546245134e-06 1.1625214431940033e-32 6.757029609670738e-05
685.0 0.004624811150031176 0.0007808596782499176 6.354591096787422e-06 1.2601359551108177e-32 6.582652543595549e-05
686.0 0.004476882643916604 0.000757845764940014 6.210711237909055e-06 1.3652972326854867e-32 6.411720924563008e-05
687.0 0.004333055656079442 0.0007353976384093786 6.0690367913449414e-06 1.4785343796758223e-32 6.244207174415781e-05
688.0 0.004193243467122814 0.000713505990902592 5.929572242311169e-06 1.6004093516649919e-32 6.0800821665858786e-05
689.0 0.004057359985031592 0.0006921614670597551 5.792320310819387e-06 1.7315186879963147e-32 5.9193153176578904e-05
690.0 0.003925319804592951 0.0006713546755159806 5.657282014212452e-06 1.8724953142969436e-32 5.761874676700721e-05
691.0 0.0037970382629133716 0.0006510761999892214 5.524456729227724e-06 2.02401041715663e-32 5.607727012342119e-05
692.0 0.0036724314911575095 0.0006313166098658025 5.3938422535160106e-06 2.1867753924780205e-32 5.456837897562417e-05
693.0 0.0035514164626312818 0.000612066470292912 5.265434866544421e-06 2.3615438689559214e-32 5.3091717921847815e-05
694.0 0.0034339110373365965 0.0005933163517886633 5.139229389824296e-06 2.549113808082962e-32 5.1646921230530905e-05
695.0 0.0033198340031205813 0.0005750568393799775 5.015219246403738e-06 2.750329682004109e-32 5.0233613618874054e-05
696.0 0.003209105113542262 0.0005572785412790071 4.893396519570488e-06 2.966084730466118e-32 4.8851411008135285e-05
697.0 0.003101645122578872 0.0005399720971091323 4.773752010715359e-06 3.1973232980186936e-32 4.7499921255679734e-05
698.0 0.0029973758162927227 0.0005231281856917692 4.6562752963107204e-06 3.4450432525311556e-32 4.617874486383978e-05
699.0 0.002896220041577418 0.0005067375324053034 4.5409547839616105e-06 3.7102984859827773e-32 4.4887475665672695e-05
700.0 0.002798101732100905 0.0004907909161276508 4.427777767491319e-06 3.994201498373637e-32 4.362570148774457e-05
