200.0 1.4933220482667666e-07 1.5071148984400484e-16 1.1626036777302267e-27 1.641104068240477e-118 7.0669123995116e-14
201.0 1.7151648386243253e-07 1.918911762358236e-16 1.6812313202695484e-27 7.034349129038691e-118 8.726686568796695e-14
202.0 1.967256469480507e-07 2.437380011730537e-16 2.422341962784836e-27 2.9720199448054124e-117 1.0753757044138143e-13
203.0 2.2533443398725756e-07 3.088633419117675e-16 3.477595026175402e-27 1.2379751913253212e-116 1.3224387699692115e-13
204.0 2.577591931041399e-07 3.904804953922046e-16 4.974862034122796e-27 5.085049534496225e-116 1.6229625824812581e-13
205.0 2.944619424969023e-07 4.925347377707672e-16 7.091923083212942e-27 2.0601094275034427e-115 1.9877961113602596e-13
206.0 3.3595476815189876e-07 6.198595829738919e-16 1.0075113567573788e-26 8.233497310003826e-115 2.4298424810259057e-13
207.0 3.828045845881586e-07 7.78364135911146e-16 1.4264627331043604e-26 3.2468541284548515e-114 2.964419572358509e-13
208.0 4.3563827863917736e-07 9.752572615721117e-16 2.0128741604391786e-26 1.263599209660622e-113 3.6096788325515266e-13
209.0 4.95148262978499e-07 1.2193152673084014e-15 2.830996245943442e-26 4.85407197632205e-113 4.387090857471498e-13
210.0 5.620984654637742e-07 1.5212009099960429e-15 3.9687047871250387e-26 1.840915973605019e-112 5.322007428437313e-13
211.0 6.373307810653387e-07 1.893842823748308e-15 5.545811422950631e-26 6.894006147311652e-112 6.44431093858481e-13
212.0 7.21772014381577e-07 2.3528859398404156e-15 7.725165442431881e-26 2.5497457327450625e-111 7.789163543369285e-13
213.0 8.164413430791173e-07 2.917225167030021e-15 1.0727439712151765e-25 9.315060668515232e-111 9.397869938476068e-13
214.0 9.224583323681243e-07 3.609636535151894e-15 1.4850765085415496e-25 3.362116679881058e-110 1.1318869384639847e-12
215.0 1.0410515321579499e-06 4.457522219646933e-15 2.0496727194086754e-25 1.1990890363223723e-109 1.3608874516589222e-12
216.0 1.1735676905040902e-06 5.493788393506166e-15 2.8204688433208847e-25 4.226428791921615e-109 1.6334176603268652e-12
217.0 1.3214816171329826e-06 6.757877725548738e-15 3.869697283536987e-25 1.4724811328701596e-108 1.9572139258384967e-12
218.0 1.4864067321010234e-06 8.296981611727767e-15 5.293818577222853e-25 5.071649877883359e-108 2.341290518384632e-12
219.0 1.6701063365608675e-06 1.016746093782295e-14 7.221287567413048e-25 1.72719012538902e-107 2.7961343385755535e-12
220.0 1.8745056431778772e-06 1.2436508369930617e-14 9.822693302769828e-25 5.816867302191393e-107 3.3339267426762586e-12
221.0 2.101704605061998e-06 1.5184089919571226e-14 1.3323962722785344e-24 1.9375898558363725e-106 3.968795871986033e-12
222.0 2.3539915820551046e-06 1.8505208883256588e-14 1.8023508409314517e-24 6.384436965151567e-106 4.717103261723536e-12
223.0 2.6338578862658915e-06 2.251254131009501e-14 2.431444047829778e-24 2.0812996948442083e-105 5.597768920807735e-12
224.0 2.94401324889173e-06 2.733949894566638e-14 3.2713264173298762e-24 6.713669818980433e-105 6.632639524051718e-12
225.0 3.287402251260742e-06 3.314378323696256e-14 4.389686285077395e-24 2.143184913942484e-104 7.846904850810194e-12
226.0 3.667221761348815e-06 4.011150251991325e-14 5.875003909073032e-24 6.771634295903047e-104 9.269568134552659e-12
227.0 4.086939425062339e-06 4.8461934167888686e-14 7.842647719273261e-24 2.1179726849485188e-103 1.0933976588463005e-11
228.0 4.550313254072874e-06 5.845302412681755e-14 1.0442672540159684e-23 6.558401517416423e-103 1.2878418989107709e-11
229.0 5.061412358076287e-06 7.038772827822792e-14 1.386977094638027e-23 2.0108663251028003e-102 1.5146797901292276e-11
230.0 5.6246388684204835e-06 8.462131339909961e-14 1.837594208166671e-23 6.105647481781177e-102 1.7789384871341304e-11
231.0 6.244751099408557e-06 1.0156975031327154e-13 2.4286582194231617e-23 1.836108644761933e-101 2.0863667720763342e-11
232.0 6.9268879975578916e-06 1.217193483738253e-13 3.202087376784088e-23 5.469366133971697e-101 2.4435299956841893e-11
233.0 7.67659492637734e-06 1.456377986818457e-13 4.211756258728803e-23 1.6139887697994142e-100 2.8579163251724936e-11
234.0 8.499850833022487e-06 1.7398681368589372e-13 5.52674729967118e-23 4.718901531598801e-100 3.3380554951285986e-11
235.0 9.403096850661207e-06 2.075365733693476e-13 7.235443140001883e-23 1.3671284792799482e-99 3.893651369548196e-11
236.0 1.0393266381771469e-05 2.4718221286593097e-13 9.450665901005906e-23 3.92514762057242e-99 4.5357297378332194e-11
237.0 1.1477816711540857e-05 2.9396261373132977e-13 1.2316117194184478e-22 1.116941155432447e-98 5.2768028949993696e-11
238.0 1.2664762205184503e-05 3.490817913371573e-13 1.6014430769589762e-22 3.1505093652530053e-98 6.131052693984363e-11
239.0 1.3962709128370063e-05 4.1393320362234004e-13 2.0777220276803914e-22 8.809579267970542e-98 7.114533896463455e-11
240.0 1.5380892149491976e-05 4.901273432940501e-13 2.6897590216888167e-22 2.44230780603081e-97 8.245399812246135e-11
241.0 1.692921256247523e-05 5.795230149764677e-13 3.474568171015993e-22 6.713710408137468e-97 9.544152373793667e-11
242.0 1.861827828179886e-05 6.842627428476461e-13 4.478794979182392e-22 1.8301519865436578e-96 1.1033918974834248e-10
243.0 2.0459445652935082e-05 8.068128018858464e-13 5.761101968210703e-22 4.9478744703821995e-96 1.274075858591772e-10
244.0 2.2464863124099164e-05 9.500084181503413e-13 7.395115081043702e-22 1.3267864471340301e-95 1.4693999860945442e-10
245.0 2.4647516819985855e-05 1.1171047402987647e-12 9.473055505386206e-22 3.529208946325e-95 1.692661415785485e-10
246.0 2.7021278061034407e-05 1.3118342466965194e-12 1.2110207650283854e-21 9.313011743844597e-95 1.947562662330629e-10
247.0 2.9600952867376035e-05 1.538471319817264e-12 1.5450405201832746e-21 2.438266165714867e-94 2.2382568726932697e-10
248.0 3.2402333483904966e-05 1.8019047928239773e-12 1.9672754421971723e-21 6.334193460249528e-94 2.5693975880646203e-10
249.0 3.544225195945919e-05 2.1077193525565086e-12 2.4999858221040747e-21 1.6329059967891394e-93 2.946193404159061e-10
250.0 3.8738635820340965e-05 2.46228676974081e-12 3.1707857306865377e-21 4.177634478723879e-93 3.3744679483659864e-10
251.0 4.231056585691052e-05 2.8728680192829017e-12 4.0138667341429845e-21 1.060811433531992e-92 3.860725620085295e-10
252.0 4.617833605994897e-05 3.347727455200271e-12 5.071486527413757e-21 2.6737630585968392e-92 4.4122235730012464e-10
253.0 5.0363515723345484e-05 3.896260312242184e-12 6.3957765807652745e-21 6.68994392933858e-92 5.037050448975931e-10
254.0 5.4889013735295496e-05 4.529134923597241e-12 8.050933262583154e-21 1.661782281136281e-91 5.744212407776459e-10
255.0 5.977914507385755e-05 5.258451169646617e-12 1.011586912046185e-20 4.0984016635252036e-91 6.543727031999468e-10
256.0 6.50596995185445e-05 6.097916807753588e-12 1.2687415380475468e-20 1.0036441195355176e-90 7.446725723440057e-10
257.0 7.075801257991136e-05 7.0630434774270175e-12 1.5884183611924334e-20 2.440648913375148e-90 8.465565244959369e-10
258.0 7.690303866228701e-05 8.171364332048496e-12 1.9851214312180988e-20 5.894217679306012e-90 9.613949103909139e-10
259.0 8.352542643402786e-05 9.442675411020758e-12 2.4765563342708328e-20 1.4137633808635365e-89 1.0907059510571695e-09
260.0 9.065759642466613e-05 1.089930304843606e-11 3.0843004252378886e-20 3.3681455475600715e-89 1.2361700693969216e-09
261.0 9.833382080884453e-05 1.2566399798287537e-11 3.8346056125298285e-20 7.970799331758218e-89 1.3996454395506041e-09
262.0 0.00010659030537115324 1.4472271561845463e-11 4.759358342354398e-20 1.8738836680236947e-88 1.5831848411647962e-09
263.0 0.00011546527362499535 1.664873881605761e-11 5.897225711846766e-20 4.3766862590436636e-88 1.7890539102615861e-09
264.0 0.00012499905303927972 1.913153506780293e-11 7.295021612128408e-20 1.0156452923834813e-87 2.019750883075549e-09
265.0 0.00013523416334377674 2.1960745903561864e-11 9.009332567368287e-20 2.3418759480789854e-87 2.2780279345616102e-09
266.0 0.00014621540686418413 2.518129225875596e-11 1.110844960695842e-19 5.365889712291051e-87 2.5669142182369497e-09
267.0 0.0001579899608182012 2.8843461799585455e-11 1.3674660216130925e-19 1.2218165522166173e-86 2.8897407190253975e-09
268.0 0.00017060747152556968 3.3003492600853775e-11 1.6806963306847983e-19 2.764945577291112e-86 3.2501670365903253e-09
269.0 0.00018412015043858606 3.7724213598436625e-11 2.0624280394551647e-19 6.21889111411004e-86 3.6522102214013915e-09
270.0 0.00019858287192643588 4.307574661836145e-11 2.526924795443085e-19 1.3903179078111592e-85 4.100275791871733e-09
271.0 0.00021405327272402865 4.913627511634274e-11 3.091268946580182e-19 3.089716684617728e-85 4.59919106624384e-09
272.0 0.00023059185292005933 5.599288510556771e-11 3.77588811706375e-19 6.825818361618436e-85 5.154240947903686e-09
273.0 0.00024826207840585246 6.374248412926485e-11 4.605174335082388e-19 1.499167136483144e-84 5.771206309546484e-09
274.0 0.0002671304846388302 7.249280450605107e-11 5.608210924010988e-19 3.273647788558298e-84 6.456405126046076e-09
275.0 0.0002872667815986086 8.236349748373817e-11 6.819624688588064e-19 7.10767125016783e-84 7.216736512141806e-09
276.0 0.00030874395980366455 9.348732535601188e-11 8.280583571830766e-19 1.534485204241651e-83 8.059727826665198e-09
277.0 0.00033163839720877465 1.0601145902041053e-10 1.0039962967213e-18 3.2943079175991586e-83 8.993585009566595e-09
278.0 0.00035602996683964605 1.2009888891961847e-10 1.2155707292235844e-18 7.033273748026588e-83 1.0027246324474661e-08
279.0 0.0003820021449943243 1.359299577729536e-10 1.4696417311778342e-18 1.4933721774156472e-82 1.117043968445744e-08
280.0 0.00040964211979270147 1.5370402397586447e-10 1.774319809818646e-18 3.1537029160143776e-82 1.2433743742650774e-08
281.0 0.0004390408999097621 1.73641265066022e-10 2.1391807496447775e-18 6.624304907794189e-82 1.3828652936086854e-08
282.0 0.00047029342325485656 1.95984631148899e-10 2.5755150587905722e-18 1.384047269987703e-81 1.5367646673986494e-08
283.0 0.0005034986653873867 2.2100195871788844e-10 3.096617199740862e-18 2.876580405949021e-81 1.7064262867251733e-08
284.0 0.0005387597474201692 2.489882558361435e-10 3.7181205043509795e-18 5.947585104656579e-81 1.8933175999117906e-08
285.0 0.0005761840431766701 2.802681702128971e-10 4.458384478539511e-18 1.2233946910077938e-80 2.099027994147035e-08
286.0 0.0006158832853241887 3.151986522594214e-10 5.338942106756623e-18 2.503670604559077e-80 2.3252775723555615e-08
287.0 0.0006579736702158548 3.54171825794768e-10 6.385015781925733e-18 5.097943607321819e-80 2.573926446337672e-08
288.0 0.0007025759611598139 3.976180796555707e-10 7.62611162455567e-18 1.0328621081201016e-79 2.846984567436647e-08
289.0 0.0007498155898042111 4.4600939404578863e-10 9.096703228057227e-18 2.0822893178420943e-79 3.146622116103472e-08
290.0 0.0007998227553324103 4.998629160662632e-10 1.0837017290613907e-17 4.1774650122427676e-79 3.4751804719099244e-08
291.0 0.0008527325211470447 5.597447994610571e-10 1.2893935182251962e-17 8.340246855310703e-79 3.835183785602364e-08
292.0 0.0009086849086959746 6.262743242074407e-10 1.532202626570384e-17 1.6571443191850095e-78 4.2293511747087805e-08
293.0 0.0009678249881035664 7.001283121859204e-10 1.8184730760031536e-17 3.2770103804239096e-78 4.6606095642073163e-08
294.0 0.0010303029652334655 7.820458557416831e-10 2.1555712125281752e-17 6.449882201668157e-78 5.132107193470746e-08
295.0 0.001096274264822419 8.728333765480403e-10 2.5520401377208466e-17 1.263578908494585e-77 5.6472278105406534e-08
296.0 0.0011658996092887293 9.733700327369817e-10 3.0177758434595816e-17 2.4640495123721125e-77 6.209605574301373e-08
297.0 0.0012393450928464514 1.0846134928486798e-09 3.5642278584565244e-17 4.7831340351483165e-77 6.82314068484767e-08
298.0 0.0013167822504871107 1.207606095644732e-09 4.204627544637507e-17 9.242959303967976e-77 7.492015761464322e-08
299.0 0.0013983881214269674 1.3434814153796854e-09 4.9542475454123574e-17 1.7781317775308686e-76 8.220712987166822e-08
300.0 0.0014843453066198382 1.493471252630667e-09 5.830696289133776e-17 3.405571793177075e-76 9.014032038027476e-08
301.0 0.0015748420198679546 1.658913071190579e-09 6.854251892553789e-17 6.493933760372455e-76 9.877108814240442e-08
302.0 0.0016700721321104644 1.841257902001802e-09 8.048240294870164e-17 1.2329221534674637e-75 1.0815434989111577e-07
303.0 0.0017702352084306473 2.042078735461321e-09 9.439462986059978e-17 2.3307273145171846e-75 1.183487839077066e-07
304.0 0.001875536537357241 2.2630794238099347e-09 1.1058680278053073e-16 4.3872568276822194e-75 1.2941704230312267e-07
305.0 0.0019861871519389757 2.5061041155020226e-09 1.2941156707043396e-16 8.223524073023227e-75 1.4142597187970426e-07
306.0 0.0021024038422207247 2.773147243857768e-09 1.5127275856119473e-16 1.534982721056976e-74 1.544468436829488e-07
307.0 0.002224409158534403 3.066364092215911e-09 1.766323265069129e-16 2.8532951005391204e-74 1.6855559132035383e-07
308.0 0.0023524314052601404 3.3880819582001003e-09 2.0601812014360048e-16 5.28207301599013e-74 1.8383305812147585e-07
309.0 0.0024867046244761866 3.74081193944038e-09 2.400326367929629e-16 9.738525992470725e-74 2.003652531750937e-07
310.0 0.0026274685691220806 4.1272613633023035e-09 2.793628393405539e-16 1.7882554545199215e-73 2.1824361627105524e-07
311.0 0.002774968665090676 4.550346882734591e-09 3.2479116162344743e-16 3.270616016319568e-73 2.3756529173312305e-07
312.0 0.0029294559619010997 5.013208260444463e-09 3.772078319130349e-16 5.958119121660149e-73 2.5843341112055016e-07
313.0 0.003091187071413235 5.519222862984288e-09 4.37624657256204e-16 1.0811455542109116e-72 2.80957384731965e-07
314.0 0.0032604240940985545 6.072020885931711e-09 5.071904250601339e-16 1.9542046661452237e-72 3.0525320181751255e-07
315.0 0.003437434532502067 6.675501330980066e-09 5.872080930314406e-16 3.5186992346676836e-72 3.314437393828709e-07
316.0 0.003622491191378027 7.3338487547969025e-09 6.791539544235029e-16 6.311543710678753e-72 3.596590794202899e-07
317.0 0.0038158720640519453 8.05155080876889e-09 7.84698982631389e-16 1.127834347021434e-71 3.9003683436984367e-07
318.0 0.004017860204657988 8.833416587972699e-09 9.057325775580451e-16 2.0078258678963856e-71 4.227224805844063e-07
319.0 0.004228743585757287 9.684595806301775e-09 1.044388955869252e-15 3.5611668382638297e-71 4.578696995163142e-07
320.0 0.0044488149409631 1.061059881362161e-08 1.2030764484137572e-15 6.293011039233077e-71 4.956407263113689e-07
321.0 0.004678371592217608 1.1617317469435737e-08 1.384509990722459e-15 1.1079973693559952e-70 5.362067054525373e-07
322.0 0.004917715261304981 1.2711046885789641e-08 1.5917471166737451e-15 1.943779553541741e-70 5.797480530413566e-07
323.0 0.005167151865318443 1.3898508050655472e-08 1.8282277912599463e-15 3.397794710680384e-70 6.264548252697214e-07
324.0 0.005426991295649407 1.5186871340689993e-08 2.097818445850915e-15 5.918378453725331e-70 6.765270925656831e-07
325.0 0.005697547180340006 1.6583780930784724e-08 2.404860608697613e-15 1.02725260210614e-69 7.301753188748951e-07
326.0 0.005979136629404842 1.809738010486635e-08 2.7542245544263506e-15 1.7767812608313133e-69 7.876207454562415e-07
327.0 0.0062720799629007815 1.9736337470270817e-08 3.1513684292830955e-15 3.0625697392237194e-69 8.490957785325615e-07
328.0 0.006576700421587531 2.15098740754643e-08 3.6024033438156355e-15 5.260732965357463e-69 9.14844380087467e-07
329.0 0.006893323859878049 2.342779142746587e-08 4.114164961488597e-15 9.005909014950967e-69 9.851224610194715e-07
330.0 0.007222278421048749 2.5500500402961767e-08 4.694292150758278e-15 1.5365351374893614e-68 1.060198275838383e-06
331.0 0.007563894194466941 2.7739051043026588e-08 5.351313308999505e-15 2.6127841854143595e-68 1.1403528179967348e-06
332.0 0.007918502854826297 3.0155163218479255e-08 6.094741009866896e-15 4.428156732403359e-68 1.2258802149161377e-06
333.0 0.008286437283320392 3.2761258148873546e-08 6.935175670840124e-15 7.480196035718952e-68 1.3170881216948297e-06
334.0 0.008668031170765953 3.557049075433908e-08 7.884418985084757e-15 1.25946331219607e-67 1.4142981124280169e-06
335.0 0.009063618602645382 3.859678281501824e-08 8.955597911187953e-15 2.1137443259736504e-67 1.5178460679983084e-06
336.0 0.009473533626248625 4.185485690915547e-08 1.0163300066098905e-14 3.536107667955607e-67 1.628082559158961e-06
337.0 0.009898109799943959 4.536027109557538e-08 1.1523721420189596e-14 5.89679664736846e-67 1.74537322364084e-06
338.0 0.010337679724795653 4.912945430209045e-08 1.305482724929179e-14 9.80247809691101e-67 1.8700991359759978e-06
339.0 0.01079257455876754 5.3179742376360383e-08 1.4776527356418217e-14 1.624411066300498e-66 2.0026571686676872e-06
340.0 0.011263123513702615 5.752941475011631e-08 1.6710866635562917e-14 2.6835362192749097e-66 2.14346034325986e-06
341.0 0.011749653335463642 6.219773166299662e-08 1.8882232111830704e-14 4.419584514020589e-66 2.292938169826764e-06
342.0 0.012252487767653681 6.720497188674468e-08 2.1317577655631186e-14 7.256525875638222e-66 2.4515369733460383e-06
343.0 0.012771946999147342 7.257247088357234e-08 2.4046667633385395e-14 1.1878459123158096e-65 2.619720205316794e-06
344.0 0.013308347096191215 7.832265932916958e-08 2.710234082453799e-14 1.938590686707506e-65 2.7979687390237177e-06
345.0 0.013861999419356785 8.447910192211493e-08 3.052079600175969e-14 3.1544036354429974e-65 2.9867811466955415e-06
346.0 0.014433210026069912 9.106653639739541e-08 3.4341900640884156e-14 5.117571063560426e-65 3.1866739568337556e-06
347.0 0.015022279059367292 9.811091265494555e-08 3.8609524296921195e-14 8.278205380568046e-65 3.398181889919663e-06
348.0 0.015629500123522013 1.0563943190741995e-07 4.3371898252933786e-14 1.3351938072558986e-64 3.6218580706522113e-06
349.0 0.01625515964733241 1.1368058574563669e-07 4.868200311974054e-14 2.147327069705256e-64 3.858274214852117e-06
350.0 0.01689953623591895 1.2226419501375537e-07 5.45979861354848e-14 3.443560571634798e-64 4.108020789134734e-06
351.0 0.017562900011898447 1.3142144837964523e-07 6.11836099848196e-14 5.506588660532835e-64 4.371707141418722e-06
352.0 0.01824551194676688 1.411849404787445e-07 6.850873502722071e-14 8.780769085836803e-64 4.649961600289677e-06
353.0 0.018947623183720078 1.5158870950582796e-07 7.664983689415281e-14 1.3962622697660185e-63 4.9434315413032614e-06
354.0 0.019669474352683455 1.626682741190057e-07 8.569056148068856e-14 2.214090549129913e-63 5.252783418173871e-06
355.0 0.020411294878876673 1.7446066951768185e-07 9.57223194244678e-14 3.501281076404525e-63 5.578702756910468e-06
356.0 0.02117330228591889 1.8700448254722063e-07 1.0684492222667056e-13 5.52167680076196e-63 5.921894110866777e-06
357.0 0.021955701494822823 2.0033988567931885e-07 1.1916726223092666e-13 8.68433312430579e-63 6.283080974753104e-06
358.0 0.022758684120033047 2.1450866970925586e-07 1.3280803873156929e-13 1.3621734914971952e-62 6.663005655605461e-06
359.0 0.023582427763862282 2.295542750066944e-07 1.4789653253549496e-13 2.130922730840927e-62 7.0624290987650594e-06
360.0 0.02442709531072878 2.455218211513929e-07 1.6457343134946434e-13 3.3246893639409344e-62 7.482130666950755e-06
361.0 0.02529283422252505 2.624581347788888e-07 1.8299170840579935e-13 5.173580446543089e-62 7.922907870506186e-06
362.0 0.026179775836725042 2.804117754586457e-07 2.033175567765972e-13 8.029650944742265e-62 8.385576047015715e-06
363.0 0.027088034668472104 2.9943305941855583e-07 2.2573138185239928e-13 1.243013723394971e-61 8.870967988409299e-06
364.0 0.028017707718511 3.1957408093150715e-07 2.504288544862222e-13 1.9192756361375625e-61 9.379933513915802e-06
365.0 0.028968873788220502 3.4088873116933727e-07 2.776220273114405e-13 2.9558965131279896e-61 9.913338987090348e-06
366.0 0.0299415928036418 3.634327143326889e-07 3.0754051674955635e-13 4.540876945584269e-61 1.0472066775410772e-05
367.0 0.030935905149901275 3.87263560856761e-07 3.4043275321223774e-13 6.95820094211602e-61 1.1057014650852677e-05
368.0 0.03195183101784828 4.124406374951131e-07 3.765673019868309e-13 1.0635769758029358e-60 1.1669095130076628e-05
369.0 0.03298936976454432 4.390251540796961e-07 4.1623425726232116e-13 1.6216739041558504e-60 1.2309234752896296e-05
370.0 0.03404849928928612 4.6708016675448035e-07 4.597467117094483e-13 2.4665424467402863e-60 1.2978373297816768e-05
371.0 0.035129175426983676 4.966705774812432e-07 5.074423039729791e-13 3.7424142783750906e-60 1.36774629335994e-05
372.0 0.036231331360452174 5.278631296127088e-07 5.596848463588282e-13 5.6644922076158e-60 1.4407467305838786e-05
373.0 0.037354877053572835 5.607263993344679e-07 6.168660349162342e-13 8.553099580449884e-60 1.516936055782416e-05
374.0 0.03849969870685845 5.953307827729969e-07 6.794072440054448e-13 1.2883889173951264e-59 1.596412628494505e-05
375.0 0.03966565823737016 6.317484785754678e-07 7.477614073258949e-13 1.936148851280518e-59 1.6792756422220343e-05
376.0 0.04085259278450612 6.700534657642461e-07 8.224149872337909e-13 2.9027266366188796e-59 1.7656250064529933e-05
377.0 0.042060314243558085 7.103214766787688e-07 9.038900340251549e-13 4.341665989510443e-59 1.8555612219457294e-05
378.0 0.043288608828614135 7.526299648180468e-07 9.92746336676836e-13 6.47883204408132e-59 1.9491852492713513e-05
379.0 0.04453723666658599 7.970580674062916e-07 1.0895836663424312e-12 9.64570913883493e-59 2.0465983706395117e-05
380.0 0.045805931423921864 8.436865625078945e-07 1.195044113675378e-12 1.4327675674346822e-58 2.147902045044515e-05
381.0 0.047094399967686676 8.925978205282311e-07 1.30981452081194e-12 2.1233833079045653e-58 2.253197756795916e-05
382.0 0.04840232206256807 9.438757499439206e-07 1.4346290085789657e-12 3.139778385253394e-58 2.3625868575150888e-05
383.0 0.049729350105328404 9.97605737115811e-07 1.5702715992027217e-12 4.632274866937149e-58 2.476170401701206e-05
384.0 0.051075108898221366 1.053874580049392e-06 1.717578934483664e-12 6.819006358673206e-58 2.5940489759946515e-05
385.0 0.05243919546273631 1.1127704159767415e-06 1.8774430890622e-12 1.0015807416004047e-57 2.7163225222835665e-05
386.0 0.05382117889516203 1.1743826426503806e-06 2.0508144780455554e-12 1.4678967511599896e-57 2.843090154831896e-05
387.0 0.05522060026515187 1.23880183324788e-06 2.2387048578727562e-12 2.1466252663636028e-57 2.9744499716186896e-05
388.0 0.05663697255854372 1.3061196448029565e-06 2.4421904188879834e-12 3.132381064240328e-57 3.110498860108829e-05
389.0 0.0580697806656961 1.3764287200962145e-06 2.662414967662748e-12 4.5609671460439615e-57 3.2513322977044115e-05
390.0 0.05951848141630282 1.449822582949902e-06 2.900593196639299e-12 6.626887659923228e-57 3.39704414713833e-05
391.0 0.06098250366172327 1.5263955268916032e-06 3.158014038191016e-12 9.608129068352776e-57 3.5477264471043047e-05
392.0 0.062461248405705265 1.6062424971680402e-06 3.436044099686238e-12 1.3901151774804433e-56 3.7034691984378494e-05
393.0 0.06395408898438545 1.6894589661114806e-06 3.736131175617759e-12 2.0070195211200194e-56 3.864360146192726e-05
394.0 0.06546037129611613 1.77614080187469e-06 4.05980783229648e-12 2.89166061291786e-56 4.0304845579671914e-05
395.0 0.06697941408195593 1.8663841305807972e-06 4.408695060056985e-12 4.157611921150173e-56 4.2019249988812297e-05
396.0 0.06851050925702902 1.9602851919414363e-06 4.78450598729912e-12 5.965507834316334e-56 4.378761103597059e-05
397.0 0.07005292229344762 2.0579401884343965e-06 5.189049650115908e-12 8.542079506124058e-56 4.561069345834753e-05
398.0 0.07160589265478057 2.159445128137693e-06 5.62423481059066e-12 1.2206701747133366e-55 4.7489228058193606e-05
399.0 0.07316863428241613 2.264895661353145e-06 6.092073816234015e-12 1.7408339679140335e-55 4.9423909361474384e-05
400.0 0.07474033613378557 2.3743869111685267e-06 6.594686492357107e-12 2.477686582996614e-55 5.141539326565018e-05
401.0 0.07632016277235314 2.488013298132503e-06 7.134304058510692e-12 3.519419459240256e-55 5.346429468172021e-05
402.0 0.07790725500911487 2.6058683592392127e-06 7.713273059437561e-12 4.989269115205506e-55 5.5571185175840184e-05
403.0 0.07950073059538741 2.728044561448982e-06 8.334059300315326e-12 7.059104377292655e-55 5.773659061611188e-05
404.0 0.08109968496622501 2.8546331099854054e-06 8.999251775345262e-12 9.968149340932655e-55 5.9960988830079676e-05
405.0 0.08270319203405194 2.9857237516861635e-06 9.711566578088484e-12 1.4048732987960543e-54 6.224480727888904e-05
406.0 0.08431030503168095 3.12140457369961e-06 1.0473850781230733e-11 1.976163393291473e-54 6.458842075398932e-05
407.0 0.08592005740384655 3.261761797846263e-06 1.1289086272779e-11 2.774450234371455e-54 6.699214910244464e-05
408.0 0.08753146374625022 3.40687957098822e-06 1.2160393535012842e-11 3.8878070518053183e-54 6.945625498701672e-05
409.0 0.08914352079113427 3.5568397517789237e-06 1.3091035351865504e-11 5.437651492796035e-54 7.198094168738809e-05
410.0 0.09075520843789156 3.7117216941747206e-06 1.408442042970742e-11 7.591054631668976e-54 7.456635094866694e-05
411.0 0.09236549082754217 3.871602028129354e-06 1.5144106915928133e-11 1.0577476658115128e-53 7.721256088371631e-05
412.0 0.09397331745949986 4.036554437904105e-06 1.6273805799063188e-11 1.471147872169691e-53 7.991958393566197e-05
413.0 0.09557762434892429 4.206649438447407e-06 1.7477384173623698e-11 2.0423487761992064e-53 8.268736490694173e-05
414.0 0.09717733522306202 4.381954150327463e-06 1.8758868352264216e-11 2.830139281790246e-53 8.551577906143324e-05
415.0 0.09877136275453971 4.562532073708035e-06 2.0122446807351646e-11 3.9146683173996905e-53 8.840463030590808e-05
416.0 0.10035860982980406 4.74844286189086e-06 2.1572472923574165e-11 5.405007400987425e-53 9.13536494572991e-05
417.0 0.10193797085042555 4.939742094949444e-06 2.3113467542718137e-11 7.449319978117389e-53 9.436249260188123e-05
418.0 0.10350833306525889 5.136481054012574e-06 2.4750121281422952e-11 1.0248511447961805e-52 9.743073955270776e-05
419.0 0.1050685779310085 5.338706496755343e-06 2.6487296602312145e-11 1.4074518424019528e-52 0.00010055789241123025
420.0 0.10661758249891014 5.546460434680725e-06 2.8330029618663267e-11 1.929477036001235e-52 0.00010374337423912007
421.0 0.10815422082497433 5.759779912778808e-06 3.028353161251415e-11 2.640484875134531e-52 0.0001069865278459983
422.0 0.10967736540123145 5.9786967921649176e-06 3.2353190245955773e-11 3.607201440334181e-52 0.00011028661469867169
423.0 0.11118588860538672 6.203237536308968e-06 3.454457044527466e-11 4.919311793809934e-52 0.00011364281395731494
424.0 0.11267866416610488 6.4334230014699474e-06 3.686341493755871e-11 6.697151246338554e-52 0.00011705422164371375
425.0 0.11415456864111756 6.66926823195572e-06 3.931564441942666e-11 9.101902708472542e-52 0.00012051984994646276
426.0 0.11561248290541642 6.910782260839344e-06 4.1907357337716047e-11 1.2349093472548623e-51 0.00012403862666788887
427.0 0.1170512936464825 7.15796791674972e-06 4.4644829262091075e-11 1.6726428474835312e-51 0.00012760939481691662
428.0 0.11846989486377824 7.410821637371613e-06 4.7534511829923365e-11 2.2617313331102137e-51 0.00013123091235211652
429.0 0.11986718936936415 7.66933329026851e-06 5.058303124407097e-11 3.0531830114268547e-51 0.00013490185207851123
430.0 0.12124209028676877 7.93348600165427e-06 5.3797186304756966e-11 4.114745865011029e-51 0.00013862080170168922
431.0 0.12259352254500239 8.203255993719196e-06 5.7183945957224164e-11 5.53625201135907e-51 0.0001423862640421772
432.0 0.12392042436474354 8.478612431116709e-06 6.075044633756532e-11 7.43662013076667e-51 0.00014619665741281954
433.0 0.12522174873360448 8.759517277197447e-06 6.450398729982209e-11 9.973015237581172e-51 0.00015005031616138642
434.0 0.12649646486747262 9.045925160569741e-06 6.845202840833121e-11 1.3352810788333307e-50 0.0001539454913803232
435.0 0.12774355965489048 9.337783252546867e-06 7.26021843802225e-11 1.784918499670479e-50 0.00015788035178509097
436.0 0.12896203908154671 9.635031156029398e-06 7.696221996405457e-11 2.382142249027846e-50 0.00016185298476221704
437.0 0.13015092963176628 9.937600806336017e-06 8.154004424159667e-11 3.1741298282370397e-50 0.00016586139758748206
438.0 0.1313092796642459 1.0245416384497043e-05 8.634370434118232e-11 4.222731133082676e-50 0.00016990351881461294
439.0 0.13243616075900677 1.0558394243476879e-05 9.138137855218822e-11 5.608903223194437e-50 0.00017397719983399597
440.0 0.13353066903284794 1.0876442847785442e-05 9.666136883178968e-11 7.438446215295474e-50 0.00017808021660079554
441.0 0.13459192642044718 1.1199462726894044e-05 1.0219209269650582e-10 9.849410345231982e-50 0.00018221027153113236
442.0 0.1356190819184926 1.1527346442854922e-05 1.0798207449277228e-10 1.3021646106136057e-49 0.0001863649955647316
443.0 0.1366113127902161 1.185997857248473e-05 1.1403993604240569e-10 1.718909832454047e-49 0.00019054195039186676
444.0 0.13756782572773354 1.2197235704433387e-05 1.2037438666053366e-10 2.265560803093935e-49 0.0001947386308418738
445.0 0.13848785796988655 1.253898645144186e-05 1.2699421254557278e-10 2.9815191678720568e-49 0.00019895246743032761
446.0 0.13937067837312986 1.288509147803418e-05 1.3390826554255387e-10 3.917802644818598e-49 0.0002031808290611574
447.0 0.14021558843332002 1.323540354386791e-05 1.411254512832299e-10 5.140369644106089e-49 0.00020742102587980584
448.0 0.1410219232562614 1.3589767562918979e-05 1.486547167083715e-10 6.734366415317591e-49 0.00021167031227293896
449.0 0.1417890524750213 1.3948020678638505e-05 1.5650503697976702e-10 8.809544530862877e-49 0.00021592589000981525
450.0 0.14251638111215467 1.4309992355178265e-05 1.6468540179160247e-10 1.1507160842883699e-48 0.0002201849115200051
451.0 0.14320335038508838 1.4675504484737267e-05 1.7320480109307713e-10 1.500875248644821e-48 0.00022444448330170724
452.0 0.14384943845307988 1.5044371511040952e-05 1.820722102363384e-10 1.9547279924421516e-48 0.00022870166945454534
453.0 0.14445416110425774 1.5416400568916083e-05 1.9129657456603902e-10 2.542125621718054e-48 0.00023295349533026977
454.0 0.14501707238147063 1.5791391639888358e-05 2.008867934691702e-10 3.3012636527290414e-48 0.00023719695129454765
455.0 0.14553776514571534 1.6169137723673324e-05 2.108517039059639e-10 4.280943554559154e-48 0.00024142899659249044
456.0 0.1460158715761601 1.6549425025397378e-05 2.2120006344506085e-10 5.543428088810886e-48 0.0002456465633104081
457.0 0.14645106360587598 1.693203315833484e-05 2.3194053282835164e-10 7.168040837761726e-48 0.00024984656042586914
458.0 0.14684305329254235 1.7316735361901283e-05 2.4308165809309547e-10 9.255697370493058e-48 0.000254025877937847
459.0 0.1471915931235973 1.7703298734606032e-05 2.5463185228128265e-10 1.1934601038785738e-47 0.000258181391068564
460.0 0.14749647625538018 1.8091484481612638e-05 2.665993767681953e-10 1.5367392585513427e-47 0.0002623099645282532
461.0 0.14775753668606384 1.8481048176524163e-05 2.7899232224446043e-10 1.9760111977802191e-47 0.0002664084568340056
462.0 0.14797464936222932 1.8871740036956065e-05 2.918185893877687e-10 2.53734160484552e-47 0.00027047372467350347
463.0 0.14814773021919517 1.926330521343016e-05 3.0508586926262384e-10 3.253660016353297e-47 0.0002745026273044538
464.0 0.148276736155281 1.965548409107173e-05 3.188016234882685e-10 4.1665100496691833e-47 0.0002784920309802394
465.0 0.14836166494039496 2.0048012603561585e-05 3.3297306421689694e-10 5.328231074052934e-47 0.00028243881339231046
466.0 0.1484025550594607 2.044062255875139e-05 3.4760713396592333e-10 6.804673945175651e-47 0.0002863398681196851
467.0 0.14839948549136056 2.0833041975319134e-05 3.6271048534981026e-10 8.678576922401371e-47 0.00029019210907592753
468.0 0.14835257542420902 2.122499542980378e-05 3.782894607584149e-10 1.1053756555750776e-46 0.00029399247494390606
469.0 0.14826198390792114 2.161620441332797e-05 3.9435007203025964e-10 1.4060303252923697e-46 0.0002977379335886636
470.0 0.14812790944517762 2.2006387697287213e-05 4.108979801704404e-10 1.7861013722761977e-46 0.00030142548643876933
471.0 0.14795058952202367 2.2395261707254312e-05 4.279384751639581e-10 2.2659344106935175e-46 0.0003050521728265669
472.0 0.14773030007946664 2.278254090432269e-05 4.4547645593630184e-10 2.8709230232704e-46 0.0003086150742778364
473.0 0.14746735492757515 2.3167938173089698e-05 4.63516410513987e-10 3.632719729008859e-46 0.0003121113187415289
474.0 0.1471621051036851 2.355116521545627e-05 4.820623964383253e-10 4.590727303588014e-46 0.0003155380847503324
475.0 0.14681493817645008 2.3931932949404022e-05 5.011180214863554e-10 5.793932954990388e-46 0.0003188926055030591
476.0 0.14642627749756906 2.4309951911891377e-05 5.206864247530881e-10 7.303161242059952e-46 0.0003221721728599988
477.0 0.14599658140315228 2.468493266500071e-05 5.407702581495302e-10 9.193837754243547e-46 0.0003253741412426757
478.0 0.14552634236673523 2.505658620445025e-05 5.61371668370771e-10 1.1559374984086858e-45 0.00032849593142959696
479.0 0.14501608610610264 2.5424624369585015e-05 5.824922793884113e-10 1.451531515750603e-45 0.0003315350342399875
480.0 0.1444663706461191 2.5788760253947813e-05 6.041331755211177e-10 1.8204392795335222e-45 0.0003344890140977041
481.0 0.14387778533986578 2.6148708615533613e-05 6.262948851366203e-10 2.2802713356074952e-45 0.0003373555124679096
482.0 0.14325094985042752 2.6504186285824235e-05 6.48977365037583e-10 2.8527284508829154e-45 0.0003401322511593629
483.0 0.1425865130957759 2.6854912576711177e-05 6.721799855830748e-10 3.5645184651404584e-45 0.00034281703548564685
484.0 0.14188515215921 2.7200609684412813e-05 6.959015165960814e-10 4.448471068723199e-45 0.0003454077572789471
485.0 0.1411475711678824 2.7541003089501968e-05 7.20140114106221e-10 5.5448915530767694e-45 0.0003479023977504249
486.0 0.14037450014197259 2.7875821952171707e-05 7.448933079754429e-10 6.903202735081057e-45 0.0003502990301916516
487.0 0.1395666938171047 2.820479950187851e-05 7.701579904527061e-10 8.583933956256614e-45 0.00035259582251197827
488.0 0.1387249304426509 2.8527673420523196e-05 7.959304057020232e-10 1.0661127582914518e-44 0.0003547910396072234
489.0 0.13785001055850535 2.8844186218333807e-05 8.222061403458314e-10 1.3225247109310916e-44 0.0003568830455553248
490.0 0.13694275575305676 2.9154085601659993e-05 8.489801150641651e-10 1.638668717413457e-44 0.0003588703056353818
491.0 0.13600400740493102 2.9457124831881214e-05 8.762465772869527e-10 2.028000498625343e-44 0.0003607513881665913
492.0 0.1350346254112137 2.9753063074685507e-05 9.039990950151418e-10 2.5069015337546025e-44 0.00036252496616442193
493.0 0.13403548690474382 3.0041665738978118e-05 9.322305518029768e-10 3.095291816300116e-44 0.0003641898188115444
494.0 0.13300748496314627 3.0322704804732967e-05 9.609331429317837e-10 3.8173659193910887e-44 0.0003657448327418021
495.0 0.1319515273121257 3.059595913910127e-05 9.90098372801807e-10 4.702476145489354e-44 0.0003671890031356312
496.0 0.13086853502565776 3.08612148001588e-05 1.0197170535666954e-09 5.786190912661433e-44 0.0003685214346262265
497.0 0.12975944122555313 3.111826532768037e-05 1.0497793050313518e-09 7.111561673013202e-44 0.00036974134201589015
498.0 0.12862518978289705 3.136691202038212e-05 1.080274555831054e-09 8.730637695502234e-44 0.00037084805080266585
499.0 0.12746673402378358 3.160696419910186e-05 1.1111915459063618e-09 1.070627512186101e-43 0.00037184099751773044
500.0 0.12628503544171663 3.1838239455429303e-05 1.1425183302849783e-09 1.3114294990070916e-43 0.00037271972987450283
501.0 0.1250810624190379 3.206056388534863e-05 1.1742422841786965e-09 1.6046054609890393e-43 0.00037348390673101886
502.0 0.12385578895954803 3.227377230746685e-05 1.20635010939919e-09 1.9611507994074873e-43 0.0003741332978671881
503.0 0.12261019343459659 3.247770846548543e-05 1.2388278420942135e-09 2.3942844255553445e-43 0.00037466778357950236
504.0 0.12134525734467437 3.267222521457535e-05 1.2716608618010394e-09 2.9198808271747914e-43 0.00037508735409569376
505.0 0.1200619640985903 3.28571846913895e-05 1.3048339018114543e-09 3.5569825832950003e-43 0.0003753921088126191
506.0 0.11876129781213214 3.30324584674634e-05 1.3383310608381708e-09 4.328407632231047e-43 0.00037558225536072997
507.0 0.11744424212812048 3.319792768582435e-05 1.3721358159699421e-09 5.261468016707033e-43 0.0003756581084991555
508.0 0.11611177905960539 3.3353483180654034e-05 1.4062310368986177e-09 6.388819636447921e-43 0.00037562008884556986
509.0 0.11476488785787949 3.349902557989497e-05 1.4405990013977686e-09 7.749465790397891e-43 0.00037546872144537914
510.0 0.11340454390694586 3.363446539075329e-05 1.4752214120301538e-09 9.38994105442236e-43 0.0003752046341852995
511.0 0.11203171764585862 3.37597230680555e-05 1.510079414056198e-09 1.1365706391572943e-42 0.00037482855605626983
512.0 0.11064737352043584 3.387472906551084e-05 1.5451536145147581e-09 1.3742791416857262e-42 0.00037434131527151515
513.0 0.10925246896554883 3.3979423869916916e-05 1.5804241024417754e-09 1.659972553472326e-42 0.000373743837245206
514.0 0.10784795341925925 3.407375801843259e-05 1.6158704701914073e-09 2.0029806346167802e-42 0.0003730371424379174
515.0 0.10643476736988666 3.415769209905935e-05 1.651471835820244e-09 2.414376140932786e-42 0.0003722223440750508
516.0 0.10501384143699007 3.4231196734508856e-05 1.687206866492281e-09 2.907286827506371e-42 0.0003713006457445579
517.0 0.10358609548721497 3.4294252549694394e-05 1.7230538028605884e-09 3.497260786852249e-42 0.0003702733388807282
518.0 0.10215243778574987 3.434685012308613e-05 1.7589904843774733e-09 4.202693793094452e-42 0.0003691418001405757
519.0 0.10071376418415041 3.4388989922242496e-05 1.794994375484272e-09 5.045328657843973e-42 0.0003679074886799039
520.0 0.09927095734511295 3.442068222383681e-05 1.8310425926282873e-09 6.050838130740577e-42 0.00036657194333594495
521.0 0.09782488600472306 3.444194701854643e-05 1.8671119320531217e-09 7.249504624034147e-42 0.00036513677972372705
522.0 0.09637640427255435 3.4452813901181804e-05 1.9031788983055363e-09 8.677012035369089e-42 0.0003636036872531772
523.0 0.09492635096999455 3.445332194649587e-05 1.9392197334020815e-09 1.0375367219020931e-41 0.0003619744260743731
524.0 0.09347554900700301 3.444351957111422e-05 1.9752104465956335e-09 1.2393971250096182e-41 0.00036025082395809235
525.0 0.09202480479740852 3.4423464382049144e-05 2.0111268446803677e-09 1.4790863579987012e-41 0.00035843477311878425
526.0 0.09057490771284751 3.439322301231269e-05 2.0469445627740416e-09 1.7634165540969155e-41 0.00035652822698737665
527.0 0.08912662957527642 3.435287094413842e-05 2.08263909551389e-09 2.100375347494506e-41 0.0003545331969410004
528.0 0.08768072418795102 3.4302492320354166e-05 2.1181858286022707e-09 2.4993196093731677e-41 0.00035245174899680446
529.0 0.08623792690466174 3.424217974446014e-05 2.1535600706371374e-09 2.9711995590430404e-41 0.0003502860004768909
530.0 0.08479895423697499 3.4172034069994985e-05 2.1887370851626954e-09 3.528817758502512e-41 0.00034803811665144296
531.0 0.08336450349911552 3.409216417977327e-05 2.2236921228745227e-09 4.1871281282371734e-41 0.00034571030736687267
532.0 0.08193525249005461 3.4002686755588545e-05 2.2584004539131265e-09 4.963580833588418e-41 0.0003433048236656751
533.0 0.08051185921235732 3.3903726039009726e-05 2.2928374001815046e-09 5.878519694417945e-41 0.0003408239544047823
534.0 0.07909496162719393 3.379541358387311e-05 2.3269783676203914e-09 6.955639676991509e-41 0.0003382700228787078
535.0 0.07768517744494315 3.367788800111314e-05 2.3607988783775613e-09 8.222513048134968e-41 0.000335645383453959
536.0 0.07628310395068186 3.355129469654794e-05 2.3942746028059427e-09 9.711193921152844e-41 0.00033295241822069307
537.0 0.0748893178638689 3.341578560226714e-05 2.427381391228232e-09 1.1458912215599247e-40 0.00033019353366769576
538.0 0.07350437523143148 3.327151890224947e-05 2.4600953054050363e-09 1.3508869505056927e-40 0.0003273711573863427
539.0 0.07212881135344229 3.311865875284772e-05 2.4923926496455307e-09 1.5911150856696854e-40 0.000324487734809111
540.0 0.07076314074051636 3.295737499877041e-05 2.5242500015004955e-09 1.8723768593394204e-40 0.00032154572598792425
541.0 0.06940785710206669 3.2787842885206526e-05 2.5556442419805263e-09 2.2013855955445055e-40 0.00031854760241759397
542.0 0.06806343336440333 3.2610242766680545e-05 2.586552585239859e-09 2.585903092844372e-40 0.0003154958439088688
543.0 0.06673032171780027 3.242475981329728e-05 2.61695260767396e-09 3.0348953063126006e-40 0.00031239293551613086
544.0 0.06540895369146353 3.223158371495079e-05 2.6468222763749066e-09 3.5587098970687214e-40 0.000309241364523792
545.0 0.06409974025541265 3.20309083841122e-05 2.6761399768947083e-09 4.1692785365153775e-40 0.000306043617495681
546.0 0.06280307194822357 3.182293165777821e-05 2.7048845402667792e-09 4.880347207725945e-40 0.0003028021773912513
547.0 0.06151931902957965 3.160785499915824e-05 2.7330352692389745e-09 5.707738141996632e-40 0.0002995195207522674
548.0 0.0602488316565341 3.138588319965164e-05 2.760571963672572e-09 6.6696474685526e-40 0.00029619811496324494
549.0 0.05899194008241924 3.11572240816711e-05 2.787474945065759e-09 7.78698314429086e-40 0.0002928404155888531
550.0 0.05774895487729808 3.0922088202838675e-05 2.813725080161309e-09 9.083748273155293e-40 0.00028944886379109603
551.0 0.05652016716885361 3.068068856206746e-05 2.8393038036011236e-09 1.0587475526615673e-39 0.0002860258838288592
552.0 0.0553058489026091 3.0433240308021977e-05 2.8641931395925227e-09 1.2329719043551149e-39 0.00028257388064213966
553.0 0.054106253120384036 3.017996045044106e-05 2.888375722554592e-09 1.4346610925926259e-39 0.0002790952375231004
554.0 0.05292161425587237 2.992106757477458e-05 2.911834816714587e-09 1.667949026279945e-39 0.00027559231387572095
555.0 0.051752148446264475 2.9656781560583062e-05 2.9345543346283754e-09 1.937561351682032e-39 0.00027206744306572763
556.0 0.05059805385879295 2.9387323304101594e-05 2.956518854599348e-09 2.2488956102411527e-39 0.0002685229303619891
557.0 0.049459511031169974 2.9112914445391417e-05 2.9777136369768196e-09 2.60811160819656e-39 0.0002649610509707225
558.0 0.04833668322479318 2.8833777100424418e-05 2.9981246393122994e-09 3.022233211483393e-39 0.0002613840481630938
559.0 0.04722971678972613 2.855013359848953e-05 3.0177385303610737e-09 3.499262912380165e-39 0.00025779413149716444
560.0 0.04613874154037106 2.826220622522718e-05 3.0365427029132904e-09 4.048310660572428e-39 0.00025419347513436224
561.0 0.04506387114084559 2.7970216971622108e-05 3.0545252854459093e-09 4.6797386118851227e-39 0.0002505842162508496
562.0 0.04400520349905127 2.7674387289236064e-05 3.0716751525870185e-09 5.405323624135058e-39 0.00024696845354371666
563.0 0.042962821168457975 2.73749378519486e-05 3.087981934387364e-09 6.238439522708355e-39 0.00024334824583180072
564.0 0.04193679175666794 2.707208832446458e-05 3.103436024398117e-09 7.194261370011612e-39 0.00023972561075085165
565.0 0.04092716833980788 2.6766057137798993e-05 3.118028586553388e-09 8.289994204384574e-39 0.00023610252354234188
566.0 0.03993398988184693 2.645706127194356e-05 3.131751560860303e-09 9.545128967054251e-39 0.00023248091593518138
567.0 0.038957281657985246 2.614531604591265e-05 3.1445976679035995e-09 1.0981728611984177e-38 0.00022886267511955806
568.0 0.03799705568123735 2.583103491531251e-05 3.156560412170372e-09 1.2624747694861713e-38 0.00022524964281167464
569.0 0.037053311131400826 2.551442927758328e-05 3.1676340842058004e-09 1.450238906598069e-38 0.0002216436144082337
570.0 0.036126034785610835 2.5195708285029787e-05 3.177813761611755e-09 1.6646501649476534e-38 0.0002180463382292648
571.0 0.03521520144972521 2.4875078665747078e-05 3.1870953089030914e-09 1.9093023680484935e-38 0.00021445951484784246
572.0 0.03432077438979381 2.4552744552513852e-05 3.195475376237388e-09 2.1882476194691683e-38 0.00021088479650499512
573.0 0.0334427057629135 2.422890731971829e-05 3.202951397036691e-09 2.506051202387523e-38 0.00020732378660808865
574.0 0.03258093704680586 2.390376542836726e-05 3.209521584522765e-09 2.867852604909137e-38 0.00020377803931089484
575.0 0.03173539946745465 2.3577514279190395e-05 3.2151849271863355e-09 3.2794333002819133e-38 0.0002002490591732714
576.0 0.030906014424202898 2.3250346073854394e-05 3.2199411832149126e-09 3.7472919695643053e-38 0.00019673830089847485
577.0 0.03009269391173924 2.2922449684286937e-05 3.223790873906141e-09 4.278727917498199e-38 0.0001932471691460482
578.0 0.02929534093839261 2.2594010530063215e-05 3.2267352760905935e-09 4.881933500607579e-38 0.00018977701841789207
579.0 0.028513849940255062 2.2265210463843162e-05 3.228776413596432e-09 5.56609646025006e-38 0.00018632915301549526
580.0 0.027748107190611722 2.193622766478121e-05 3.22991704778254e-09 6.341513132819006e-38 0.00018290482706580116
581.0 0.026997991204233348 2.1607236539849975e-05 3.2301606671727238e-09 7.219713594918101e-38 0.00017950524461342484
582.0 0.026263373136105817 2.127840763299818e-05 3.2295114762235333e-09 8.21359989348027e-38 0.00017613155977682572
583.0 0.025544117174190365 2.094990754204305e-05 3.227974383258244e-09 9.337598609881654e-38 0.00017278487696594224
584.0 0.024840080925836033 2.0621898843183594e-05 3.225554987600251e-09 1.0607829113521802e-37 0.0001694662511587555
585.0 0.024151115797529307 2.0294540023038727e-05 3.2222595659440137e-09 1.2042288974552734e-37 0.0001661766882344623
586.0 0.023477067367630926 1.9967985418052808e-05 3.218095057995139e-09 1.3661058127838758e-37 0.00016291714536050567
587.0 0.02281777575184307 1.9642385161155085e-05 3.2130690514196058e-09 1.5486523511348852e-37 0.00015968853143114427
588.0 0.022173075961128504 1.931788513551073e-05 3.2071897661367683e-09 1.7543626042419463e-37 0.00015649170755491516
589.0 0.021542798251848783 1.89946269352094e-05 3.200466037993834e-09 1.9860131945221747e-37 0.0001533274875884845
590.0 0.020926768467923747 1.8672747832737518e-05 3.1929073018608725e-09 2.2466930602803832e-37 0.0001501966387144542
591.0 0.020324808374809402 1.8352380753048946e-05 3.184523574182164e-09 2.5398361277738337e-37 0.00014709988206050974
592.0 0.019736735985143763 1.8033654254066388e-05 3.1753254350232083e-09 2.8692571227254465e-37 0.00014403789335750908
593.0 0.019162365875919508 1.7716692513429073e-05 3.16532400965146e-09 3.2391907932277316e-37 0.00014101130363404553
594.0 0.01860150949706786 1.740161532130051e-05 3.154530949689181e-09 3.6543348365551504e-37 0.0001380206999450748
595.0 0.01805397547135054 1.7088538079036842e-05 3.1429584138751594e-09 4.119896844254701e-37 0.00013506662613215875
596.0 0.017519569885491897 1.6777571803526954e-05 3.130619048474448e-09 4.641645603071107e-37 0.00013214958361303073
597.0 0.016998096572493494 1.646882313700373e-05 3.1175259673736103e-09 5.2259671138318706e-37 0.00012927003219815776
598.0 0.01648935738509127 1.6162394362121676e-05 3.1036927318981583e-09 5.879925716425506e-37 0.0001264283909320117
599.0 0.015993152460337345 1.5858383422098907e-05 3.089133330389677e-09 6.61133073651309e-37 0.0001236250389568408
600.0 0.015509280475301814 1.5556883945715742e-05 3.073862157578528e-09 7.428809098658262e-37 0.00012086031639675525
601.0 0.015037538893912522 1.5257985276967633e-05 3.057893993789123e-09 8.341884381216943e-37 0.00011813452526004019
602.0 0.014577724204951575 1.4961772509155816e-05 3.041243984011244e-09 9.361062820620688e-37 0.00011544793035755806
603.0 0.014129632151268744 1.4668326523224953e-05 3.023927616875564e-09 1.0497926806695202e-36 0.00011280076023536068
604.0 0.013693057950242706 1.4377724030115376e-05 3.005960703562246e-09 1.1765236446384563e-36 0.0001101932081193626
605.0 0.013267796505588583 1.409003761695302e-05 2.987359356682106e-09 1.3177039810817764e-36 0.00010762543287041138
606.0 0.012853642610565725 1.380533579684396e-05 2.968139969157009e-09 1.474879251998182e-36 0.00010509755994770875
607.0 0.012450391142701717 1.3523683062094634e-05 2.948319193136503e-09 1.649748736055945e-36 0.00010260968237900213
608.0 0.01205783725011381 1.324513994063314e-05 2.92791391897664e-09 1.8441794675579212e-36 0.00010016186173566498
609.0 0.011675776529560465 1.2969763055453986e-05 2.9069412543157295e-09 2.0602214309666105e-36 9.775412911118978e-05
610.0 0.011304005196325788 1.2697605186869324e-05 2.8854185032716715e-09 2.3001239940678978e-36 9.538648610136126e-05
611.0 0.010942320246083154 1.2428715337391113e-05 2.8633631457930455e-09 2.5663536677587947e-36 9.305890578473524e-05
612.0 0.010590519608859417 1.2163138799035828e-05 2.8407928171871833e-09 2.8616132855428796e-36 9.077133370184144e-05
613.0 0.010248402295259182 1.1900917222882207e-05 2.81772528785539e-09 3.188862701124588e-36 8.852368883185799e-05
614.0 0.009915768535082508 1.1642088690678795e-05 2.794178443255969e-09 3.551341107989292e-36 8.631586456529214e-05
615.0 0.009592419908508516 1.1386687788341054e-05 2.770170264123635e-09 3.952591090567092e-36 8.41477296715571e-05
616.0 0.009278159469993165 1.1134745681147833e-05 2.7457188069650724e-09 4.396484522469821e-36 8.20191292601439e-05
617.0 0.008972791865048669 1.0886290190468283e-05 2.720842184853098e-09 4.887250433389281e-36 7.992988573427992e-05
618.0 0.008676123440080645 1.0641345871860932e-05 2.695558548542581e-09 5.429504972534548e-36 7.787979973607061e-05
619.0 0.008387962345443376 1.0399934094368064e-05 2.6698860679244035e-09 6.028283602950788e-36 7.586865108201506e-05
620.0 0.008108118631896026 1.0162073120856975e-05 2.643842913838575e-09 6.689075667722765e-36 7.389619968802021e-05
621.0 0.007836404340636743 9.92777818925491e-06 2.6174472402641883e-09 7.417861475895745e-36 7.196218648302813e-05
622.0 0.007572633587087004 9.69706159452094e-06 2.5907171669007246e-09 8.221152062928535e-36 7.006633431036866e-05
623.0 0.007316622638612532 9.46993277121878e-06 2.563670762157967e-09 9.106031787654305e-36 6.820834881612238e-05
624.0 0.007068189986361516 9.246398376551795e-06 2.5363260265691257e-09 1.0080203935014687e-35 6.638791932377805e-05
625.0 0.006827156411395389 9.026462373718057e-06 2.5087008766380688e-09 1.115203950124692e-35 6.460471969446366e-05
626.0 0.006593345045301334 8.81012611546673e-06 2.4808131291356226e-09 1.2330629345763375e-35 6.28584091722157e-05
627.0 0.006366581425464423 8.597388427727285e-06 2.4526804858548976e-09 1.3625839901593326e-35 6.11486332136965e-05
628.0 0.006146693545179408 8.388245693192033e-06 2.4243205188354277e-09 1.5048372643983382e-35 5.947502430184852e-05
629.0 0.005933511898783079 8.182691934739537e-06 2.3957506560656728e-09 1.6609827524549973e-35 5.78372027430372e-05
630.0 0.005726869521988519 7.980718898593797e-06 2.3669881676729112e-09 1.832277058621303e-35 5.623477744729903e-05
631.0 0.005526602027590966 7.782316137105177e-06 2.338050152604666e-09 2.0200805981963493e-35 5.466734669125718e-05
632.0 0.005332547636731778 7.5874710910695914e-06 2.308953525812257e-09 2.2258652628421674e-35 5.313449886349347e-05
633.0 0.005144547205883877 7.396169171477733e-06 2.279715005937293e-09 2.4512225732882566e-35 5.163581319199846e-05
634.0 0.0049624442497361 7.208393840614047e-06 2.250351103508071e-09 2.697872344035242e-35 5.017086045352483e-05
635.0 0.0047860849601445024 7.024126692419695e-06 2.22087810964854e-09 2.967671885471047e-35 4.8739203664637166e-05
636.0 0.0046153182213152285 6.843347532037358e-06 2.191312085301585e-09 3.262625769564373e-35 4.7340398754280955e-05
637.0 0.004449995621385416 6.666034454467242e-06 2.161668850969369e-09 3.5848961860403124e-35 4.59739952177779e-05
638.0 0.004289971460560288 6.492163922259706e-06 2.131963976970106e-09 3.93681391665339e-35 4.463953675213055e-05
639.0 0.004135102755967699 6.321710842184045e-06 2.1022127742128462e-09 4.320889955871226e-35 4.333656187261871e-05
640.0 0.003985249243381218 6.154648640806469e-06 2.072430285487561e-09 4.7398278069389295e-35 4.206460451062677e-05
641.0 0.003840273375966522 5.990949338925205e-06 2.042631277270448e-09 5.196536482929514e-35 4.082319459274435e-05
642.0 0.003700040320196861 5.830583624806176e-06 2.0128302320409105e-09 5.69414424297485e-35 3.961185860115127e-05
643.0 0.0035644179490848913 5.673520926174393e-06 1.9830413411083033e-09 6.236013094424019e-35 3.843012011537728e-05
644.0 0.0034332768328692318 5.519729480911818e-06 1.9532784979431497e-09 6.825754092174761e-35 3.7277500335495354e-05
645.0 0.0033064902272964413 5.369176406425399e-06 1.9235552920100094e-09 7.467243466878079e-35 3.615351858689318e-05
646.0 0.0031839340596302793 5.221827767644626e-06 1.8938850030955617e-09 8.164639614100164e-35 3.505769280673552e-05
647.0 0.0030654869125206975 5.077648643618243e-06 1.8642805961273574e-09 8.922400976859749e-35 3.398954001229569e-05
648.0 0.0029510300058576593 4.936603192677392e-06 1.8347547164759883e-09 9.7453048542089e-35 3.2948576751315445e-05
649.0 0.0028404471767346185 4.7986547161413604e-06 1.8053196857347548e-09 1.0638467168709916e-34 3.193431953460745e-05
650.0 0.0027336248576401135 4.663765720541129e-06 1.7759874979689192e-09 1.1607363225757173e-34 3.0946285251103715e-05
651.0 0.0026304520529943226 4.531897978342505e-06 1.7467698164274355e-09 1.2657849497705307e-34 2.9983991565591724e-05
652.0 0.0025308203141413865 4.4030125871496394e-06 1.7176779707078946e-09 1.3796186465672358e-34 2.9046957299368522e-05
653.0 0.002434623712907057 4.277070027377023e-06 1.6887229543668019e-09 1.5029062551708507e-34 2.8134702794085198e-05
654.0 0.0023417588138270177 4.154030218379655e-06 1.6599154229663589e-09 1.6363619173723261e-34 2.724675025905879e-05
655.0 0.0022521246451454543 4.033852573030416e-06 1.631265692547169e-09 1.7807476955145005e-34 2.6382624102317768e-05
656.0 0.002165622668682578 3.9164960507407316e-06 1.6027837385177858e-09 1.93687631207666e-34 2.5541851245687215e-05
657.0 0.0020821567486661355 3.801919208923119e-06 1.5744791949515964e-09 2.105614010957217e-34 2.4723961424228963e-05
658.0 0.0020016331196151854 3.690080252890763e-06 1.5463613542789584e-09 2.2878835434522025e-34 2.3928487470322702e-05
659.0 0.001923960353365482 3.5809370841997077e-06 1.5184391673655278e-09 2.4846672818368763e-34 2.3154965582734495e-05
660.0 0.001849049325318897 3.4744473474349616e-06 1.4907212439647794e-09 2.6970104633463537e-34 2.2402935580984192e-05
661.0 0.0017768131799975793 3.3705684754470916e-06 1.463215853533924e-09 2.9260245672282066e-34 2.1671941145349523e-05
662.0 0.001707167295980607 3.269257733048306e-06 1.435930926402318e-09 3.172890827401159e-34 2.0961530042852862e-05
663.0 0.0016400292502952558 3.1704722591745017e-06 1.4088740552795253e-09 3.438863883092173e-34 2.0271254339552436e-05
664.0 0.0015753187823356234 3.0741691075286887e-06 1.3820524970930803e-09 3.7252755696574644e-34 1.9600670599509596e-05
665.0 0.0015129577573743105 2.9803052857153376e-06 1.3554731751425884e-09 4.03353885159218e-34 1.8949340070757867e-05
666.0 0.0014528701297327254 2.8888377928823776e-06 1.329142681559261e-09 4.365151899529012e-34 1.8316828858637882e-05
667.0 0.0013949819056712066 2.7997236558863882e-06 1.3030672800586138e-09 4.721702312793364e-34 1.7702708086846377e-05
668.0 0.0013392211060569864 2.7129199639972458e-06 1.2772529089738066e-09 5.104871488831493e-34 1.7106554046544414e-05
669.0 0.0012855177288671566 2.6283839021638864e-06 1.2517051845588807e-09 5.516439140564902e-34 1.652794833389582e-05
670.0 0.0012338037115773707 2.5460727828564907e-06 1.2264294045477117e-09 5.958287962423108e-34 1.5966477976359077e-05
671.0 0.0011840128934888735 2.4659440765108466e-06 1.201430551958772e-09 6.432408445509869e-34 1.5421735548113734e-05
672.0 0.0011360809780399529 2.3879554405937193e-06 1.1767132991322172e-09 6.940903842015402e-34 1.4893319274950866e-05
673.0 0.0010899454951472788 2.3120647473129376e-06 1.152282011987587e-09 7.485995278637457e-34 1.4380833128980055e-05
674.0 0.0010455457636202225 2.2382301099969377e-06 1.1281407544906186e-09 8.070027018403777e-34 1.3883886913504054e-05
675.0 0.0010028228536876234 2.166409908166828e-06 1.10429329331662e-09 8.695471869883388e-34 1.3402096338393993e-05
676.0 0.0009617195496751973 2.0965628113268254e-06 1.0807431026988104e-09 9.364936742362843e-34 1.2935083086308032e-05
677.0 0.0009221803128696284 2.0286478014998558e-06 1.0574933694504222e-09 1.0081168345124185e-33 1.2482474870094414e-05
678.0 0.0008841512446019387 1.9626241945329865e-06 1.0345469981481248e-09 1.0847059028493463e-33 1.204390548169949e-05
679.0 0.0008475800495821668 1.8984516602010768e-06 1.011906616466019e-09 1.1665652763851091e-33 1.1619014832917018e-05
680.0 0.0008124159995143008 1.8360902411352866e-06 9.895745806485612e-10 1.2540151259290522e-33 1.1207448988296877e-05
681.0 0.0007786098970190068 1.7755003706046645e-06 9.675529811115447e-10 1.3473920207085981e-33 1.080886019053428e-05
682.0 0.000746114039889327 1.716642889178276e-06 9.458436481598603e-10 1.447049565858144e-33 1.0422906878648772e-05
683.0 0.0007148821857030561 1.659479060296403e-06 9.244481578114122e-10 1.5533590521548926e-33 1.004925369926215e-05
684.0 0.0006848695168138129 1.6039705847797229e-06 9.033678377168e-10 1.6667101174486675e-33 9.687571511280086e-06
685.0 0.0006560326057407541 1.5500796143046298e-06 8.826037731641766e-10 1.7875114191709015e-33 9.337537384271095e-06
686.0 0.0006283293809754105 1.4977687638733653e-06 8.621568131590623e-10 1.9161913172470762e-33 8.998834590833222e-06
687.0 0.0006017190932228148 1.4470011233081587e-06 8.420275765694146e-10 2.053198566672142e-33 8.671152593235865e-06
688.0 0.0005761622820922425 1.3977402677979195e-06 8.2221645832612e-10 2.199003018944097e-33 8.354187024613959e-06
689.0 0.0005516207432516979 1.3499502675263993e-06 8.02723635669546e-10 2.3540963314826374e-33 8.047639664988173e-06
690.0 0.0005280574960586533 1.3035956964101915e-06 7.835490744327301e-10 2.5189926840922464e-33 7.751218412375594e-06
691.0 0.0005054367516785135 1.2586416399753996e-06 7.6469253535245e-10 2.6942295014593587e-33 7.464637249252606e-06
692.0 0.0004837238817009373 1.2150537024015313e-06 7.461535803995063e-10 2.8803681806032916e-33 7.18761620462442e-06
693.0 0.00046288538726269854 1.1727980127602777e-06 7.279315791194726e-10 3.0779948221268476e-33 6.919881311945128e-06
694.0 0.00044288886868511663 1.131841230477936e-06 7.100257149762009e-10 3.287720964044325e-33 6.661164563133393e-06
695.0 0.00042370299563244273 1.092150550048497e-06 6.924349916896926e-10 3.510184316886275e-33 6.411203858913705e-06
696.0 0.0004052974777969967 1.0536937050253418e-06 6.751582395610426e-10 3.746049498712598e-33 6.16974295571354e-06
697.0 0.0003876430361156412 1.0164389713185758e-06 6.581941217769759e-10 3.9960087685876906e-33 5.936531409336739e-06
698.0 0.0003707113745213692 9.80355169825035e-07 6.41541140687046e-10 4.2607827570017005e-33 5.71132451562885e-06
699.0 0.00035447515223258037 9.454116684168379e-07 6.251976440463142e-10 4.541121191643757e-33 5.493883248338902e-06
700.0 0.0003389079565823227 9.11578383315383e-07 6.091618312174675e-10 4.837803616866655e-33 5.28397419438384e-06
