200.0 0.0 0.0 0.0 0.0 0.0
201.0 0.0 0.0 0.0 0.0 0.0
202.0 0.0 0.0 0.0 0.0 0.0
203.0 0.0 0.0 0.0 0.0 0.0
204.0 0.0 0.0 0.0 0.0 0.0
205.0 0.0 0.0 0.0 0.0 0.0
206.0 0.0 0.0 0.0 0.0 0.0
207.0 0.0 0.0 0.0 0.0 0.0
208.0 0.0 0.0 0.0 0.0 0.0
209.0 0.0 0.0 0.0 0.0 0.0
210.0 0.0 0.0 0.0 0.0 0.0
211.0 0.0 0.0 0.0 0.0 0.0
212.0 0.0 0.0 0.0 0.0 0.0
213.0 0.0 0.0 0.0 0.0 0.0
214.0 0.0 0.0 0.0 0.0 0.0
215.0 0.0 0.0 0.0 0.0 0.0
216.0 0.0 0.0 0.0 0.0 0.0
217.0 0.0 0.0 0.0 0.0 0.0
218.0 0.0 0.0 0.0 0.0 0.0
219.0 0.0 0.0 0.0 0.0 0.0
220.0 0.0 0.0 0.0 0.0 0.0
221.0 0.0 0.0 0.0 0.0 0.0
222.0 0.0 0.0 0.0 0.0 0.0
223.0 0.0 0.0 0.0 0.0 0.0
224.0 0.0 0.0 0.0 0.0 0.0
225.0 0.0 0.0 0.0 0.0 0.0
226.0 0.0 0.0 0.0 0.0 0.0
227.0 0.0 0.0 0.0 0.0 0.0
228.0 0.0 0.0 0.0 0.0 0.0
229.0 0.0 0.0 0.0 0.0 0.0
230.0 0.0 0.0 0.0 0.0 0.0
231.0 0.0 0.0 0.0 0.0 0.0
232.0 0.0 0.0 0.0 0.0 0.0
233.0 0.0 0.0 0.0 0.0 0.0
234.0 0.0 0.0 0.0 0.0 0.0
235.0 0.0 0.0 0.0 0.0 0.0
236.0 0.0 0.0 0.0 0.0 0.0
237.0 0.0 0.0 0.0 0.0 0.0
238.0 0.0 0.0 0.0 0.0 0.0
239.0 0.0 0.0 0.0 0.0 0.0
240.0 0.0 0.0 0.0 0.0 0.0
241.0 0.0 0.0 0.0 0.0 0.0
242.0 0.0 0.0 0.0 0.0 0.0
243.0 0.0 0.0 0.0 0.0 0.0
244.0 0.0 0.0 0.0 0.0 0.0
245.0 0.0 0.0 0.0 0.0 0.0
246.0 0.0 0.0 0.0 0.0 0.0
247.0 0.0 0.0 0.0 0.0 0.0
248.0 0.0 0.0 0.0 0.0 0.0
249.0 0.0 0.0 0.0 0.0 0.0
250.0 0.0 0.0 0.0 0.0 0.0
251.0 0.0 0.0 0.0 0.0 0.0
252.0 0.0 0.0 0.0 0.0 0.0
253.0 0.0 0.0 0.0 0.0 0.0
254.0 0.0 0.0 0.0 0.0 0.0
255.0 0.0 0.0 0.0 0.0 0.0
256.0 0.0 0.0 0.0 0.0 0.0
257.0 0.0 0.0 0.0 0.0 0.0
258.0 0.0 0.0 0.0 0.0 0.0
259.0 0.0 0.0 0.0 0.0 0.0
260.0 0.0 0.0 0.0 0.0 0.0
261.0 0.0 0.0 0.0 0.0 0.0
262.0 0.0 0.0 0.0 0.0 0.0
263.0 0.0 0.0 0.0 0.0 0.0
264.0 0.0 0.0 0.0 0.0 0.0
265.0 0.0 0.0 0.0 0.0 0.0
266.0 0.0 0.0 0.0 0.0 0.0
267.0 0.0 0.0 0.0 0.0 0.0
268.0 0.0 0.0 0.0 0.0 0.0
269.0 0.0 0.0 0.0 0.0 0.0
270.0 0.0 0.0 0.0 0.0 0.0
271.0 0.0 0.0 0.0 0.0 0.0
272.0 0.0 0.0 0.0 0.0 0.0
273.0 0.0 0.0 0.0 0.0 0.0
274.0 0.0 0.0 0.0 0.0 0.0
275.0 0.0 0.0 0.0 0.0 0.0
276.0 0.0 0.0 0.0 0.0 0.0
277.0 0.0 0.0 0.0 0.0 0.0
278.0 0.0 0.0 0.0 0.0 0.0
279.0 0.0 0.0 0.0 0.0 0.0
280.0 0.0 0.0 0.0 0.0 0.0
281.0 0.0 0.0 0.0 0.0 0.0
282.0 0.0 0.0 0.0 0.0 0.0
283.0 0.0 0.0 0.0 0.0 0.0
284.0 0.0 0.0 0.0 0.0 0.0
285.0 0.0 0.0 0.0 0.0 0.0
286.0 0.0 0.0 0.0 0.0 0.0
287.0 0.0 0.0 0.0 0.0 0.0
288.0 0.0 0.0 0.0 0.0 0.0
289.0 0.0 0.0 0.0 0.0 0.0
290.0 0.0 0.0 0.0 0.0 0.0
291.0 0.0 0.0 0.0 0.0 0.0
292.0 0.0 0.0 0.0 0.0 0.0
293.0 0.0 0.0 0.0 0.0 0.0
294.0 0.0 0.0 0.0 0.0 0.0
295.0 0.0 0.0 0.0 0.0 0.0
296.0 0.0 0.0 0.0 0.0 0.0
297.0 0.0 0.0 0.0 0.0 0.0
298.0 0.0 0.0 0.0 0.0 0.0
299.0 0.0 0.0 0.0 0.0 0.0
300.0 0.0 0.0 0.0 0.0 0.0
301.0 0.0 0.0 0.0 0.0 0.0
302.0 0.0 0.0 0.0 0.0 0.0
303.0 0.0 0.0 0.0 0.0 0.0
304.0 0.0 0.0 0.0 0.0 0.0
305.0 0.0 0.0 0.0 0.0 0.0
306.0 0.0 0.0 0.0 0.0 0.0
307.0 0.0 0.0 0.0 0.0 0.0
308.0 0.0 0.0 0.0 0.0 0.0
309.0 0.0 0.0 0.0 0.0 0.0
310.0 0.0 0.0 0.0 0.0 0.0
311.0 0.0 0.0 0.0 0.0 0.0
312.0 0.0 0.0 0.0 0.0 0.0
313.0 0.0 0.0 0.0 0.0 0.0
314.0 0.0 0.0 0.0 0.0 0.0
315.0 0.0 0.0 0.0 0.0 0.0
316.0 0.0 0.0 0.0 0.0 0.0
317.0 0.0 0.0 0.0 0.0 0.0
318.0 0.0 0.0 0.0 0.0 0.0
319.0 0.0 0.0 0.0 0.0 0.0
320.0 0.0 0.0 0.0 0.0 0.0
321.0 1.0835877600528828e-16 2.434097422690549e-18 8.461887940664568e-23 2.566304031090963e-84 1.241942867157409e-20
322.0 1.0832196249214448e-16 2.462124625196969e-18 8.836632005735981e-23 4.281541421246755e-84 1.2770045340074234e-20
323.0 1.0828473795224671e-16 2.490283022873375e-18 9.225440825349324e-23 7.120543762823593e-84 1.3128218090232517e-20
324.0 1.082470967523229e-16 2.5185713216124348e-18 9.62873882357433e-23 1.1804833473951751e-83 1.349405032273266e-20
325.0 1.0820903316128779e-16 2.5469882116368525e-18 1.0046959615559726e-22 1.950980086130485e-83 1.3867645636410916e-20
326.0 2.16341082699677e-16 5.151064734886772e-18 2.0961092199719867e-22 6.4288676695953926e-83 2.849821561038503e-20
327.0 2.1626323078009705e-16 5.2084048954859016e-18 2.1859901097698704e-22 1.0559833902174349e-82 2.9277081509379725e-20
328.0 3.2427674776504485e-16 7.898991286194522e-18 3.4186904091427384e-22 2.593904644442795e-82 4.510814561540904e-20
329.0 3.24157310455608e-16 7.985744812073777e-18 3.563420948379315e-22 4.23501246109459e-82 4.632520594196061e-20
330.0 4.320486874192054e-16 1.0763818338353987e-17 4.9510947428592665e-22 9.19180832728639e-82 6.342282127273119e-20
331.0 5.398572401906652e-16 1.3600573160011853e-17 6.447563207687309e-22 1.8648204526491492e-81 8.13903142137687e-20
332.0 6.475815536564717e-16 1.6496361950303903e-17 8.058443356437092e-22 3.621382310743685e-81 1.0025347325451411e-19
333.0 7.552201862979919e-16 1.945153158419584e-17 9.78955928252429e-22 6.817399143311352e-81 1.2003850420004226e-19
334.0 9.706181283995627e-16 2.52747259387903e-17 1.310281554885559e-21 1.4103063299940123e-80 1.5836853373505036e-19
335.0 1.185842176431824e-15 3.1217231712009274e-17 1.6667273643743288e-21 2.7655258697684218e-80 1.9858799930507436e-19
336.0 1.5086500484267735e-15 4.014738784621108e-17 2.2072083674789866e-21 5.631213457375978e-80 2.592703977861503e-19
337.0 1.8311907400104397e-15 4.925788408871288e-17 2.7880604787763235e-21 1.0909314641515564e-79 3.2290117503155725e-19
338.0 2.261132601378618e-15 6.147717943478437e-17 3.581838283571147e-21 2.1440694033170435e-79 4.0904170343204363e-19
339.0 2.798337011808867e-15 7.689644166518801e-17 4.610942989418352e-21 4.2118306289835643e-79 5.192560539222352e-19
340.0 3.4426621405643773e-15 9.56074618006537e-17 5.8992022691007576e-21 8.202439166800854e-79 6.551654844736778e-19
341.0 4.301500381610647e-15 1.2072065450885616e-16 7.663518973009686e-21 1.6179919467274985e-78 8.394353544670129e-19
342.0 5.159582021701584e-15 1.463233634842652e-16 9.555057263368182e-21 3.055758239302049e-78 1.0323541090655717e-18
343.0 6.339227393643703e-15 1.816546696946637e-16 1.2200217849667865e-20 5.895753675835629e-78 1.300271766734924e-18
344.0 7.732599972344576e-15 2.238827503426569e-16 1.5462229487871355e-20 1.1263867843296692e-77 1.6257145111722992e-18
345.0 9.44674311798172e-15 2.763350988758461e-16 1.96221988488972e-20 2.1496784073477015e-77 2.0354462144230042e-18
346.0 1.1588499315622994e-14 3.42463448242172e-16 2.4998633872920075e-20 4.1089243945458245e-77 2.558597075853479e-18
347.0 1.4050000450151072e-14 4.194410135352864e-16 3.146982041539881e-20 7.742419699685886e-77 3.178243254194839e-18
348.0 1.704516924804543e-14 5.140176992649855e-16 3.9632753874771774e-20 1.456131305784233e-76 3.9499141571237006e-18
349.0 2.068036358046531e-14 6.299295941009215e-16 4.9906035462785883e-20 2.7319020847000694e-76 4.9086268783198495e-18
350.0 2.5168820862608248e-14 7.743350197347571e-16 6.302422292550023e-20 5.128564355085937e-76 6.118158386018006e-18
351.0 3.0402194716273905e-14 9.446664065274955e-16 7.897831130656334e-20 9.532160438568075e-76 7.567627878419515e-18
352.0 3.6807305996601633e-14 1.1550229052890274e-15 9.917553327714577e-20 1.7713750952609792e-75 9.380529304612794e-18
353.0 4.4489269889566226e-14 1.409842528238988e-15 1.2430926403964504e-19 3.2784422802756345e-75 1.1607242654614336e-17
354.0 5.376672935245922e-14 1.7205355474268737e-15 1.5575801362297474e-19 6.052241416439528e-75 1.4358542548113882e-17
355.0 6.485079414214503e-14 2.0954445576167703e-15 1.9473869608289252e-19 1.1124275048060742e-74 1.772466206654148e-17
356.0 7.805886029981358e-14 2.5466559158061908e-15 2.4292471493766986e-19 2.0356569428380693e-74 2.1832036347861423e-17
357.0 9.392104806263018e-14 3.0936752686948232e-15 3.0285730790161816e-19 3.7149424214577914e-74 2.6877462801647806e-17
358.0 1.1296627638143822e-13 3.756652978080286e-15 3.7736654530928337e-19 6.761360468309773e-74 3.3072867238385814e-17
359.0 1.3561561118327422e-13 4.5528081901797225e-15 4.692218919055938e-19 1.2254310345865529e-73 4.0613954095738166e-17
360.0 1.6271530896797812e-13 5.5143282185237385e-15 5.829969058555963e-19 2.2146630624501367e-73 4.984044102357718e-17
361.0 1.9500312317878203e-13 6.6707952130958455e-15 7.2337686572360855e-19 3.988735845957964e-73 6.108416976182667e-17
362.0 2.3342786451678833e-13 8.060056501796487e-15 8.963499846927884e-19 7.15951230650747e-73 7.476867340674962e-17
363.0 2.7914875345751955e-13 9.728550097010314e-15 1.109378708124006e-18 1.2809557269954122e-72 9.141747218775586e-17
364.0 3.3342842683803377e-13 1.1727892083486036e-14 1.3711469384502177e-18 2.2840592901292627e-72 1.1162713619586965e-16
365.0 3.9795133362509156e-13 1.4126359955361889e-14 1.6930402412749114e-18 4.0605753888000875e-72 1.3618156161094424e-16
366.0 4.745038065694535e-13 1.6998132335846097e-14 2.0881049601861762e-18 7.196221690588007e-72 1.6595762223369522e-16
367.0 5.65185898605751e-13 2.0431132361354786e-14 2.5721676708398462e-18 1.2712338730977057e-71 2.0200697962636042e-16
368.0 6.725163727069977e-13 2.4531391588278148e-14 3.1646583443431853e-18 2.238597623598214e-71 2.4560900829965976e-16
369.0 7.994312591854244e-13 2.942370892967377e-14 3.889040161295525e-18 3.9298016920007754e-71 2.9828963415642255e-16
370.0 9.493883085914277e-13 3.525624625257089e-14 4.7738028025179015e-18 6.877561744157623e-71 3.618813201955002e-16
371.0 1.1263651183231009e-12 4.220135464784376e-14 5.853042446930734e-18 1.1999498565622795e-70 4.3854764503609406e-16
372.0 1.335068823293026e-12 5.046440246966146e-14 7.168218521695338e-18 2.0872782374287448e-70 5.308930061464591e-16
373.0 1.5810391663086051e-12 6.028896554476776e-14 8.769587074927454e-18 3.6200856478887996e-70 6.420407470591057e-16
374.0 1.87043402618895e-12 7.195002120798113e-14 1.07159897299261e-17 6.259390465388996e-70 7.755864592368693e-16
375.0 2.2108717756167997e-12 8.57877316426362e-14 1.3080726844814413e-17 1.0791644558304926e-69 9.359892879255599e-16
376.0 2.610687084323804e-12 1.0218084206070837e-13 1.594877075058437e-17 1.8549889794063898e-69 1.1283235863193913e-15
377.0 3.080087975113759e-12 1.2159365006954017e-13 1.9425214720141907e-17 3.179413527158715e-69 1.358832407600897e-15
378.0 3.6304108640270753e-12 1.445496079755144e-13 2.363282400104434e-17 5.433489981662822e-69 1.6346894706116114e-15
379.0 4.275379612379233e-12 1.7168390860978919e-13 2.8722290019780406e-17 9.259458216466869e-69 1.964644778944131e-15
380.0 5.030254049099552e-12 2.0371319423525245e-13 3.486958794208775e-17 1.5734173792486002e-68 2.3587541227273895e-15
381.0 5.913085333543231e-12 2.414895972056119e-13 4.2287508732364914e-17 2.666080617669189e-68 2.82907322705547e-15
382.0 6.9448095258058e-12 2.8600954334784214e-13 5.1230483579933596e-17 4.504982800337577e-68 3.389861274094385e-15
383.0 8.14923526628021e-12 3.3841839403760154e-13 6.199901567938035e-17 7.590989552204686e-68 4.057743590077718e-15
384.0 9.554185520564356e-12 4.0006343057531085e-13 7.495345214430959e-17 1.275573429446777e-67 4.852466436336071e-15
385.0 1.1191689872142633e-11 4.725091696181688e-13 9.052205854162475e-17 2.1375959228565646e-67 5.797236016657916e-15
386.0 1.3098384858385452e-11 5.57561995407659e-13 1.0921155152962192e-16 3.572399745557323e-67 6.919188653896679e-15
387.0 1.5316854209558397e-11 6.573360281395924e-13 1.3162679554840838e-16 5.954217464056633e-67 8.250402268383108e-15
388.0 1.78957064238241e-11 7.742672415173903e-13 1.584819576593329e-16 9.897452035460975e-67 9.828310362918593e-15
389.0 2.0891010147110033e-11 9.111870526342647e-13 1.9062486277582208e-16 1.640839862598743e-66 1.1696895570176376e-14
390.0 2.436719927556916e-11 1.0713757122815437e-12 2.2905945948940206e-16 2.713084882940723e-66 1.390768879035145e-14
391.0 2.839807672491704e-11 1.2586220907595431e-12 2.74971673963037e-16 4.4742732764717297e-66 1.6520903832146533e-14
392.0 3.306812466424181e-11 1.47729940413433e-12 3.2976109333744005e-16 7.35952341009872e-66 1.96068417250745e-14
393.0 3.8474536049076915e-11 1.7324763407410185e-12 3.9508356620292197e-16 1.2074152902934245e-65 2.3247843275135797e-14
394.0 4.4728088478834544e-11 2.0299801321353422e-12 4.728866351693122e-16 1.97582826348901e-65 2.7539695597789703e-14
395.0 5.195567588808659e-11 2.3765375032896897e-12 5.654662923998305e-16 3.2250437004332703e-65 3.259417185716095e-14
396.0 6.030240873294563e-11 2.7799013510269082e-12 6.755255542295153e-16 5.2507928436924434e-65 3.8541509131453887e-14
397.0 6.993380390347424e-11 3.2489863312240225e-12 8.06240356357255e-16 8.52755450524641e-65 4.5533136774165695e-14
398.0 8.103878961701367e-11 3.79404757428667e-12 9.613420117778485e-16 1.3814733650101794e-64 5.3745151676778955e-14
399.0 9.383258639420143e-11 4.426860330409242e-12 1.145207185962519e-15 2.2324723605167734e-64 6.338198451538171e-14
400.0 1.085604999013162e-10 5.160949527385957e-12 1.3629687098083147e-15 3.598845121159515e-64 7.468096993236042e-14
401.0 1.2550179096127472e-10 6.011831622728214e-12 1.6206393643557712e-15 5.787375566743628e-64 8.79173273653955e-14
402.0 1.4497382785425843e-10 6.997278915497005e-12 1.92525237115777e-15 9.284288629367652e-64 1.0340972008828713e-13
403.0 1.673374475671145e-10 8.137652170352167e-12 2.2850328434877176e-15 1.4858385574063312e-63 1.2152710588408267e-13
404.0 1.930022781276595e-10 9.45624357851741e-12 2.7095868754185153e-15 2.3722355177063294e-63 1.4269608381107868e-13
405.0 2.2243336095543538e-10 1.0979696142633145e-11 3.210128695011383e-15 3.7784598379116025e-63 1.6740976187915468e-13
406.0 2.561577234856582e-10 1.2738435797368743e-11 3.7997307683240845e-15 6.004123883444862e-63 1.9623725495547384e-13
407.0 2.9477264961513113e-10 1.476720379934579e-11 4.493624904290352e-15 9.518523049478103e-63 2.298351967052511e-13
408.0 3.3895409177088153e-10 1.7105615347778746e-11 5.309536582592089e-15 1.5055021952395413e-62 2.6896022092329697e-13
409.0 3.894668639705908e-10 1.9798828281934267e-11 6.268081321529064e-15 2.3757027493072684e-62 3.1448378273415846e-13
410.0 4.4717577936992223e-10 2.2898283783412593e-11 7.39321684689177e-15 3.7403206158457413e-62 3.6740884268984373e-13
411.0 5.130573118643951e-10 2.6462500025488285e-11 8.712749454900018e-15 5.875410493572257e-62 4.288881981164433e-13
412.0 5.882139239150271e-10 3.055803160687817e-11 1.0258936476926155e-14 9.208461358418265e-62 5.002463820085115e-13
413.0 6.738890932384425e-10 3.526049898772603e-11 1.2069161449091256e-14 1.4399987175293457e-61 5.830037494549037e-13
414.0 7.714842537759852e-10 4.065575404213813e-11 1.4186710460923305e-14 2.246828323582068e-61 6.789039526947735e-13
415.0 8.825779368140375e-10 4.684120216630106e-11 1.6661665719758926e-14 3.4979773393104274e-61 7.899453246797484e-13
416.0 1.0089467829523468e-09 5.392726940042107e-11 1.9551922313908237e-14 5.433878406952953e-61 9.184161766211093e-13
417.0 1.152588912010906e-09 6.203904601905492e-11 2.292434988959883e-14 8.422772728523058e-61 1.0669347425232315e-12
418.0 1.3157498273543844e-09 7.131812271647409e-11 2.6856117424923903e-14 1.3027431482056253e-60 1.2384942830125809e-12
419.0 1.5009516377517086e-09 8.192466920665195e-11 3.143621369934623e-14 2.0106079186652923e-60 1.4365144772645865e-12
420.0 1.7110247475299868e-09 9.403971776728208e-11 3.6767165442020736e-14 3.0964714083839474e-60 1.6648987583001506e-12
421.0 1.949143503157407e-09 1.0786774109478303e-10 4.2967004237955647e-14 4.7586528757696227e-60 1.9280994683865694e-12
422.0 2.2188651426988964e-09 1.236394990778585e-10 5.01714927221626e-14 7.297671228124615e-60 2.2311907672647174e-12
423.0 2.524174027627379e-09 1.4161527490255563e-10 5.85366802849196e-14 1.1167963146660053e-59 2.5799518537431296e-12
424.0 2.869528772423936e-09 1.6208838051151838e-10 6.82417655947687e-14 1.7055285787124382e-59 2.9809588126211133e-12
425.0 3.259915959972873e-09 1.853891495755218e-10 7.949238205573178e-14 2.599233500566402e-59 3.4416895180881606e-12
426.0 3.7009087525151223e-09 2.1188933959171038e-10 9.252430752476933e-14 3.9531084334182555e-59 3.970640778130359e-12
427.0 4.198731337129078e-09 2.420070111893402e-10 1.0760766135854789e-13 5.999914841406765e-59 4.5774595755265795e-12
428.0 4.76033033283843e-09 2.762119666234664e-10 1.2505166398017797e-13 9.08803732974992e-59 5.273090631118997e-12
429.0 5.393453769195109e-09 3.150318028127992e-10 1.4521002891972648e-13 1.3737872313231493e-58 6.069942128385344e-12
430.0 6.106736932387697e-09 3.5905855904491586e-10 1.6848702760128216e-13 2.0725203996251625e-58 6.982070066151591e-12
431.0 6.909798180866751e-09 4.0895616267765577e-10 1.9534437458068002e-13 3.1204245773153423e-58 8.025386071257454e-12
432.0 7.813343496236206e-09 4.654686276002113e-10 2.263089760958847e-13 4.6888854545624315e-58 9.217888884932808e-12
433.0 8.829281037534564e-09 5.294291066005117e-10 2.6198165691300753e-13 7.031889844594416e-58 1.0579922613748504e-11
434.0 9.970848242723922e-09 6.017699798819862e-10 3.0304703110055537e-13 1.0525104406970157e-57 1.2134466633616325e-11
435.0 1.1252749605951933e-08 6.835339018956297e-10 3.502845651148494e-13 1.5723094767427176e-57 1.3907457026693405e-11
436.0 1.2691308838081392e-08 7.758860640764651e-10 4.0458105463439785e-13 2.344294739286592e-57 1.5928146225135986e-11
437.0 1.4304635196534897e-08 8.801277016020454e-10 4.669446371502709e-13 3.488624275511034e-57 1.8229503180569526e-11
438.0 1.611280584411306e-08 9.97711000257237e-10 5.385205379321191e-13 5.18166324978929e-57 2.084865911907743e-11
439.0 1.813806497548741e-08 1.1302554957235602e-09 6.20608728273849e-13 7.681788004157517e-57 2.382740285400314e-11
440.0 2.0405041516403426e-08 1.2795661270685032e-09 7.146837259429383e-13 1.1366812204266007e-56 2.721273127221032e-11
441.0 2.294098746218769e-08 1.4476531286849466e-09 8.224167985585759e-13 1.6788168893136634e-56 3.105746136376337e-11
442.0 2.5776037700524352e-08 1.6367538741926942e-09 9.457008103260302e-13 2.474920462567159e-56 3.542090894422691e-11
443.0 2.8943493317527448e-08 1.8493568625553334e-09 1.0866780135839596e-12 3.6418107865975386e-56 4.036964110245058e-11
444.0 3.248013103178721e-08 2.0882280848546797e-09 1.2477711380690981e-12 5.349049558332682e-56 4.597831079494743e-11
445.0 3.642653958375586e-08 2.3564399013735857e-09 1.4317180922014272e-12 7.842306724957374e-56 5.233057999721954e-11
446.0 4.082748691137312e-08 2.6574027571645893e-09 1.641610733177839e-12 1.147687864261073e-55 5.952014251468017e-11
447.0 4.573231864538401e-08 2.9948998609663946e-09 1.880938071909522e-12 1.6765683840574718e-55 6.76518535155508e-11
448.0 5.1195391841000165e-08 3.373125177400128e-09 2.153634444168855e-12 2.4447867357939186e-55 7.684297822423034e-11
449.0 5.7276546420147636e-08 3.796724999756859e-09 2.464133167066932e-12 3.558668863741904e-55 8.722457091415878e-11
450.0 6.4041616735496e-08 4.270843374925543e-09 2.8174262388918734e-12 5.170894592346722e-55 9.894299591712442e-11
451.0 7.156298667016204e-08 4.801171727561714e-09 3.2191307289204894e-12 7.500321404737862e-55 1.1216160462390965e-10
452.0 7.99201915080864e-08 5.394003030066937e-09 3.6755625494770785e-12 1.0860121331175713e-54 1.270625830561593e-10
453.0 8.920056991993765e-08 6.056290883433076e-09 4.193818363155618e-12 1.5697647788883426e-54 1.4384898565368587e-10
454.0 9.949997047943012e-08 6.795713958519462e-09 4.7818664889852905e-12 2.265082521644713e-54 1.6274697360828751e-10
455.0 1.1092351528086508e-07 7.62074613558125e-09 5.4486476524831656e-12 3.2627772407747664e-54 1.840082741820187e-10
456.0 1.2358642602875784e-07 8.540732882419305e-09 6.204186624955119e-12 4.691904092674124e-54 2.0791288301796468e-10
457.0 1.3761491716599458e-07 9.565974373761256e-09 7.059715843542317e-12 6.735556040655946e-54 2.3477203149404184e-10
458.0 1.5314715904213362e-07 1.0707815760707366e-08 8.027812106631579e-12 9.653052871495607e-54 2.6493143977237663e-10
459.0 1.7033431822558315e-07 1.1978745298171751e-08 9.122547734398159e-12 1.3811061407079784e-53 2.987748844410478e-10
460.0 1.8934167911714095e-07 1.3392500853862264e-08 1.0359657540076065e-11 1.9727169012197192e-53 3.3672810628332204e-10
461.0 2.1034985202723652e-07 1.4964185408343728e-08 1.1756723109621148e-11 2.813079267424164e-53 3.792630868833575e-10
462.0 2.3355607462092114e-07 1.6710392298194417e-08 1.333337609711622e-11 4.0048180398076537e-53 4.269027275625204e-10
463.0 2.591756121094764e-07 1.8649340868134983e-08 1.5111522287154554e-11 5.692084010243137e-53 4.80225963313971e-10
464.0 2.874432627130136e-07 2.080102329962752e-08 1.7115588368410907e-11 8.077027279244006e-53 5.398733483093505e-10
465.0 3.1861497613035855e-07 2.3187363494189112e-08 1.9372793578741342e-11 1.1442674340156885e-52 6.065531538988285e-10
466.0 3.529695903440242e-07 2.583238874000927e-08 2.19134483946684e-11 1.6184647049310936e-52 6.810480177303657e-10
467.0 3.9081069668492463e-07 2.8762415247578856e-08 2.477128287478971e-11 2.285507043402009e-52 7.642221935266301e-10
468.0 4.3246863883910217e-07 3.2006248360057277e-08 2.7983807192819688e-11 3.222325623977167e-52 8.570294455918293e-10
469.0 4.783026554642022e-07 3.5595398560854095e-08 3.159270732479731e-11 4.535943878022037e-52 9.605216422594604e-10
470.0 5.287031746460948e-07 3.956431432669986e-08 3.564427897472673e-11 6.3750137924660676e-52 1.075858102610986e-09
471.0 5.840942689629487e-07 4.395063294361596e-08 4.018990307141237e-11 8.945684551902402e-52 1.2043157547281639e-09
472.0 6.449362811812751e-07 4.8795450528920505e-08 4.528656648519866e-11 1.2533396447375578e-51 1.347300169390879e-09
473.0 7.117286298740386e-07 5.414361248140966e-08 5.099743181357142e-11 1.7532766060079348e-51 1.5063575349621305e-09
474.0 7.850128055536122e-07 6.004402571404601e-08 5.7392460436250066e-11 2.4488503460738776e-51 1.6831876453136518e-09
475.0 8.653755679697904e-07 6.654999406488503e-08 6.454909332841415e-11 3.4151347839534446e-51 1.879657976471783e-09
476.0 9.534523555357472e-07 7.371957834343266e-08 7.255299444220858e-11 4.7554417199570176e-51 2.0978189321690257e-09
477.0 1.0499309183180071e-06 8.161598254485402e-08 8.149886181865368e-11 6.611726400308213e-51 2.3399203435353825e-09
478.0 1.1555551870173497e-06 9.030796788202166e-08 9.149131200603033e-11 9.178747644105877e-51 2.6084293146113953e-09
479.0 1.2711293891174667e-06 9.987029623072812e-08 1.0264584362302259e-10 1.2723308278716316e-50 2.906049507060715e-09
480.0 1.3975224271613736e-06 1.1038420492171037e-07 1.1508988658006548e-10 1.7610359484046009e-50 3.2357419706050873e-09
481.0 1.5356725291219657e-06 1.2193791446887654e-07 1.2896394348160169e-10 2.4338364958599464e-50 3.60074761938447e-09
482.0 1.686592188122945e-06 1.3462717144071102e-07 1.444228307384394e-10 3.3587138689962656e-50 4.004611476105622e-09
483.0 1.8513734018818703e-06 1.4855582818960757e-07 1.616370268139811e-10 4.62824606170507e-50 4.451208795489663e-09
484.0 2.03119322925677e-06 1.6383646175656037e-07 1.807941360765969e-10 6.368322673535413e-50 4.944773200302919e-09
485.0 2.2273196769838136e-06 1.8059103398136233e-07 2.0210047687917467e-10 8.749882099083178e-50 5.489926959194422e-09
486.0 2.441117931325407e-06 1.9895159502807656e-07 2.2578280313984819e-10 1.2004695983342832e-49 6.091713545279837e-09
487.0 2.6740569520757862e-06 2.1906103281118475e-07 2.5209016950074665e-10 1.6446565899144535e-49 6.755632627484956e-09
488.0 2.9277164420977684e-06 2.4107387051743266e-07 2.812959503386885e-10 2.2499747101119845e-49 7.487677642746701e-09
489.0 3.203794210833462e-06 2.651571149017167e-07 3.13700023988328e-10 3.07370089809819e-49 8.29437611692818e-09
490.0 3.5041139459691884e-06 2.914911577458487e-07 3.4963113378423077e-10 4.1930526912036135e-49 9.18283289872452e-09
491.0 3.830633411779425e-06 3.2027073328311113e-07 3.894494386048221e-10 5.7119835050227455e-49 1.016077648905109e-08
492.0 4.185453089148405e-06 3.517059341608074e-07 4.3354926596160294e-10 7.770243177771455e-49 1.123660864689818e-08
493.0 4.570825275422371e-06 3.860232888331847e-07 4.82362081709955e-10 1.055544199187138e-48 1.2419457468441406e-08
494.0 4.989163660686666e-06 4.2346690320936744e-07 5.363596910665558e-10 1.4319091387862034e-48 1.3719234140130737e-08
495.0 5.443053397432307e-06 4.642996694719003e-07 5.960576864404009e-10 1.939790260972453e-48 1.5146693575509036e-08
496.0 5.935261681150655e-06 5.088045450914159e-07 6.620191584651998e-10 2.624202769367627e-48 1.6713499155399555e-08
497.0 6.46874885910995e-06 5.572859051011442e-07 7.348586874450203e-10 3.5452454190851565e-48 1.8432291798895846e-08
498.0 7.0466800829410555e-06 6.100709706160203e-07 8.152466331201648e-10 4.7830452856171725e-48 2.031676359661344e-08
499.0 7.67243752509773e-06 6.675113170236328e-07 9.039137420707091e-10 6.44428741570015e-48 2.2381736259065748e-08
500.0 8.349633172160555e-06 7.299844647253921e-07 1.001656092218698e-09 8.670825652112328e-48 2.4643244621926417e-08
501.0 9.082122214227173e-06 7.978955559048902e-07 1.1093403955635468e-09 1.165102264121853e-47 2.7118625476768048e-08
502.0 9.874017045668532e-06 8.716791205193879e-07 1.2279096808400122e-09 1.563466397908985e-47 2.9826611993883815e-08
503.0 1.0729701892562402e-05 9.518009347685387e-07 1.3583893788053178e-09 2.095254677655944e-47 3.2787434012976724e-08
504.0 1.1653848082517917e-05 1.038759975385813e-06 1.5018938339608857e-09 2.8042173483795573e-47 3.602292448800567e-08
505.0 1.2651429971400962e-05 1.1330904730471061e-06 1.6596332674442519e-09 3.748140920391453e-47 3.9556632378256615e-08
506.0 1.3727741541056843e-05 1.2353640682065502e-06 1.8329212168719662e-09 5.003251257290961e-47 4.341394228577223e-08
507.0 1.4888413680592488e-05 1.3461920725821375e-06 2.023182479832431e-09 6.669966188251689e-47 4.7622201143781436e-08
508.0 1.6139432164717558e-05 1.4662278396449166e-06 2.231961588988612e-09 8.880401451960764e-47 5.221085227293097e-08
509.0 1.7487156339045063e-05 1.5961692471861747e-06 2.460931847426491e-09 1.1808151635070422e-46 5.7211577119890927e-08
510.0 1.8938338523804943e-05 1.7367612952162565e-06 2.7119049542537577e-09 1.56810191444483e-46 6.265844500668533e-08
511.0 2.0500144144061115e-05 1.8887988221807958e-06 2.98684125117103e-09 2.0797558425628144e-46 6.858807121706103e-08
512.0 2.2180172595063622e-05 2.0531293425605806e-06 3.287860621991039e-09 2.7548551390382093e-46 7.50397837563838e-08
513.0 2.398647884821764e-05 2.230656008660562e-06 3.6172540778198857e-09 3.644484826703683e-46 8.205579911938417e-08
514.0 2.592759580257521e-05 2.4223406993607293e-06 3.977496061704248e-09 4.815341473643159e-46 8.968140740583401e-08
515.0 2.8012557385603058e-05 2.6292072385125637e-06 4.371257507562208e-09 6.3543945150243934e-46 9.796516712786187e-08
516.0 3.025092240305987e-05 2.852344745309961e-06 4.801419688788174e-09 8.374906299861775e-46 1.0695911004611835e-07
517.0 3.265279913864941e-05 3.0929111190436847e-06 5.271088893192487e-09 1.1024197163861243e-45 1.1671895638118476e-07
518.0 3.522887069967971e-05 3.352136660230098e-06 5.783611961382314e-09 1.4493648848380645e-45 1.2730434073706907e-07
519.0 3.7990421103735616e-05 3.6313278299764404e-06 6.342592726583868e-09 1.9031575462492938e-45 1.3877904907427719e-07
520.0 4.094936209979936e-05 3.931871149277707e-06 6.951909394724325e-09 2.495976348465899e-45 1.5121126706883443e-07
521.0 4.411826071255462e-05 4.255237239465158e-06 7.615732903845191e-09 3.2694700510519067e-45 1.64673840180261e-07
522.0 4.751036749803694e-05 4.602985004932677e-06 8.338546302785693e-09 4.2774788465798066e-45 1.792445457519442e-07
523.0 5.113964549570804e-05 4.976765958926239e-06 9.125165189483858e-09 5.589518569361596e-45 1.9500637745789964e-07
524.0 5.502079985748145e-05 5.378328692685413e-06 9.980759249308752e-09 7.295236228458338e-45 2.1204784239358689e-07
525.0 5.916930813273986e-05 5.809523488011997e-06 1.0910874934344419e-08 9.510100745556991e-45 2.3046327110222012e-07
526.0 6.360145118596842e-05 6.2723070730294e-06 1.1921459324831623e-08 1.2382662562737005e-44 2.503531408173998e-07
527.0 6.83343447165933e-05 6.768747520117566e-06 1.3018885213302759e-08 1.610380351123907e-44 2.718244121727975e-07
528.0 7.338597135241987e-05 7.301029285080919e-06 1.4209977452774115e-08 2.0918508480933054e-44 2.949908796321747e-07
529.0 7.87752132786547e-05 7.871458385565634e-06 1.550204060900994e-08 2.7140828560943527e-44 3.1997353585041233e-07
530.0 8.452188536675646e-05 8.482467716835286e-06 1.690288795756105e-08 3.517287833890198e-44 3.4690095017761923e-07
531.0 9.064676875785353e-05 9.13662250192905e-06 1.8420871864607907e-08 4.552892649373796e-44 3.759096614714902e-07
532.0 9.7171644856242e-05 9.836625873144896e-06 2.006491559077132e-08 5.886590927821304e-44 4.071445853752019e-07
533.0 0.00010411932968014401 1.0585324580785075e-05 2.1844546555248248e-08 7.602203403102861e-44 4.407594361715509e-07
534.0 0.00011151370851719099 1.1385714824942716e-05 2.3769931097358802e-08 9.806556062908068e-44 4.769171633105705e-07
535.0 0.0001193797708230852 1.2240948204997377e-05 2.5851910770249278e-08 1.2635637267763967e-43 5.157904026538135e-07
536.0 0.00012774364530243287 1.3154337781324122e-05 2.8102040200909176e-08 1.6262360175182706e-43 5.575619424619824e-07
537.0 0.000136632635101143 1.4129364242510512e-05 3.053262654774305e-08 2.0906337727044127e-43 6.024252040909767e-07
538.0 0.0001460752530401789 1.5169682171165068e-05 3.315677058589954e-08 2.684617786390125e-43 6.505847373397903e-07
539.0 0.00015610125681226876 1.627912640029687e-05 3.598840944745599e-08 3.443493105534798e-43 7.022567303329203e-07
540.0 0.0001667416840614969 1.7461718451790022e-05 3.904236104160802e-08 4.411947624948696e-43 7.57669533784629e-07
541.0 0.00017802888725677835 1.8721673047271937e-05 4.2334370176164495e-08 5.646482175952658e-43 8.170641994223196e-07
542.0 0.00018999656827241217 2.0063404681588672e-05 4.588115640006872e-08 7.218453275711483e-43 8.80695032323237e-07
543.0 0.0002026798125769809 2.1491534247524347e-05 4.9700463581551534e-08 9.217878710003523e-43 9.488301568294828e-07
544.0 0.00021611512293172116 2.3010895700033557e-05 5.381111123379528e-08 1.1758191860263817e-42 1.0217520956669064e-06
545.0 0.00023034045249487126 2.4626542747407958e-05 5.823304759596256e-08 1.49821746679701e-42 1.0997583618315808e-06
546.0 0.00024539523722133077 2.6343755555657202e-05 6.29874044724312e-08 1.9069353195807216e-42 1.183162062730331e-06
547.0 0.00026132042744498793 2.8168047451774503e-05 6.809655382898671e-08 2.424520613262082e-42 1.2722925160056874e-06
548.0 0.00027815851852666944 3.0105171610677716e-05 7.358416613972961e-08 3.079261801330782e-42 1.3674958764056463e-06
549.0 0.00029595358044370797 3.216112770943941e-05 7.947527047240644e-08 3.906610867837004e-42 1.4691357729727057e-06
550.0 0.0003147512861979655 3.434216853206752e-05 8.579631629548808e-08 4.950949257088871e-42 1.5775939557756674e-06
551.0 0.00033459893890985 3.6654806506637446e-05 9.257523698292918e-08 6.2677770685926e-42 1.6932709513043973e-06
552.0 0.000355545497466167 3.910582015613325e-05 9.984151498725876e-08 7.926424018329566e-42 1.8165867255879907e-06
553.0 0.00037764160058427053 4.1702260443288966e-05 1.0762624864451985e-07 1.0013402888889823e-41 1.9479813540066235e-06
554.0 0.00040093958915127703 4.445145698881531e-05 1.1596222056745117e-07 1.2636553263258542e-41 2.087915696681915e-06
555.0 0.0004254935266975376 4.7361024141939e-05 1.2488396757698083e-07 1.5930156282807295e-41 2.2368720782639095e-06
556.0 0.000451359217853308 5.0438866880529566e-05 1.3442785211232897e-07 2.006124121897995e-41 2.395354970807903e-06
557.0 0.0004785942246455584 5.36931865184432e-05 1.446321350550558e-07 2.5237353279276565e-41 2.5638916784011224e-06
558.0 0.000507257880478648 5.713248619571161e-05 1.5553704989094103e-07 3.1716111054614104e-41 2.7430330220533474e-06
559.0 0.0005374113016504195 6.076557612752686e-05 1.671848781278312e-07 3.981695348569899e-41 2.933354023326844e-06
560.0 0.0005691173962476373 6.460157858657308e-05 1.7962002587694017e-07 4.993556272727078e-41 3.1354545850589613e-06
561.0 0.0006024408702634571 6.864993259255586e-05 1.9288910149585803e-07 6.256155386957452e-41 3.349960167439256e-06
562.0 0.0006374482307874471 7.292039828310973e-05 2.0704099418482377e-07 7.83001487792863e-41 3.5775224576599925e-06
563.0 0.0006742077861022767 7.742306093784161e-05 2.2212695341310628e-07 9.789870369188108e-41 3.818820031180454e-06
564.0 0.0007127896425414518 8.216833462901261e-05 2.382006690488521e-07 1.2227914381326043e-40 4.074559002667673e-06
565.0 0.0007532656979460001 8.716696546992562e-05 2.55318352050279e-07 1.525775792375123e-40 4.345473664493665e-06
566.0 0.0007957096315673201 9.243003443258818e-05 2.7353881556842866e-07 1.901926423107017e-40 4.6323271106278115e-06
567.0 0.0008401968902686197 9.796895970627966e-05 2.9292355630261696e-07 2.368444058948289e-40 4.935911843700101e-06
568.0 0.000886804670866266 0.00010379549856682018 3.135368359347064e-07 2.9464612516910964e-40 5.257050362851859e-06
569.0 0.0009356118984728119 0.00010992174872817243 3.354457624637748e-07 3.6619150494528477e-40 5.596595730013604e-06
570.0 0.000986699200693803 0.00011636014914637199 3.587203712477669e-07 4.546607445118432e-40 5.955432112098831e-06
571.0 0.0010401488775351685 0.00012312348024580712 3.834337055482066e-07 5.639492699867479e-40 6.334475296533078e-06
572.0 0.0010960448668943937 0.00013022486353930416 4.0966189636774616e-07 6.9882385041005704e-40 6.734673177540657e-06
573.0 0.0011544727054977803 0.00013767776061172126 4.3748424135404617e-07 8.651117323600908e-40 7.157006210451814e-06
574.0 0.001215519485161459 0.00014549597143809673 4.6698328253640644e-07 1.069929547093813e-39 7.602487831290716e-06
575.0 0.0012792738042611905 0.00015369363200785102 4.982448826517437e-07 1.3219600774758925e-39 8.072164838858468e-06
576.0 0.0013458257142977873 0.0001622852112263416 5.313582998044301e-07 1.6317865585644224e-39 8.567117736445301e-06
577.0 0.0014152666614518654 0.00017128550706550018 5.664162601942341e-07 2.012296071870218e-39 9.088461030258908e-06
578.0 0.001487689423040222 0.00018070964193716475 6.035150286410428e-07 2.4791658332678612e-39 9.637343481686696e-06
579.0 0.0015631880387805563 0.0001905730572617182 6.427544766200974e-07 3.051448831915911e-39 1.0214948310390411e-05
580.0 0.001641857736790958 0.00020089150720673383 6.842381475165127e-07 3.7522784269779284e-39 1.0822493345275904e-05
581.0 0.0017237948542611955 0.00021168105157136526 7.280733187996795e-07 4.609715237705525e-39 1.1461231120373117e-05
582.0 0.0018090967527315837 0.00022295804779184398 7.743710608051493e-07 5.657764072621661e-39 1.2132448912579027e-05
583.0 0.0018978617279455851 0.00023473914204697702 8.232462918120018e-07 6.937593854493418e-39 1.283746871834658e-05
584.0 0.0019901889142335464 0.00024704125944133976 8.748178290881813e-07 8.498999648530497e-39 1.357764716628119e-05
585.0 0.00208617818341791 0.0002598815932478065 9.292084355786551e-07 1.0402153154222383e-38 1.4354375362766477e-05
586.0 0.002185930038222558 0.00027327759319008006 9.865448618968313e-07 1.271969656513387e-38 1.5169078667636707e-05
587.0 0.002289545500201833 0.00028724695274995 1.046957883283168e-06 1.553924475584114e-38 1.6023216397088283e-05
588.0 0.002397125992206196 0.0003018075954842451 1.1105823311854513e-06 1.8966372576161443e-38 1.691828145099294e-05
589.0 0.0025087732154180603 0.00031697766033862164 1.1775571191128592e-06 2.3128177916517883e-38 1.7855799861855156e-05
590.0 0.0026245890210157418 0.000332775485948533 1.2480252624179956e-06 2.817752749853589e-38 1.8837330262799787e-05
591.0 0.002744675276517212 0.00034921959391716724 1.3221338916498039e-06 3.4298111439741544e-38 1.986446327191338e-05
592.0 0.0028691337269010817 0.00036632867106615763 1.4000342591338348e-06 4.171045500208007e-38 2.0938820790574625e-05
593.0 0.0029980658505927497 0.0003841215506540242 1.4818817384252927e-06 5.067906209292387e-38 2.206205521334202e-05
594.0 0.003131572710430844 0.0004026171925611218 1.5678358162870732e-06 6.152089566030513e-38 2.3235848547167146e-05
595.0 0.003269754799744662 0.00042183466244230533 1.6580600768474834e-06 7.461543582094489e-38 2.4461911437830657e-05
596.0 0.003412711883695189 0.0004417931098518319 1.7527221775991674e-06 9.04165981986808e-38 2.574198210168552e-05
597.0 0.003560542836031109 0.00046251174534543227 1.8519938168969946e-06 1.0946684347351422e-37 2.7077825160816986e-05
598.0 0.0037133454714585582 0.00048400981657120245 1.9560506926345413e-06 1.3241386563276623e-37 2.8471230380126738e-05
599.0 0.0038712163738041754 0.0005063065833591852 2.065072451768348e-06 1.6003031211824285e-37 2.9924011304761015e-05
600.0 0.004034250720206722 0.0005294212918274785 2.1792426303882283e-06 1.9323706540910386e-37 3.143800379679018e-05
601.0 0.004202542101546086 0.0005533731475200787 2.298748584019721e-06 2.3313070420376903e-37 3.30150644699218e-05
602.0 0.004376182339388107 0.0005781812876016339 2.423781407884762e-06 2.81015865148472e-37 3.465706902165475e-05
603.0 0.004555261299679527 0.0006038647521294266 2.5545358468272726e-06 3.3844334514478464e-37 3.636591046203767e-05
604.0 0.004739866703496969 0.0006304424544330434 2.6912101946536355e-06 4.0725492211912216e-37 3.814349723884876e-05
605.0 0.004930083935152272 0.00065793315063305 2.834006182645019e-06 4.896360315506111e-37 3.999175125912785e-05
606.0 0.005125995847941024 0.0006863554083290412 2.9831288569980347e-06 5.881776202290331e-37 4.19126058069991e-05
607.0 0.005327682567891803 0.0007157275744979514 3.138786445000086e-06 7.059487113092834e-37 4.390800335843083e-05
608.0 0.0055352212958587835 0.0007460677426428148 3.3011902097498992e-06 8.465814598812708e-37 4.597989329362385e-05
609.0 0.005748686108286179 0.0007773937192314838 3.4705542932379523e-06 1.0143707607117998e-36 4.8130229507764066e-05
610.0 0.005968147757064985 0.0008097229894784796 3.6470955476706284e-06 1.2143907949219282e-36 5.036096792181115e-05
611.0 0.006193673468819648 0.000843072682513406 3.831033354889594e-06 1.4526312761953182e-36 5.267406389450336e-05
612.0 0.006425326744063964 0.0008774595359944469 4.022589433816604e-06 1.7361565866311293e-36 5.507146953780202e-05
613.0 0.006663167156602404 0.0009128998602184247 4.221987635835986e-06 2.0732914853349265e-36 5.755513093768631e-05
614.0 0.006907250153616933 0.0009494095017890115 4.429453728086955e-06 2.4738376381938255e-36 6.01269852829649e-05
615.0 0.007157626856863651 0.0009870038069041416 4.645215164652047e-06 2.9493258649935258e-36 6.278895790487637e-05
616.0 0.007414343865418096 0.0010256975843271512 4.869500845661228e-06 3.513309741442042e-36 6.554295923061234e-05
617.0 0.007677443060407764 0.0010655050681077736 5.102540864357452e-06 4.181707041534707e-36 6.83908816541466e-05
618.0 0.007946961412201074 0.0011064398801249274 5.344566242217112e-06 4.973196474448137e-36 7.133459632828226e-05
619.0 0.008222930790496583 0.0011485149925213787 5.595808652231781e-06 5.909678275973413e-36 7.437594988187406e-05
620.0 0.008505377777780598 0.0011917426901053717 5.856500130504409e-06 7.016808475684336e-36 7.751676106667311e-05
621.0 0.008794323486623987 0.001236134532796378 6.1268727763475665e-06 8.324618098087136e-36 8.075881733855082e-05
622.0 0.009089783381272877 0.0012817013181915182 6.40715844109399e-06 9.868230191931304e-36 8.410387137800139e-05
623.0 0.009391767104025627 0.0013284530443361693 6.69758840589089e-06 1.1688689442608871e-35 8.755363755546116e-05
624.0 0.009700278306836754 0.0013763988727767337 6.998393048750435e-06 1.3833921236976814e-35 9.110978834681469e-05
625.0 0.010015314488632904 0.0014255470919813796 7.309801501196789e-06 1.6359839450611973e-35 9.477395070516377e-05
626.0 0.010336866838800748 0.0014759050812127683 7.632041294872265e-06 1.9331624950615564e-35 9.854770239502145e-05
627.0 0.01066492008730361 0.0015274792749379196 7.965337998502224e-06 2.2825199893251215e-35 0.00010243256829536905
628.0 0.010999452361879493 0.0015802751278614446 8.30991484565669e-06 2.6928926390208464e-35 0.00010643001667829424
629.0 0.011340435052758068 0.0016342970806678015 8.665992353777066e-06 3.174556207063546e-35 0.00011054145547009592
630.0 0.011687832685365798 0.0016895485265643372 9.033787935003196e-06 3.739450953470301e-35 0.00011476822850236583
631.0 0.012041602801389124 0.0017460317787041633 9.41351549930433e-06 4.40144017405867e-35 0.00011911161175991115
632.0 0.012401695848674286 0.0018037480385850557 9.8053850505442e-06 5.17660710609541e-35 0.00012357280963375301
633.0 0.012768055080308139 0.0018626973655026203 1.0209602276051878e-05 6.08359561635356e-35 0.00012815295118643322
634.0 0.013140616463330076 0.0019228786471527325 1.0626368130397432e-05 7.144000810060025e-35 0.00013285308643821726
635.0 0.013519308597372479 0.0019842895714573773 1.1055878413995939e-05 8.382816512772054e-35 0.00013767418268156344
636.0 0.013904052643670322 0.002046926599710155 1.1498323347322417e-05 9.828947492095384e-35 0.00014261712083295813
637.0 0.014294762264695124 0.002110784941111935 1.1953887141417267e-05 1.151579531377255e-34 0.00014768269182965257
638.0 0.014691343574800165 0.002175858528787463 1.2422747565512168e-05 1.3481927880251185e-34 0.00015287159308043904
639.0 0.015093695102135827 0.0022421399973561176 1.290507551254789e-05 1.5771843993400117e-34 0.00015818442497859438
640.0 0.015501707762129491 0.002309620662136175 1.3401034563427908e-05 1.8436845732550322e-34 0.0001636216874857367
641.0 0.015915264842761578 0.0023782905000536148 1.3910780550842679e-05 2.153603306172987e-34 0.00016918377679495247
642.0 0.016334242001904878 0.0024481381323325528 1.4434461123572937e-05 2.5137436895162274e-34 0.00017487098208216734
643.0 0.0167585072768983 0.002519150809030958 1.4972215312139954e-05 2.9319308878625852e-34 0.00018068348235396212
644.0 0.01718792110656601 0.0025913143954918285 1.552417309674656e-05 3.417158840962839e-34 0.00018662134340067832
645.0 0.017622336365793176 0.002664613360765656 1.6090454978404195e-05 3.979756994660533e-34 0.00019268451486279488
646.0 0.01806159841283499 0.0027390307680703234 1.6671171554238402e-05 4.631579647491981e-34 0.00019887282741945923
647.0 0.01850554514943134 0.00281454826733925 1.7266423097909366e-05 5.386220813542408e-34 0.00020518599010710804
648.0 0.018954007093779188 0.00289114608990576 1.787629914609996e-05 6.25925785136275e-34 0.00021162358777604493
649.0 0.019406807466463245 0.002968803045379217 1.850087809210283e-05 7.2685274970960325e-34 0.00021818507869352473
650.0 0.019863762289278226 0.003047496520743068 1.914022678741494e-05 8.434438371356975e-34 0.00022486979230017248
651.0 0.02032468049699213 0.0031272024817226227 1.9794400152385813e-05 9.780324508367991e-34 0.0002316769271279601
652.0 0.020789364061976102 0.003207895476451267 2.046344079687746e-05 1.1332844987024505e-33 0.00023860554888667247
653.0 0.021257608131606074 0.00328954864146055 2.11473786518996e-05 1.3122435332240254e-33 0.00024565458872563675
654.0 0.021729201178354255 0.003372133710020927 2.1846230613217498e-05 1.5183817006787322e-33 0.00025282284167766483
655.0 0.02220392516243646 0.0034556210228517893 2.2560000197903137e-05 1.7556572035040043e-33 0.00026010896529162674
656.0 0.022681555706800544 0.0035399795412060513 2.3288677214735486e-05 2.0285790597248467e-33 0.0002675114784591228
657.0 0.02316186228431954 0.003625176862346124 2.4032237449450066e-05 2.342280031364958e-33 0.0002750287604416291
658.0 0.023644608416907725 0.0037111792374047645 2.4790642365704826e-05 2.702598690953646e-33 0.00028265905010276535
659.0 0.02412955188633493 0.0037979515916321473 2.55638388226961e-05 3.1161717024203475e-33 0.0002904004453509419
660.0 0.024616444956437594 0.003885457547017585 2.6351758810286008e-05 3.590537510753081e-33 0.00029825090279665917
661.0 0.02510503460640887 0.003973659447270653 2.715431920249044e-05 4.134252764804836e-33 0.0003062082376284474
662.0 0.025595062774833734 0.004062518385142657 2.7971421530158422e-05 4.7570229406473674e-33 0.0003142701237111075
663.0 0.026086266614091858 0.004151994232061256 2.8802951773626695e-05 5.4698487900605185e-33 0.00032243409390925865
664.0 0.026578378754739118 0.004242045670047872 2.964878017611437e-05 6.285190411386718e-33 0.0003306975406388925
665.0 0.02707112757943387 0.004332630225878791 3.050876107856434e-05 7.217150929418881e-33 0.00033905771664889374
666.0 0.027564237505976346 0.004423704307449686 3.1382732776628776e-05 8.281681978720034e-33 0.0003475117360343125
667.0 0.028057429278973086 0.004515223242292708 3.227051740041826e-05 9.4968134123446e-33 0.000356056575482253
668.0 0.02855042026966583 0.004607141318197767 3.317192081764526e-05 1.0882909907079382e-32 0.00036468907575132954
669.0 0.029042924783372503 0.004699411825873346 3.408673256066821e-05 1.2462957408814914e-32 0.0003734059433842376
670.0 0.0295346543740457 0.004791987103589258 3.501472577798141e-05 1.426288265952977e-32 0.0003822037526534111
671.0 0.030025318165378394 0.004884818583729984 3.59556572105819e-05 1.6311909372625072e-32 0.00039107894773849635
672.0 0.03051462317788158 0.004977856841184007 3.6909267193605635e-05 1.864295497829927e-32 0.0004000278451339618
673.0 0.031002274661382428 0.005071051643496734 3.7875279683619017e-05 2.1293072247687983e-32 0.00040904663628515064
674.0 0.03148797643231587 0.0051643520026998365 3.885340231182453e-05 2.4303940526122325e-32 0.0004181313904497357
675.0 0.031971431215212315 0.005257706228732849 3.984332646343374e-05 2.772241176489868e-32 0.00042727805778156313
676.0 0.03245234098776368 0.005351061984366993 4.0844727383391824e-05 3.160111704026783e-32 0.0004364824726332054
677.0 0.03293040732883853 0.005444366341537352 4.1857264308577746e-05 3.599913979105571e-32 0.00044574035707300086
678.0 0.03340533176880284 0.005537565838984793 4.2880580626538246e-05 4.09827625957535e-32 0.00045504732461176524
679.0 0.03387681614150523 0.005630606541107086 4.391430406076216e-05 4.6626294949538484e-32 0.0004643988841339448
680.0 0.03434456293729098 0.005723434097917368 4.495804688245666e-05 5.301299019533538e-32 0.00047379044402764086
681.0 0.03480827565637447 0.005815993805999988 4.6011406148684844e-05 6.023606051449844e-32 0.00048321731650701713
682.0 0.03526765916193849 0.005908230670357964 4.7073963966715195e-05 6.83997996964192e-32 0.000492674722120676
683.0 0.03572242003229356 0.0060000894670378885 4.814528778432592e-05 7.762082428655104e-32 0.0005021577944386421
684.0 0.03617226691146662 0.006091514806422247 4.922493070579319e-05 8.802944466396071e-32 0.0005116615849106452
685.0 0.036616910857551296 0.006182451197070105 5.031243183317563e-05 9.977117862721167e-32 0.000521181067887381
686.0 0.03705606568820712 0.006272843109994613 5.140731663251776e-05 1.1300842117688365e-31 0.0005307111457967556
687.0 0.03748944832265558 0.006362635043256387 5.250909732447023e-05 1.2792228537927213e-31 0.0005402466544660598
688.0 0.037916779119565175 0.006451771586757638 5.361727329882046e-05 1.4471463048532475e-31 0.0005497823685812039
689.0 0.03833778221019801 0.006540197487115853 5.473133155232491e-05 1.6361029486707878e-31 0.0005593130072733497
690.0 0.03875218582623415 0.006627857712501534 5.585074714922677e-05 1.8485955282798305e-31 0.000568833239823458
691.0 0.039159722621668544 0.006714697517318536 5.6974983703740346e-05 2.087408159495535e-31 0.0005783376914744708
692.0 0.0395601299882281 0.006800662506612699 5.8103493883785223e-05 2.3556360136271e-31 0.0005878209493411617
693.0 0.03995315036372652 0.006885698700087078 5.923571993513588e-05 2.656717911844861e-31 0.0005972775684067574
694.0 0.040338531532852925 0.006969752595613984 6.0371094225197064e-05 2.994472093486156e-31 0.0006067020775961728
695.0 0.04071602691983377 0.007052771232122131 6.150903980545385e-05 3.373135441881604e-31 0.0006160889859143705
696.0 0.04108539587249583 0.007134702251750811 6.26489709917067e-05 3.7974064741074023e-31 0.0006254327886392577
697.0 0.04144640393724072 0.0072154939611583395 6.379029396110181e-05 4.272492425485846e-31 0.0006347279735578347
698.0 0.04179882312448317 0.007295095391877485 6.493240736495791e-05 4.804160785778527e-31 0.0006439690272345117
699.0 0.0421424321640844 0.007373456359605535 6.607470295628825e-05 5.39879567192252e-31 0.0006531504412997949
700.0 0.042477016750429135 0.007450527522335592 6.721656623102508e-05 6.063459451977059e-31 0.0006622667187489241
