200.0 2.5929189403899498e-05 1.027868389791328e-08 1.645093665064515e-14 2.322175611593475e-105 0.9999738554671996
201.0 2.732783558648571e-05 1.1263631673060851e-08 1.926487172471775e-14 8.060510888893232e-105 0.9999724327211054
202.0 2.8786946114323193e-05 1.2331782672894247e-08 2.252488666761249e-14 2.7636235287631927e-104 0.9999709470902931
203.0 3.0308423976579727e-05 1.3489181260540759e-08 2.6296027297573443e-14 9.361017939058729e-104 0.9999693964574317
204.0 3.18942052931374e-05 1.4742234827863067e-08 3.0651980465102075e-14 3.133088675150331e-103 0.9999677786557735
205.0 3.354625914171442e-05 1.6097730554901183e-08 3.567610664888928e-14 1.0363434964201265e-102 0.9999660914682069
206.0 3.5266587368445397e-05 1.7562852664722776e-08 4.1462581601098785e-14 3.3883692902200202e-102 0.9999643326265174
207.0 3.705722438216311e-05 1.914520017595272e-08 4.8117656953213215e-14 1.0952337520245943e-101 0.999962499810376
208.0 3.892023693266085e-05 2.0852805154797636e-08 5.576105043525326e-14 3.500448296502495e-101 0.99996059064644
209.0 4.0857723873202826e-05 2.2694151467897287e-08 6.452747714449193e-14 1.1063985653766118e-100 0.9999586027072292
210.0 4.287181590758969e-05 2.4678194036869746e-08 7.456833412621842e-14 3.4589127884594846e-100 0.9999565335103031
211.0 4.496467532205518e-05 2.6814378594910734e-08 8.605355139985206e-14 1.0697329337479361e-99 0.9999543805171205
212.0 4.713849570230113e-05 2.9112661945327132e-08 9.917362348018012e-14 3.2732958944870457e-99 0.9999521411317177
213.0 4.939550163601676e-05 3.158353272140999e-08 1.141418364069729e-13 9.911387614160021e-99 0.9999498126998825
214.0 5.173794840115535e-05 3.423803264650588e-08 1.3119670630759836e-13 2.9702081481002155e-98 0.9999473925077668
215.0 5.416812164032923e-05 3.70877782926913e-08 1.5060464657830708e-13 8.81059589763935e-98 0.9999448777806544
216.0 5.668833702164598e-05 4.014498333593123e-08 1.7266288188108276e-13 2.587326490085059e-97 0.999942265681697
217.0 5.930093988632194e-05 4.342248130509531e-08 1.9770262831586797e-13 7.522898273010994e-97 0.9999395533105159
218.0 6.200830488342109e-05 4.693374882171448e-08 2.2609256034341773e-13 2.166040050918352e-96 0.9999367377018167
219.0 6.481283559206816e-05 5.069292932685009e-08 2.582425863030623e-13 6.176655352022744e-96 0.9999338158239715
220.0 6.77169641314779e-05 5.471485729093984e-08 2.9460795569305065e-13 1.744628821866122e-95 0.9999307845774643
221.0 7.07231507591632e-05 5.9015082901996064e-08 3.3569372275993774e-13 4.881706481925901e-95 0.999927640793302
222.0 7.383388345767846e-05 6.360989722703131e-08 3.8205959237827793e-13 1.35336324597603e-94 0.9999243812314356
223.0 7.705167751025602e-05 6.851635784108736e-08 4.3432517569341067e-13 3.7177941908253933e-94 0.9999210025790986
224.0 8.037907506568207e-05 7.375231491774778e-08 4.931756845489261e-13 1.012133393742365e-93 0.9999175014489607
225.0 8.381864469278786e-05 7.933643777454487e-08 5.593680953273179e-13 2.731013528965914e-93 0.9999138743772442
226.0 8.737298092494535e-05 8.52882418662184e-08 6.337378144974946e-13 7.304575087404476e-93 0.9999101178221864
227.0 9.104470379483574e-05 9.162811621818244e-08 7.172058798857769e-13 1.9368745319894384e-92 0.9999062281616501
228.0 9.483645835997833e-05 9.837735129230642e-08 8.107867334709256e-13 5.092053708135821e-92 0.999902201691456
229.0 9.87509142192674e-05 1.0555816727642629e-07 9.155966033438079e-13 1.3274497352265724e-91 0.9998980346231087
230.0 0.00010279076502093862 1.1319374278870802e-07 1.0328625343741038e-12 3.4318210756220374e-91 0.9998937230816188
231.0 0.00010695872796233274 1.2130824398751582e-07 1.1639321090858083e-12 8.799532969756577e-91 0.9998892631035304
232.0 0.00011125754328173198 1.2992685407687877e-07 1.3102839022607835e-12 2.2380471104166973e-90 0.9998846506343295
233.0 0.00011568997374270802 1.3907580319741698e-07 1.473538714867937e-12 5.646753495605477e-90 0.9998798815261493
234.0 0.00012025880411131594 1.4878239869205993e-07 1.6554716350498958e-12 1.413491012085917e-89 0.9998749515355279
235.0 0.00012496684062639253 1.5907505573539488e-07 1.8580249760903277e-12 3.510716359559244e-89 0.999869856320504
236.0 0.000129816910463472 1.6998332831538728e-07 2.0833221435378066e-12 8.652667484227622e-89 0.9998645914384834
237.0 0.00013481186119245058 1.815379405553848e-07 2.3336824859625003e-12 2.1164024109109806e-88 0.999859152343155
238.0 0.00013995456022950834 1.9377081836439746e-07 2.611637186188117e-12 5.137858180606093e-88 0.9998535343818888
239.0 0.00014524789428354873 2.067151214029913e-07 2.919946252252675e-12 1.23806253313643e-87 0.9998477327929974
240.0 0.00015069476879745608 2.2040527535183188e-07 3.261616669820515e-12 2.961555956779107e-87 0.9998417427027141
241.0 0.00015629810738453011 2.3487700446964772e-07 3.639921780287994e-12 7.033213780341535e-87 0.9998355591221763
242.0 0.00016206085126041595 2.5016736442703435e-07 4.058421951395524e-12 1.6583766461966534e-86 0.9998291769444108
243.0 0.00016798595867083057 2.6631477540216014e-07 4.520986609776619e-12 3.882811717425826e-86 0.9998225909412312
244.0 0.00017407640431535174 2.833590554241135e-07 5.031817707539865e-12 9.027780454595287e-86 0.9998157957598476
245.0 0.00018033517876763302 3.0134145394946427e-07 5.59547469769303e-12 2.0846071630009235e-85 0.9998087859195766
246.0 0.0001867652878923446 3.203046856572927e-07 6.216901095973145e-12 4.780931474429438e-85 0.9998015558086543
247.0 0.00019336975225900542 3.402929644474255e-07 6.901452709436932e-12 1.0891351013697142e-84 0.9997940996804686
248.0 0.00020015160655312853 3.6135203762681827e-07 7.654927615009884e-12 2.4647180256327003e-84 0.9997864116500443
249.0 0.0002071138989849171 3.835292202684859e-07 8.483597974059012e-12 5.5411986274906385e-84 0.9997784856905209
250.0 0.0002142596906957373 4.068734297271529e-07 9.39424377196028e-12 1.2377284375750256e-83 0.9997703156293993
251.0 0.00022159205516260252 4.3143522029559356e-07 1.039418857457061e-11 2.7470453835449425e-83 0.9997618951445013
252.0 0.00022911407760109982 4.572668179858098e-07 1.1491337396490145e-11 6.058403834560957e-83 0.9997532177604076
253.0 0.00023682885436672636 4.844221554181737e-07 1.2694216778975896e-11 1.3278074586535412e-82 0.999744276844135
254.0 0.00024473949235514575 5.129569068025019e-07 1.4012017178409717e-11 2.892201575968281e-82 0.9997350656012428
255.0 0.0002528491084014725 5.42928522994137e-07 1.5454637769244447e-11 6.261381240543283e-82 0.9997255770717963
256.0 0.00026116082867869866 5.743962666079581e-07 1.70327337684061e-11 1.347382628662244e-81 0.9997158041257611
257.0 0.00026967778809579935 6.074212471739824e-07 1.8757766391226113e-11 2.882182885730607e-81 0.9997057394591087
258.0 0.0002784031296953774 6.420664563167483e-07 2.0642055552019156e-11 6.129034066055618e-81 0.9996953755892124
259.0 0.00028734000405122043 6.78396802941594e-07 2.269883542554134e-11 1.295782448749617e-80 0.9996847048502376
260.0 0.00029649156866608494 7.164791484107833e-07 2.4942312988653768e-11 2.7237729421933464e-80 0.9996737193889197
261.0 0.0003058609873695716 7.563823416913651e-07 2.7387729664581276e-11 5.692947837855934e-80 0.9996624111595726
262.0 0.00031545142971667653 7.981772544581808e-07 3.005142619529353e-11 1.1832031273426381e-79 0.9996507719197212
263.0 0.00032526607038677914 8.419368161335365e-07 3.295091087056066e-11 2.4454854854960757e-79 0.9996387932249682
264.0 0.00033530808858360707 8.877360488467992e-07 3.610493124536655e-11 5.0266888024320696e-79 0.9996264664243393
265.0 0.0003455806674361002 9.356521022957278e-07 3.9533549480373804e-11 1.0276307149056898e-78 0.9996137826552907
266.0 0.0003560869934004412 9.857642884921333e-07 4.3258221443195716e-11 2.0895701346896417e-78 0.9996007328387676
267.0 0.0003668302556632295 1.0381541163737449e-06 4.730187971122473e-11 4.22637335543873e-78 0.9995873076738298
268.0 0.0003778136455463291 1.0929053262656088e-06 5.1689020619810596e-11 8.503459330991866e-78 0.9995734976329448
269.0 0.00038904035591290733 1.150103924171644e-06 5.6445795502425496e-11 1.7020242615186647e-77 0.9995592929562315
270.0 0.0004005135805754963 1.209838215880619e-06 6.160010627253291e-11 3.3892473186466877e-77 0.9995446836466082
271.0 0.00041223651370556535 1.2721988408670931e-06 6.718170549958871e-11 6.714797061342321e-77 0.9995296594641304
272.0 0.0004242123492451499 1.3372788059708967e-06 7.322230113458195e-11 1.3236677360902466e-76 0.9995142099207089
273.0 0.0004364442803204008 1.405173518836843e-06 7.97556660432169e-11 2.5963636722598978e-76 0.999498324274538
274.0 0.00044893549865724307 1.475980821097348e-06 8.681775250762206e-11 5.0677613120319533e-76 0.9994819915245264
275.0 0.0004616891939992104 1.5498010212803452e-06 9.444681186013221e-11 9.843604596769344e-76 0.999465200404631
276.0 0.0004747085535276279 1.6267369274253412e-06 1.0268351941532774e-10 1.9028410243729255e-75 0.9994479393783324
277.0 0.00048799676128397556 1.7068938793893635e-06 1.1157110486900333e-10 3.6608658353176386e-75 0.9994301966326794
278.0 0.000501556997594816 1.7903797808265142e-06 1.2115548833531775e-10 7.01003812490946e-75 0.999411960072621
279.0 0.0005153924384990616 1.87730513082288e-06 1.3148542219567457e-10 1.3360852994110445e-74 0.9993932173150019
280.0 0.000529506255177989 1.967783055170854e-06 1.4261263893532936e-10 2.534818654348585e-74 0.9993739556829421
281.0 0.0005439016133874962 2.0619293372638094e-06 1.545920051457657e-10 4.787181160651768e-74 0.9993541621994962
282.0 0.0005585816728933256 2.159862448596525e-06 1.6748168187331013e-10 9.000241088807894e-74 0.9993338235819367
283.0 0.0005735495869087013 2.261703578852368e-06 1.8134329149622548e-10 1.6845755397599604e-73 0.9993129262355087
284.0 0.0005888085015348591 2.367576665562061e-06 1.9624209131472538e-10 3.139130476928565e-73 0.9992914562475224
285.0 0.0006043615552040575 2.4776084233156934e-06 2.1224715403998166e-10 5.824128508519473e-73 0.9992693993809649
286.0 0.0006202118781255618 2.5919283725132098e-06 2.2943155537020572e-10 1.075907978495781e-72 0.9992467410684959
287.0 0.0006363625917342756 2.7106688676356537e-06 2.4787256884329665e-10 1.9790716592152347e-72 0.9992234664062064
288.0 0.0006528168081420578 2.833965125020789e-06 2.676518681571422e-10 3.625012147696912e-72 0.999199560147232
289.0 0.0006695776295920383 2.9619552501283397e-06 2.8885573715023155e-10 6.612079132252714e-72 0.9991750066957024
290.0 0.0006866481479152933 3.09478026427592e-06 3.1157528763610913e-10 1.201063750176584e-71 0.9991497901000262
291.0 0.000704031443990848 3.232584130833972e-06 3.3590668528700556e-10 2.1727615627376625e-71 0.9991238940470316
292.0 0.0007217305872078215 3.3755137808587306e-06 3.6195138376213574e-10 3.914662910904647e-71 0.9990973018551583
293.0 0.0007397486349307875 3.523719138152306e-06 3.8981636727797635e-10 7.0247522434412575e-71 0.9990699964683655
294.0 0.0007580886319674675 3.6773531437305415e-06 4.1961440181770806e-10 1.2555667129518646e-70 0.9990419604494675
295.0 0.0007767536100393458 3.836571779685864e-06 4.514642951783194e-10 2.2353126539583344e-70 0.999013175973809
296.0 0.0007957465872549275 4.001534092428868e-06 4.85491166053876e-10 3.964092540434056e-70 0.9989836248228952
297.0 0.0008150705675853537 4.1724022152921435e-06 5.218267223537387e-10 7.002827134685288e-70 0.9989532883776863
298.0 0.0008347285403430266 4.3493413904847566e-06 5.606095489551876e-10 1.23237818127726e-69 0.9989221476124286
299.0 0.0008547234796622615 4.5325199903778115e-06 6.019854050889402e-10 2.160589208727849e-69 0.9988901830878603
300.0 0.0008750583439827867 4.7221095381106654e-06 6.461075315569141e-10 3.7737612726118967e-69 0.9988573749448554
301.0 0.0008957360755356061 4.918284727501159e-06 6.931369679804962e-10 6.566997576818954e-69 0.9988237028979788
302.0 0.0009167595998310794 5.121223442244663e-06 7.432428802771914e-10 1.1385850557727386e-68 0.9987891462288503
303.0 0.0009381318251496063 5.331106774390198e-06 7.966028985632056e-10 1.9669171193813806e-68 0.9987536837798507
304.0 0.000959855642034158 5.548119042075455e-06 8.534034656778509e-10 3.3856663611057804e-68 0.9987172939473592
305.0 0.0009819339227855033 5.772447806511898e-06 9.138401965257529e-10 5.807044165484584e-68 0.9986799546755629
306.0 0.0010043695209590393 6.00428388820006e-06 9.78118248430094e-10 9.925082511689279e-68 0.9986416434497078
307.0 0.0010271652708642536 6.2438213823677064e-06 1.046452702690436e-09 1.6904257723263836e-67 0.998602337289973
308.0 0.0010503239870654584 6.491257673609554e-06 1.1190689575349404e-09 2.8691670128372087e-67 0.9985620127446369
309.0 0.0010738484638851329 6.746793449723469e-06 1.1962031326574084e-09 4.8531964049984576e-67 0.9985206458839708
310.0 0.0010977414749086978 7.01063271472312e-06 1.278102485525291e-09 8.181380696771447e-67 0.9984782122937542
311.0 0.0011220057724910676 7.282982801016324e-06 1.3650258396438246e-09 1.3745679997921656e-66 0.9984346870688544
312.0 0.0011466440872649891 7.564054380736659e-06 1.4572440249589763e-09 2.3017638435552967e-66 0.9983900448069525
313.0 0.0011716591276507893 7.854061476213253e-06 1.5550403305785684e-09 3.8417052424891705e-66 0.998344259602139
314.0 0.0011970535793678044 8.153221469568236e-06 1.6587109699889918e-09 6.391013231281803e-66 0.9982973050387144
315.0 0.001222830104947177 8.46175511142774e-06 1.7685655589411779e-09 1.0597691606359978e-65 0.9982491541849978
316.0 0.001248991343245782 8.77988652873249e-06 1.884927606176094e-09 1.7517092995422576e-65 0.998199779587007
317.0 0.0012755399089616104 9.107843231638446e-06 2.008135017157594e-09 2.8862579102778282e-65 0.9981491532623897
318.0 0.0013024783921500806 9.445856119491887e-06 2.138540610975247e-09 4.740711844372039e-65 0.9980972466942247
319.0 0.0013298093577416305 9.794159485869928e-06 2.2765126505773572e-09 7.762473274505886e-65 0.9980440308250778
320.0 0.0013575353450600432 1.0152991022670806e-05 2.422435386488776e-09 1.2671191967145816e-64 0.9979894760509296
321.0 0.0013856588673416762 1.052259182324378e-05 2.5767096141646683e-09 2.0620923599106546e-64 0.9979335522152132
322.0 0.0014141824112556 1.090320638454746e-05 2.7397532451270083e-09 3.345679903448544e-64 0.997876228603016
323.0 0.0014431084364239155 1.129508260831962e-05 2.91200189202365e-09 5.4120086531396564e-64 0.9978174739350053
324.0 0.0014724393749433805 1.169847180125631e-05 3.093909467749054e-09 8.728556643172972e-64 0.997757256361954
325.0 0.0015021776309068354 1.2113628674177342e-05 3.2859487987547774e-09 1.4036154285617583e-63 0.997695543458851
326.0 0.0015323255799253059 1.25408113401744e-05 3.488612252677124e-09 2.2505430310326495e-63 0.9976323022193176
327.0 0.0015628855686503204 1.298028131172701e-05 3.7024123804010383e-09 3.5980864734762115e-63 0.9975674990500474
328.0 0.0015938599142963875 1.3432303496775459e-05 3.927882572674038e-09 5.736043236133782e-63 0.9975010997653154
329.0 0.0016252509041634478 1.3897146193738551e-05 4.165577731377248e-09 9.118451592158729e-63 0.9974330695815089
330.0 0.001657060795159675 1.4375081085468611e-05 4.416074955555795e-09 1.445469118896271e-62 0.9973633731119694
331.0 0.001689291813323618 1.4866383232125084e-05 4.679974242300477e-09 2.285002200836446e-62 0.9972919743615737
332.0 0.0017219461533466282 1.537133106296442e-05 4.957899202570462e-09 3.602180092131446e-62 0.9972188367217197
333.0 0.0017550259780944218 1.5890206367025646e-05 5.250497792034327e-09 5.6631229883133665e-62 0.997143922965057
334.0 0.0017885334181289938 1.64232942827129e-05 5.558443057005505e-09 8.87910081449603e-62 0.9970671952407655
335.0 0.0018224705712293035 1.6970883286249967e-05 5.882433895532822e-09 1.3884010194410597e-61 0.9969886150694869
336.0 0.0018568395019120775 1.7533265179009762e-05 6.223195833707151e-09 2.165230817120606e-61 0.9969081433387568
337.0 0.0018916422409510536 1.8110735073692722e-05 6.58148181722806e-09 3.367806153882916e-61 0.9968257402980432
338.0 0.001926880784896352 1.8703591379360392e-05 6.958073018275938e-09 5.2246082660387164e-61 0.9967413655543882
339.0 0.0019625570955926503 1.9312135785301813e-05 7.353779657717879e-09 8.084146408015028e-61 0.9966549780679407
340.0 0.001998673099696148 1.9936673243722795e-05 7.769441842669232e-09 1.24766590764253e-60 0.9965665361474729
341.0 0.0020352306881909494 2.0577511951254792e-05 8.205930419427399e-09 1.920684100801237e-60 0.9964759974462243
342.0 0.0020722317159043865 2.1234963329268474e-05 8.664147841779998e-09 2.9492850463534554e-60 0.9963833189578708
343.0 0.0021096780010205216 2.1909342002975944e-05 9.145029054679548e-09 4.517418191254424e-60 0.9962884570123002
344.0 0.0021475713245933275 2.2600965779325633e-05 9.649542393274745e-09 6.902176138843006e-60 0.9961913672719485
345.0 0.00218591343005765 2.331015562366333e-05 1.0178690497265722e-08 1.0519941323539825e-59 0.9960920047278422
346.0 0.002224706022739537 2.403723563516381e-05 1.0733511240553435e-08 1.5994894140967565e-59 0.9959903236961143
347.0 0.0022639507693649166 2.4782533021015588e-05 1.1315078676133109e-08 2.426047636794769e-59 0.9958862778145607
348.0 0.0023036492975659186 2.5546378069340265e-05 1.1924503996170433e-08 3.6709308403876483e-59 0.9957798200389586
349.0 0.0023438031953872274 2.6329104120864025e-05 1.2562936507203326e-08 5.541418164440125e-59 0.9956709026402372
350.0 0.0023844140107891812 2.713104753929557e-05 1.3231564620373774e-08 8.345306750818768e-59 0.9955594772010805
351.0 0.002425483251149901 2.795254768042739e-05 1.3931616856609193e-08 1.253860035792697e-58 0.9954454946130037
352.0 0.0024670123827662915 2.8793946859949456e-05 1.4664362866649909e-08 1.879532355572037e-58 0.9953289050738182
353.0 0.0025090028303515906 2.965559031993977e-05 1.543111446579414e-08 2.8109496095578223e-58 0.9952096580845686
354.0 0.0025514559765326887 3.0537826194059546e-05 1.623322668325072e-08 4.194374871655951e-58 0.9950877024472944
355.0 0.0025943731613444934 3.1441005471414025e-05 1.7072098825944097e-08 6.244543269864286e-58 0.9949629862625096
356.0 0.0026377556817231726 3.236548195908989e-05 1.7949175556629267e-08 9.27601838237885e-58 0.9948354569271607
357.0 0.002681604790996317 3.331161224333834e-05 1.886594798613794e-08 1.3748589499350606e-57 0.9947050611323184
358.0 0.002725921698372433 3.427975564942431e-05 1.9823954779593194e-08 2.0332854814594923e-57 0.994571744861544
359.0 0.0027707075684273745 3.527027420010358e-05 2.0824783276382526e-08 3.0004762983763224e-57 0.994435453389027
360.0 0.002815963520588548 3.628353257272971e-05 2.187007062369023e-08 4.418160975013093e-57 0.9942961312778393
361.0 0.0028616906286186915 3.73198980550054e-05 2.2961504923379655e-08 6.491725440989165e-57 0.9941537223789629
362.0 0.0029078899200951805 3.837974049931781e-05 2.4100826391963755e-08 9.518175728421709e-57 0.9940081698296209
363.0 0.0029545623758888595 3.946343227570217e-05 2.5289828533442204e-08 1.39261115009385e-56 0.9938594160523956
364.0 0.003001708929640646 4.0571348223400854e-05 2.653035932473148e-08 2.0332749744192722e-56 0.9937074027544558
365.0 0.0030493304672345152 4.170386560099374e-05 2.7824322413395778e-08 2.96251051828971e-56 0.9935520709264752
366.0 0.003097427826270894 4.286136403514327e-05 2.9173678327420976e-08 4.307532702845679e-56 0.9933933608425831
367.0 0.0031460017955351163 4.404422546787617e-05 3.058044569667733e-08 6.250423440434665e-56 0.9932312120595661
368.0 0.0031950531144657856 4.5252834102458475e-05 3.204670248578952e-08 9.051273101636535e-56 0.9930655634169182
369.0 0.003244582472620495 4.648757634782243e-05 3.357458723805275e-08 1.3080862763403047e-55 0.9928963530369143
370.0 0.0032945905091385508 4.7748840761531485e-05 3.516630033003708e-08 1.8866730364712428e-55 0.9927235183245762
371.0 0.003345077812202881 4.90370179913072e-05 3.682410523652847e-08 2.7157975625325363e-55 0.9925469959682377
372.0 0.0033960449184992506 5.035250071508391e-05 3.855032980540403e-08 3.901625069972485e-55 0.992366721940104
373.0 0.003447492312673263 5.169568357959085e-05 4.034736754204088e-08 5.594327339532455e-55 0.9921826314969353
374.0 0.003499420426785921 5.3066963137465605e-05 4.221767890284995e-08 8.005918408509346e-55 0.991994659181108
375.0 0.00355182963976722 5.446673778288413e-05 4.416379259749001e-08 1.143515504652873e-54 0.9918027388218554
376.0 0.0036047202768667804 5.589540768568657e-05 4.6188306899302366e-08 1.630223558885843e-54 0.9916068035364087
377.0 0.0036580926091042275 5.7353374724030544e-05 4.829389096352302e-08 2.3197063359990362e-54 0.9914067857317997
378.0 0.0037119468527165517 5.884104241552746e-05 5.04832861527572e-08 3.2946254237700657e-54 0.9912026171065197
379.0 0.0037662831686040015 6.035881584687339e-05 5.275930736922936e-08 4.670599871951832e-54 0.9909942286524627
380.0 0.0038211016617749082 6.190710160198068e-05 5.512484439329135e-08 6.609052193369145e-54 0.9907815506572512
381.0 0.003876402380788587 6.348630768858687e-05 5.758286322764634e-08 9.334946945247001e-54 0.9905645127066608
382.0 0.003932185317195849 6.509684346332882e-05 6.013640744671557e-08 1.316124176626085e-53 0.9903430436870495
383.0 0.003988450404979475 6.673911955531306e-05 6.27885995506153e-08 1.8522531501949888e-53 0.9901170717883652
384.0 0.004045197519991975 6.841354778813658e-05 6.554264232311127e-08 2.602126084527792e-53 0.9898865245070202
385.0 0.004102426479393918 7.012054110040179e-05 6.840182019299064e-08 3.6491090566124394e-53 0.9896513286494388
386.0 0.004160137041088704 7.186051346465734e-05 7.136950059816042e-08 5.10836349077225e-53 0.989411410335244
387.0 0.0042183289031587625 7.363387980483976e-05 7.444913535191031e-08 7.1386987187400805e-53 0.9891666950012583
388.0 0.0042770017032983014 7.544105591212976e-05 7.76442620105886e-08 9.958740898657081e-53 0.9889171074051478
389.0 0.004336155018247193 7.728245835929816e-05 8.095850524209578e-08 1.3868953077820888e-52 0.9886625716297457
390.0 0.004395788363223635 7.915850441349629e-05 8.439557819445178e-08 1.928157372557084e-52 0.988403011087492
391.0 0.004455901191355748 8.106961194748828e-05 8.79592838637219e-08 2.6761253810215058e-52 0.9881383485249917
392.0 0.004516492893112403 8.301619934932935e-05 9.16535164605723e-08 3.708012487759675e-52 0.9878685060277356
393.0 0.004577562795735329 8.499868543052159e-05 9.548226277473731e-08 5.1292301126960005e-52 0.9875934050254185
394.0 0.004639110162669276 8.701748933258656e-05 9.944960353656446e-08 7.083451074439407e-52 0.987312966297097
395.0 0.004701134192992681 8.907303043209726e-05 1.0355971477490006e-07 9.766180215092285e-52 0.9870271099767055
396.0 0.004763634020849692 9.116572824418188e-05 1.0781686917051242e-07 1.3443025871752146e-51 0.9867357555590776
397.0 0.004826608714879739 9.329600232442709e-05 1.1222543740416027e-07 1.8474261638534767e-51 0.9864388219056235
398.0 0.004890057277650805 9.546427216929558e-05 1.167898894985798e-07 2.5347792121078018e-51 0.9861362272509413
399.0 0.004953978645090278 9.767095711493736e-05 1.2151479615339898e-07 3.472332921907273e-51 0.985827889209038
400.0 0.0050183716859190436 9.991647623450697e-05 1.264048300722258e-07 4.7491499688255574e-51 0.9855137247802984
401.0 0.0050832352010846136 0.0001022012482338998 1.3146476728090828e-07 6.485280924086464e-51 0.9851936503583092
402.0 0.005148567923196657 0.00010452569134597733 1.3669948843613152e-07 8.842297303144037e-51 0.9848675817371899
403.0 0.005214368515963442 0.00010689022322324925 1.4211398012338306e-07 1.2037320386303202e-50 0.9845354341190707
404.0 0.0052806355736291204 0.0001092952608290116 1.4771333614332043e-07 1.6361677960360354e-50 0.984197122121704
405.0 0.005347367620414238 0.00011174122032699321 1.5350275878564595e-07 2.220567870028771e-50 0.9838525597865976
406.0 0.005414563109957346 0.00011422851696946465 1.594875600894324e-07 3.0091461537613764e-50 0.9835016605872428
407.0 0.005482220424757667 0.00011675756498381367 1.6567316308889522e-07 4.071648803582882e-50 0.9831443374373945
408.0 0.005550337875622639 0.00011932877745766642 1.7206510304369933e-07 5.501104212267557e-50 0.9827805027000608
409.0 0.005618913701114628 0.0001219425662224391 1.786690286525861e-07 7.421413847383016e-50 0.9824100681961249
410.0 0.005687946067005057 0.0001245993417354977 1.854907032495179e-07 9.997358919106324e-50 0.982032945214055
411.0 0.005757433065726356 0.00012729951296072605 1.925360059809702e-07 1.3447772921943965e-49 0.9816490445189204
412.0 0.005827372715831561 0.00013004348724771395 1.9981093296358334e-07 1.8062857114992607e-49 0.9812582763624524
413.0 0.005897762961454527 0.0001328316702094224 2.0732159842085036e-07 2.4226909965937773e-49 0.9808605504928344
414.0 0.005968601671775745 0.0001356644655984384 2.1507423579787443e-07 3.2448121699148923e-49 0.9804557761650726
415.0 0.0060398866404912975 0.0001385422751817699 2.230751988529786e-07 4.339757593635917e-49 0.9800438621514741
416.0 0.0061116155852855856 0.000141465498614203 2.3133096272503727e-07 5.796023339725732e-49 0.9796247167522805
417.0 0.006183786147310777 0.00014443453331029575 2.3984812497546156e-07 7.73014877924105e-49 0.9791982478069355
418.0 0.0062563958906679314 0.0001474497743148972 2.48633406603473e-07 1.0295393242513184e-48 0.978764362705084
419.0 0.0063294423018960795 0.00015051161417235155 2.5769365303370444e-07 1.369303225554233e-48 0.978322968398297
420.0 0.00640292278946464 0.0001536204427942797 2.670358350747339e-07 1.818704457783844e-48 0.9778739714117257
421.0 0.00647683468327288 0.00015677664732604446 2.7666704984747504e-07 2.4123182524341647e-48 0.9774172778562438
422.0 0.0065511752341542474 0.00015998061201184918 2.8659452168209855e-07 3.19537011201787e-48 0.9769527934406633
423.0 0.006625941613388317 0.00016323271805855446 2.9682560298234035e-07 4.226938331072833e-48 0.9764804234844418
424.0 0.006701130912217222 0.00016653334349814148 3.0736777505580963e-07 5.584095996765642e-48 0.9760000729303182
425.0 0.006776740141370413 0.00016988286304893188 3.1822864890917174e-07 7.367261160772772e-48 0.9755116463574491
426.0 0.006852766230596239 0.00017328164797553926 3.2941596600685745e-07 9.70709873873972e-48 0.9750150479947549
427.0 0.00692920602820174 0.00017673006594759967 3.409375989920766e-07 1.2773412863660151e-47 0.9745101817346208
428.0 0.007006056300597184 0.00018022848089720899 3.5280155236864145e-07 1.6786589251554467e-47 0.9739969511464418
429.0 0.007083313731853708 0.000183777252875292 3.6501596314268565e-07 2.203230036154642e-47 0.9734752594911292
430.0 0.007160974923263394 0.0001873767379066523 3.775891014224443e-07 2.8880380192185806e-47 0.9729450097350426
431.0 0.007239036392914128 0.00019102728784402482 3.9052937097534593e-07 3.78090210349311e-47 0.97240610456502
432.0 0.007317494575267848 0.00019472925022086956 4.038453097405149e-07 4.943575465181303e-47 0.9718584464028844
433.0 0.007396345820752317 0.00019848296810317205 4.175455902958312e-07 6.455707172100096e-47 0.971301937420774
434.0 0.0074755863953605145 0.0002022887799401291 4.3163902027789336e-07 8.419902668553784e-47 0.9707364795564506
435.0 0.007555212480261405 0.0002061470194138267 4.461345427537121e-07 1.0968179614717683e-46 0.9701619745290219
436.0 0.0076352201714192216 0.0002100580152878642 4.6104123654260347e-07 1.427019398121734e-46 0.9695783238546862
437.0 0.007715605479224356 0.00021402209125501883 4.763683164870541e-07 1.854370937190716e-46 0.9689854288628431
438.0 0.007796364328136921 0.0002180395657840118 4.921251336712884e-07 2.4067905577859846e-46 0.9683831907126481
439.0 0.007877492556339589 0.0002221107519652988 5.083211755858929e-07 3.1200276526069395e-46 0.9677715104095564
440.0 0.007958985915402044 0.00022623595735597673 5.249660662372848e-07 4.0398060732583404e-46 0.9671502888220828
441.0 0.008040840069959875 0.00023041548382390667 5.420695662007862e-07 5.224538858431648e-46 0.9665194266991028
442.0 0.00812305059740348 0.00023464962739095865 5.596415726156415e-07 6.748763198997543e-46 0.9658788246870972
443.0 0.008205612987581126 0.00023893867807551832 5.776921191208463e-07 8.70748176602616e-46 0.9652283833477905
444.0 0.0082885226425154 0.00024328291973426037 5.962313757303417e-07 1.1221643340445877e-45 0.9645680031760572
445.0 0.008371774876131796 0.00024768262990318673 6.152696486460901e-07 1.4445053944406497e-45 0.9638975846179041
446.0 0.008455364914002653 0.00025213807963804193 6.348173800078717e-07 1.8573082104340276e-45 0.9632170280888491
447.0 0.00853928789310516 0.0002566495333541081 6.548851475783123e-07 2.385361182109835e-45 0.9625262339925159
448.0 0.008623538861592653 0.000261217248665378 6.754836643617044e-07 3.0600808397470424e-45 0.9618251027393008
449.0 0.008708112778583606 0.00026584147622328005 6.966237781555687e-07 3.921240052940154e-45 0.9611135347655773
450.0 0.008793004513963332 0.00027052245955482576 7.18316471033188e-07 5.019135320039633e-45 0.9603914305528307
451.0 0.008878208848202234 0.00027526043490034186 7.405728587560653e-07 6.417301752090642e-45 0.9596586906470971
452.0 0.008963720472192016 0.0002800556310508508 7.634041901150243e-07 8.19591050181936e-45 0.9589152156788381
453.0 0.009049533987095341 0.00028490826918501375 7.868218461982666e-07 1.0456015636901067e-44 0.9581609063827021
454.0 0.00913564390421438 0.00028981856270582286 8.108373395854547e-07 1.3324857205507537e-44 0.9573956636177182
455.0 0.009222044644876946 0.0002947867170770537 8.354623134664125e-07 1.6962476184238966e-44 0.9566193883877433
456.0 0.009308730540337833 0.0002998129296594332 8.607085406828748e-07 2.156995719798205e-44 0.955831981861874
457.0 0.009395695831700801 0.00030489738954674083 8.86587922692507e-07 2.739968887123898e-44 0.9550333453953439
458.0 0.009482934669858346 0.00031004027740178116 9.131124884535675e-07 3.476812246815966e-44 0.954223380550563
459.0 0.00957044111544827 0.0003152417652922568 9.402943932289443e-07 4.4071620819055985e-44 0.953401989118175
460.0 0.00965820913883255 0.00032050201652673995 9.681459173086907e-07 5.580612592459582e-44 0.9525690731386286
461.0 0.009746232620091805 0.0003258211854905834 9.966794646492776e-07 7.059154054493595e-44 0.9517245349235735
462.0 0.009834505349043812 0.00033119941748208434 1.0259075614290914e-06 8.920192314687236e-44 0.9508682770778544
463.0 0.009923021025278382 0.000336636848548698 1.0558428545182325e-06 1.1260284481878395e-43 0.9500002025213311
464.0 0.010011773258216079 0.00034213360532358845 1.086498109862159e-06 1.4199756087044653e-43 0.9491202145111991
465.0 0.010100755567185454 0.0003476898048623979 1.1178862107774992e-06 1.7888402052966123e-43 0.9482282166642626
466.0 0.01018996138152155 0.00035330555448035664 1.1500201561590976e-06 2.251251895713336e-43 0.9473241129793882
467.0 0.010279384040688901 0.00035898095158991663 1.1829130585976165e-06 2.830357099175563e-43 0.9464078078604081
468.0 0.010369016794423203 0.0003647160835387364 1.2165781424058931e-06 3.5548858776666584e-43 0.9454792061388727
469.0 0.01045885280289721 0.0003705110274482771 1.2510287415536097e-06 4.460464123616932e-43 0.9445382130971607
470.0 0.010548885136908485 0.0003763658500529685 1.2862782975090056e-06 5.591225908087831e-43 0.9435847344916594
471.0 0.010639106778089059 0.0003822806075400064 1.322340356986567e-06 7.001792760972501e-43 0.9426186765760204
472.0 0.01072951061914418 0.0003882553453900853 1.3592285696006006e-06 8.75970108487896e-43 0.9416399461250705
473.0 0.010820089464104735 0.0003942900982185784 1.3969566854219012e-06 1.094837636077575e-42 0.9406484504579755
474.0 0.010910836028613844 0.00040038488961794403 1.435538552439045e-06 1.3670773901316485e-42 0.93964409746246
475.0 0.01100174294023189 0.00040653973200086544 1.4749881139215454e-06 1.7053831383116302e-42 0.9386267956186279
476.0 0.01109280273876685 0.0004127546264444112 1.5153194056848176e-06 2.1253909122340806e-42 0.9375964540229819
477.0 0.011184007876632263 0.0004190295625353758 1.5565465532565053e-06 2.6463431100181253e-42 0.9365529824128
478.0 0.011275350719228177 0.0004253645182166832 1.598683768942783e-06 3.291898435098348e-42 0.9354962911904261
479.0 0.011366823545347224 0.00043175945963499194 1.6417453487941227e-06 4.091118799228922e-42 0.9344262914476469
480.0 0.011458418547609492 0.0004382143409896994 1.6857456694704243e-06 5.0796707685526255e-42 0.9333428949904214
481.0 0.011550127832922297 0.000444729104383273 1.7306991850043058e-06 6.301286879045305e-42 0.932246014363597
482.0 0.011641943422962648 0.00045130367967287057 1.7766204234615636e-06 7.809541443922239e-42 0.9311355628754285
483.0 0.011733857254695702 0.0004579379843238301 1.8235239835002581e-06 9.670006620585137e-42 0.9300114546229309
484.0 0.011825861180908262 0.0004646319232642952 1.8714245308247914e-06 1.196286785433893e-41 0.9288736045163504
485.0 0.011917946970781525 0.00047138538874196624 1.9203367945381238e-06 1.478609379275096e-41 0.9277219283046837
486.0 0.01201010631048169 0.0004781982601822206 1.9702755633885065e-06 1.825927486852292e-41 0.9265563426004859
487.0 0.01210233080378597 0.000485070404048353 2.0212556819130266e-06 2.2528267572801734e-41 0.925376764905353
488.0 0.012194611972731943 0.0004920016737035279 2.073292046475804e-06 2.777080868599903e-41 0.9241831136350925
489.0 0.01228694125829552 0.0004989919092747272 2.126399601201398e-06 3.4203296228364465e-41 0.9229753081449737
490.0 0.012379310021101863 0.0005060409375189292 2.1805933338039556e-06 4.2088972616688416e-41 0.9217532687553669
491.0 0.012471709542159025 0.0005131485716911866 2.2358882713101953e-06 5.174779162193195e-41 0.9205169167769636
492.0 0.012564131023626354 0.0005203146114151547 2.2922994756782857e-06 6.356830557785582e-41 0.9192661745364616
493.0 0.012656565589607593 0.000527538842555739 2.3498420393107413e-06 7.802197449771769e-41 0.9180009654019539
494.0 0.012749004286974498 0.0005348210370941643 2.408531080462424e-06 9.568037620494632e-41 0.9167212138084161
495.0 0.012841438086225282 0.0005421609530057307 2.468381738544567e-06 1.1723588849681807e-40 0.915426845283592
496.0 0.012933857882363509 0.0005495583341397181 2.5294091693222715e-06 1.435265233502126e-40 0.914117786473214
497.0 0.0130262544958148 0.0005570129101022514 2.591628540008981e-06 1.7556572231403056e-40 0.9127939651667881
498.0 0.01311861867337033 0.0005645243961417347 2.655055024256063e-06 2.1457807511322883e-40 0.9114553103231401
499.0 0.013210941089161102 0.0005720924930370918 2.71970379703869e-06 2.620421043368878e-40 0.9101017520959847
500.0 0.01330321234566312 0.0005797168869889162 2.785590029438465e-06 3.197414728422294e-40 0.9087332218595074
501.0 0.013395422974732295 0.0005873972495135255 2.8527288833228683e-06 3.898262229674939e-40 0.9073496522338668
502.0 0.01348756343867057 0.0005951332373400958 2.921135505922692e-06 4.7488595458171295e-40 0.9059509771106982
503.0 0.013579624131323959 0.0006029244923109563 2.9908250243079066e-06 5.780372003228691e-40 0.9045371316786527
504.0 0.013671595379208012 0.0006107706412849514 3.0618125397619543e-06 7.0302767033283376e-40 0.9031080524486651
505.0 0.013763467442668197 0.0006186712960442509 3.134113122056688e-06 8.543605261754471e-40 0.901663677279414
506.0 0.01385523051707173 0.0006266260532045668 3.2077418036282057e-06 1.0374424170022155e-39 0.9002039454027562
507.0 0.013946874734022553 0.0006346344941284583 3.2827135736524135e-06 1.2587596850660866e-39 0.8987287974485629
508.0 0.014038390162619898 0.000642696184842737 3.3590433720262196e-06 1.5260879394477862e-39 0.8972381754702908
509.0 0.014129766810736764 0.0006508106759589769 3.4367460832497367e-06 1.8487411261972728e-39 0.8957320229697279
510.0 0.014220994626337314 0.0006589775025980872 3.515836530215289e-06 2.2378673131021227e-39 0.89421028492215
511.0 0.01431206349882028 0.0006671961843184172 3.5963294679012156e-06 2.7067996847751076e-39 0.8926729078010326
512.0 0.01440296326039674 0.0006754662250478723 3.678239576973925e-06 3.2714727398451256e-39 0.8911198396028536
513.0 0.014493683687499079 0.0006837871130199843 3.7615814572987757e-06 3.95091543283803e-39 0.8895510298717758
514.0 0.014584214502218397 0.0006921583207138658 3.846369621360532e-06 4.767835050696127e-39 0.8879664297240261
515.0 0.014674545373775626 0.0007005793047983984 3.932618487596327e-06 5.7493080062899865e-39 0.8863659918723046
516.0 0.014764665920020995 0.0007090495060804741 4.020342373641386e-06 6.92759652481344e-39 0.8847496706498761
517.0 0.01485456570897002 0.0007175683494577591 4.1095554894913285e-06 8.341113458518201e-39 0.8831174220348452
518.0 0.014944234260361938 0.0007261352438753943 4.2002719305791874e-06 1.0035561265814013e-38 0.8814692036737598
519.0 0.0150336610472582 0.0007347495822875622 4.292505670773748e-06 1.2065275618966594e-38 0.8798049749055905
520.0 0.015122835497661502 0.0007434107416230462 4.38627055529582e-06 1.4494809260352634e-38 0.8781246967849391
521.0 0.015211746996175614 0.0007521180827558634 4.481580293560168e-06 1.7400797725832535e-38 0.8764283321056501
522.0 0.015300384885688337 0.0007608709504801812 4.5784484519402275e-06 2.0874155527981536e-38 0.8747158454238021
523.0 0.015388738469086073 0.0007696686734900152 4.676888446460342e-06 2.502265949475114e-38 0.8729872030805788
524.0 0.01547679701100232 0.0007785105643639142 4.776913535418449e-06 2.997398536657904e-38 0.8712423732251359
525.0 0.015564549739588662 0.0007873959195541227 4.878536811938247e-06 3.5879274669416265e-38 0.8694813258368281
526.0 0.01565198584832347 0.0007963240193810908 4.981771196457952e-06 4.291732153533121e-38 0.8677040327476618
527.0 0.015739094497843636 0.0008052941280326501 5.086629429153732e-06 5.129948380325744e-38 0.8659104676641374
528.0 0.015825864817809853 0.0008143054935684815 5.193124062303791e-06 6.127543970676151e-38 0.8641006061890895
529.0 0.015912285908797334 0.0008233573479295348 5.301267452593211e-06 7.313993109490628e-38 0.8622744258430666
530.0 0.0159983468442151 0.0008324489069526398 5.411071753363439e-06 8.724065683924237e-38 0.8604319060854422
531.0 0.016084036672259088 0.0008415793703906581 5.5225489068111774e-06 1.0398750631622104e-37 0.8585730283355464
532.0 0.016169344417885926 0.0008507479219375832 5.635710636135236e-06 1.2386335314758703e-37 0.8566977759930972
533.0 0.016254259084818232 0.0008599537292592066 5.750568437638087e-06 1.474366643359781e-37 0.85480613445855
534.0 0.016338769657577527 0.0008691959440292488 5.867133572784068e-06 1.7537622023877466e-37 0.8528980911531486
535.0 0.016422865103542007 0.0008784737019708694 5.985417060216588e-06 2.084682872688555e-37 0.8509736355385414
536.0 0.016506534375031794 0.0008877861229037729 6.105429667738453e-06 2.4763663869583907e-37 0.8490327591361255
537.0 0.016589766411422333 0.0008971323107970308 6.2271819042592445e-06 2.939658804724091e-37 0.8470754555461454
538.0 0.016672550141281405 0.0009065113538274304 6.350684011711532e-06 3.4872860979643117e-37 0.8451017204663335
539.0 0.016754874484528514 0.000915922324443382 6.4759459569390304e-06 4.13417015474377e-37 0.8431115517100503
540.0 0.01683672835462834 0.0009253642794350614 6.602977423564915e-06 4.8977962259183735e-37 0.8411049492245143
541.0 0.016918100660798525 0.0009348362600098128 6.731787803836567e-06 5.7986399124721844e-37 0.8390819151081511
542.0 0.01699898031024801 0.0009443372918737441 6.862386190456798e-06 6.8606630212968005e-37 0.8370424536278904
543.0 0.017079356210433775 0.0009538663853189333 6.994781368400913e-06 8.111889027486568e-37 0.8349865712358132
544.0 0.01715921727134875 0.0009634225353170122 7.128981806728501e-06 9.585070496827746e-37 0.832914276585809
545.0 0.01723855240782053 0.0009730047216180569 7.2649956503861894e-06 1.1318462671814291e-36 0.8308255805492405
546.0 0.01731735054184269 0.0009826119088560837 7.402830712014116e-06 1.3356719540821016e-36 0.8287204962307249
547.0 0.017395600604922346 0.000992243046660277 7.542494463753932e-06 1.575193112987319e-36 0.8265990389832294
548.0 0.017473291540448764 0.0010018970697723002 7.683994029064479e-06 1.8564823521623595e-36 0.8244612264227429
549.0 0.017550412306080797 0.0010115728981696117 7.82733617454883e-06 2.1866146263952142e-36 0.8223070784424465
550.0 0.01762695187615849 0.0010212694371951583 7.972527301799175e-06 2.5738275434588616e-36 0.8201366172266442
551.0 0.017702899244131688 0.0010309855776930936 8.119573439261466e-06 3.0277064738795466e-36 0.8179498672641342
552.0 0.01777824342500131 0.0010407201961503277 8.268480234122164e-06 3.559398170277932e-36 0.8157468553608522
553.0 0.017852973457788 0.0010504721548448088 8.419252944228427e-06 4.181857136334569e-36 0.8135276106524896
554.0 0.01792707840801165 0.0010602403019996471 8.571896430039348e-06 4.910129593130036e-36 0.8112921646163314
555.0 0.018000547370185617 0.0010700234719433373 8.726415146614331e-06 5.761680582054653e-36 0.8090405510825402
556.0 0.0180733694703359 0.0010798204852767517 8.882813135648897e-06 6.756770529731789e-36 0.8067728062453523
557.0 0.018145533868520025 0.0010896301490454464 9.041094017550332e-06 7.918888493894841e-36 0.8044889686730803
558.0 0.018217029761377797 0.0010994512569192456 9.201260983574125e-06 9.275250323970076e-36 0.8021890793183971
559.0 0.01828784638467874 0.001109282589377055 9.363316788008841e-06 1.085737112195257e-35 0.7998731815273425
560.0 0.018357973015896558 0.001119122913898756 9.527263740429793e-06 1.270172269583539e-35 0.7975413210484351
561.0 0.018427398976782822 0.0011289709851625479 9.693103698012547e-06 1.485048817920452e-35 0.7951935460406908
562.0 0.018496113635963717 0.0011388255452492394 9.860838057923756e-06 1.7352427669108923e-35 0.7928299070816102
563.0 0.018564106411534352 0.001148685323851951 1.0030467749781403e-05 2.0263870634949882e-35 0.7904504571740677
564.0 0.01863136677367824 0.0011585490384929717 1.0201993228204331e-05 2.3649853002213868e-35 0.7880552517533056
565.0 0.018697884247276128 0.0011684153947455953 1.0375414465437348e-05 2.758541924775607e-35 0.7856443486925457
566.0 0.018763648414542214 0.0011782830864633077 1.0550730944077638e-05 3.2157112593645926e-35 0.7832178083088513
567.0 0.018828648917653346 0.0011881507960142528 1.0727941649889615e-05 3.7464679493587013e-35 0.78077569336782
568.0 0.01889287546138855 0.0011980171945220352 1.0907045064722803e-05 4.362301811418012e-35 0.7783180690878684
569.0 0.01895631781577778 0.0012078809421128675 1.1088039159537815e-05 5.076440447216743e-35 0.7758450031440961
570.0 0.01901896581874768 0.0012177406881682794 1.1270921387539354e-05 5.904103435364147e-35 0.7733565656712367
571.0 0.01908080937877731 0.0012275950715842532 1.145568867742864e-05 6.862792417390451e-35 0.7708528292662898
572.0 0.01914183847755186 0.001237442721036026 1.1642337426774572e-05 7.972621960615494e-35 0.768333868990343
573.0 0.019202043172619143 0.0012472822552488936 1.1830863495511475e-05 9.256696719044705e-35 0.7657997623698407
574.0 0.019261413600051135 0.0012571122832751615 1.2021262199570672e-05 1.0741541131732482e-34 0.7632505893974029
575.0 0.019319939977094722 0.0012669314047762603 1.2213528304642317e-05 1.2457588705863707e-34 0.7606864325315997
576.0 0.019377612604832818 0.001276738210311366 1.2407656020085146e-05 1.443973883981284e-34 0.758107376696563
577.0 0.019434421870836494 0.0012865312816313084 1.260363899297877e-05 1.6727990161466417e-34 0.7555135092806918
578.0 0.019490358251813555 0.0012963091919781092 1.2801470302327122e-05 1.9368160502364426e-34 0.7529049201347079
579.0 0.0195454123162583 0.0013060705063904622 1.3001142453421751e-05 2.241270491337361e-34 0.7502817015692751
580.0 0.019599574727088055 0.0013158137820142115 1.3202647372361284e-05 2.5921644568948798e-34 0.7476439483516659
581.0 0.01965283624428389 0.0013255375684189782 1.3405976400744345e-05 2.996362102270306e-34 0.7449917577021677
582.0 0.01970518772751036 0.0013352404079192387 1.3611120290524646e-05 3.4617092086983587e-34 0.7423252292893145
583.0 0.01975662013874202 0.0013449208359017294 1.3818069199052334e-05 3.997168763591056e-34 0.739644465225028
584.0 0.01980712454486894 0.0013545773811572744 1.402681268428906e-05 4.612974589933071e-34 0.7369495700586526
585.0 0.019856692120297472 0.0013642085662181282 1.4237339700212329e-05 5.320805335202712e-34 0.7342406507705357
586.0 0.019905314149539353 0.0013738129077003627 1.4449638592411034e-05 6.133981413841986e-34 0.7315178167649256
587.0 0.01995298202978827 0.001383388916651196 1.4663697093876507e-05 7.067687814156469e-34 0.7287811798621929
588.0 0.019999687273478874 0.001392935098900906 1.4879502320990709e-05 8.139226034361247e-34 0.7260308542902296
589.0 0.020045421510840742 0.001402449955420177 1.50970407697269e-05 9.368298807417183e-34 0.7232669566755158
590.0 0.020090176492425053 0.0014119319826812887 1.5316298312050762e-05 1.0777331714833486e-33 0.7204896060330825
591.0 0.020133944091625045 0.0014213796730246184 1.553726019254418e-05 1.239183628081021e-33 0.7176989237561735
592.0 0.02017671630716999 0.0014307915150289572 1.575991102524054e-05 1.4240819685419175e-33 0.7148950336049058
593.0 0.020218485265611756 0.0014401659938869968 1.5984234790692285e-05 1.635724684516641e-33 0.7120780616946608
594.0 0.020259243223777135 0.0014495015917840221 1.621021483325471e-05 1.8778561287865146e-33 0.7092481364832692
595.0 0.020298982571213407 0.0014587967882817214 1.6437833858612674e-05 2.1547272003825952e-33 0.7064053887580222
596.0 0.02033769583260138 0.0014680500607052453 1.66670739315348e-05 2.4711614294964584e-33 0.703549951621621
597.0 0.020375375670152032 0.0014772598845346156 1.6897916473873477e-05 2.8326293576677562e-33 0.700681960477676
598.0 0.020412014885976996 0.0014864247337997216 1.7130342262806818e-05 3.2453322124012894e-33 0.6978015530154508
599.0 0.020447606424432954 0.0014955430814788855 1.7364331429328577e-05 3.716295990475709e-33 0.6949088691938883
600.0 0.02048214337444157 0.0015046133999010237 1.7599863456990893e-05 4.25347719194519e-33 0.6920040512250161
601.0 0.02051561897178411 0.0015136341611513145 1.7836917180904918e-05 4.865881588526771e-33 0.6890872435567398
602.0 0.020548026601360847 0.0015226038374795648 1.8075470786994545e-05 5.563697567144103e-33 0.6861585928547146
603.0 0.020579359799429833 0.001531520901712303 1.831550181152087e-05 6.358445763457297e-33 0.683218247983843
604.0 0.020609612255809283 0.0015403838276673396 1.8556987140867417e-05 7.263146892974741e-33 0.6802663599888923
605.0 0.020638777816053517 0.0015491910905715094 1.8799903011599897e-05 8.292509900733915e-33 0.6773030820746015
606.0 0.020666850483590293 0.0015579411674805628 1.904422501079307e-05 9.463142786618952e-33 0.6743285695849216
607.0 0.020693824421831677 0.0015666325377020854 1.928992807664006e-05 1.0793788724480769e-32 0.6713429799818121
608.0 0.020719693956245226 0.001575263683220349 1.9536986499335783e-05 1.2305590381777483e-32 0.6683464728232117
609.0 0.020744453576393724 0.0015838330891236407 1.978537392224606e-05 1.4022385665270124e-32 0.6653392097404736
610.0 0.02076809793793434 0.0015923392440333037 2.003506334335729e-05 1.597103847032044e-32 0.6623213544150162
611.0 0.020790621864585083 0.0016007806405349872 2.028602711701785e-05 1.8181808399854268e-32 0.6592930725544764
612.0 0.02081202035004789 0.0016091557756112206 2.0538236955964177e-05 2.0688763847624953e-32 0.6562545318680579
613.0 0.020832288559900124 0.0016174631510761036 2.0791663933646425e-05 2.353024331296171e-32 0.653205902041484
614.0 0.020851421833432558 0.001625701274010358 2.1046278486835255e-05 2.674937033491447e-32 0.6501473547109017
615.0 0.02086941568546199 0.001633868657198773 2.130205041854016e-05 3.039462800737616e-32 0.6470790634366566
616.0 0.020886265808090457 0.0016419638195678385 2.15589489012149e-05 3.4520499668236697e-32 0.6440012036760892
617.0 0.020901968072425114 0.0016499852866244875 2.1816942480266037e-05 3.918818305063365e-32 0.6409139527558353
618.0 0.020916518530252004 0.0016579315908953685 2.2075999077860824e-05 4.446638594873763e-32 0.6378174898434491
619.0 0.020929913415671627 0.001665801272367122 2.233608599704432e-05 5.043221229090045e-32 0.6347119959186286
620.0 0.02094214914667751 0.0016735928789261062 2.2597169926148884e-05 5.717214843636058e-32 0.6315976537435002
621.0 0.020953222326698964 0.001681304966799105 2.2859216943519663e-05 6.478316052604096e-32 0.6284746478326427
622.0 0.020963129746089056 0.0016889361009934157 2.3122192522538655e-05 7.337391483127637e-32 0.6253431644223095
623.0 0.020971868383568935 0.0016964848557370863 2.338606153695968e-05 8.30661342661413e-32 0.6222033914392169
624.0 0.020979435407617007 0.0017039498149182403 2.3650788266544397e-05 9.399610556893146e-32 0.619055518468581
625.0 0.020985828177815496 0.0017113295725244206 2.3916336403013728e-05 1.0631635312733938e-31 0.6158997367218253
626.0 0.020991044246141483 0.0017186227330807271 2.4182669056301416e-05 1.2019749703131013e-31 0.6127362390035839
627.0 0.020995081358203733 0.0017258279120867907 2.4449748761112678e-05 1.3583031470035942e-31 0.609565219678092
628.0 0.020997937454437208 0.0017329437364533682 2.4717537483801218e-05 1.534280273618878e-31 0.6063868746353351
629.0 0.020999610671233335 0.0017399688449366818 2.498599662954109e-05 1.732288347683074e-31 0.603201401256341
630.0 0.02100009934202014 0.0017469018885714934 2.52550870498088e-05 1.954987238501616e-31 0.6000089983780679
631.0 0.02099940199829382 0.0017537415311029234 2.5524769050178545e-05 2.205345795267328e-31 0.596809866257955
632.0 0.02099751737058592 0.001760486449415579 2.5795002398411865e-05 2.486676286537953e-31 0.5936042065377074
633.0 0.020994444389380428 0.0017671353339610244 2.6065746332857093e-05 2.8026725110069472e-31 0.5903922222067655
634.0 0.02099018218597135 0.00177368688918267 2.6336959571148882e-05 3.1574519523736187e-31 0.5871741175652045
635.0 0.02098473009326686 0.001780139833938452 2.6608600319212235e-05 3.555602387001716e-31 0.5839500981862754
636.0 0.020978087646533736 0.0017864929019206419 2.6880626280564406e-05 4.002233392188343e-31 0.5807203708784302
637.0 0.020970254584079296 0.001792744842072376 2.715299466590852e-05 4.5030332455286766e-31 0.5774851436467853
638.0 0.020961230847885426 0.0017988944190020244 2.742566220303678e-05 5.064331752349491e-31 0.5742446256544534
639.0 0.020951016584170038 0.0018049404133931338 2.7698585147010003e-05 5.693169588809746e-31 0.5709990271830884
640.0 0.020939612143897668 0.0018108816224116635 2.797171929063951e-05 6.397374803392825e-31 0.5677485595932645
641.0 0.020927018083230508 0.0018167168601095885 2.8245019975258235e-05 7.185647179486957e-31 0.5644934352844789
642.0 0.02091323516390966 0.001822444957823887 2.8518442101765706e-05 8.067651226985357e-31 0.5612338676545185
643.0 0.020898264353585015 0.0018280647645722882 2.8791940141967967e-05 9.054118641764558e-31 0.5579700710587211
644.0 0.020882106826080382 0.0018335751474445226 2.9065468150192457e-05 1.0156961148963899e-30 0.5547022607687886
645.0 0.020864763961592713 0.00183897499198876 2.933897977517382e-05 1.1389394729699028e-30 0.5514306529311402
646.0 0.02084623734683567 0.0018442632025940438 2.961242827222047e-05 1.2766076321734907e-30 0.5481554645251142
647.0 0.020826528775115694 0.001849438702867438 2.988576651564266e-05 1.4303254183264387e-30 0.5448769133207075
648.0 0.020805640246347977 0.001854500436006458 3.015894701144949e-05 1.601893321593508e-30 0.5415952178360859
649.0 0.020783573967009084 0.0018594473651662993 3.0431921910305387e-05 1.793305665925666e-30 0.5383105972947874
650.0 0.020760332350021185 0.0018642784738212405 3.070464302073509e-05 2.0067705694239035e-30 0.5350232715825165
651.0 0.020735918014583573 0.0018689927661214958 3.097706182259647e-05 2.244731863030951e-30 0.5317334612039485
652.0 0.020710333785931224 0.0018735892672435107 3.124912948078573e-05 2.5098931496989807e-30 0.5284413872390412
653.0 0.020683582695030407 0.0018780670237344534 3.152079685918605e-05 2.8052442021434575e-30 0.5251472712991314
654.0 0.020655667978216146 0.0018824251038511612 3.179201453486181e-05 3.1340899145588377e-30 0.5218513354829539
655.0 0.02062659307675742 0.0018866625978921014 3.206273281247104e-05 3.5000820423405074e-30 0.5185538023322425
656.0 0.020596361636367102 0.0018907786185237384 3.2332901738918115e-05 3.907253984041954e-30 0.5152548947873568
657.0 0.02056497750664255 0.0018947723010998357 3.2602471118218436e-05 4.360058881594759e-30 0.5119548361425963
658.0 0.020532444740437947 0.0018986428039736516 3.2871390526570816e-05 4.863411338367236e-30 0.5086538500012467
659.0 0.02049876759318531 0.0019023893088043972 3.3139609327659105e-05 5.422733080058198e-30 0.5053521602307914
660.0 0.020463950522138268 0.0019060110208554135 3.3407076688134494e-05 6.044002910838073e-30 0.502049990917657
661.0 0.02042799818555971 0.001909507169285864 3.3673741593307285e-05 6.733811346736274e-30 0.49874756632203493
662.0 0.020390915441840494 0.0019128770074345605 3.393955286301889e-05 7.499420340153455e-30 0.4954451108324669
663.0 0.020352707348562097 0.0019161198130969862 3.4204459167709964e-05 8.348828543741026e-30 0.4921428489205292
664.0 0.02031337916148686 0.0019192348887938058 3.4468409044649846e-05 9.290842598893441e-30 0.48884100509521927
665.0 0.020272936333490525 0.0019222215620320773 3.473135091434389e-05 1.0335154973948558e-29 0.48553980385742207
666.0 0.0202313845134306 0.001925079185558416 3.4993233097101823e-05 1.1492428920067376e-29 0.4822394696543036
667.0 0.020188729544950903 0.0019278071376039327 3.5254003829758245e-05 1.277439115888997e-29 0.4789402268336458
668.0 0.020144977465226133 0.001930404822121201 3.551361128254552e-05 1.4193932965662084e-29 0.4756422995982334
669.0 0.02010013450364052 0.001932871669012491 3.577200357609951e-05 1.5765220364823083e-29 0.47234591196014747
670.0 0.020054207080409135 0.0019352071343499446 3.602912879860573e-05 1.7503814212322471e-29 0.46905128769518484
671.0 0.020007201805133826 0.0019374107005867354 3.6284935023062245e-05 1.9426801000407028e-29 0.46575865029721525
672.0 0.01995912547530096 0.0019394818767597948 3.6539370324664655e-05 2.1552935286642983e-29 0.462468222932653
673.0 0.019909985074717425 0.0019414201986835394 3.679238279829723e-05 2.3902794719739327e-29 0.45918022839496375
674.0 0.019859787771888328 0.0019432252291348296 3.704392057612665e-05 2.649894871069757e-29 0.4558948890592936
675.0 0.019808540918332177 0.0019448965580285678 3.729393184528373e-05 2.9366141879214867e-29 0.4526124268371211
676.0 0.01975625204683784 0.0019464338025841868 3.7542364865629084e-05 3.253149349251995e-29 0.4493330631310428
677.0 0.01970292886966851 0.0019478366074834198 3.7789167987604066e-05 3.602471420725769e-29 0.44605701878980775
678.0 0.019648579276698257 0.001949104645017762 3.8034289670131166e-05 3.9878341525056764e-29 0.4427845140632767
679.0 0.01959321133350164 0.0019502376152274806 3.827767849859091e-05 4.4127995479500424e-29 0.43951576855777175
680.0 0.019536833279377993 0.0019512352460302428 3.851928320283165e-05 4.881265618669971e-29 0.43625100119140187
681.0 0.01947945352532536 0.001952097293340654 3.8759052675229995e-05 5.397496501414688e-29 0.43299043014970245
682.0 0.019421080651958186 0.001952823541180003 3.899693598878053e-05 5.966155125336867e-29 0.4297342728414549
683.0 0.01936172340737035 0.001953413801776215 3.923288241520813e-05 6.592338632170697e-29 0.4264827458547186
684.0 0.01930139070494338 0.001953867915653877 3.946684144309064e-05 7.281616766786316e-29 0.4232360649130764
685.0 0.019240091621102705 0.0019541857517144357 3.9698762795987824e-05 8.04007347151747e-29 0.4199944448321474
686.0 0.019177835393026112 0.001954367207306892 3.992859645057465e-05 8.874351934668038e-29 0.41675809947645936
687.0 0.019114631416291702 0.0019544122082875604 4.0156292654740746e-05 9.791703361722843e-29 0.41352724171639843
688.0 0.019050489242484432 0.001954320709070685 4.038180194568559e-05 1.0800039757139494e-28 0.4103020833856497
689.0 0.018985418576749444 0.0019540926926685824 4.060507516797326e-05 1.1907991025176817e-28 0.4070828352388643
690.0 0.018919429275297443 0.001953728170721718 4.0826063491545915e-05 1.312496672016921e-28 0.4038697069096646
691.0 0.018852531342860645 0.001953227183518455 4.1044718429683354e-05 1.4461222800007712e-28 0.4006629068689492
692.0 0.018784734930107218 0.001952589800005133 4.1260991856912007e-05 1.5927933761458034e-28 0.39746264238366075
693.0 0.0187160503310045 0.0019518161177853747 4.147483602683222e-05 1.7537270562374844e-28 0.39426911947580234
694.0 0.018646487980141006 0.001950906263109544 4.168620358987473e-05 1.9302484764012353e-28 0.39108254288190814
695.0 0.01857605845000554 0.0019498603908540146 4.18950476109686e-05 2.1237999356498276e-28 0.3879031160129246
696.0 0.01850477244821734 0.0019486786844895778 4.2101321587098336e-05 2.335950676230003e-28 0.3847310409143653
697.0 0.018432640814727844 0.001947361356040964 4.2304979464782426e-05 2.5684074546243736e-28 0.381566518227164
698.0 0.018359674518966834 0.0019459086460345283 4.250597565740104e-05 2.8230259396401847e-28 0.37840974714864395
699.0 0.018285884656959763 0.0019443208234368506 4.270426506242225e-05 3.1018229978194216e-28 0.3752609253941558
700.0 0.01821128244840585 0.0019425981855829856 4.289980307848996e-05 3.4069899304294236e-28 0.3721202491591522
