200.0 1.0610442359834876e-08 7.112186196342191e-15 1.6724825407467354e-18 1.1660472128410896e-119 5.021225445914347e-15
201.0 1.272230507797336e-08 9.152727016945864e-15 2.2436852216133077e-18 5.217757129185657e-119 6.473055320859556e-15
202.0 1.522679197128332e-08 1.1749086066439176e-14 3.0011638314556314e-18 2.300377715672591e-118 8.323531982795017e-15
203.0 1.819166980192742e-08 1.5044563323579507e-14 4.0027946048939336e-18 9.99440498509948e-118 1.067629523409075e-14
204.0 2.1695480309852194e-08 1.9217302810835505e-14 5.3235427038396444e-18 4.280064300391932e-117 1.3660406182922474e-14
205.0 2.582910238634692e-08 2.4488248902435164e-14 7.06024314145655e-18 1.807051087106943e-116 1.7436205456006093e-14
206.0 3.0697517760754445e-08 3.1130799635678327e-14 9.337644579402848e-18 7.523272591049781e-116 2.2202433121414475e-14
207.0 3.642180341794947e-08 3.9482492750651e-14 1.2316029589631222e-17 3.0892075893126157e-115 2.820486254858279e-14
208.0 4.314137716147987e-08 4.9959122330224176e-14 1.6200798135785348e-17 1.2513457324090698e-114 3.574674760752558e-14
209.0 5.101652237401554e-08 6.307175219514443e-14 2.1254488687930707e-17 5.001287293132824e-114 4.5201434725976707e-14
210.0 6.023122583006659e-08 7.944718067504761e-14 2.781182055394012e-17 1.9726192571775805e-113 5.702755851272795e-14
211.0 7.099635813313683e-08 9.985249962541523e-14 3.6298468457359614e-17 7.679675043914236e-113 7.178730745630711e-14
212.0 8.355323686419476e-08 1.2522451052969986e-13 4.725444002347245e-17 2.9516177533435236e-112 9.016833758381532e-14
213.0 9.817760984532262e-08 1.567048823222532e-13 6.13631134367776e-17 1.1201421874962251e-111 1.1301000568112815e-13
214.0 1.1518410194348345e-07 1.956820867034728e-13 7.948722018276092e-17 4.198155914610587e-111 1.4133470958393841e-13
215.0 1.3493117293691378e-07 2.4384131846202644e-13 1.0271333001062739e-16 1.5541448730342353e-110 1.7638525511492734e-13
216.0 1.5782663658185277e-07 3.032238026515542e-13 1.3240671956136456e-16 5.683890638597696e-110 2.1966931907613718e-13
217.0 1.843337951297239e-07 3.762971148536613e-13 1.7027889346254143e-16 2.0539675464252607e-109 2.730122509106763e-13
218.0 2.1497824881436186e-07 4.660383993923639e-13 2.1847048857184663e-16 7.335101394527557e-109 3.3861965553435693e-13
219.0 2.50355443266675e-07 5.760326616488849e-13 2.796528387979429e-16 2.58912525497045e-108 4.191514255366344e-13
220.0 2.9113902449263733e-07 7.10588648808741e-13 3.5715212859836896e-16 9.03447305227674e-108 5.178091531093755e-13
221.0 3.380900719113589e-07 8.748752040303495e-13 4.551008258076052e-16 3.116898027042742e-107 6.384391405573765e-13
222.0 3.9206729153630633e-07 1.0750814242146212e-12 5.786219958371336e-16 1.0633550807883281e-106 7.856535740482228e-13
223.0 4.540382504030354e-07 1.318604425203482e-12 7.340531571099307e-16 3.587853683902358e-106 9.649727953118019e-13
224.0 5.250917430728561e-07 1.6142690788191157e-12 9.292175922915524e-16 1.1974445390118927e-105 1.1829920433168263e-12
225.0 6.064513863427896e-07 1.972584707984445e-12 1.1737524954887785e-15 3.953691586573906e-105 1.4475765244270857e-12
226.0 6.994905431344934e-07 2.4060444233999615e-12 1.4795050477627102e-15 1.29163013850769e-104 1.7680892160379217e-12
227.0 8.057486832185211e-07 2.9294735731548655e-12 1.8610095137534467e-15 4.1756275894987943e-104 2.1556564270246854e-12
228.0 9.269492964935343e-07 3.5604346654237626e-12 2.3360607854598047e-15 1.3360191558789595e-103 2.6234768367248726e-12
229.0 1.0650194793499093e-06 4.3196971078028454e-12 2.9264025041817342e-15 4.2312533638678313e-103 3.187180508798501e-12
230.0 1.2221113221301738e-06 5.231781213853706e-12 3.658551033909873e-15 1.3266240003984086e-102 3.865245249265693e-12
231.0 1.4006252329746235e-06 6.3255871615808536e-12 4.564780196882361e-15 4.118178703039052e-102 4.6794786528588685e-12
232.0 1.6032353391857644e-06 7.635120955756974e-12 5.684295879537582e-15 1.2658904073547444e-101 5.65557526384501e-12
233.0 1.8329171167980335e-06 9.200330981330367e-12 7.064634468214374e-15 3.853671674560015e-101 6.823759493660316e-12
234.0 2.0929774029535106e-06 1.1068070412288459e-11 8.763324637836434e-15 1.1619679528995884e-100 8.219526269762322e-12
235.0 2.3870869553452614e-06 1.329320262286557e-11 1.0849858425080437e-14 3.4706167670076586e-100 9.884492886252833e-12
236.0 2.7193157288398885e-06 1.5939868810651935e-11 1.3408024850177865e-14 1.0269837479929743e-99 1.1867377169788684e-11
237.0 3.094171046874988e-06 1.908293932396271e-11 1.6538667745650467e-14 3.0110316892647234e-99 1.4225118895091052e-11
238.0 3.5166388514860567e-06 2.2809672692417738e-11 2.036293902923359e-14 8.74805500199914e-99 1.7024163387250558e-11
239.0 3.99222822355518e-06 2.7221609123400367e-11 2.502612958223541e-14 2.5188414846928868e-98 2.034192845942141e-11
240.0 4.527019369574063e-06 3.2436728240001167e-11 3.0702172303724996e-14 7.18838324650017e-98 2.426847825023823e-11
241.0 5.12771527909173e-06 3.859190415538493e-11 3.759892601656897e-14 2.0335260906057297e-97 2.890843018981261e-11
242.0 5.8016972608248564e-06 4.584569457946422e-11 4.596436486068277e-14 5.702991225350629e-97 3.4383124219944904e-11
243.0 6.557084573307007e-06 5.438150461183587e-11 5.6093815887090836e-14 1.5857531973623337e-96 4.083308658168118e-11
244.0 7.402798366345294e-06 6.44111701280502e-11 6.833840791904782e-14 4.372131042630928e-96 4.8420823917237565e-11
245.0 8.348630158777882e-06 7.617901035787305e-11 8.311491774741998e-14 1.1954169850500385e-95 5.733398722327954e-11
246.0 9.405315075873719e-06 8.996640425170795e-11 1.0091722550239199e-13 3.2415864844853856e-95 6.7788949241603e-11
247.0 1.0584610078161328e-05 1.0609695073238286e-10 1.223296200710515e-13 8.718670897688945e-95 8.003484333213333e-11
248.0 1.1899377408675115e-05 1.2494227875604406e-10 1.4804222782743724e-13 2.326158349074164e-94 9.435811661066769e-11
249.0 1.3363673490870182e-05 1.4692857947983684e-10 1.7886887426932028e-13 6.156951484723587e-94 1.1108765531934274e-10
250.0 1.4992843508077949e-05 1.7254393963620535e-10 2.1576772864512356e-13 1.616851462295675e-93 1.3060054594465268e-10
251.0 1.6803621891272194e-05 2.0234656248628397e-10 2.5986512672215363e-13 4.213007759644183e-93 1.5332854154032754e-10
252.0 1.8814238941438073e-05 2.369739705586133e-10 3.124830170103292e-13 1.08935967272457e-92 1.7976530912184367e-10
253.0 2.104453380720351e-05 2.7715329270322753e-10 3.7517053136797796e-13 2.795411503093327e-92 2.1047454082505068e-10
254.0 2.3516074031663534e-05 3.2371274685782857e-10 4.4974024250144776e-13 7.119565918266558e-92 2.46099018806034e-10
255.0 2.625228187626661e-05 3.7759443937400586e-10 5.383097389800039e-13 1.799831623220648e-91 2.873707316375143e-10
256.0 2.9278567618193306e-05 4.398686117229295e-10 6.433492234606148e-13 4.51666122590173e-91 3.3512214818288927e-10
257.0 3.2622470006789856e-05 5.117494759720728e-10 7.677359225104228e-13 1.1252435317309864e-90 3.9029876366625844e-10
258.0 3.6313804051324046e-05 5.946127915692491e-10 9.148161872768906e-13 2.783264088979798e-90 4.539730418870504e-10
259.0 4.038481629683986e-05 6.900153476912469e-10 1.088476263902296e-12 6.835592089849316e-90 5.273598872566651e-10
260.0 4.487034772498217e-05 7.997165276696127e-10 1.2932228215816957e-12 1.6670402466819805e-89 6.118337905323468e-10
261.0 4.9808004399973795e-05 9.257021449140636e-10 1.5342744453686136e-12 4.0373658312259224e-89 7.089478028831911e-10
262.0 5.523833595154678e-05 1.0702107530545669e-09 1.817665430525191e-12 9.711034716335731e-89 8.20454504048402e-10
263.0 6.120502196726523e-05 1.2357626470448637e-09 2.150363356615106e-12 2.3199631388619254e-88 9.483291420917597e-10
264.0 6.77550663337396e-05 1.42519178630325e-09 2.540402072729116e-12 5.505250838609846e-88 1.094795134307215e-09
265.0 7.493899953674776e-05 1.641680885863316e-09 2.99703189134559e-12 1.297733030240897e-87 1.2623521313829826e-09
266.0 8.28110888984676e-05 1.888799936844989e-09 3.530888967931988e-12 3.039044786823714e-87 1.4538068598927511e-09
267.0 9.142955668762144e-05 2.170548433095401e-09 4.154186036804661e-12 7.070711654350501e-87 1.6723069713694274e-09
268.0 0.00010085680600719242 2.4914015969991686e-09 4.88092688247661e-12 1.6345332195342915e-86 1.9213781399440816e-09
269.0 0.00011115965431190554 2.8563609134455948e-09 5.727147149080829e-12 3.754558014433273e-86 2.2049646642060627e-09
270.0 0.00012240957436892034 3.271009297447012e-09 6.711184330421699e-12 8.57013606871882e-86 2.527473843082187e-09
271.0 0.00013468294242239247 3.741571237228779e-09 7.853980039200037e-12 1.9440587337918413e-85 2.893824409604396e-09
272.0 0.00014806129327362457 4.274978271061116e-09 9.179417927208821e-12 4.382806597345151e-85 3.309499320667916e-09
273.0 0.00016263158192752025 4.87894017215478e-09 1.0714700918388974e-11 9.820747677034548e-85 3.780603214870632e-09
274.0 0.00017848645140696928 5.562022232114534e-09 1.249077172520785e-11 2.187327207248696e-84 4.313924864666007e-09
275.0 0.0001957245062646492 6.333729048631434e-09 1.4542780944069666e-11 4.8426951365172345e-84 4.917004962497422e-09
276.0 0.0002144505912691759 7.204595238338746e-09 1.6910607370002665e-11 1.065838695444232e-83 5.598209594111926e-09
277.0 0.00023477607466430858 8.186283509575642e-09 1.963943553181588e-11 2.3321324917108225e-83 6.366809764722704e-09
278.0 0.0002568191353442909 9.29169054347472e-09 2.2780395829311297e-11 5.073391149182189e-83 7.23306735608481e-09
279.0 0.0002807050531981892 1.0535061143289246e-08 2.639127304942795e-11 1.0973684886308248e-82 8.208327903288023e-09
280.0 0.00030656650182140277 1.1932111123291985e-08 3.0537289453153506e-11 2.3601568882509978e-82 9.305120590766257e-09
281.0 0.0003345438427053357 1.350015941744265e-08 3.529196905369487e-11 5.047640025247697e-82 1.0537265875748207e-08
282.0 0.000364785419936383 1.5258269895342323e-08 4.0738090150542356e-11 1.0735431108095026e-81 1.1919991154897003e-08
283.0 0.00039744785436523274 1.7227403378728292e-08 4.696873364313481e-11 2.2706926330656166e-81 1.3470054896164216e-08
284.0 0.0004326963361207932 1.9430580354632018e-08 5.408843511773575e-11 4.776708534508386e-81 1.5205879661903195e-08
285.0 0.00047070491426062116 2.1893054881777643e-08 6.221444918179637e-11 9.994339481580413e-81 1.7147694451383395e-08
286.0 0.0005116567822737022 2.4642500184710775e-08 7.147813500991716e-11 2.079972091997348e-80 1.9317686790905434e-08
287.0 0.0005557445580630011 2.7709206424388745e-08 8.202647255978058e-11 4.305878100185563e-80 2.1740164996835337e-08
288.0 0.0006031705569578428 3.112629112521136e-08 9.402371941494763e-11 8.867254894218365e-80 2.4441731031565032e-08
289.0 0.0006541470562278976 3.492992272594383e-08 1.0765321870981189e-10 1.816611238820568e-79 2.74514643640332e-08
290.0 0.0007088965494852786 3.9159557704971985e-08 1.2311936908546032e-10 3.702558489403826e-79 3.0801117234426605e-08
291.0 0.0007676519892838588 4.385819170919847e-08 1.4064976811163652e-10 7.508107091993599e-79 3.452532170728807e-08
292.0 0.0008306570161637918 4.907262509088682e-08 1.6049754108705286e-10 1.5148469423822579e-78 3.8661808878657634e-08
293.0 0.0008981661722955728 5.485374322483502e-08 1.8294386758450372e-10 3.041148871063495e-78 4.325164057864025e-08
294.0 0.0009704450978383845 6.125681194384206e-08 2.0830071854823037e-10 6.075161166624004e-78 4.833945388438474e-08
295.0 0.0010477707080174127 6.834178838606306e-08 2.369138171500724e-10 1.2076731253047345e-77 5.3973718723975286e-08
296.0 0.0011304313489443685 7.617364750514363e-08 2.6916583700117667e-10 2.3890897569095253e-77 6.020700881830056e-08
297.0 0.001218726930047641 8.482272443393617e-08 3.0547985162823965e-10 4.7035602047483294e-77 6.709628616053118e-08
298.0 0.001312969031043091 9.436507283961431e-08 3.463230494337067e-10 9.216192971018746e-77 7.470319919068247e-08
299.0 0.0014134809812461578 1.0488283933561346e-07 3.9221072857147917e-10 1.7973232260615778e-76 8.309439476492616e-08
300.0 0.0015205979090442058 1.1646465394557967e-07 4.437105863498645e-10 3.488747075704047e-76 9.234184396281145e-08
301.0 0.0016346667593131197 1.2920603653340446e-07 5.014473178698634e-10 6.740623834860698e-76 1.025231817100692e-07
302.0 0.0017560462765556144 1.4320981902653453e-07 5.661075386289044e-10 1.296392122981826e-75 1.1372206012418196e-07
303.0 0.0018851069514930479 1.585865831616622e-07 6.384450457384742e-10 2.4819697640779353e-75 1.2602851541007902e-07
304.0 0.0020222309289261134 1.7545511338588449e-07 7.192864322613994e-10 4.730404486058462e-75 1.3953934805465465e-07
305.0 0.002167811874621522 1.9394286443118317e-07 8.095370688794443e-10 8.975515282803227e-75 1.5435851597439592e-07
306.0 0.0023222547990419604 2.1418644296564834e-07 9.101874667211141e-10 1.6954977530177152e-74 1.7059754017608775e-07
307.0 0.0024859758358053855 2.3633210260360063e-07 1.0223200346758907e-09 3.1888120245987767e-74 1.883759223902723e-07
308.0 0.0026594019727533493 2.605362514205517e-07 1.147116243848864e-09 5.971334750735483e-74 2.0782157402437465e-07
309.0 0.002842970733628239 2.8696597098577184e-07 1.2858642110328246e-09 1.1133748702101753e-73 2.2907125567146705e-07
310.0 0.0030371298084243053 3.1579954577968636e-07 1.439966712119742e-09 2.067070947994072e-73 2.5227102628923595e-07
311.0 0.003242336630552163 3.472270017106449e-07 1.6109496352491654e-09 3.8214622916605134e-73 2.7757670103599035e-07
312.0 0.0034590578991228584 3.8145065229511337e-07 1.8004708822294923e-09 7.035258177535038e-73 3.0515431662392197e-07
313.0 0.0036877690447044194 4.186856508957901e-07 2.0103297252627956e-09 1.289800654418502e-72 3.35180602907336e-07
314.0 0.003928953637126914 4.591605472545536e-07 2.2424766243842948e-09 2.354902095294594e-72 3.6784345928996176e-07
315.0 0.0041831027339961115 5.03117846379286e-07 2.4990235091365153e-09 4.281995845877121e-72 4.033424343849807e-07
316.0 0.004450714168811527 5.508145676772765e-07 2.7822545259724796e-09 7.754574279449162e-72 4.418892072194823e-07
317.0 0.004732291777722693 6.025228020465532e-07 3.09463725058803e-09 1.3986950079702986e-71 4.837080681204602e-07
318.0 0.005028344564174344 6.585302644605658e-07 3.438834361907343e-09 2.5127903347510392e-71 5.290363972685383e-07
319.0 0.005339385800947238 7.191408394086714e-07 3.817715771771944e-09 4.4964759071872006e-71 5.781251387564515e-07
320.0 0.005665932069231903 7.846751163645572e-07 4.234371201397359e-09 8.014667621014184e-71 6.312392678255642e-07
321.0 0.006008502234771247 8.554709122985584e-07 4.692123192623143e-09 1.4230175048451987e-70 6.88658248816812e-07
322.0 0.0063676163612035866 9.318837780557351e-07 5.194540538511779e-09 2.5168684704248064e-70 7.50676481204495e-07
323.0 0.006743794561141387 1.0142874852700923e-06 5.7454521143652665e-09 4.434557002970764e-70 8.176037309471191e-07
324.0 0.007137555785716278 1.1030744903101954e-06 6.348961086374735e-09 7.783826078422136e-70 8.897655442357189e-07
325.0 0.007549416553685003 1.198656371604977e-06 7.009459471175321e-09 1.3611397244617976e-69 9.675036405889667e-07
326.0 0.007979889621447954 1.3014642365439741e-06 7.731643015347077e-09 2.371332053721998e-69 1.0511762821062977e-06
327.0 0.008429482595642038 1.4119490940072989e-06 8.520526359512145e-09 4.115999551572475e-69 1.1411586155644453e-06
328.0 0.008898696490370353 1.5305821884672532e-06 9.381458447197543e-09 7.118108317955262e-69 1.237842983937266e-06
329.0 0.009388024231350992 1.6578552914734037e-06 1.0320138133818229e-08 1.226515593584744e-68 1.341639203799506e-06
330.0 0.00989794910969662 1.794280946250283e-06 1.134262994636958e-08 2.1057823735798265e-68 1.4529748049941018e-06
331.0 0.01042894318827542 1.9403926610386087e-06 1.2455379939340574e-08 3.6024535949806664e-68 1.5722952288488289e-06
332.0 0.010981465664086127 2.096745046772653e-06 1.3665231587439692e-08 6.141015795989888e-68 1.7000639811828917e-06
333.0 0.011555961190259815 2.263913894614816e-06 1.4979441650406428e-08 1.0431606748330633e-67 1.836762736271972e-06
334.0 0.01215285816174489 2.4424961888645988e-06 1.640569594010266e-08 1.7658080239330446e-67 1.9828913879231485e-06
335.0 0.012772566969043364 2.6331100507565746e-06 1.795212491485553e-08 2.978715471440295e-67 2.1389680437953504e-06
336.0 0.013415478224644012 2.836394608676571e-06 1.9627319020766032e-08 5.007484777170745e-67 2.305528959099567e-06
337.0 0.014081960967236804 3.0530097904000058e-06 2.1440343694726152e-08 8.389325022485167e-67 2.4831284058608582e-06
338.0 0.014772360848945667 3.283636033002521e-06 2.3400753938632552e-08 1.4007567221697618e-66 2.6723384739494853e-06
339.0 0.015486998311234996 3.528973906223187e-06 2.5518608369534127e-08 2.330977775836657e-66 2.8737488001825687e-06
340.0 0.016226166755408215 3.7897436451928945e-06 2.7804482645694414e-08 3.866024032778985e-66 3.0879662218944694e-06
341.0 0.016990130713839594 4.066684588596746e-06 3.026948216395854e-08 6.390768855063246e-66 3.315614351491127e-06
342.0 0.017779124028379577 4.360554518547616e-06 3.292525391963185e-08 1.0529671688284707e-65 3.557333068664155e-06
343.0 0.018593348042558317 4.672128898667044e-06 3.578399741605117e-08 1.729261205835925e-65 3.813777927110826e-06
344.0 0.01943296981450305 5.002200007152001e-06 3.8858474507587434e-08 2.830747802500989e-65 4.085619472829373e-06
345.0 0.020298120357532763 5.35157596186806e-06 4.2162018056382917e-08 4.618992016335828e-65 4.373542471267031e-06
346.0 0.021188892915707087 5.721079634875581e-06 4.570853928067866e-08 7.512927828143687e-65 4.678245040892609e-06
347.0 0.022105341281609504 6.111547454125398e-06 4.951253367012333e-08 1.2181410983881695e-64 5.0004376910318654e-06
348.0 0.02304747816378856 6.5238280904634e-06 5.3589085341839735e-08 1.9688953500722423e-64 5.340842262131648e-06
349.0 0.02401527361136651 6.958781028513361e-06 5.7953869709982955e-08 3.172447901520819e-64 5.7001907669703896e-06
350.0 0.02500865350337196 7.417275020467565e-06 6.262315434111958e-08 5.095927601305874e-64 6.079224131710779e-06
351.0 0.026027498110258895 7.900186422272952e-06 6.761379786777945e-08 8.160538741261049e-64 6.4786908360689135e-06
352.0 0.027071640735136366 8.408397412241499e-06 7.294324683372206e-08 1.3028399902590185e-63 6.899345452322499e-06
353.0 0.02814086644213946 8.94279409264843e-06 7.862953034616337e-08 2.0737181476906291e-63 7.3419470833260515e-06
354.0 0.029234910879223946 9.504264475436356e-06 8.469125241266589e-08 3.290822048506561e-63 7.807257700164622e-06
355.0 0.03035345920255713 1.0093696353741957e-05 9.114758184387185e-08 5.206724656127202e-63 8.296040380579424e-06
356.0 0.031496145109496214 1.0711975061573624e-05 9.80182396075558e-08 8.213717983906355e-63 8.809057449813693e-06
357.0 0.032662549986839734 1.1359981124566618e-05 1.0532348352437343e-07 1.2919307763493301e-62 9.347068526033039e-06
358.0 0.03385220218092819 1.203858780543558e-05 1.1308409020222694e-07 2.026152838910133e-62 9.910828473060969e-06
359.0 0.035064576395676984 1.2748658548331683e-05 1.213213341125802e-07 3.168456769466166e-62 1.0501085263671826e-05
360.0 0.036299093224456014 1.3491044327030792e-05 1.3005696372052102e-07 4.94054686522811e-62 1.111857775729552e-05
361.0 0.037555118821262855 1.4266580902514464e-05 1.3931317458898406e-07 7.681797409175083e-62 1.1764033396533829e-05
362.0 0.03883196471622036 1.5076085996169523e-05 1.4911257938733218e-07 1.1910228877223365e-61 1.2438165827459252e-05
363.0 0.04012888777999412 1.5920356385498993e-05 1.594781747452718e-07 1.8414314226039402e-61 1.3141672449242919e-05
364.0 0.04144509034128157 1.6800164929908623e-05 1.704333049048795e-07 2.839081374133534e-61 1.387523189923959e-05
365.0 0.04277972046099449 1.77162575347726e-05 1.820016221360106e-07 4.3651136550107315e-61 1.463950148021458e-05
366.0 0.04413187236612602 1.866935006257537e-05 1.9420704389338257e-07 6.692943929437005e-61 1.5435114536918206e-05
367.0 0.045500587045834366 1.9660125200579272e-05 2.070737067082561e-07 1.0234134935281407e-60 1.6262677789784782e-05
368.0 0.04688485301169262 2.0689229295060645e-05 2.2062591682269827e-07 1.5606507855304532e-60 1.7122768634056962e-05
369.0 0.04828360722327813 2.1757269162645462e-05 2.3488809758938057e-07 2.3734998998572912e-60 1.8015932413074982e-05
370.0 0.049695736179840744 2.2864808889885808e-05 2.498847336770923e-07 3.600060069259933e-60 1.894267967501115e-05
371.0 0.05112007717795573 2.4012366632625816e-05 2.656403121382186e-07 5.445972028010251e-60 1.9903483422703997e-05
372.0 0.05255541973451753 2.5200411427201196e-05 2.8217926041237155e-07 8.216638869613893e-60 2.089877636669452e-05
373.0 0.05400050717374344 2.6429360025913904e-05 2.9952588135818045e-07 1.2364428735488235e-59 2.192894819193458e-05
374.0 0.055454038376029094 2.7699573769501742e-05 3.177042854225885e-07 1.8557643531831652e-59 2.2994342848906817e-05
375.0 0.05691466968605259 2.9011355509734316e-05 3.367383200766553e-07 2.7781027021970025e-59 2.409525588027594e-05
376.0 0.05838101697659046 3.0364946595388614e-05 3.566514966640599e-07 4.148185500605964e-59 2.5231931794331275e-05
377.0 0.05985165786400859 3.176052393512136e-05 3.77466914827943e-07 6.178173226648695e-59 2.6404561496738482e-05
378.0 0.06132513407056741 3.3198197150800286e-05 3.9920718469934554e-07 9.178286262259058e-59 2.7613279792194423e-05
379.0 0.06279995392814042 3.4678005834965156e-05 4.2189434704936335e-07 1.3600980547083197e-58 2.885816296770726e-05
380.0 0.06427459501720394 3.619991692602553e-05 4.455497916244732e-07 2.0104504435981167e-58 3.0139226469208235e-05
381.0 0.0657475069343561 3.776382221472901e-05 4.701941739020701e-07 2.964411030962096e-58 3.145642268317703e-05
382.0 0.06721711418102899 3.936953599527982e-05 4.95847330520152e-07 4.360262756648142e-58 3.280963883486966e-05
383.0 0.06868181916544694 4.101679287424161e-05 5.225281936510597e-07 6.397691987966128e-58 3.419869501456684e-05
384.0 0.07014000530928491 4.27052457500242e-05 5.502547046041207e-07 9.364348946459947e-58 3.562334234301477e-05
385.0 0.07159004025011714 4.443446397546583e-05 5.790437269575357e-07 1.367358994969097e-57 3.708326128702074e-05
386.0 0.07303027913002752 4.62039317154349e-05 6.089109595314479e-07 1.9917978697584944e-57 3.8578060135704395e-05
387.0 0.07445906796049488 4.8013046510961595e-05 6.398708495276376e-07 2.8944943703328524e-57 4.010727364758735e-05
388.0 0.07587474705319135 4.9861118060772946e-05 6.719365061715689e-07 4.1963510792843166e-57 4.167036187819602e-05
389.0 0.07727565450590582 5.174736723040218e-05 7.051196152014652e-07 6.069451569302834e-57 4.326670919728834e-05
390.0 0.07866012973259828 5.367092529837747e-05 7.39430354557822e-07 8.758150924699723e-57 4.4895623504277156e-05
391.0 0.08002651702627474 5.563083344817453e-05 7.74877311632819e-07 1.2608618182427878e-56 4.655633564975462e-05
392.0 0.08137316914305441 5.762604251369124e-05 8.11467402442772e-07 1.8110121131538399e-56 4.82479990702601e-05
393.0 0.08269845089584557 5.965541298523177e-05 8.492057930916046e-07 2.5952586918229917e-56 4.996968964280097e-05
394.0 0.08400074274569758 6.171771528186255e-05 8.880958238922483e-07 3.710666995070819e-56 5.172040576470061e-05
395.0 0.08527844437900949 6.381163029510914e-05 9.281389365137863e-07 5.293487287504175e-56 5.3499068663605486e-05
396.0 0.08652997825866418 6.59357502078266e-05 9.693346045183212e-07 7.534541325166442e-56 5.530452294153166e-05
397.0 0.08775379313724208 6.808857959101367e-05 1.011680267647447e-06 1.0700479771596897e-55 5.7135537355939314e-05
398.0 0.08894836752057006 7.026853678020394e-05 1.055171270211419e-06 1.5163084391009473e-55 5.8990805839864946e-05
399.0 0.0901122130699772 7.247395553188803e-05 1.0998008039252e-06 2.1439569424056106e-55 6.086894876214373e-05
400.0 0.09124387793193131 7.470308695931526e-05 1.1455598555260886e-06 3.024788806513446e-55 6.276851442781455e-05
401.0 0.09234194998380962 7.695410174568883e-05 1.192437159492896e-06 4.258246364680673e-55 6.46879808176652e-05
402.0 0.093405059985083 7.922509263174188e-05 1.2404191561748332e-06 5.981766151727066e-55 6.662575756499472e-05
403.0 0.09443188462338403 8.15140771733502e-05 1.2894899556199565e-06 8.384885586694234e-55 6.858018816652946e-05
404.0 0.09542114944541143 8.381900076369647e-05 1.3396313073756509e-06 1.1728433573465075e-54 7.054955242344637e-05
405.0 0.0963716316630355 8.613773991329576e-05 1.3908225765134185e-06 1.6370581201879364e-54 7.25320691074157e-05
406.0 0.09728216282553347 8.846810578008081e-05 1.4430407261094698e-06 2.280212945781663e-54 7.452589884561089e-05
407.0 0.0981516313492893 9.080784794050435e-05 1.496260306387842e-06 3.169420794506883e-54 7.652914721755522e-05
408.0 0.09897898489699551 9.315465839162203e-05 1.5504534507099709e-06 4.396261401255914e-54 7.853986805580302e-05
409.0 0.09976323259893428 9.5506175773001e-05 1.6055898785678425e-06 6.08544160981473e-54 8.055606694147323e-05
410.0 0.10050344710950179 9.785998979623045e-05 1.6616369057099318e-06 8.406428356135523e-54 8.257570488471244e-05
411.0 0.10119876649293012 0.00010021364586896234 1.7185594615029599e-06 1.1589042409871808e-53 8.459670217940723e-05
412.0 0.10184839593269322 0.00010256464989934899 1.7763201136008183e-06 1.5944318558813526e-53 8.661694242052706e-05
413.0 0.10245160925991481 0.00010491047326601958 1.8348790999643194e-06 2.1892354012456804e-53 8.863427667182157e-05
414.0 0.10300775029674705 0.00010724855793787726 1.8941943682435344e-06 2.9999410847652054e-53 9.06465277708234e-05
415.0 0.10351623401142956 0.0001095763217272992 1.9542216225037937e-06 4.102724821445783e-53 9.265149475746894e-05
416.0 0.10397654748250057 0.00011189116365970019 2.0149143772454637e-06 5.599858443885473e-53 9.464695741207555e-05
417.0 0.10438825067037268 0.00011419046944185842 2.076224018636169e-06 7.628379049653084e-53 9.663068088788862e-05
418.0 0.10475097699521267 0.0001164716170109024 2.1380998728424872e-06 1.0371547440956133e-52 9.860042042294019e-05
419.0 0.10506443372082654 0.00011873198214549057 2.2004892813175797e-06 1.4073963284093705e-52 0.0001005539261155992
420.0 0.10532840214499488 0.00012096894412041146 2.263337682870568e-06 1.9061465136817208e-52 0.00010248894774788614
421.0 0.10554273759741031 0.00012317989138559943 2.3265887023132885e-06 2.576727937019195e-52 0.00010440323964037869
422.0 0.10570736924709152 0.0001253622272504488 2.390184245451054e-06 3.476631419866003e-52 0.00010629456552238905
423.0 0.10582229972184579 0.00012751337555426596 2.454064600155635e-06 4.682005006204943e-52 0.00010816070340100973
424.0 0.1058876045430245 0.00012963078630376596 2.5181685432318433e-06 6.293518901606219e-52 0.00010999945041263228
425.0 0.10590343137946596 0.00013171194125864819 2.5824334527628542e-06 8.444013589501665e-52 0.00011180862764060636
426.0 0.1058699991251442 0.00013375435944652775 2.6467954255951025e-06 1.1308454608700348e-51 0.00011358608488286564
427.0 0.1057875968056394 0.00013575560258881827 2.711189399600752e-06 1.511686557551701e-51 0.00011532970535357511
428.0 0.10565658231910728 0.00013771328041955924 2.7755492803342523e-06 2.017109942194494e-51 0.0001170374103031491
429.0 0.1054773810179554 0.000139625055879672 2.839808071680208e-06 2.686654700991318e-51 0.0001187071635413659
430.0 0.10525048413792712 0.00014148865016969068 2.9038980100722316e-06 3.5720185405299524e-51 0.00012033697584874606
431.0 0.10497644708174539 0.0001433018476446437 2.967750701846563e-06 4.7406751534388795e-51 0.00012192490926185864
432.0 0.10465588756489086 0.00014506250053548318 3.031297263281162e-06 6.28053110904089e-51 0.0001234690812188018
433.0 0.10428948363146631 0.00014676853348223468 3.0944684628594334e-06 8.305910274330565e-51 0.00012496766855173123
434.0 0.10387797154841097 0.00014841794786484456 3.157194865288007e-06 1.09652305352169e-50 0.000126418911313967
435.0 0.10342214358665984 0.00015000882591865658 3.219406976792317e-06 1.445083398819618e-50 0.00012782111642999715
436.0 0.10292284569804834 0.000151539334622325 3.281035391207517e-06 1.9011552614522626e-50 0.00012917266115741724
437.0 0.10238097509699527 0.00015300772934700356 3.3420109363808025e-06 2.4968742660448106e-50 0.0001304719963507062
438.0 0.10179747775615962 0.00015441235725668218 3.402264820401155e-06 3.273670982655414e-50 0.0001317176495176011
439.0 0.1011733458253542 0.00015575166045055019 3.461728777173272e-06 4.284868288607511e-50 0.0001329082276596768
440.0 0.10050961498312642 0.0001570241788394423 3.5203352108588173e-06 5.598978651025309e-50 0.0001340424198897311
441.0 0.09980736173041051 0.000158228552749462 3.578017338712862e-06 7.303882835341244e-50 0.00013511899981945158
442.0 0.09906770063565608 0.00015936352524702186 3.634709331852453e-06 9.512116731489539e-50 0.0001361368277118139
443.0 0.09829178154081301 0.0001604279441807063 3.690346453505557e-06 1.2367548945187278e-49 0.0001370948523936527
444.0 0.09748078673745376 0.00016142076393647648 3.744865194300629e-06 1.6053800975543907e-49 0.00013799211292479867
445.0 0.09663592812218134 0.00016234104690386042 3.798203404171344e-06 2.0804847170359193e-49 0.0001388277400211385
446.0 0.09575844434034175 0.00016318796465193827 3.850300420468146e-06 2.6918336832364546e-49 0.00013960095722995655
447.0 0.0948495979268577 0.00016396079881503 3.901097191885863e-06 3.477231022503242e-49 0.00014031108185686407
448.0 0.09391067245275349 0.00016465894168904698 3.950536397835254e-06 4.484613909686089e-49 0.00014095752564453431
449.0 0.09294296968575462 0.000165281896540645 3.9985625629097435e-06 5.774671711143126e-49 0.00014153979520448043
450.0 0.09194780677298507 0.00016582927763221855 4.045122166117682e-06 7.424116395816148e-49 0.00014205749220390202
451.0 0.09092651345355451 0.00016630080996691264 4.09016374457694e-06 9.529759822031419e-49 0.00014251031331061534
452.0 0.08988042930844704 0.00016669632875869635 4.133637991390746e-06 1.2213588946281898e-48 0.00014289804989984635
453.0 0.08881090105481856 0.000167015778633547 4.175497847450918e-06 1.5629073287572243e-48 0.00014322058752754704
454.0 0.0877192798914021 0.0001672592125686035 4.215698586939112e-06 1.9968991622399663e-48 0.00014347790517561335
455.0 0.08660691890138626 0.0001674267905770506 4.254197896325072e-06 2.547512880109882e-48 0.00014367007427518175
456.0 0.08547517051868418 0.00016751877814719289 4.290955946686087e-06 3.24502710585152e-48 0.00014379725751480563
457.0 0.08432538406313819 0.00016753554444495333 4.325935459200587e-06 4.1273021973482226e-48 0.00014385970744100598
458.0 0.08315890334980654 0.00016747756028973108 4.359101763697213e-06 5.241607456462367e-48 0.00014385776485932011
459.0 0.08197706437699848 0.00016734539591405626 4.3904228501657195e-06 6.646871175915569e-48 0.00014379185704443322
460.0 0.0807811930973311 0.00016713971851808012 4.419869413164753e-06 8.41644722212523e-48 0.00014366249576852491
461.0 0.07957260327569844 0.00016686128963052546 4.44741488909147e-06 1.064151167079745e-47 0.0001434702751574958
462.0 0.07835259443749554 0.00016651096228790466 4.47303548629843e-06 1.343522681558662e-47 0.00014321586938493002
463.0 0.07712244991015436 0.00016608967804446168 4.496710208076888e-06 1.6937838417410103e-47 0.00014290003021423625
464.0 0.07588343496050685 0.00016559846382534874 4.518420868544906e-06 2.1322906247090945e-47 0.0001425235843994924
465.0 0.07463679503014631 0.00016503842863594965 4.538152101507825e-06 2.680490884940635e-47 0.00014208743095589247
466.0 0.07338375407051807 0.00016441076014036212 4.555891362380533e-06 3.3648512259290658e-47 0.0001415925383108152
467.0 0.07212551297906358 0.00016371672112217427 4.571628923284329e-06 4.2179850582629056e-47 0.000141039941346671
468.0 0.07086324813737883 0.00016295764584077908 4.585357861454371e-06 5.280023561576277e-47 0.00014043073834680767
469.0 0.06959811005193128 0.0001621349362963965 4.5970740411125814e-06 6.600279500969426e-47 0.0001397660878557238
470.0 0.06833122209754543 0.00016125005841699768 4.60677608898279e-06 8.239263621208745e-47 0.00013904720546488987
471.0 0.06706367936349533 0.00016030453818016789 4.614465363641716e-06 1.0271124925449524e-46 0.00013827536053537061
472.0 0.06579654760170685 0.00015929995768280286 4.620145918917094e-06 1.2786599855265724e-46 0.0001374518728683494
473.0 0.06453086227626245 0.00015823795117135607 4.623824461560702e-06 1.5896571592815433e-46 0.0001365781093345297
474.0 0.06326762771308553 0.0001571202010450724 4.62551030343756e-06 1.973635983061446e-46 0.00013565548047317347
475.0 0.062007816348404535 0.00015594843384439454 4.6252153084867935e-06 2.447088389440479e-46 0.00013468543707134657
476.0 0.060752368074297514 0.00015472441623630876 4.6229538347186554e-06 3.0300868632744967e-46 0.0001336694667336045
477.0 0.05950218967941746 0.00015344995100816794 4.618742671526291e-06 3.747029366558697e-46 0.0001326090904521771
478.0 0.058258154382731527 0.00015212687308104137 4.612600972597206e-06 4.6275323177829735e-46 0.00013150585918731344
479.0 0.05702110145788943 0.00015075704555320287 4.604550184716201e-06 5.7074996334117755e-46 0.0001303613504670888
480.0 0.05579183594565556 0.0001493423557839466 4.594613972758571e-06 7.030400859280538e-46 0.00012917716501563195
481.0 0.054571128451666694 0.00014788471152745556 4.58281814117743e-06 8.648797287652652e-46 0.00012795492341834868
482.0 0.053359715026612624 0.0001463860371259262 4.569190552291399e-06 1.0626161805304646e-45 0.00012669626283228215
483.0 0.052158297125789184 0.00014484826977061537 4.553761041680297e-06 1.3039046202797272e-45 0.00012540283374930426
484.0 0.050967541644855646 0.0001432733558389551 4.536561330997228e-06 1.5979658970705615e-45 0.00012407629681939335
485.0 0.04978808102854514 0.00014166324731538553 4.5176249385063396e-06 1.9558927415812332e-45 0.00012271831974084097
486.0 0.048620513448973966 0.00014001989830297494 4.496987087652784e-06 2.3910130478295135e-45 0.00012133057422373805
487.0 0.04746540305009867 0.00013834526163224723 4.4746846139653614e-06 2.919320318091637e-45 0.00011991473303253814
488.0 0.046323280254878675 0.0001366412855732595 4.4507558705940945e-06 3.559983049049199e-45 0.00011847246711318018
489.0 0.04519464213161759 0.0001349099106562847 4.42524063277587e-06 4.33594678582807e-45 0.00011700544280966331
490.0 0.044079952815946545 0.00013315306660592534 4.398180001515939e-06 5.274644821286247e-45 0.00011551531917451458
491.0 0.0429796439848904 0.0001313726693928948 4.369616306765121e-06 6.408836114114183e-45 0.0001140037453770862
492.0 0.04189411537950935 0.00012957061840730013 4.339593010369293e-06 7.7775919902291e-45 0.0001124723582132719
493.0 0.040823735372564854 0.00012774879375653133 4.308154609052973e-06 9.427456633130595e-45 0.0001109227797196045
494.0 0.039768841577730786 0.00012590905369047484 4.275346537694205e-06 1.1413810323122567e-44 0.00010935661489436156
495.0 0.03872974149690357 0.00012405323215622434 4.24121507313694e-06 1.3802468923254497e-44 0.00010777544952783476
496.0 0.037706713202192654 0.00012218313648389235 4.205807238774481e-06 1.6671558311100716e-44 0.00010618084814342384
497.0 0.03670000604928271 0.00012030054520479986 4.169170710131877e-06 2.011370840952995e-44 0.00010457435205093093
498.0 0.03570984141887278 0.0001184072060026767 4.131353721657888e-06 2.423861827673454e-44 0.0001029574775128701
499.0 0.034736413483021734 0.0001165048337982069 4.092404974930527e-06 2.917605148858382e-44 0.00010133171402434388
500.0 0.03377988999328829 0.00011459510896674392 4.052373548465636e-06 3.507932991067509e-44 9.969852270659258e-05
501.0 0.03284041308765372 0.00011267967568863831 4.011308809306538e-06 4.2129404054026117e-44 9.8059334813985e-05
502.0 0.031918100113314474 0.00011076014043124097 3.969260326561038e-06 5.053958969430097e-44 9.641555035388466e-05
503.0 0.031013044462533227 0.00010883807056127783 3.9262777870393845e-06 6.056107348473251e-44 9.476853681849926e-05
504.0 0.030125316418844077 0.0001069149930859521 3.882410913134793e-06 7.248930510246865e-44 9.311962802752015e-05
505.0 0.029254964011021203 0.00010499239352082147 3.837709383076056e-06 8.667141025335456e-44 9.147012308008272e-05
506.0 0.02840201387232304 0.00010307171488216398 3.7922227536682655e-06 1.03514777861527e-43 8.982128541428001e-05
507.0 0.027566472102655136 0.00010115435680132582 3.7460003856275098e-06 1.2349699625405368e-43 8.817434197226312e-05
508.0 0.026748325131395516 9.924167475823614e-05 3.699091371601446e-06 1.4717733741193257e-43 8.653048246868467e-05
509.0 0.02594754057876895 9.733497943112633e-05 3.651544466958811e-06 1.7521001572287547e-43 8.489085876010442e-05
510.0 0.0251640681137432 9.543553615917436e-05 3.6034080234155854e-06 2.083594784979736e-43 8.325658431269163e-05
511.0 0.02439784030657046 9.354456451471552e-05 3.554729925558061e-06 2.4751802019989334e-43 8.16287337654804e-05
512.0 0.023648773474197016 9.166323798143175e-05 3.5055575303099012e-06 2.9372605131053656e-43 8.000834258622498e-05
513.0 0.022916768516882534 8.979268373479146e-05 3.4559376093797712e-06 3.481953965205075e-43 7.839640681677092e-05
514.0 0.022201711744506285 8.793398252095746e-05 3.405916294718531e-06 4.1233604597682374e-43 7.679388290480052e-05
515.0 0.021503475691117126 8.608816863014792e-05 3.3555390270003216e-06 4.877868382549801e-43 7.520168761859917e-05
516.0 0.020821919916441087 8.425622996051916e-05 3.3048505071388647e-06 5.764506151580394e-43 7.362069804155181e-05
517.0 0.020156891793129968 8.24391081684128e-05 3.2538946508352797e-06 6.8053445707525496e-43 7.20517516428734e-05
518.0 0.019508227278660528 8.063769890083336e-05 3.202714546147844e-06 8.02595684209306e-43 7.049564642108624e-05
519.0 0.018875751670912762 7.885285210604758e-05 3.1513524140684597e-06 9.455943943220197e-43 6.895314111677194e-05
520.0 0.01825928034652753 7.708537241805692e-05 3.0998495720779967e-06 1.1129534026407763e-42 6.742495549099219e-05
521.0 0.01765861948126358 7.533601961078034e-05 3.048246400649044e-06 1.3086265551824832e-42 6.591177066584009e-05
522.0 0.01707356675166395 7.360550911777529e-05 2.9965823126570143e-06 1.5371765040320602e-42 6.44142295235656e-05
523.0 0.016503912017428467 7.18945126133301e-05 2.9448957256534355e-06 1.8038631631943663e-42 6.293293716071473e-05
524.0 0.01594943798399258 7.020365865086633e-05 2.893224036952359e-06 2.114744207749841e-42 6.146846139380638e-05
525.0 0.015409920844864089 6.853353335449801e-05 2.8416036014696186e-06 2.47678913849977e-42 6.002133331298116e-05
526.0 0.014885130903395107 6.688468115985105e-05 2.7900697122578877e-06 2.898008610526389e-42 5.859204788027296e-05
527.0 0.014374833173694987 6.525760560010869e-05 2.7386565836676312e-06 3.387600918631678e-42 5.7181064569026985e-05
528.0 0.013878787960509665 6.365277013353361e-05 2.6873973370684566e-06 3.9561177471206114e-42 5.5788808041227633e-05
529.0 0.013396751417908144 6.207059900856942e-05 2.636323989052235e-06 4.61565152760487e-42 5.4415668859364575e-05
530.0 0.012928476086742842 6.051147816299164e-05 2.58546744204752e-06 5.3800470083368645e-42 5.3062004229778916e-05
531.0 0.012473711410846303 5.8975756153387264e-05 2.534857477259935e-06 6.265139924023143e-42 5.172813877425774e-05
532.0 0.01203220423204119 5.7463745111608395e-05 2.4845227498618344e-06 7.28902596830715e-42 5.041436532695962e-05
533.0 0.011603699264053791 5.597572172477626e-05 2.43449078634495e-06 8.472363614399509e-42 4.9120945753686836e-05
534.0 0.01118793954548458 5.4511928235588606e-05 2.384787983950757e-06 9.838714705134843e-42 4.7848111790669244e-05
535.0 0.010784666872042983 5.3072573459842786e-05 2.335439612093848e-06 1.1414927144629278e-41 4.659606590015847e-05
536.0 0.01039362220827557 5.165783381811079e-05 2.286469815688435e-06 1.3231564472392276e-41 4.536498214014689e-05
537.0 0.010014546079077664 5.026785437873421e-05 2.2379016202922142e-06 1.532338759017989e-41 4.4155007045724335e-05
538.0 0.009647178941294444 4.890274990933889e-05 2.1897569389774668e-06 1.772989444499791e-41 4.2966260519608105e-05
539.0 0.009291261535759243 4.7562605934241296e-05 2.1420565808411997e-06 2.0495924051774208e-41 4.17988367295291e-05
540.0 0.00894653522014664 4.6247479795253935e-05 2.0948202610668258e-06 2.3672331869628996e-41 4.0652805010271134e-05
541.0 0.008612742283036677 4.495740171348523e-05 2.048066612448572e-06 2.7316744229882703e-41 3.9528210768234115e-05
542.0 0.008289626239615369 4.3692375849888506e-05 2.0018131982920238e-06 3.149440025568295e-41 3.842507638652795e-05
543.0 0.007976932109453288 4.245238136242203e-05 1.9560765266043046e-06 3.6279090516202734e-41 3.734340212869485e-05
544.0 0.0076744066768213775 4.123737345780431e-05 1.910872065488395e-06 4.1754202526708277e-41 3.628316703926228e-05
545.0 0.007381798734023024 4.00472844360011e-05 1.8662142596587557e-06 4.801388414368769e-41 3.5244329839459514e-05
546.0 0.007098859308223589 3.888202472564421e-05 1.8221165479942546e-06 5.516433691570128e-41 3.4226829816484096e-05
547.0 0.006825341872280967 3.774148390876635e-05 1.7785913820490045e-06 6.33252525403498e-41 3.323058770486438e-05
548.0 0.006561002540077182 3.6625531733291474e-05 1.7356502454406712e-06 7.263140675002143e-41 3.225550655851038e-05
549.0 0.006305600246868083 3.5534019111890926e-05 1.6933036740403047e-06 8.323442620872761e-41 3.130147261219381e-05
550.0 0.006058896915161454 3.446677910586861e-05 1.6515612768870374e-06 9.530474535385887e-41 3.0368356131242814e-05
551.0 0.005820657606645785 3.342362789289823e-05 1.6104317577555235e-06 1.090337715652258e-40 2.9456012248376383e-05
552.0 0.005590650660686956 3.2404365717507625e-05 1.5699229373045849e-06 1.2463627859378519e-40 2.8564281786665202e-05
553.0 0.005368647819907971 3.1408777823299315e-05 1.5300417757374095e-06 1.4235304983912218e-40 2.769299206768756e-05
554.0 0.005154424343374076 3.043663536604708e-05 1.4907943959085103e-06 1.6245379483318476e-40 2.684195770408079e-05
555.0 0.004947759107888409 2.9487696306824856e-05 1.4521861068111599e-06 1.8524036417215295e-40 2.6010981375702277e-05
556.0 0.0047484346979111604 2.8561706284486408e-05 1.4142214273849348e-06 2.1105029014457697e-40 2.5199854588756484e-05
557.0 0.004556237484600916 2.765839946685157e-05 1.3769041105829043e-06 2.4026068243576092e-40 2.440835841727695e-05
558.0 0.004370957694474304 2.677749938006388e-05 1.3402371676417142e-06 2.732925105513514e-40 2.3636264226447764e-05
559.0 0.004192389468172191 2.5918719715662032e-05 1.3042228925001314e-06 3.1061530700136168e-40 2.288333437731749e-05
560.0 0.004020330909808982 2.5081765114964128e-05 1.268862886313062e-06 3.527523278234099e-40 2.2149322912508264e-05
561.0 0.003854584127378537 2.426633193047435e-05 1.234158082012421e-06 4.002862097060928e-40 2.1433976222620438e-05
562.0 0.0036949552646719313 2.3472108964038003e-05 1.200108768865988e-06 4.538651658021305e-40 2.0737033693047574e-05
563.0 0.003541254525160896 2.269877818159053e-05 1.1667146169905526e-06 5.142097653017432e-40 2.0058228331022814e-05
564.0 0.0033932961882836565 2.1946015404371354e-05 1.1339747017761713e-06 5.821203449711962e-40 1.939728737273987e-05
565.0 0.0032508986185595754 2.121349097653465e-05 1.1018875281808748e-06 6.5848510415238775e-40 1.8753932870446708e-05
566.0 0.0031138842679512865 2.05008704091702e-05 1.070451054858817e-06 7.442889381706253e-40 1.8127882259482e-05
567.0 0.0029820796718754714 1.9807815000763104e-05 1.0396627180853174e-06 8.406230687078411e-40 1.75188489052388e-05
568.0 0.002855315439255592 1.9133982434195395e-05 1.0095194554458112e-06 9.486955334711666e-40 1.6926542630106173e-05
569.0 0.0027334262369956663 1.8479027350426517e-05 9.800177292573659e-07 1.0698426014207606e-39 1.6350670220470313e-05
570.0 0.0026162507692415716 1.7842601899029115e-05 9.51153549693442e-07 1.2055411839156731e-39 1.5790935913892226e-05
571.0 0.0025036317517859005 1.722435626580959e-05 9.229224975854072e-07 1.357422316391014e-39 1.5247041866626834e-05
572.0 0.002395415881956186 1.662393917775383e-05 8.953197468750518e-07 1.5272857895910534e-39 1.4718688601658869e-05
573.0 0.002291453804317837 1.6040998385598595e-05 8.683400866957606e-07 1.7171160139483573e-39 1.4205575437485062e-05
574.0 0.002191600072507983 1.5475181124341674e-05 8.419779430609945e-07 1.9290992054132014e-39 1.3707400897884093e-05
575.0 0.0020957131075044974 1.4926134552034803e-05 8.162274001407665e-07 2.165641985895182e-39 1.3223863102944201e-05
576.0 0.002003655152622671 1.4393506167231302e-05 7.910822211087534e-07 2.429391496471718e-39 1.275466014164411e-05
577.0 0.0019152922255203796 1.3876944205487565e-05 7.665358685446868e-07 2.723257126642427e-39 1.2299490426307804e-05
578.0 0.0018304940674780633 1.337609801531989e-05 7.425815243773593e-07 3.050433968144461e-39 1.1858053029257118e-05
579.0 0.0017491340902115375 1.289061841406086e-05 7.192121093565466e-07 3.4144281071930407e-39 1.1430048002024706e-05
580.0 0.0016710893204608666 1.242015802405343e-05 6.964203020424982e-07 3.8190838744495105e-39 1.101517667748579e-05
581.0 0.0015962403425893255 1.1964371589650332e-05 6.741985573039946e-07 4.268613177539604e-39 1.0613141955294243e-05
582.0 0.0015244712394143086 1.1522916275491247e-05 6.525391243170016e-07 4.7676270465248015e-39 1.0223648571013891e-05
583.0 0.0014556695314807255 1.1095451946537487e-05 6.314340640571581e-07 5.3211695283543576e-39 9.846403349343387e-06
584.0 0.001389726114977975 1.0681641430361305e-05 6.108752662811368e-07 5.934754071977221e-39 9.481115441849652e-06
585.0 0.0013265351984902598 1.0281150762186786e-05 5.908544659927694e-07 6.614402551442195e-39 9.127496549625574e-06
586.0 0.0012659942387601136 9.893649413186292e-06 5.713632593911128e-07 7.36668707994431e-39 8.785261131295083e-06
587.0 0.0012080038756354535 9.518810502542163e-06 5.523931192988594e-07 8.198774773355328e-39 8.45412659679481e-06
588.0 0.001152467866360502 9.156310993782535e-06 5.339354100703749e-07 9.118475627278135e-39 8.1338134873618e-06
589.0 0.0010992930193618486 8.805831875902769e-06 5.159814019797336e-07 1.0134293677059296e-38 7.824045642160092e-06
590.0 0.0010483891276726995 8.467058329789223e-06 4.985222850903814e-07 1.1255481615453413e-38 7.524550351984714e-06
591.0 0.0009996689021279015 8.139679880447133e-06 4.815491826081456e-07 1.2492099047700165e-38 7.23505850046926e-06
592.0 0.0009530479044564204 7.823390535551165e-06 4.6505316372125325e-07 1.3855074568654552e-38 6.955304693239097e-06
593.0 0.0009084444803877648 7.517888910817075e-06 4.490252559308272e-07 1.53562718512147e-38 6.6850273754354396e-06
594.0 0.0008657796928822381 7.222878342698145e-06 4.334564568765971e-07 1.7008559939612951e-38 6.42396893804099e-06
595.0 0.0008249772555875232 6.938066988905626e-06 4.18337745663281e-07 1.8825887945125748e-38 6.171875813434846e-06
596.0 0.0007859634666158972 6.663167917238368e-06 4.0366009369323185e-07 2.0823364345338632e-38 5.928498560592875e-06
597.0 0.0007486671427311201 6.397899183213882e-06 3.8941447501233214e-07 2.3017341091299432e-38 5.693591940356751e-06
598.0 0.0007130195540258222 6.141983896972424e-06 3.7559187617584057e-07 2.5425502729544187e-38 5.466914981177497e-06
599.0 0.0006789543591650424 5.895150279927803e-06 3.621833056419817e-07 2.806696074816703e-38 5.248231035741954e-06
600.0 0.00064640754126522 5.6571317116278165e-06 3.4917980270136057e-07 3.0962353357652674e-38 5.037307828881905e-06
601.0 0.0006153173444718121 5.42766676727554e-06 3.3657244595050763e-07 3.413395091811993e-38 4.833917497155901e-06
602.0 0.0005856242112938307 5.206499246359189e-06 3.2435236131857174e-07 3.7605767224872556e-38 4.63783662049152e-06
603.0 0.0005572707207480396 4.993378192826066e-06 3.125107296563403e-07 4.1403676863603945e-38 4.4488462462656405e-06
604.0 0.0005302015273603109 4.7880579072244525e-06 3.01038793896941e-07 4.555553884527106e-38 4.266731906190691e-06
605.0 0.0005043633010676811 4.590297951234129e-06 2.89927865798275e-07 5.009132672848054e-38 4.091283626372647e-06
606.0 0.00047970466805919646 4.3998631449877905e-06 2.79169332276938e-07 5.504326543400328e-38 3.9222959308908465e-06
607.0 0.00045617615259002555 4.216523557581016e-06 2.6875466134395667e-07 6.04459749519926e-38 3.759567839246249e-06
608.0 0.00043373011979919043 4.040054491157312e-06 2.5867540765280146e-07 6.633662113722382e-38 3.6029028580154273e-06
609.0 0.00041232071955718015 3.870236458941733e-06 2.489232176701231e-07 7.27550737813971e-38 3.4521089670366087e-06
610.0 0.0003919038313662313 3.706855157587045e-06 2.3948983447986033e-07 7.974407214405779e-38 3.306998600446137e-06
611.0 0.00037243701033282497 3.5497014341872133e-06 2.303671022315497e-07 8.734939811498385e-38 3.1673886228761213e-06
612.0 0.00035387943422852887 3.3985712483002675e-06 2.2154697024362048e-07 9.562005717090764e-38 3.0331003011131902e-06
613.0 0.000336191851652225 3.2532656293111224e-06 2.1302149677245385e-07 1.046084672780381e-37 2.903959271508581e-06
614.0 0.00031933653130423935 3.113590629456956e-06 2.047828524581861e-07 1.1437065587917317e-37 2.779795503423128e-06
615.0 0.0003032772123799478 2.9793572728244958e-06 1.9682332345808256e-07 1.2496646508997442e-37 2.660443258979398e-06
616.0 0.000287979056087953 2.8503815006176976e-06 1.8913531427826928e-07 1.3645976521322785e-37 2.5457410493839517e-06
617.0 0.00027340859829585263 2.7264841129862615e-06 1.8171135031474712e-07 1.489186766627974e-37 2.4355315880759713e-06
618.0 0.00025953370330399045 2.6074907076903364e-06 1.745440801142527e-07 1.6241580036996617e-37 2.3296617409454087e-06
619.0 0.00024632351874612706 2.493231615871842e-06 1.6762627736582405e-07 1.7702845672466221e-37 2.2279824738598383e-06
620.0 0.00023374843161359048 2.383541835187671e-06 1.6095084263351887e-07 1.928389330817177e-37 2.1303487977259924e-06
621.0 0.0002217800253978218 2.2782609605506948e-06 1.5451080484068216e-07 2.099347398386041e-37 2.0366197113039685e-06
622.0 0.0002103910383450066 2.1772331127183313e-06 1.4829932251630528e-07 2.284088750657592e-37 1.9466581419869586e-06
623.0 0.00019955532281436418 2.0803068649521905e-06 1.4230968481345897e-07 2.483600976430579e-37 1.860330884745097e-06
624.0 0.0001892478057308237 1.987335167967878e-06 1.365353123099995e-07 2.698932088273912e-37 1.777508539428406e-06
625.0 0.00017944445012124617 1.8981752733812121e-06 1.3096975760136775e-07 2.931193421453567e-37 1.698065446612613e-06
626.0 0.000170122217722346 1.8126886558492656e-06 1.2560670569524616e-07 3.18156261472834e-37 1.6218796221648765e-06
627.0 0.00016125903264732752 1.7307409340943875e-06 1.2043997421758667e-07 3.4512866712892323e-37 1.5488326906975241e-06
628.0 0.0001528337460974481 1.6522017909919577e-06 1.154635134394542e-07 3.741685097761305e-37 1.4788098180715406e-06
629.0 0.00014482610210358462 1.5769448928908357e-06 1.106714061337322e-07 4.054153118807704e-37 1.4116996431012055e-06
630.0 0.00013721670428249992 1.5048478083310283e-06 1.0605786727082614e-07 4.390164964490913e-37 1.3473942086075163e-06
631.0 0.00012998698359139004 1.435791926310099e-06 1.0161724356197905e-07 4.751277227129998e-37 1.2857888919565984e-06
632.0 0.00012311916706405184 1.3696623742456873e-06 9.73440128588832e-08 5.139132283980734e-37 1.2267823352157662e-06
633.0 0.0001165962475112447 1.3063479357709732e-06 9.323278341787852e-08 5.555461781619793e-37 1.170276375050633e-06
634.0 0.00011040195416738958 1.2457409684926515e-06 8.927829303684304e-08 6.0020901774662e-37 1.1161759724803167e-06
635.0 0.00010452072426549793 1.1877373218350394e-06 8.547540807277145e-08 6.480938333414468e-37 1.064389142602617e-06
636.0 9.893767552164014e-05 1.1322362550839834e-06 8.181912234762524e-08 6.994027156067126e-37 1.0148268843922482e-06
637.0 9.363857951023193e-05 1.0791403557399726e-06 7.830455595001202e-08 7.543481277582795e-37 9.674031106715253e-07
638.0 8.86098359109631e-05 1.0283554582803804e-06 7.492695393983545e-08 8.131532770642087e-37 9.22034578344512e-07
639.0 8.38384476082374e-05 9.797905634267158e-07 7.168168496301439e-08 8.760524890547575e-37 8.786408189821205e-07
640.0 7.931199662364659e-05 9.33357758003808e-07 6.856423978295657e-08 9.432915836944221e-37 8.371440698377233e-07
641.0 7.501862086214457e-05 8.889721354743168e-07 6.557022973543455e-08 1.0151282527147614e-36 7.974692053697521e-07
642.0 7.094699165233132e-05 8.465517172235063e-07 6.269538511310186e-08 1.0918324372530437e-36 7.595436693402527e-07
643.0 6.708629206142759e-05 8.060173746654866e-07 5.993555348580554e-08 1.1736867048905465e-36 7.23297407555093e-07
644.0 6.342619596544859e-05 7.67292752235423e-07 5.7286697962538775e-08 1.2609866251316317e-36 6.886628013055594e-07
645.0 5.995684785519954e-05 7.30304191327413e-07 5.474489540068973e-08 1.3540411423124473e-36 6.555746015668303e-07
646.0 5.666884335882101e-05 6.949806552327866e-07 5.230633456803122e-08 1.4531729448768603e-36 6.239698640044246e-07
647.0 5.3553210461684085e-05 6.612536551280134e-07 4.996731426262458e-08 1.558718829904904e-36 5.937878848347599e-07
648.0 5.060139140466007e-05 6.290571771576274e-07 4.7724241395661304e-08 1.6710300617300594e-36 5.649701375826044e-07
649.0 4.78052252419459e-05 5.983276106528555e-07 4.55736290420333e-08 1.790472723431814e-36 5.374602107739931e-07
650.0 4.5156931039759746e-05 5.690036775215654e-07 4.35120944631514e-08 1.9174280599403503e-36 5.11203746598649e-07
651.0 4.2649091697547204e-05 5.410263628423954e-07 4.1536357106424416e-08 2.0522928114460892e-36 4.861483805734906e-07
652.0 4.027463837350902e-05 5.143388466912173e-07 3.964323658554526e-08 2.195479535760564e-36 4.622436822345936e-07
653.0 3.802683549651569e-05 4.888864372244173e-07 3.782965064553368e-08 2.3474169182319204e-36 4.3944109688168525e-07
654.0 3.589926634677411e-05 4.646165050403281e-07 3.609261311631634e-08 2.5085500677785193e-36 4.1769388839641687e-07
655.0 3.3885819187859845e-05 4.4147841883642665e-07 3.4429231858406364e-08 2.6793407975651918e-36 3.969570831523288e-07
656.0 3.198067393306272e-05 4.1942348237725377e-07 3.283670670409505e-08 2.8602678888136365e-36 3.7718741503201467e-07
657.0 3.0178289329235803e-05 3.984048727842325e-07 3.131232739732641e-08 3.0518273362016016e-36 3.583432715635977e-07
658.0 2.8473390641712263e-05 3.78377580156541e-07 2.9853471535309554e-08 3.25453257328113e-36 3.403846411867928e-07
659.0 2.686095782415223e-05 3.5929834852923385e-07 2.845760251472968e-08 3.4689146763198936e-36 3.232730616561604e-07
660.0 2.533621415747384e-05 3.411256181718227e-07 2.712226748521225e-08 3.6955225449437946e-36 3.0697156958644885e-07
661.0 2.3894615342412308e-05 3.238194692289368e-07 2.5845095312593252e-08 3.934923057947019e-36 2.9144465114347627e-07
662.0 2.2531839030557486e-05 3.0734156670205443e-07 2.4623794554357904e-08 4.187701202621175e-36 2.766581938816152e-07
663.0 2.1243774779038367e-05 2.916551067689224e-07 2.3456151449433108e-08 4.454460175940606e-36 2.625794397267781e-07
664.0 2.0026514414422525e-05 2.7672476443611066e-07 2.2340027924431892e-08 4.735821455948766e-36 2.491769391027277e-07
665.0 1.887634279167512e-05 2.6251664251740573e-07 2.1273359618230578e-08 5.032424841677632e-36 2.3642050619603395e-07
666.0 1.778972893442477e-05 2.489982219298527e-07 2.0254153926683717e-08 5.344928459950935e-36 2.2428117535416713e-07
667.0 1.6763317543088065e-05 2.3613831329712681e-07 1.928048806910366e-08 5.674008737425463e-36 2.127311586092669e-07
668.0 1.5793920857773094e-05 2.2390700984878705e-07 1.835050717802751e-08 6.020360336247278e-36 2.017438043190785e-07
669.0 1.4878510863200915e-05 2.1227564160228543e-07 1.7462422413643504e-08 6.384696051715307e-36 1.9129355691500112e-07
670.0 1.4014211823266191e-05 2.012167308139279e-07 1.6614509104173858e-08 6.767746670389092e-36 1.8135591774654749e-07
671.0 1.3198293133140646e-05 1.9070394868306225e-07 1.5805104913332117e-08 7.170260787090542e-36 1.7190740700974742e-07
672.0 1.242816247721235e-05 1.807120732934661e-07 1.5032608035922658e-08 7.593004579312764e-36 1.6292552674671967e-07
673.0 1.1701359281458117e-05 1.712169487745669e-07 1.4295475422511303e-08 8.036761537584925e-36 1.5438872490238877e-07
674.0 1.1015548449173782e-05 1.6219544566423027e-07 1.3592221033991227e-08 8.502332150394345e-36 1.4627636042347948e-07
675.0 1.0368514369332983e-05 1.5362542245438622e-07 1.2921414126796212e-08 8.990533542337977e-36 1.3856866938446208e-07
676.0 9.758155187146933e-06 1.4548568829979147e-07 1.2281677569397224e-08 9.502199064233882e-36 1.3124673212420668e-07
677.0 9.182477326722806e-06 1.3775596686974057e-07 1.1671686190640123e-08 1.003817783399866e-35 1.2429244137662843e-07
678.0 8.639590256029802e-06 1.3041686132200682e-07 1.1090165160398791e-08 1.0599334227182371e-35 1.1768847137808653e-07
679.0 8.127701484685826e-06 1.2344982037778042e-07 1.0535888402933682e-08 1.1186547316129366e-35 1.1141824793379757e-07
680.0 7.645111785381721e-06 1.1683710547602058e-07 1.0007677043274212e-08 1.1800710256837306e-35 1.0546591942516841e-07
681.0 7.190210630054727e-06 1.1056175898528963e-07 9.50439788687015e-09 1.2442729622679566e-35 9.981632873959956e-08
682.0 6.761471832211976e-06 1.0460757345084573e-07 9.024961932687892e-09 1.311352468426371e-35 9.445498610400861e-08
683.0 6.3574493870889605e-06 9.895906185455299e-08 8.56832291986329e-09 1.3814026634807208e-35 8.936804280308772e-08
684.0 5.976773501610847e-06 9.360142886507527e-08 8.13347590796836e-09 1.4545177760542697e-35 8.454226576318717e-08
685.0 5.618146806387347e-06 8.852054305555835e-08 7.719455890879579e-09 1.530793055576331e-35 7.99650129824427e-08
686.0 5.280340742249665e-06 8.370291006611993e-08 7.32533644419783e-09 1.6103246782280836e-35 7.562420978783071e-08
687.0 4.9621921140886425e-06 7.913564668829568e-08 6.950228406106946e-09 1.6932096473172547e-35 7.15083258996423e-08
688.0 4.662599805009351e-06 7.480645584864674e-08 6.593278591514509e-09 1.7795456880848413e-35 6.760635328388352e-08
689.0 4.3805216440706095e-06 7.070360246887614e-08 6.2536685392820904e-09 1.8694311369617212e-35 6.390778477319948e-08
690.0 4.114971421110911e-06 6.681589017976714e-08 5.930613292300411e-09 1.9629648253067723e-35 6.040259343685455e-08
691.0 3.865016042403036e-06 6.313263886646981e-08 5.6233602101348385e-09 2.0602459576741197e-35 5.7081212680457044e-08
692.0 3.6297728211047805e-06 5.964366302276303e-08 5.331187813926536e-09 2.1613739846718414e-35 5.393451705617425e-08
693.0 3.4084068967010175e-06 5.6339250892183555e-08 5.053404663209528e-09 2.266448470492166e-35 5.095380376438794e-08
694.0 3.2001287778421296e-06 5.321014437402342e-08 4.7893482642650945e-09 2.3755689552074488e-35 4.8130774827806626e-08
695.0 3.0041920031994405e-06 5.024751967251193e-08 4.53838400961483e-09 2.488834811943066e-35 4.545751991930261e-08
696.0 2.8198909151620193e-06 4.744296866775359e-08 4.299904148228688e-09 2.6063450990577985e-35 4.2926499824940184e-08
697.0 2.646558541392258e-06 4.478848098718099e-08 4.07332678599369e-09 2.728198407472278e-35 4.053053052380017e-08
698.0 2.48356457945963e-06 4.227642675673958e-08 3.858094915983284e-09 2.8544927033124494e-35 3.826276786658888e-08
699.0 2.330313479948296e-06 3.98995400111645e-08 3.653675478033799e-09 2.9853251660423957e-35 3.611669283511935e-08
700.0 2.1862426236225214e-06 3.765090274316306e-08 3.4595584471296154e-09 3.120792022284658e-35 3.408609736513332e-08
