200.0 2.5929194721061936e-05 1.0278686005708904e-08 1.645094002415217e-14 2.3221760877898088e-105 0.9999740605265766
201.0 2.732784182214329e-05 1.126363424319305e-08 1.9264876120570577e-14 8.060512728138263e-105 0.9999726608945243
202.0 2.878695341560826e-05 1.233178580062653e-08 2.252489238064013e-14 2.7636242297060132e-104 0.9999712007147282
203.0 3.030843251232346e-05 1.3489185059490995e-08 2.6296034703308243e-14 9.361020575396741e-104 0.9999696780782285
204.0 3.189421525678244e-05 1.4742239433288837e-08 3.065199004068016e-14 3.133089653916949e-103 0.9999680910424251
205.0 3.3546270754589234e-05 1.6097736127532366e-08 3.567611899906396e-14 1.0363438551762916e-102 0.9999664376314255
206.0 3.526660088342404e-05 1.7562859395217458e-08 4.146259749052691e-14 3.3883705887221446e-102 0.9999647158361675
207.0 3.7057240087760587e-05 1.914520829007385e-08 4.81176773464446e-14 1.0952342162067001e-101 0.9999629236146077
208.0 3.892025515760238e-05 2.0852814919413287e-08 5.576107654613963e-14 3.50044993563603e-101 0.9999610588918757
209.0 4.0857744991532845e-05 2.269416319793349e-08 6.452751049712219e-14 1.1063991372462077e-100 0.999959119560685
210.0 4.287184034434253e-05 2.4678208103335453e-08 7.456837662985191e-14 3.4589147600250717e-100 0.999957103481277
211.0 4.4964703559571955e-05 2.681439543416199e-08 8.605360544090949e-14 1.0697336055330974e-99 0.9999550084818148
212.0 4.713852828726487e-05 2.9112682069750277e-08 9.917369203495424e-14 3.273298157186066e-99 0.9999528323587875
213.0 4.9395539187228933e-05 3.158355673169228e-08 1.1414192317933426e-13 9.911395148947741e-99 0.9999505728769499
214.0 5.1737991618183083e-05 3.423806124574594e-08 1.3119681589701718e-13 2.97021062913342e-98 0.9999482277699976
215.0 5.41681713130589e-05 3.708781230256887e-08 1.5060478468433088e-13 8.81060397704722e-98 0.9999457947404842
216.0 5.668839404086428e-05 4.0145023715234783e-08 1.7266305555177186e-13 2.587329092513384e-97 0.9999432714604749
217.0 5.930100525539645e-05 4.342252917090353e-08 1.97702846248971e-13 7.522906565710885e-97 0.9999406555716822
218.0 6.200837973119028e-05 4.693380547358403e-08 2.2609283325079366e-13 2.1660426654595184e-96 0.9999379446858536
219.0 6.481292118704311e-05 5.0692996274391845e-08 2.5824292735074995e-13 6.176663509213451e-96 0.9999351363850787
220.0 6.77170618974901e-05 5.471493628522841e-08 2.946083810317433e-13 1.7446313406648438e-95 0.999932228222296
221.0 7.072326229256609e-05 5.901517597128027e-08 3.356942521631505e-13 4.881714180583696e-95 0.9999292177215245
222.0 7.383401054624557e-05 6.361000671728584e-08 3.820602500086757e-13 1.353365575489089e-94 0.9999261023782977
223.0 7.705182215391953e-05 6.851648646199905e-08 4.343259910213386e-13 3.7178011699774295e-94 0.9999228796600619
224.0 8.037923949927338e-05 7.375246579480129e-08 4.931766934514159e-13 1.0121354642903117e-93 0.9999195470065346
225.0 8.381883141095833e-05 7.933661450795027e-08 5.593693414007633e-13 2.7310196126940807e-93 0.9999161018302164
226.0 8.737319270940576e-05 8.528844859745376e-08 6.337393506225033e-13 7.304592793055319e-93 0.9999125415168174
227.0 9.104494374416183e-05 9.162835770509845e-08 7.172077700898236e-13 1.936879636643738e-92 0.9999088634255985
228.0 9.483672992212373e-05 9.837763299372207e-08 8.107890551411841e-13 5.0920682891213756e-92 0.9999050648897637
229.0 9.875122122708039e-05 1.0555849544738383e-07 9.155994498522478e-13 1.327453862149784e-91 0.9999011432172037
230.0 0.00010279111173084993 1.1319412458752541e-07 1.0328660181858803e-12 3.431832651043044e-91 0.9998970956906658
231.0 0.00010695911909645799 1.2130868759595062e-07 1.1639363654338038e-12 8.79956514850156e-91 0.9998929195682223
232.0 0.00011125798407373363 1.2992736883494717e-07 1.3102890934833016e-12 2.2380559773504483e-90 0.9998886120839856
233.0 0.000115690469987613 1.390763997543744e-07 1.473545035520072e-12 5.646777717001344e-90 0.9998841704483501
234.0 0.00012025936221962162 1.487830891753311e-07 1.6554793179174927e-12 1.4134975719472067e-89 0.9998795918487192
235.0 0.00012496746768278028 1.5907585393937707e-07 1.8580342992549687e-12 3.5107339755692816e-89 0.9998748734496654
236.0 0.00012981761429043014 1.6998424991218444e-07 2.0833334386632406e-12 8.652714396302586e-89 0.9998700123936689
237.0 0.00013481265041925502 1.8153900332988726e-07 2.333696148000504e-12 2.116414800929907e-88 0.9998650058017209
238.0 0.00013995544436682053 1.9377204247606806e-07 2.6116536847279172e-12 5.13789063808454e-88 0.999859850773545
239.0 0.00014524888380408846 2.067165296771663e-07 2.919966144773704e-12 1.2380709676016042e-87 0.999854544388257
240.0 0.00015069587522318817 2.2040689360354746e-07 3.261640617145565e-12 2.9615777010091407e-87 0.9998490837049332
241.0 0.00015629934338078845 2.348788618632115e-07 3.639950564575765e-12 7.033269398583252e-87 0.9998434657630864
242.0 0.00016206223073742036 2.501694938748547e-07 4.058456497059777e-12 1.6583907624525556e-86 0.9998376875831443
243.0 0.0001679874968931161 2.663172140067062e-07 4.521028007774468e-12 3.8828472717516846e-86 0.9998317461670793
244.0 0.00017407811801964493 2.8336184496719784e-07 5.031867243533224e-12 9.027869329053511e-86 0.9998256384988927
245.0 0.00018033708628969816 3.0134464143332895e-07 5.595533884655462e-12 2.0846292132419677e-85 0.999819361545104
246.0 0.00018676740930335215 3.20308323902352e-07 6.216971711892017e-12 4.780985779599155e-85 0.9998129122552927
247.0 0.00019337210951216632 3.402971127521976e-07 6.9015368408536825e-12 1.089148378353991e-84 0.9998062875628763
248.0 0.0002001542236410568 3.6135676249549067e-07 7.655027707229967e-12 2.4647502531221652e-84 0.9997994843852267
249.0 0.00020711680210853676 3.835345962125614e-07 8.483716888983502e-12 5.541276298688446e-84 0.9997924996246434
250.0 0.00021426290844532212 4.0687954014766794e-07 9.394384854605825e-12 1.2377470257665477e-83 0.9997853301685671
251.0 0.0002215956187118388 4.3144215845341096e-07 1.0394355729492882e-11 2.747089560361081e-83 0.9997779728903181
252.0 0.00022911802091479542 4.572746880674948e-07 1.1491535175468245e-11 6.05850810657717e-83 0.999770424649644
253.0 0.00023683321442309274 4.844310737060587e-07 1.2694450481498468e-11 1.3278319037971826e-82 0.9997626822931276
254.0 0.00024474430938344803 5.129670029578636e-07 1.4012292966688392e-11 2.8922585010550883e-82 0.9997547426548293
255.0 0.0002528544261359512 5.429399414632169e-07 1.545496279969696e-11 6.261512925258794e-82 0.9997466025569325
256.0 0.0002611666946297485 5.744091681613809e-07 1.703311634179215e-11 1.3474128923146651e-81 0.9997382588101043
257.0 0.0002696842538392511 6.074358105904919e-07 1.8758216123872138e-11 2.882251988400322e-81 0.999729708214134
258.0 0.0002784102511810473 6.420828802235944e-07 2.0642583570877893e-11 6.129190845285504e-81 0.9997209475585336
259.0 0.0002873478419317245 6.784153078243143e-07 2.2699454590144733e-11 1.2958177942909594e-80 0.9997119736229386
260.0 0.0002965001886469734 7.164999788060424e-07 2.494303814337653e-11 2.7238521311929253e-80 0.9997027831777979
261.0 0.00030587046058206394 7.564057685779057e-07 2.7388577925044394e-11 5.693124161436916e-80 0.9996933729848219
262.0 0.0003154618331140681 7.982035778613573e-07 3.005241727315669e-11 1.1832421486662686e-79 0.999683739797668
263.0 0.0003252774871658596 8.419663679605011e-07 3.295206744145494e-11 2.4455713215855858e-79 0.9996738803622429
264.0 0.00033532060863235606 8.877691959702544e-07 3.610627936524395e-11 5.0268764936658787e-79 0.9996637914174323
265.0 0.0003455943878090208 9.356892499054674e-07 3.953511905614252e-11 1.0276715142847111e-78 0.9996534696955882
266.0 0.0003561020188228764 9.85805883734674e-07 4.3260046764151054e-11 2.0896583060482241e-78 0.9996429119229683
267.0 0.00036684669906636696 1.0382006523025315e-06 4.7304000048534e-11 4.2265628053541063e-78 0.9996321148205071
268.0 0.00037783162863394635 1.0929573461237354e-06 5.169148090200954e-11 8.503864076707119e-78 0.999621075104007
269.0 0.0003890600097620032 1.1501620260333834e-06 5.644864707586779e-11 1.7021102457295183e-77 0.9996097894849528
270.0 0.00040053504627192893 1.2099030576765886e-06 6.160340775654144e-11 3.3894289668044673e-77 0.9995982546708896
271.0 0.00041225994301669403 1.2722711458218199e-06 6.718552374719165e-11 6.715178694371627e-77 0.999586467365894
272.0 0.00042423790533117824 1.3373593684822666e-06 7.32267123108014e-11 1.3237474786215442e-76 0.9995744242713303
273.0 0.0004364721384860866 1.4052632108283985e-06 7.976075683409031e-11 2.596529397720452e-76 0.9995621220860246
274.0 0.00044896584714605796 1.4760805988773943e-06 8.682362147454224e-11 5.0681038977663285e-76 0.9995495575070144
275.0 0.0004617222348317904 1.5499119329428705e-06 9.445357095551271e-11 9.844309055300523e-76 0.9995367272300048
276.0 0.0004747445033863962 1.6268601208297145e-06 1.0269129567719069e-10 1.9029851272452593e-75 0.9995236279497726
277.0 0.00048803585244626337 1.7070306107592024e-06 1.1158004231390682e-10 3.6611590903386466e-75 0.9995102563607584
278.0 0.0005015994789164197 1.790531424008898e-06 1.2116575007085073e-10 7.010631867366383e-75 0.9994966091575586
279.0 0.0005154385764505264 1.8774731872523894e-06 1.3149719277586635e-10 1.336204905819855e-74 0.9994826830353157
280.0 0.0005295563349357659 1.9679691645846645e-06 1.4262612698451474e-10 2.5350583929786327e-74 0.9994684746902998
281.0 0.0005439559399825861 2.062135289218082e-06 1.546074462789798e-10 4.787659319285857e-74 0.9994539808203364
282.0 0.0005586405724194764 2.1600901948348044e-06 1.6749934194377068e-10 9.00119011732261e-74 0.999439198125234
283.0 0.0005736134077930027 2.2619552465821066e-06 1.8136347020350652e-10 1.6847629884184093e-73 0.9994241233073955
284.0 0.0005888776158729008 2.367854571695509e-06 1.9626512621011455e-10 3.139498948043322e-73 0.9994087530720911
285.0 0.000604436360162746 2.4779150897377323e-06 2.1227342496911836e-10 5.824849391058617e-73 0.9993930841281097
286.0 0.0006202927974158446 2.5922665424383024e-06 2.294614893964374e-10 1.0760483526374251e-72 0.9993771131880189
287.0 0.0006364500771567994 2.7110415231221438e-06 2.4790664569932017e-10 1.979343736679498e-72 0.999360836968665
288.0 0.0006529113412087627 2.834375505713905e-06 2.676906262767106e-10 3.625537078291361e-72 0.9993442521917579
289.0 0.0006696797232262113 2.962406873304472e-06 2.8889978033604606e-10 6.613087306896275e-72 0.9993273555841659
290.0 0.0006867583482335596 3.095276946268179e-06 3.116252924252659e-10 1.2012565091724822e-71 0.9993101438783026
291.0 0.0007041503321697398 3.2331300099189324e-06 3.3596340908028526e-10 2.1731284720107704e-71 0.999292613812696
292.0 0.0007218587814385205 3.376113341692123e-06 3.6201567378948696e-10 3.915358235738046e-71 0.9992747621322685
293.0 0.0007398867924649527 3.5243772378421604e-06 3.8988917047833033e-10 7.026064205913709e-71 0.999256585588849
294.0 0.00075823745125773 3.6780750396432586e-06 4.196967757181059e-10 1.2558131914495222e-70 0.9992380809414878
295.0 0.000776913832977769 3.837363159083484e-06 4.5155741986423234e-10 2.235773737572344e-70 0.9992192449569578
296.0 0.0007959190015128368 4.0024011040404735e-06 4.855963573301661e-10 3.9649514395918904e-70 0.9992000744101082
297.0 0.0008152560090583133 4.173351502928521e-06 5.219454462040057e-10 7.004420388852942e-70 0.9991805660841596
298.0 0.0008349278957044249 4.350380128808461e-06 5.607434374157276e-10 1.2326725059419073e-69 0.9991607167712886
299.0 0.0008549376890293828 4.5336559229474736e-06 6.021362736630565e-10 2.1611306919771375e-69 0.9991405232727671
300.0 0.0008752884036991901 4.723351017823001e-06 6.462773983052266e-10 3.7747534241114185e-69 0.9991199823995325
301.0 0.0008959830410734557 4.9196407595581435e-06 6.933280744333633e-10 6.568808179442774e-69 0.9990990909723685
302.0 0.0009170245888179021 5.1227037297829705e-06 7.434577143273002e-10 1.1389141633167406e-68 0.9990778458224596
303.0 0.0009384160205230026 5.332721766910169e-06 7.968442195078071e-10 1.9675129724696105e-68 0.9990562437916567
304.0 0.0009601602953289871 5.549879986817824e-06 8.536743315937781e-10 3.3867409543747405e-68 0.999034281732688
305.0 0.0009822603575575606 5.774366802933354e-06 9.141439941737692e-10 5.808974663142827e-68 0.9990119565096964
306.0 0.0010047191363498663 6.006373945708183e-06 9.784587259003515e-10 9.928537377183406e-68 0.9989892649985352
307.0 0.0010275395453107276 6.246096481475957e-06 1.0468340050155538e-09 1.6910417230289522e-67 0.9989662040869126
308.0 0.0010507244821598859 6.493732830691521e-06 1.1194956655158471e-09 2.8702610441341083e-67 0.9989427706750571
309.0 0.0010742768283889717 6.749484785536473e-06 1.1966803051623235e-09 4.85513237375008e-67 0.9989189616756602
310.0 0.001098199448925573 7.013557526893003e-06 1.2786357055435315e-09 8.184793941025151e-67 0.9988947740144313
311.0 0.0011224951918033773 7.286159640673863e-06 1.36562126439484e-09 1.3751675868367916e-66 0.9988702046302717
312.0 0.0011471668878389625 7.56750313350636e-06 1.4579084403788343e-09 2.3028133090973313e-66 0.9988452504756264
313.0 0.0011722173503150649 7.857803447763823e-06 1.5557812105289785e-09 3.8435355759754326e-66 0.9988199085168338
314.0 0.001197649374669956 8.15727947593712e-06 1.6595365405570765e-09 6.394194154612902e-66 0.998794175734182
315.0 0.0012234657381939113 8.46615357434813e-06 1.7694848682252267e-09 1.060320033982703e-65 0.9987680491225345
316.0 0.0012496691997312152 8.784651576190229e-06 1.8859505999777152e-09 1.7526599926881388e-65 0.9987415256911817
317.0 0.0012762624993895946 9.113002803904687e-06 2.009272621031297e-09 2.8878929687530726e-65 0.9987146024645516
318.0 0.0013032483582550616 9.451440080875331e-06 2.1398048191145147e-09 4.743514338030013e-65 0.9986872764820977
319.0 0.0013306294781136913 9.800199742448672e-06 2.2779166220497517e-09 7.767260549037336e-65 0.998659544798662
320.0 0.0013584085411799081 1.015952164627356e-05 2.4239935493666732e-09 1.2679342352106355e-64 0.9986314044849294
321.0 0.0013865882098302547 1.0529649181950018e-05 2.5784377781317246e-09 2.0634753771096243e-64 0.9986028526272482
322.0 0.0014151711263445544 1.0910829279998984e-05 2.74166872318126e-09 3.3480190106082864e-64 0.9985738863282685
323.0 0.0014441599126524941 1.1303312420136057e-05 2.914123631935743e-09 5.4159519454827736e-64 0.9985445027069408
324.0 0.001473557170086847 1.170735263885679e-05 3.0962581939759034e-09 8.735182884219798e-64 0.9985146988988074
325.0 0.0015033654791427 1.2123207536326854e-05 3.288547165554705e-09 1.404725338652513e-63 0.9984844720561382
326.0 0.0015335873992431187 1.2551138282579715e-05 3.491485009218199e-09 2.2523962786122306e-63 0.9984538193482531
327.0 0.0015642254685107688 1.2991409623016738e-05 3.70558654870314e-09 3.6011712006375577e-63 0.9984227379616968
328.0 0.0015952822035454014 1.344428988320854e-05 3.931387639276438e-09 5.741161824382006e-63 0.998391225100265
329.0 0.0016267600992081492 1.3910050973005157e-05 4.169445853680338e-09 9.126918913679967e-63 0.9983592779855021
330.0 0.0016586616284107924 1.4388968389939486e-05 4.420341183837178e-09 1.4468655402199495e-62 0.998326893856524
331.0 0.0016909892419121754 1.4881321221942846e-05 4.684676758473194e-09 2.2872982091578177e-62 0.9982940699705553
332.0 0.0017237453681194532 1.538739214935363e-05 4.963079576805803e-09 3.6059439122854866e-62 0.9982608036027873
333.0 0.0017569324128960553 1.59074674462355e-05 5.256201258445408e-09 5.669274677738827e-62 0.9982270920467148
334.0 0.0017905527593750734 1.6441836980995986e-05 5.564718809650226e-09 8.889125751307982e-62 0.9981929326142213
335.0 0.0018246087677788309 1.6990794216312676e-05 5.889335406073959e-09 1.3900299479494234e-61 0.9981583226358602
336.0 0.0018591027752435073 1.7554636208359187e-05 6.2307811921359156e-09 2.1678699839197466e-61 0.9981232594607373
337.0 0.0018940370956505308 1.8133663605348058e-05 6.589814097147748e-09 3.372069859894524e-61 0.9980877404569697
338.0 0.0019294140194623939 1.87281806453714e-05 6.967220668312776e-09 5.231476961994013e-61 0.9980517630114689
339.0 0.0019652358135655444 1.933849515356643e-05 7.363816920726467e-09 8.095180557455719e-61 0.9980153245304821
340.0 0.002001504721117181 1.9964918538578495e-05 7.780449204480685e-09 1.2494335391330978e-60 0.9979784224392679
341.0 0.002038222961399059 2.0607765788354716e-05 8.217995088992444e-09 1.9235079632800298e-60 0.9979410541825361
342.0 0.002075392729675814 2.126735546524651e-05 8.677364264651701e-09 2.9537839306123134e-60 0.9979032172243982
343.0 0.0021130161970592796 2.1944009700440082e-05 9.159499461893298e-09 4.5245662145566366e-60 0.9978649090486063
344.0 0.0021510955103775905 2.26380541877049e-05 9.665377387781138e-09 6.913502678152984e-60 0.9978261271584962
345.0 0.002189632792049837 2.3349818176473728e-05 1.0196009680196387e-08 1.0537841149480223e-59 0.9977868690770714
346.0 0.002228630139966322 2.4079634464256782e-05 1.075244387971224e-08 1.6023107234741583e-59 0.997747132347225
347.0 0.0022680896273736878 2.4827839388388777e-05 1.133576441922978e-08 2.4304828333666557e-59 0.9977069145318133
348.0 0.0023080133027647562 2.5594772817110195e-05 1.1947093631445141e-08 3.6778850071043237e-59 0.9976662132135358
349.0 0.0023484031897744134 2.6380778140002654e-05 1.2587592774219876e-08 5.552293861044534e-59 0.9976250259952371
350.0 0.0023892612870796558 2.71862022577622e-05 1.3258463073905756e-08 8.36227192858024e-59 0.9975833504998274
351.0 0.0024305895683047903 2.801139557132738e-05 1.3960946786682518e-08 1.256499760065195e-58 0.997541184370288
352.0 0.0024723899819321486 2.8856711970371066e-05 1.469632827795891e-08 1.883629364447279e-58 0.9974985252699182
353.0 0.0025146644512169546 2.9722508821146296e-05 1.5465935119871726e-08 2.8172925800672372e-58 0.9974553708822834
354.0 0.00255741487410672 3.060914695369549e-05 1.6271139206920043e-08 4.204170788370632e-58 0.9974117189110705
355.0 0.002600643123166836 3.151699064844988e-05 1.7113357889775322e-08 6.259634795047858e-58 0.9973675670805122
356.0 0.0026443510455087553 3.2446407622181045e-05 1.7994055127268623e-08 9.29921185557936e-58 0.9973229131349868
357.0 0.0026885404627246404 3.339776901335783e-05 1.8914742656596023e-08 1.3784148692791466e-57 0.9972777548393402
358.0 0.002733213170825583 3.437144936688058e-05 1.9876981181736074e-08 2.0387242455613017e-57 0.997232089978819
359.0 0.0027783709401844156 3.5367826618210833e-05 2.0882381580088503e-08 3.008775176823353e-57 0.9971859163590427
360.0 0.0028240155154828504 3.638728207690007e-05 2.193260612733311e-08 4.430794309696909e-57 0.9971392318059316
361.0 0.0028701486156640196 3.7430200409538586e-05 2.3029369740505927e-08 6.510912326228473e-57 0.9970920341660078
362.0 0.0029167719338873696 3.8496969622091635e-05 2.4174441239258105e-08 9.547248551127995e-57 0.9970443213059763
363.0 0.002963887137489926 3.958798104168313e-05 2.536964462530428e-08 1.3970063075911443e-56 0.996996091113072
364.0 0.003011495867950142 4.070362929778305e-05 2.6616860380005683e-08 2.039904376938745e-56 0.9969473414948224
365.0 0.0030595997408568412 4.184431230284095e-05 2.7918026780072085e-08 2.9724874071340753e-56 0.9968980703791439
366.0 0.0031082003458815233 4.301043123234825e-05 2.927514123132815e-08 4.322513836585508e-56 0.9968482757142009
367.0 0.0031572992467553827 4.420239050435642e-05 3.069026162050882e-08 6.272869026455797e-56 0.9967979554684904
368.0 0.0032068979812497535 4.5420597758440845e-05 3.2165507685017994e-08 9.084828451195137e-56 0.9967471076307416
369.0 0.0032569980611606686 4.666546383412766e-05 3.370306240059568e-08 1.3130917465723411e-55 0.9966957302099004
370.0 0.0033076009722970133 4.7937402748784225e-05 3.5305173386823426e-08 1.8941235800107162e-55 0.9966438212350214
371.0 0.003358708174472704 4.923683167498745e-05 3.6974154330395564e-08 2.726863763890777e-55 0.9965913787552444
372.0 0.00341032110150276 5.0564170917376334e-05 3.8712386426077584e-08 3.918026594347675e-55 0.9965384008398255
373.0 0.0034624411612024235 5.191984388898498e-05 4.0522319835253865e-08 5.6185851897135224e-55 0.9964848855779633
374.0 0.0035150697353903038 5.3304277087078213e-05 4.240647516198313e-08 8.041720647896553e-55 0.9964308310787736
375.0 0.0035682081798944026 5.471790006848074e-05 4.4367444946445e-08 1.1487885938712624e-54 0.9963762354710662
376.0 0.0036218578245633026 5.616114542444465e-05 4.6407895175704336e-08 1.6379739616496e-54 0.9963210969035967
377.0 0.0036760199732787553 5.7634448755004196e-05 4.853056681162847e-08 2.3310746157850413e-54 0.996265413544742
378.0 0.00373069590397191 5.913824864286341e-05 5.0738277335867555e-08 3.3112665836218735e-54 0.9962091835822694
379.0 0.003785886868645165 6.0672986626852345e-05 5.303392231179866e-08 4.694910587530867e-54 0.9961524052237234
380.0 0.0038415940933935002 6.223910717486944e-05 5.54204769632163e-08 6.64449630402738e-54 0.996095076695806
381.0 0.0038978187784318784 6.383705765641825e-05 5.790099776972441e-08 9.386520779983364e-54 0.9960371962445197
382.0 0.003954562098125418 6.54672883146982e-05 6.047862407863313e-08 1.323613808980817e-53 0.9959787621352105
383.0 0.004011825201020397 6.713025223822383e-05 6.315657973318405e-08 1.863108503830052e-53 0.9959197726520373
384.0 0.0040696092098814265 6.88264053320729e-05 6.593817471702271e-08 2.6178292225611778e-53 0.9958602260982494
385.0 0.004127915221729165 7.055620628867356e-05 6.882680681466889e-08 3.6717812972886336e-53 0.9958001207958388
386.0 0.00418674430788201 7.232011655820296e-05 7.182596328786626e-08 5.141035392907615e-53 0.9957394550854818
387.0 0.004246097514000703 7.411860031858436e-05 7.493922256762222e-08 7.185691675237643e-53 0.9956782273264713
388.0 0.004305975860134645 7.595212444507231e-05 7.817025596172547e-08 1.0026205477983222e-52 0.9956164358964141
389.0 0.00436638034077221 7.78211584794752e-05 8.152282937760023e-08 1.3965627107715447e-52 0.9955540791912078
390.0 0.004427311924893073 7.972617459898935e-05 8.500080506026243e-08 1.9419847870774707e-52 0.995491155624875
391.0 0.004488771556023382 8.166764758466694e-05 8.860814334519186e-08 2.6958666664299743e-52 0.9954276636294426
392.0 0.004550760152292859 8.36460547895135e-05 9.234890442589916e-08 3.7361456937603306e-52 0.9953636016546734
393.0 0.004613278606495232 8.566187610624653e-05 9.62272501359958e-08 5.169250232620892e-52 0.9952989681679881
394.0 0.00467632778615094 8.77155939347063e-05 1.0024744574553132e-07 7.140278613729309e-52 0.9952337616543401
395.0 0.004739908533571117 8.980769314891049e-05 1.0441386177135743e-07 9.846730393467287e-52 0.9951679806158445
396.0 0.004804021665926589 9.193866106382912e-05 1.0873097580135394e-07 1.355700023571284e-51 0.9951016235719808
397.0 0.004868667975315138 9.410898740176467e-05 1.132033743321542e-07 1.863524708970909e-51 0.995034689058934
398.0 0.004933848228835053 9.631916425849698e-05 1.1783575462028713e-07 2.5574784130450932e-51 0.9949671756297935
399.0 0.004999563168658149 9.856968606907102e-05 1.2263292654634878e-07 3.504283936082727e-51 0.9948990818541761
400.0 0.005065813512106071 0.0001008610495733129 1.2759981449203545e-07 4.7940466726686253e-51 0.9948304063180857
401.0 0.005132599951728472 0.00010319375378105236 1.3274145922974634e-07 6.548261341676543e-51 0.9947611476237267
402.0 0.00519992315538292 0.00010556829993706095 1.3806301982449128e-07 8.930496242701e-51 0.9946913043892618
403.0 0.005267783766317117 0.00010798519148572451 1.4356977554785454e-07 1.2160628986386483e-50 0.994620875248622
404.0 0.005336182403252721 0.00011044493403544419 1.4926712780371483e-07 1.6533785905577974e-50 0.9945498588512643
405.0 0.0054051196604721395 0.00011294803532280668 1.5516060206549514e-07 2.2445501980983073e-50 0.994478253862118
406.0 0.005474596107904292 0.00011549500517644475 1.6125584982453676e-07 3.0425095223660574e-50 0.9944060589610049
407.0 0.005544612291216819 0.00011808635548075687 1.675586505495284e-07 4.1179872848439557e-50 0.9943332728429198
408.0 0.005615168731904318 0.00012072260013927362 1.7407491365640313e-07 5.565359993549348e-50 0.9942598942172547
409.0 0.005686265927384057 0.00012340425503792302 1.808106804887339e-07 7.5103721000411515e-50 0.9941859218080757
410.0 0.005757904351088228 0.0001261318380079699 1.877721263080086e-07 1.0120320365488766e-49 0.9941113543534884
411.0 0.005830084452561382 0.00012890586878882516 1.949655622937416e-07 1.3617466488758968e-49 0.9940361906056253
412.0 0.005902806657557409 0.00013172686899060807 2.0239743755293525e-07 1.829667646677578e-49 0.9939604293302962
413.0 0.005976071368139226 0.00013459536205654303 2.1007434113868555e-07 2.4548586291474322e-49 0.9938840693068268
414.0 0.00604987896277846 0.00013751187322513827 2.18003004077519e-07 3.2889983222980282e-49 0.9938071093276613
415.0 0.006124229796458208 0.0001404769294922217 2.26190301405247e-07 4.400359534262545e-49 0.9937295481982458
416.0 0.006199124200776159 0.0001434910595727845 2.3464325421092654e-07 5.879013176166296e-49 0.9936513847367218
417.0 0.006274562484049201 0.00014655479386266532 2.4336903168862796e-07 7.84362530832957e-49 0.9935726177736675
418.0 0.006350544931418765 0.0001496686644000629 2.523749531966554e-07 1.0450322920058213e-48 0.9934932461517398
419.0 0.006427071804958895 0.00015283320482693846 2.616684903239639e-07 1.3904242638822263e-48 0.9934132687255554
420.0 0.006504143343783429 0.00015604895035022275 2.712572689632886e-07 1.8474554328325884e-48 0.9933326843612359
421.0 0.006581759764156376 0.00015931643770294136 2.811490713908094e-07 2.451397941839713e-48 0.993251491936287
422.0 0.006659921259602344 0.00016263620510518345 2.9135183835188377e-07 3.248411556811774e-48 0.9931696903392855
423.0 0.0067386280010168975 0.0001660087922249259 3.018736711524809e-07 4.298825232444697e-48 0.9930872784694222
424.0 0.0068178801367809365 0.0001694347401388135 3.1272283375615766e-07 5.681383885340261e-48 0.9930042552364718
425.0 0.0068976777928724895 0.00017291459129274679 3.239077548859241e-07 7.498737245763416e-48 0.99292061956024
426.0 0.006978021072982659 0.00017644888946244855 3.354370301309388e-07 9.884525062889183e-48 0.9928363703704848
427.0 0.007058910058629945 0.00018003817971387417 3.4731942405743174e-07 1.3012511416076866e-47 0.9927515066064555
428.0 0.007140344809277005 0.00018368300836357442 3.595638723236598e-07 1.7108346020226138e-47 0.9926660272166696
429.0 0.007222325362446945 0.00018738392293894516 3.721794837983981e-07 2.24646892285262e-47 0.992579931158499
430.0 0.007304851733842093 0.00019114147213844933 3.8517554268276095e-07 2.946063875123384e-47 0.9924932173979939
431.0 0.007387923917462146 0.000194956205791731 3.9856151063480785e-07 3.8586650990346854e-47 0.9924058849095121
432.0 0.007471541885722349 0.00019882867481965698 4.12347028896612e-07 5.047647220425777e-47 0.9923179326752571
433.0 0.0075557055895755405 0.00020275943119438153 4.2654192042360937e-07 6.594800182009097e-47 0.992229359685243
434.0 0.007640414958630486 0.00020674902789925373 4.4115619201546006e-07 8.605552380339875e-47 0.9921401649366826
435.0 0.007725669901274188 0.0002107980188887663 4.562000364484551e-07 1.121563891718128e-46 0.992050347433812
436.0 0.007811470304792444 0.00021490695904841052 4.7168383460878146e-07 1.4599604729824975e-46 0.9919599061874207
437.0 0.007897816035493598 0.000219076404154569 4.876181576265307e-07 1.8981634769861807e-46 0.9918688402147204
438.0 0.007984706938830244 0.00022330691083431842 5.040137690098065e-07 2.4649331994028588e-46 0.9917771485388769
439.0 0.008072142839521212 0.00022759903652520426 5.208816267786245e-07 3.1971225228046507e-46 0.991684830188542
440.0 0.008160123541677231 0.00023195333943509512 5.382328855984869e-07 4.141899105313444e-46 0.9915918841977679
441.0 0.008248648828923028 0.00023637037850191751 5.560788989127652e-07 5.3595626776942126e-46 0.9914983096054409
442.0 0.008337718464521741 0.00024085071335344332 5.744312210738833e-07 6.9271127715187445e-46 0.9914041054549588
443.0 0.008427332191500886 0.000245394904267117 5.933016094728827e-07 8.942761680912598e-46 0.9913092707940451
444.0 0.008517489732775475 0.0002500035121297979 6.127020266666716e-07 1.1531636705297022e-45 0.9912138046741837
445.0 0.008608190791272475 0.00025467709839755066 6.326446425028478e-07 1.4852977078753995e-45 0.9911177061502002
446.0 0.008699435050059287 0.00025941622505556283 6.531418362419304e-07 1.9109207359997802e-45 0.9910209742802646
447.0 0.00879122217246502 0.0002642214545778694 6.742061986757734e-07 2.4557364005063298e-45 0.9909236081250425
448.0 0.008883551802209346 0.00026909334988732374 6.958505342428692e-07 3.1523469767051683e-45 0.9908256067476993
449.0 0.008976423563525725 0.00027403247431543405 7.180878631391657e-07 4.042059686688855e-45 0.9907269692132409
450.0 0.009069837061289256 0.00027903939156236784 7.409314234247745e-07 5.17715411939469e-45 0.990627694588375
451.0 0.009163791881141413 0.00028411466565691107 7.64394673125618e-07 6.623725427066373e-45 0.990527781940994
452.0 0.00925828758961506 0.00028925886091647014 7.884912923298334e-07 8.46524573362047e-45 0.9904272303397033
453.0 0.009353323734263076 0.00029447254190724845 8.132351852788728e-07 1.0807020489885281e-44 0.9903260388537318
454.0 0.00944889984378037 0.00029975627340426595 8.3864048245203e-07 1.3781758843449924e-44 0.9902242065521273
455.0 0.00954501542813347 0.00030511062035168006 8.647215426452098e-07 1.755652928527629e-44 0.9901217325037631
456.0 0.009641669978683633 0.00031053614782297 8.914929550423422e-07 2.2341436123440175e-44 0.9900186157766737
457.0 0.009738862968312743 0.00031603342098128235 9.189695412798812e-07 2.840043143915788e-44 0.989914855437684
458.0 0.009836593851550864 0.0003216030050398989 9.471663575038466e-07 3.6064774419180466e-44 0.9898104505522192
459.0 0.009934862064698555 0.00032724546522262923 9.76098696418491e-07 4.574976937042783e-44 0.9897054001835992
460.0 0.010033667025954221 0.00033296136672444237 1.0057820893270296e-06 5.797556021897758e-44 0.9895997033928529
461.0 0.010133008135537393 0.000338751274672061 1.0362323081633006e-06 7.339293884360579e-44 0.9894933592381536
462.0 0.010232884775814776 0.0003446157540847401 1.0674653675145655e-06 9.28153444374077e-44 0.9893863667745366
463.0 0.010333296311425069 0.0003505553698351084 1.0994975266347059e-06 1.1725850001303074e-43 0.9892787250535267
464.0 0.01043424208939956 0.0003565706866099661 1.1323452914470841e-06 1.4798946080911254e-43 0.9891704331223834
465.0 0.010535721439290841 0.00036266226887147053 1.1660254165380154e-06 1.865872505977345e-43 0.9890614900241517
466.0 0.010637733673292292 0.00036883068081811516 1.2005549071385968e-06 2.350177513088568e-43 0.9889518947968625
467.0 0.010740278086364246 0.00037507648634606077 1.235951021096264e-06 2.9572610779530243e-43 0.9888416464733962
468.0 0.010843353956353186 0.00038140024901033893 1.2722312708341572e-06 3.71750635669841e-43 0.9887307440807276
469.0 0.01094696054411873 0.0003878025319864561 1.3094134252995917e-06 4.6686310334309016e-43 0.9886191866399332
470.0 0.011051097093650012 0.00039428389803175073 1.3475155118991772e-06 5.857413326705192e-43 0.9885069731652495
471.0 0.011155762832192925 0.00040084490944726893 1.3865558184226714e-06 7.341813656992385e-43 0.9883941026641726
472.0 0.011260956970365466 0.00040748612803934826 1.426552894952504e-06 9.193580256501364e-43 0.9882805741365177
473.0 0.01136667870228216 0.0004142081150816697 1.4675255557611626e-06 1.1501446158781462e-42 0.9881663865743328
474.0 0.011472927205674227 0.00042101143127729415 1.509492881194413e-06 1.4375048200129642e-42 0.9880515389614791
475.0 0.011579701642004357 0.0004278966367206547 1.5524742195398197e-06 1.7949726724425257e-42 0.9879360302727833
476.0 0.011687001156592483 0.00043486429086009195 1.5964891888823227e-06 2.2392398597950885e-42 0.9878198594741918
477.0 0.011794824878726589 0.0004419149524599962 1.6415576789431128e-06 2.7908737096747652e-42 0.9877030255216884
478.0 0.011903171921788044 0.00044904917956364106 1.687699852905385e-06 3.4751941644900686e-42 0.9875855273614916
479.0 0.012012041383362326 0.00045626752945563136 1.734936149222611e-06 4.3233439953156436e-42 0.987467363929071
480.0 0.012121432345359229 0.00046357055862486274 1.7832872834123353e-06 5.373593685889156e-42 0.9873485341490149
481.0 0.012231343874126886 0.00047095882272741923 1.8327742498329473e-06 6.672931051675351e-42 0.9872290369344259
482.0 0.01234177502056845 0.0004784328765497325 1.8834183234442969e-06 8.278996041553155e-42 0.9871088711865987
483.0 0.01245272482025596 0.0004859932739718019 1.93524106155104e-06 1.0262433643294124e-41 0.9869880357945141
484.0 0.012564192293542218 0.0004936405679305127 1.9882643055284737e-06 1.2709752787120515e-41 0.9868665296342316
485.0 0.012676176445677917 0.0005013753103833289 2.0425101825315918e-06 1.572679710010182e-41 0.9867443515687639
486.0 0.01278867626691918 0.0005091980522717899 2.098001107184773e-06 1.9442954885290058e-41 0.9866215004472367
487.0 0.012901690732643295 0.0005171093434855056 2.154759783254482e-06 2.4016261468873397e-41 0.9864979751047604
488.0 0.013015218803458352 0.0005251097328260923 2.2128092053024353e-06 2.9639577889437797e-41 0.9863737743618771
489.0 0.013129259425310213 0.0005331997679711851 2.2721726603193843e-06 3.6548066759881855e-41 0.9862488970238665
490.0 0.01324381152959609 0.0005413799954388963 2.3328737293407487e-06 4.5028230156573563e-41 0.9861233418806196
491.0 0.013358874033271172 0.000549650960552187 2.3949362890414626e-06 5.542882693351132e-41 0.98599710770604
492.0 0.01347444583895574 0.0005580132074034398 2.4583845133110314e-06 6.817404952020176e-41 0.9858701932575414
493.0 0.01359052583504257 0.0005664672788192385 2.5232428748083377e-06 8.377941492934976e-41 0.9857425972756394
494.0 0.01370711289580172 0.0005750137163252281 2.5895361464954368e-06 1.0287091360490993e-40 0.9856143184834025
495.0 0.013824205881487674 0.0005836530601112691 2.6572894031508813e-06 1.2620806551391048e-40 0.9854853555861413
496.0 0.01394180363844098 0.0005923858489965544 2.7265280228608056e-06 1.5471165862935213e-40 0.9853557072707662
497.0 0.01405990499919442 0.0006012126203951161 2.7972776884893795e-06 1.8949709432157194e-40 0.9852253722055244
498.0 0.014178508782572891 0.0006101339102812636 2.8695643891261523e-06 2.319144414736519e-40 0.9850943490393602
499.0 0.014297613793794338 0.0006191502531552595 2.9434144215114683e-06 2.835965114245991e-40 0.9849626364014185
500.0 0.014417218824573239 0.0006282621820093172 3.0188543914399873e-06 3.4651651507017874e-40 0.9848302329007829
501.0 0.014537322653218384 0.0006374702282935413 3.0959112151401628e-06 4.230571586021279e-40 0.9846971371258861
502.0 0.014657924044729695 0.0006467749218820398 3.1746121206306105e-06 5.160933836433406e-40 0.984563347643922
503.0 0.014779021750898947 0.0006561767910393981 3.2549846490537555e-06 6.290913705553e-40 0.9844288630005851
504.0 0.014900614510405284 0.000665676362387145 3.3370566559848513e-06 7.662269117259882e-40 0.9842936817195349
505.0 0.015022701048909199 0.0006752741608703378 3.420856312716614e-06 9.32526837890666e-40 0.984157802301805
506.0 0.015145280079151072 0.000684970709724573 3.5064121075206843e-06 1.1340378604405031e-39 0.9840212232255982
507.0 0.015268350301038722 0.0006947665304427 3.5937528468819668e-06 1.378027994295393e-39 0.9838839429454178
508.0 0.015391910401746952 0.0007046621427422888 3.682907656711023e-06 1.673226670370819e-39 0.9837459598920502
509.0 0.015515959055803087 0.0007146580645326644 3.7739059835279804e-06 2.030110758590818e-39 0.983607272471702
510.0 0.01564049492518224 0.0007247548118826059 3.866777595623448e-06 2.4612450305678608e-39 0.9834678790658392
511.0 0.01576551665939295 0.0007349528989877984 3.961552584191366e-06 2.981687129006876e-39 0.9833277780304691
512.0 0.015891022895568298 0.0007452528381387507 4.058261364437308e-06 3.609468917695095e-39 0.9831869676958424
513.0 0.016017012258552246 0.0007556551396887131 4.15693467665938e-06 4.366168207110185e-39 0.9830454463659216
514.0 0.016143483360985783 0.0007661603120217757 4.257603587302551e-06 5.277587339183056e-39 0.9829032123179
515.0 0.016270434803391794 0.000776768861521132 4.3602994899859325e-06 6.374558032177847e-39 0.9827602638017192
516.0 0.016397865174260604 0.0007874812925375798 4.465054106503247e-06 7.69389530456816e-39 0.9826165990396829
517.0 0.016525773050130386 0.0007982981073579842 4.5718994877945946e-06 9.279527298305491e-39 0.982472216225835
518.0 0.01665415699567284 0.000809219806174205 4.680868014892149e-06 1.1183832503473614e-38 0.9823271135257198
519.0 0.016783015563769883 0.000820246887051809 4.791992399835633e-06 1.346922135983767e-38 0.9821812890756667
520.0 0.016912347295597038 0.0008313798458993019 4.9053056865615735e-06 1.6210005605921378e-38 0.9820347409825505
521.0 0.017042150720697907 0.0008426191764371487 5.020841251761786e-06 1.9494606213117427e-38 0.9818874673230816
522.0 0.017172424357066254 0.0008539653701673662 5.138632805715432e-06 2.3428159454811838e-38 0.9817394661436148
523.0 0.01730316671121801 0.0008654189163428341 5.258714393089481e-06 2.8135590819579057e-38 0.9815907354594408
524.0 0.0174343762782696 0.0008769803019371312 5.381120393711927e-06 3.3765238315705104e-38 0.981441273254504
525.0 0.017566051542009346 0.0008886500116142198 5.505885523313699e-06 4.0493120499965896e-38 0.9812910774807925
526.0 0.0176981909749734 0.0009004285276985833 5.633044834242457e-06 4.852796060686376e-38 0.9811401460580546
527.0 0.01783079303851318 0.0009123163301451303 5.762633716144024e-06 5.811709681289251e-38 0.9809884768730984
528.0 0.017963856182869904 0.0009243138965096682 5.894687896616108e-06 6.955343035633941e-38 0.9808360677795606
529.0 0.018097378847242218 0.0009364217019192319 6.029243441829607e-06 8.318358842169346e-38 0.9806829165973472
530.0 0.018231359459854192 0.0009486402190426368 6.166336757119626e-06 9.941750793614873e-38 0.9805290211121694
531.0 0.018365796438022147 0.0009609699180611699 6.306004587545498e-06 1.187396803437538e-37 0.9803743790750828
532.0 0.018500688188221308 0.0009734112666394878 6.44828401841987e-06 1.4172233674460004e-37 0.9802189882020717
533.0 0.018636033106150283 0.000985964729896588 6.593212475805982e-06 1.6904089834472949e-37 0.9800628461735899
534.0 0.018771829576793488 0.0009986307703768894 6.740827726982933e-06 2.014920699134569e-37 0.9799059506340565
535.0 0.018908075974486054 0.0010114098480216343 6.891167880880399e-06 2.4001501498665843e-37 0.9797482991915385
536.0 0.019044770662970178 0.0010243024201400388 7.0442713884784834e-06 2.8571612214644403e-37 0.9795898894170608
537.0 0.019181911995459423 0.0010373089413810738 7.200177043178585e-06 3.3989795329529574e-37 0.9794307188443881
538.0 0.019319498314698254 0.0010504298637051721 7.358923981140436e-06 4.040930590796478e-37 0.9792707849696161
539.0 0.0194575279530129 0.0010636656363556853 7.5205516815835405e-06 4.801034554016964e-37 0.9791100852503952
540.0 0.019595999232373953 0.0010770167058311503 7.685099967060487e-06 5.700466804587769e-37 0.9789486171058054
541.0 0.01973491046445141 0.0010904835158573583 7.852609003694754e-06 6.764094964477628e-37 0.9787863779159117
542.0 0.019874259950663577 0.001104066507359266 8.023119301383115e-06 8.021104668081603e-37 0.978623365021078
543.0 0.02001404598223538 0.001117766118433625 8.196671713968762e-06 9.505728318947187e-37 0.9784595757218062
544.0 0.020154266840244833 0.001131582784321143 8.373307439376192e-06 1.1258093269684448e-36 0.9782950072780567
545.0 0.020294920795677015 0.0011455169373792474 8.553068019715866e-06 1.3325208406077512e-36 0.978129656908994
546.0 0.020436006109473825 0.0011595690070548134 8.735995341353367e-06 1.5762111038823033e-36 0.9779635217925887
547.0 0.02057752103257788 0.0011737394198567338 8.92213163494228e-06 1.863319936403718e-36 0.9777965990649965
548.0 0.02071946380598183 0.0011880285993289895 9.111519475425239e-06 2.2013779609313454e-36 0.977628885820255
549.0 0.020861832660774574 0.0012024369660237225 9.304201781999624e-06 2.59918614069562e-36 0.9774603791098977
550.0 0.02100462581818425 0.0012169649374743116 9.500221818047248e-06 3.067024001127059e-36 0.9772910759424694
551.0 0.021147841489620074 0.0012316129281685546 9.699623191029075e-06 3.616890979477625e-36 0.9771209732830479
552.0 0.02129147787671692 0.0012463813495221937 9.902449852346435e-06 4.2627860123865804e-36 0.9769500680529525
553.0 0.02143553317137558 0.001261270609852361 1.0108746097165292e-05 5.021031234701666e-36 0.976778357129311
554.0 0.021580005555801078 0.0012762811143510967 1.0318556564204676e-05 5.910646536364532e-36 0.9766058373445885
555.0 0.021724893202541385 0.0012914132650590523 1.053192623548986e-05 6.953782723275214e-36 0.9764325054862025
556.0 0.021870194274524284 0.0013066674608392622 1.0748900436069439e-05 8.176222170202123e-36 0.9762583582961007
557.0 0.02201590692509489 0.0013220440973511249 1.0969524833696996e-05 9.60795715877238e-36 0.97608339247043
558.0 0.022162029298047753 0.0013375435670242262 1.119384543847452e-05 1.1283857583762594e-35 0.9759076046590193
559.0 0.02230855952766423 0.0013531662590326524 1.1421908602462404e-05 1.324444141169859e-35 0.9757309914651473
560.0 0.02245549573873898 0.0013689125592688076 1.165376101924809e-05 1.5536763215851484e-35 0.9755535494448896
561.0 0.022602836046620212 0.00138478285031822 1.18894497234854e-05 1.821543832364743e-35 0.9753752751071237
562.0 0.022750578557228368 0.0014007775114332171 1.2129022090386432e-05 2.1343822632938547e-35 0.975196164912642
563.0 0.0228987213670951 0.0014168969185079782 1.2372525835187448e-05 2.4995371024175573e-35 0.9750162152742096
564.0 0.02304726256338611 0.0014331414440527707 1.2620009012569768e-05 2.925520056303957e-35 0.9748354225559642
565.0 0.023196200223927845 0.0014495114571685726 1.2871520016045792e-05 3.422188840564455e-35 0.9746537830730505
566.0 0.023345532417233358 0.0014660073235217908 1.3127107577307536e-05 4.000953854569971e-35 0.9744712930912615
567.0 0.02349525720252788 0.0014826294053191323 1.3386820765538073e-05 4.6750156347479724e-35 0.9742879488267228
568.0 0.02364537262976889 0.0014993780612822547 1.365070898668263e-05 5.45963752660622e-35 0.974103746445395
569.0 0.02379587673967151 0.0015162536466229203 1.3918821982685086e-05 6.37245863527933e-35 0.9739186820628577
570.0 0.023946767563727416 0.0015332565130178766 1.4191209830683684e-05 7.433852817564994e-35 0.9737327517438605
571.0 0.024098043124223305 0.0015503870085838557 1.4467922942168286e-05 8.667340275974461e-35 0.9735459515019244
572.0 0.0242497014342643 0.0015676454778530268 1.4749012062103238e-05 1.0100059219489923e-34 0.9733582772991758
573.0 0.024401740497783226 0.0015850322617476907 1.5034528268003576e-05 1.176330608020399e-34 0.9731697250456729
574.0 0.02455415830956624 0.0016025476975561465 1.5324522968982875e-05 1.3693153935315344e-34 0.9729802905994301
575.0 0.024706952855259805 0.0016201921189075168 1.5619047904752167e-05 1.5931160097334633e-34 0.972789969765746
576.0 0.024860122111390538 0.0016379658557475125 1.5918155144587684e-05 1.852517532138129e-34 0.9725987582970932
577.0 0.025013664045374494 0.0016558692343136576 1.6221897086253978e-05 2.153026875891528e-34 0.9724066518926369
578.0 0.02516757661553244 0.001673902577111034 1.6530326454892252e-05 2.5009784686735007e-34 0.9722136461980339
579.0 0.02532185777109812 0.0016920662028876857 1.684349630186541e-05 2.903654918601813e-34 0.9720197368050038
580.0 0.025476505452225007 0.0017103604266100495 1.7161460003563033e-05 3.369424736949783e-34 0.971824919250896
581.0 0.02563151759000455 0.001728785559439281 1.7484271260175313e-05 3.907899449002041e-34 0.971629189018733
582.0 0.025786892106463424 0.0017473419087062853 1.781198409441388e-05 4.530112734933776e-34 0.9714325415365019
583.0 0.025942626914575807 0.0017660297778878907 1.8144652850203132e-05 5.248724590553463e-34 0.9712349721770596
584.0 0.026098719918265713 0.0017848494665824541 1.8482332191326123e-05 6.078253889907899e-34 0.9710364762577087
585.0 0.026255169012414637 0.0018038012704859434 1.8825077100033894e-05 7.035343173554322e-34 0.9708370490400156
586.0 0.026411972082861737 0.0018228854813676374 1.917294287561062e-05 8.139059983785111e-34 0.9706366857293887
587.0 0.026569127006409246 0.001842102387046281 1.952598513290263e-05 9.411239628023e-34 0.9704353814748989
588.0 0.026726631650820454 0.001861452271365837 1.9884259800801967e-05 1.087687488151918e-33 0.9702331313688659
589.0 0.02688448387482299 0.0018809354141717215 2.02478231206945e-05 1.2564558848828474e-33 0.9700299304466786
590.0 0.02704268152810592 0.0019005520912866959 2.0616731644862636e-05 1.450698799967672e-33 0.9698257736864349
591.0 0.027201222451319628 0.0019203025744870847 2.0991042234850873e-05 1.6741533289290365e-33 0.9696206560087196
592.0 0.027360104476070776 0.0019401871314787102 2.1370812059786572e-05 1.9310888277667612e-33 0.9694145722762457
593.0 0.027519325424921276 0.0019602060258732384 2.1756098594663934e-05 2.226380428970683e-33 0.9692075172936859
594.0 0.02767888311138267 0.0019803595171642833 2.2146959618583748e-05 2.5655923922998788e-33 0.9689994858073652
595.0 0.02783877533991166 0.002000647860703686 2.2543453212953668e-05 2.9550725628640297e-33 0.9687904725050464
596.0 0.02799899990589829 0.0020210713076773638 2.2945637759641543e-05 3.402059368053828e-33 0.9685804720154902
597.0 0.028159554595664958 0.0020416301050820247 2.3353571939097213e-05 3.9148029630382455e-33 0.9683694789084324
598.0 0.02832043718645641 0.0020623244957013133 2.3767314728425424e-05 4.502702334086369e-33 0.9681574876942836
599.0 0.028481645446427548 0.002083154718081902 2.4186925399416772e-05 5.1764603923632445e-33 0.9679444928237898
600.0 0.02864317713463535 0.002104121006509943 2.461246351654006e-05 5.948259340819067e-33 0.9677304886878725
601.0 0.02880503000102734 0.0021252235909873613 2.504398893489125e-05 6.831958876392178e-33 0.9675154696173893
602.0 0.02896720178643039 0.0021464626972082473 2.5481561798100952e-05 7.843320102352871e-33 0.967299429882931
603.0 0.029129690222532967 0.0021678385465348526 2.592524253619523e-05 9.000258374967517e-33 0.9670823636944456
604.0 0.029292493031880314 0.002189351355974594 2.6375091863425572e-05 1.0323128698940747e-32 0.9668642652013224
605.0 0.029455607927852137 0.002211001338155872 2.6831170776042685e-05 1.1835047721859581e-32 0.9666451284919239
606.0 0.02961903261464604 0.0022327887013043387 2.7293540550032853e-05 1.356225686427024e-32 0.9664249475933525
607.0 0.029782764787271595 0.002254713649220075 2.7762262738822726e-05 1.5534531664701388e-32 0.966203716471589
608.0 0.02994680213152069 0.00227677638125303 2.823739917092023e-05 1.7785643024112288e-32 0.9659814290308916
609.0 0.030111142323955453 0.0022989770922798494 2.871901194752976e-05 2.035387670894454e-32 0.9657580791138023
610.0 0.0302757830318897 0.002321315972680289 2.9207163440119254e-05 2.328261822370235e-32 0.9655336605009681
611.0 0.03044072191336928 0.0023437932083135975 2.9701916287944217e-05 2.6621011001354715e-32 0.965308166910963
612.0 0.03060595661714888 0.0023664089804946906 3.0203333395525775e-05 3.042469679217811e-32 0.9650815920000247
613.0 0.030771484782673674 0.002389163465970748 3.07114779300913e-05 3.4756648169282156e-32 0.9648539293619751
614.0 0.03093730404005566 0.0024120568368974746 3.122641331896734e-05 3.968810422339735e-32 0.9646251725280043
615.0 0.031103412010053687 0.002435089260815671 3.174820324693359e-05 4.5299621803225855e-32 0.9643953149665988
616.0 0.03126980630404373 0.002458260900627132 3.227691165352456e-05 5.168225608459098e-32 0.9641643500831918
617.0 0.031436484524001614 0.002481571914571534 3.281260273030081e-05 5.893888583727291e-32 0.9639322712202321
618.0 0.031603444262477694 0.002505022456202776 3.3355340918069974e-05 6.718570051953192e-32 0.963699071657028
619.0 0.031770683102566075 0.002528612674364898 3.390519090405836e-05 7.655386828575278e-32 0.9634647446094498
620.0 0.031938198617880525 0.002552342713168605 3.446221761904699e-05 8.719140616287342e-32 0.9632292832298714
621.0 0.032105988372531286 0.0025762127119678844 3.502648623446531e-05 9.926527605897727e-32 0.9629926806071548
622.0 0.032274049921093444 0.0026002228053360085 3.5598062159433424e-05 1.129637329374669e-31 0.9627549297664125
623.0 0.0324423808085774 0.0026243731230417354 3.617701103776226e-05 1.2849895445033168e-31 0.9625160236688584
624.0 0.03261097857040682 0.002648663790026137 3.676339874491957e-05 1.4610998460412333e-31 0.9622759552118982
625.0 0.0327798407323812 0.002673094926378259 3.735729138493537e-05 1.6606602766555933e-31 0.9620347172288016
626.0 0.03294896481064937 0.0026976666473116466 3.7958755287275395e-05 1.8867013253715362e-31 0.9617923024887064
627.0 0.033118348311681714 0.0027223790631408567 3.85678570036709e-05 2.1426331228643157e-31 0.9615487036966179
628.0 0.03328798873223403 0.0027472322792572762 3.91846633048941e-05 2.4322914843963195e-31 0.9613039134931863
629.0 0.03345788355931557 0.002772226396105334 3.980924117749555e-05 2.7599893510090233e-31 0.9610579244546222
630.0 0.03362803027016261 0.002797361509159192 4.0441657820503637e-05 3.130574239835465e-31 0.9608107290928009
631.0 0.033798426332198615 0.0028226377088983435 4.1081980642064766e-05 3.5494923809936507e-31 0.9605623198549984
632.0 0.03396906920300349 0.0028480550807840083 4.1730277256050816e-05 4.022860292103112e-31 0.9603126891239091
633.0 0.03413995633028199 0.0028736137052354765 4.2386615478620466e-05 4.557544622722101e-31 0.9600618292176649
634.0 0.034311085151825405 0.0028993136576059048 4.305106332473001e-05 5.161251190715914e-31 0.9598097323896746
635.0 0.034482453095480335 0.0029251550081587324 4.372368900460705e-05 5.842624231574167e-31 0.9595563908286915
636.0 0.03465405757910901 0.002951137822043417 4.440456092017081e-05 6.611356990914486e-31 0.9593017966586604
637.0 0.03482589601055554 0.002977262159271661 4.5093747661414825e-05 7.478314910869805e-31 0.9590459419387476
638.0 0.03499796578761315 0.003003528074693775 4.579131800274722e-05 8.455672793839326e-31 0.9587888186634188
639.0 0.035170264297977684 0.00302993561797385 4.649734089926845e-05 9.55706747341968e-31 0.9585304187621552
640.0 0.035342788919225675 0.0030564848335670842 4.721188548303689e-05 1.0797767683551726e-30 0.9582707340998604
641.0 0.03551553701875979 0.0030831757606942785 4.793502105924683e-05 1.2194862994423345e-30 0.9580097564763961
642.0 0.035688505953782645 0.0031100084333188296 4.866681710239997e-05 1.3767473879133804e-30 0.9577474776269038
643.0 0.03586169307125654 0.0031369828801224883 4.94073432524132e-05 1.553698519016018e-30 0.9574838892217605
644.0 0.03603509570786088 0.0031640991244809443 5.015666931067808e-05 1.752730556127698e-30 0.9572189828664922
645.0 0.03620871118995616 0.0031913571844399643 5.091486523608586e-05 1.9765155510755212e-30 0.9569527501018736
646.0 0.036382536833543866 0.0032187570726912294 5.1682001141000906e-05 2.2280387307681444e-30 0.9566851824039402
647.0 0.036556569944229525 0.0032462987965483966 5.245814728719403e-05 2.510633997756515e-30 0.9564162711840913
648.0 0.03673080781717853 0.0032739823579225665 5.324337408172132e-05 2.8280233168696128e-30 0.9561460077890215
649.0 0.036905247737076326 0.0033018077532981464 5.4037752072763635e-05 3.184360397992391e-30 0.9558743835007795
650.0 0.03707988697809571 0.0033297749737093117 5.484135194543119e-05 3.5842791266841724e-30 0.9556013895370261
651.0 0.03725472280384419 0.0033578840047147353 5.565424451749559e-05 4.032947240018987e-30 0.9553270170507838
652.0 0.03742975246733209 0.0033861348263741404 5.647650073510524e-05 4.5361257951575396e-30 0.9550512571307421
653.0 0.037604973210928073 0.003414527413223743 5.730819166843835e-05 5.1002350331242236e-30 0.9547741008012434
654.0 0.0377803822663178 0.0034430617342519746 5.8149388507315696e-05 5.732427300531678e-30 0.9544955390223665
655.0 0.03795597685446582 0.0034717377528754906 5.9000162556771853e-05 6.440667758046068e-30 0.9542155626901018
656.0 0.0381317541855683 0.003500555426914361 5.9860585232568616e-05 7.233823676750605e-30 0.9539341626363038
657.0 0.038307711459016125 0.003529514708568174 6.0730728056678486e-05 8.121763202828856e-30 0.9536513296289181
658.0 0.038483845863350574 0.003558615544391489 6.161066265271105e-05 9.115464557768203e-30 0.9533670543720311
659.0 0.03866015457622249 0.0035878578752695936 6.25004607413007e-05 1.0227136736275783e-29 0.9530813275060157
660.0 0.0388366347643491 0.003617241636394029 6.340019413544369e-05 1.1470352868032363e-29 0.9527941396076294
661.0 0.0390132835834727 0.0036467667572383077 6.430993473579468e-05 1.2860197523100107e-29 0.9525054811901669
662.0 0.03919009817832092 0.003676433161533757 6.522975452591884e-05 1.44134293651204e-29 0.9522153427036586
663.0 0.039367075682559295 0.0037062407672446406 6.615972556748714e-05 1.6148660692327227e-29 0.9519237145348916
664.0 0.0395442132187512 0.0037361894865439666 6.7099919995438e-05 1.8086555554925532e-29 0.9516305870076147
665.0 0.03972150789831755 0.0037662792257892506 6.805041001309245e-05 2.0250048299606643e-29 0.9513359503827477
666.0 0.03989895682149264 0.003796509885497952 6.901126788721898e-05 2.266458456915998e-29 0.9510397948585047
667.0 0.04007655707728565 0.0038268813603233877 6.998256594306114e-05 2.535838697858351e-29 0.950742110570654
668.0 0.04025430574342647 0.003857393539029175 7.09643765592934e-05 2.836274790020212e-29 0.9504428875924192
669.0 0.04043219988634244 0.003888046304466612 7.195677216298487e-05 3.171235202069488e-29 0.9501421159351138
670.0 0.04061023656110019 0.003918839533548723 7.295982522445736e-05 3.544563158412649e-29 0.9498397855479561
671.0 0.04078841281136856 0.003949773097226273 7.39736082521335e-05 3.9605157509111715e-29 0.949535886318391
672.0 0.04096672566938372 0.003980846860464056 7.499819378734507e-05 4.423806986686471e-29 0.9492304080724611
673.0 0.041145172155894506 0.004012060682215195 7.603365439906018e-05 4.93965515323039e-29 0.9489233405747235
674.0 0.041323749280131265 0.004043414415397755 7.70800626786054e-05 5.513834917500757e-29 0.9486146735287198
675.0 0.041502454039761084 0.004074907906870023 7.813749123432106e-05 6.152734614285941e-29 0.9483043965771281
676.0 0.04168128342084694 0.004106540997406129 7.920601268617618e-05 6.863419221168491e-29 0.9479924993020126
677.0 0.04186023439780475 0.00413831352167149 8.028569966033379e-05 7.653699563171114e-29 0.9476789712250276
678.0 0.04203930393336054 0.004170225308198238 8.137662478367261e-05 8.532208339960575e-29 0.9473638018076286
679.0 0.04221848897852188 0.004202276179362035 8.24788606782895e-05 9.508483622641554e-29 0.9470469804516034
680.0 0.04239778647251907 0.004234465951355926 8.359247995589908e-05 1.0593060526061216e-28 0.9467284964989265
681.0 0.04257719334278267 0.004266794434167757 8.471755521225801e-05 1.1797571826588895e-28 0.9464083392324318
682.0 0.042756706504888976 0.004299261431554407 8.58541590214813e-05 1.3134858364894695e-28 0.9460864978757685
683.0 0.042936322862531975 0.004331866741018634 8.700236393036644e-05 1.4619090148879808e-28 0.9457629615939439
684.0 0.04311603930747891 0.004364610153784336 8.816224245263914e-05 1.626589915401007e-28 0.9454377194935101
685.0 0.043295852719526434 0.00439749145477178 8.933386706315464e-05 1.809252490747969e-28 0.9451107606227577
686.0 0.043475759966477096 0.004430510422574933 9.051731019209656e-05 2.0117974039446065e-28 0.9447820739723596
687.0 0.0436557579040834 0.004463666829435487 9.171264421906296e-05 2.236319508958135e-28 0.9444516484753005
688.0 0.0438358433760206 0.004496960441219812 9.29199414671675e-05 2.4851269971217867e-28 0.9441194730074389
689.0 0.04401601321384995 0.0045303910173949006 9.413927419707629e-05 2.7607623618922053e-28 0.9437855363878515
690.0 0.044196264236973225 0.00456395831100343 9.537071460097951e-05 3.066025347939353e-28 0.9434498273789945
691.0 0.04437659325260902 0.004597662068641087 9.661433479656766e-05 3.4039980650891297e-28 0.9431123346873279
692.0 0.044556997055741676 0.004631502030431012 9.787020682090168e-05 3.778072463380154e-28 0.9427730469633513
693.0 0.0447374724291022 0.004665477930001593 9.913840262430821e-05 4.191980382560992e-28 0.9424319528023216
694.0 0.044918016143113595 0.004699589494460568 0.00010041899406415478 4.649826407822856e-28 0.9420890407442091
695.0 0.045098624955879026 0.00473383644437352 0.00010171205289867103 5.156123783577082e-28 0.941744299274559
696.0 0.04527929561312779 0.004768218493738066 0.00010301765078063574 5.715833658732369e-28 0.9413977168244562
697.0 0.04546002484819339 0.00480273534996135 0.00010433585925108887 6.334407960373046e-28 0.9410492817711655
698.0 0.045640809381977496 0.004837386713836017 0.00010566674973296792 7.01783621808706e-28 0.9406989824384675
699.0 0.04582164592291386 0.004872172279516294 0.00010701039352470191 7.77269668861969e-28 0.9403468070969925
700.0 0.04600253116694822 0.004907091734495667 0.00010836686179379579 8.60621216018633e-28 0.9399927439648779
