200.0 1.924746027523484e-07 6.814832174365058e-14 2.0712243395312304e-22 2.9236916715071075e-113 1.2589983368863827e-08
201.0 2.139909293966253e-07 8.157765533106616e-14 2.733489836549362e-22 1.1437047132743328e-112 1.4188594249322621e-08
202.0 2.3766051995535653e-07 9.747859345521298e-14 3.5975780117487803e-22 4.413940627779357e-112 1.597110584717074e-08
203.0 2.6367277144137497e-07 1.162735104842921e-13 4.721968933145615e-22 1.6809548982683417e-111 1.7956417411401477e-08
204.0 2.922313043700366e-07 1.3845130804455875e-13 6.181210164264103e-22 6.318116895066174e-111 2.016512768041489e-08
205.0 3.235549295895432e-07 1.6457703129775382e-13 8.070091685009683e-22 2.3442544097042904e-110 2.2619671253562778e-08
206.0 3.57878430439117e-07 1.9530262496165779e-13 1.0508837074515036e-21 8.587941089097239e-110 2.534444756237694e-08
207.0 3.954536093383339e-07 2.313791767116975e-13 1.364955368513808e-21 3.106853667162322e-109 2.8365973508556605e-08
208.0 4.365502385738402e-07 2.736706376564501e-13 1.7684218537350845e-21 1.1101421542609868e-108 3.171303530994852e-08
209.0 4.814572298976215e-07 3.2316936485460057e-13 2.2854553722495175e-21 3.9186787659882674e-108 3.541686211390084e-08
210.0 5.30483529357582e-07 3.8101337527725877e-13 2.946418850187409e-21 1.3667203324967395e-107 3.951128604691319e-08
211.0 5.839593197942271e-07 4.485058614067864e-13 3.7893629492395515e-21 4.710562526223323e-107 4.4032930876434214e-08
212.0 6.422373941162197e-07 5.271371677429995e-13 4.861864616466293e-21 1.6046929546555725e-106 4.902142084280711e-08
213.0 7.056940766401462e-07 6.186089820864562e-13 6.223275334889628e-21 5.403916391690761e-106 5.451956268965831e-08
214.0 7.747306726952861e-07 7.248617349220668e-13 7.947471576410453e-21 1.79925590339931e-105 6.057357462335136e-08
215.0 8.497747766133034e-07 8.481050209546932e-13 1.0126207470003648e-20 5.923982029828682e-105 6.723331265685421e-08
216.0 9.312816172759617e-07 9.908514771244349e-13 1.2873194070987363e-20 1.929028154111953e-104 7.455250778664096e-08
217.0 1.019735529399566e-06 1.1559545571757453e-12 1.6329053640418507e-20 6.213463648806169e-104 8.258902141197792e-08
218.0 1.1156514159619057e-06 1.3466504535068582e-12 2.0667322543002717e-20 1.9799965246709146e-103 9.14051088160142e-08
219.0 1.2195762476314665e-06 1.5666046047832812e-12 2.610171033271097e-20 6.243016348755285e-103 1.0106769447348184e-07
220.0 1.3320906860243615e-06 1.8199633404261387e-12 3.289486229167189e-20 1.947989649850504e-102 1.116486667255843e-07
221.0 1.4538107426104494e-06 2.1114110522630947e-12 4.136891457435869e-20 6.015927160255702e-102 1.2322518518494864e-07
222.0 1.5853894281391202e-06 2.446233332745554e-12 5.191818235393805e-20 1.8390890111753135e-101 1.3587999725844324e-07
223.0 1.7275184812035534e-06 2.8303867421588466e-12 6.502438493298851e-20 5.566043464551727e-101 1.4970177142155828e-07
224.0 1.880930264149326e-06 3.2705759719375735e-12 8.127488488624032e-20 1.667986229717894e-100 1.6478545551233276e-07
225.0 2.046399691679335e-06 3.774338883199228e-12 1.0138449362466811e-19 4.949914484384518e-100 1.8123264924985793e-07
226.0 2.2247458414000573e-06 4.350139422422302e-12 1.262214728259076e-19 1.4548512094559106e-99 1.9915195981340973e-07
227.0 2.4168343467807752e-06 5.00747114448227e-12 1.5683854161345024e-19 4.235556140920615e-99 2.1865943792883433e-07
228.0 2.6235791177801645e-06 5.7569695377165965e-12 1.945097065589367e-19 1.2215960519133991e-98 2.398789666994646e-07
229.0 2.8459446230951492e-06 6.6105362722981604e-12 2.407740052279014e-19 3.4907882829836466e-98 2.629427126929947e-07
230.0 3.0849480714612174e-06 7.581475099876417e-12 2.9748733048020404e-19 9.884406264103321e-98 2.879915812066085e-07
231.0 3.34166140607133e-06 8.684640033863521e-12 3.6688370631131545e-19 2.773705824035225e-97 3.151756669351138e-07
232.0 3.6172138575657287e-06 9.936598661211922e-12 4.51647693995696e-19 7.714425970809589e-97 3.4465476981095257e-07
233.0 3.912794219570741e-06 1.1355809794890856e-11 5.549997238472471e-19 2.1268166211536497e-96 3.765988993218721e-07
234.0 4.229653068966332e-06 1.2962817006133537e-11 6.807965061412641e-19 5.8128434345609785e-96 4.111887870329089e-07
235.0 4.569105584798388e-06 1.478046128528139e-11 8.336491022185388e-19 1.5751701828297807e-95 4.486164711364165e-07
236.0 4.932533653908251e-06 1.6834110358015152e-11 1.0190613231093354e-18 4.232470144981258e-95 4.890858270008999e-07
237.0 5.321388836928529e-06 1.91519108217525e-11 1.2435919818223143e-18 1.1278059823261674e-94 5.328131964330917e-07
238.0 5.737194882103727e-06 2.1765060680990118e-11 1.5150445665009085e-18 2.980538093555394e-94 5.800279887931175e-07
239.0 6.181550356576855e-06 2.4708105531925232e-11 1.8426887300157643e-18 7.81303380192442e-94 6.3097330902173e-07
240.0 6.656131523548616e-06 2.8019260732871046e-11 2.237518590886084e-18 2.031672382765731e-93 6.859066265945879e-07
241.0 7.162695204243079e-06 3.1740760515210425e-11 2.7125534471863534e-18 5.241312708416094e-93 7.45100459906523e-07
242.0 7.703081623868523e-06 3.59192358766715e-11 3.2831873384725475e-18 1.341595642941758e-92 8.088430758784354e-07
243.0 8.279217329005913e-06 4.0606123623374483e-11 3.967594824291303e-18 3.407535788856829e-92 8.774392139205985e-07
244.0 8.893118349491382e-06 4.5858109640845505e-11 4.787201437670913e-18 8.588904861648056e-92 9.512108532261867e-07
245.0 9.5468932556743e-06 5.173760713291316e-11 5.767228189526767e-18 2.1485943273955088e-91 1.0304979873591855e-06
246.0 1.0242746113203433e-05 5.83132719863011e-11 6.937320852581703e-18 5.334949856900024e-91 1.1156594056237447e-06
247.0 1.0982979940138201e-05 6.566056110904945e-11 8.332276619472879e-18 1.3149369158439825e-90 1.2070735469451867e-06
248.0 1.176999992963746e-05 7.386233269293147e-11 9.992881599400621e-18 3.217487694823126e-90 1.3051393479826657e-06
249.0 1.2606316654755676e-05 8.300949209434908e-11 1.1966874850706728e-17 7.816357010416144e-90 1.41027710804679e-06
250.0 1.3494549471743709e-05 9.320168763489458e-11 1.4310056781218112e-17 1.8854060690114562e-89 1.5229293950765435e-06
251.0 1.443743016348847e-05 1.0454806006162654e-10 1.708756198033791e-17 4.5160146862223416e-89 1.6435619987361532e-06
252.0 1.543780613209364e-05 1.1716804417136494e-10 2.0375318182177794e-17 1.0742170519073696e-88 1.7726648528957286e-06
253.0 1.6498644263215534e-05 1.311922337584983e-10 2.426171776599047e-17 2.537761121488285e-88 1.910753054345859e-06
254.0 1.7623034382019188e-05 1.46763306052616e-10 2.8849528992744495e-17 5.954792386875168e-88 2.058367856168998e-06
255.0 1.8814192819347494e-05 1.6403701279388304e-10 3.4258079231281125e-17 1.387951615809859e-87 2.216077693973555e-06
256.0 2.0075466473829e-05 1.8318324555807427e-10 4.062574661805325e-17 3.213719301544698e-87 2.384479291504663e-06
257.0 2.1410336208472866e-05 2.0438716968050067e-10 4.8112798078934217e-17 7.39266500688371e-87 2.5641987098978746e-06
258.0 2.2822420871208235e-05 2.2785044191935095e-10 5.690462044368406e-17 1.6896105929779297e-86 2.7558924916102035e-06
259.0 2.431548129439762e-05 2.53792511365598e-10 6.721539357936463e-17 3.837048273760116e-86 2.960248824755607e-06
260.0 2.589342392974842e-05 2.824520044288104e-10 7.929225999416381e-17 8.65894483786286e-86 3.1779886854590095e-06
261.0 2.7560305147322192e-05 3.1408820920368836e-10 9.342005542679896e-17 1.941875099060014e-85 3.4098670828998247e-06
262.0 2.9320334956579526e-05 3.489826516684555e-10 1.0992666602295125e-16 4.3280999101824894e-85 3.6566742566652168e-06
263.0 3.117788138919058e-05 3.874407823238532e-10 1.2918909232348917e-16 9.587900358887097e-85 3.919236978163826e-06
264.0 3.313747443174057e-05 4.2979376667187485e-10 1.5164030167476157e-16 2.1112035950041205e-84 4.198419819733512e-06
265.0 3.5203810235932046e-05 4.764003933769044e-10 1.7777696571025484e-16 4.621114794088712e-84 4.495126481138001e-06
266.0 3.738175526178442e-05 5.276491021778275e-10 2.0816818625211653e-16 1.0055476403627173e-83 4.810301130955614e-06
267.0 3.9676350781889766e-05 5.839601436971231e-10 2.4346532763702326e-16 2.1753371747171816e-83 5.144929817807399e-06
268.0 4.2092816766483965e-05 6.457878640059032e-10 2.8441307819214765e-16 4.6789337747332234e-83 5.500041825751254e-06
269.0 4.463655667899503e-05 7.136231423107098e-10 3.3186189084843577e-16 1.0006715020487671e-82 5.87671117083161e-06
270.0 4.7313161442258094e-05 7.879959636996373e-10 3.8678194879502216e-16 2.1280802293664072e-82 6.276058014220082e-06
271.0 5.012841410051666e-05 8.694781567106396e-10 4.502788377157196e-16 4.500527329269217e-82 6.699250189899587e-06
272.0 5.308829411860251e-05 9.586862872475182e-10 5.236111072512232e-16 9.465519632509855e-82 7.14750470909114e-06
273.0 5.619898191000708e-05 1.0562847258418995e-09 6.082099344412519e-16 1.9799648817867824e-81 7.622089319042923e-06
274.0 5.946686333982344e-05 1.1629888923363137e-09 7.057011166851242e-16 4.119347384258352e-81 8.124324082953035e-06
275.0 6.28985342873487e-05 1.2795686877694547e-09 8.179296468673456e-16 8.52477269816237e-81 8.655582992402095e-06
276.0 6.650080505586877e-05 1.4068521177515559e-09 9.469871442797557e-16 1.754873613555068e-80 9.217295583140026e-06
277.0 7.028070513709467e-05 1.5457291263368247e-09 1.0952424506161741e-15 3.593704367773314e-80 9.810948623884132e-06
278.0 7.42454876954075e-05 1.6971556369565206e-09 1.2653757150752396e-15 7.321444638530857e-80 1.043808779121556e-05
279.0 7.840263432087309e-05 1.8621578211024985e-09 1.460416338981498e-15 1.4839978219251334e-79 1.1100319406223339e-05
280.0 8.275985942004252e-05 2.0418365904476763e-09 1.6837851667081306e-15 2.992785269489799e-79 1.179931214467208e-05
281.0 8.732511520845012e-05 2.2373723446561692e-09 1.939341373291708e-15 6.005471290407725e-79 1.2536798856430642e-05
282.0 9.210659613105443e-05 2.45002995781517e-09 2.2314345009394462e-15 1.1991429903080786e-78 1.331457832853201e-05
283.0 9.711274371616111e-05 2.681164037903895e-09 2.5649621790297143e-15 2.3827032759537187e-78 1.4134517134111585e-05
284.0 0.0001023522511083155 2.932224451469893e-09 2.9454340740211454e-15 4.711579359758814e-78 1.4998551459529843e-05
285.0 0.00010783406799115006 3.2047621434423882e-09 3.3790426980343437e-15 9.272199195386715e-78 1.5908689012203945e-05
286.0 0.00011356740514762307 3.5004352431961885e-09 3.87274172251168e-15 1.8161031559850135e-77 1.686701089994149e-05
287.0 0.00011956173919990553 3.821015483178254e-09 4.4343325333472054e-15 3.5404731896055786e-77 1.787567356019208e-05
288.0 0.00012582681744524043 4.168394940722882e-09 5.0725598124300684e-15 6.87015228647022e-77 1.89369107277251e-05
289.0 0.0001323726623709848 4.5445931019165614e-09 5.797216981437971e-15 1.3270173480463393e-76 2.0053035378113764e-05
290.0 0.0001392095767218975 4.951764288532678e-09 6.619262464881016e-15 2.5516003723498553e-76 2.1226441777779753e-05
291.0 0.00014634814778876444 5.3922054167525876e-09 7.550947718272112e-15 4.8842162669329816e-76 2.2459607440023252e-05
292.0 0.00015379925249779064 5.8683641543522855e-09 8.60595817072869e-15 9.307721084964311e-76 2.375509522545126e-05
293.0 0.0001615740618452801 6.382847439701044e-09 9.799568187946908e-15 1.765947876784415e-75 2.5115555365950276e-05
294.0 0.00016968404579996457 6.938430416342524e-09 1.1148811374030572e-14 3.335938039679838e-75 2.6543727583095518e-05
295.0 0.00017814097788159246 7.538065768372647e-09 1.2672667537913162e-14 6.274554690026054e-75 2.8042443179499518e-05
296.0 0.0001869569397499411 8.184893482664479e-09 1.4392267812820064e-14 1.1751456147071883e-74 2.9614627153642893e-05
297.0 0.00019614432605011444 8.88225106398486e-09 1.6331119538470514e-14 2.1916088644894027e-74 3.126330037729491e-05
298.0 0.00020571584876964393 9.633684186045068e-09 1.8515352563068846e-14 4.07019761969948e-74 3.299158171774281e-05
299.0 0.00021568454209935968 1.0442957836772194e-08 2.097398888275373e-14 7.527786165739407e-74 3.480269026137147e-05
300.0 0.00022606376688776394 1.1314067933576495e-08 2.3739237531298615e-14 1.38655271547563e-73 3.669994749413717e-05
301.0 0.0002368672151436278 1.2251253443730865e-08 2.6846816883561706e-14 2.543551845652139e-73 3.86867795102477e-05
302.0 0.0002481089146675459 1.3259009031078136e-08 3.0336306675447966e-14 4.6472648907342385e-73 4.0766719262493385e-05
303.0 0.00025980323335988856 1.4342098222364587e-08 3.425153214853992e-14 8.457152876234419e-73 4.29434087801577e-05
304.0 0.0002719648839037333 1.550556714606797e-08 3.864098303589133e-14 1.5329850614183158e-72 4.5220601468284836e-05
305.0 0.000284608927916273 1.675475881237912e-08 4.355827010549784e-14 2.76793250325802e-72 4.7602164339111136e-05
306.0 0.0002977507805565444 1.8095328005130895e-08 4.9062622415002105e-14 4.978442805768329e-72 5.009208033804711e-05
307.0 0.00031140621456056183 1.9533256745007044e-08 5.521942837582958e-14 8.920072987498078e-72 5.269445059308331e-05
308.0 0.00032559136485304374 2.1074870408809113e-08 6.210082426782725e-14 1.5921953268343352e-71 5.5413496779126224e-05
309.0 0.00034032273250370575 2.2726854448931928e-08 6.978633371581295e-14 2.831348411161582e-71 5.825356339017802e-05
310.0 0.00035561718897135004 2.4496271787434637e-08 7.836356223784119e-14 5.016202868578455e-71 6.121912007709787e-05
311.0 0.00037149198026571143 2.6390580881438863e-08 8.792895103926005e-14 8.854361495852414e-71 6.431476398870483e-05
312.0 0.0003879647309440887 2.8417654471798744e-08 9.858859454106466e-14 1.55723858471778e-70 6.754522210106778e-05
313.0 0.00040505344818834093 3.0585799050479166e-08 1.1045912650708364e-13 2.728877168254237e-70 7.091535357670372e-05
314.0 0.00042277652567373434 3.290377504511573e-08 1.2366867982970263e-13 4.7649541323768306e-70 7.443015210329688e-05
315.0 0.0004411527473942444 3.5380817750511844e-08 1.383579254653638e-13 8.290756415360193e-70 7.809474823951612e-05
316.0 0.0004602012915643272 3.8026659036312224e-08 1.5468119637170893e-13 1.437490168114877e-69 8.191441178885771e-05
317.0 0.00047994173427021045 4.0851549824647844e-08 1.7280770253092757e-13 2.483735376980807e-69 8.5894554143382e-05
318.0 0.0005003940531959111 4.386628338246777e-08 1.929228437241664e-13 4.2767091052622417e-69 9.004073065402239e-05
319.0 0.0005215786310976307 4.7082219421098987e-08 2.1522962692558543e-13 7.338919142259157e-69 9.435864296880157e-05
320.0 0.0005435162593511155 5.051130904950673e-08 2.3995019583430987e-13 1.2551232577467383e-68 9.885414139615085e-05
321.0 0.0005662281413659173 5.416612058388143e-08 2.673274803356409e-13 2.139371669061744e-68 0.00010353322725602253
322.0 0.0005897358958278482 5.805986622843786e-08 2.9762697419658976e-13 3.6345046330899317e-68 0.00010840205521065172
323.0 0.0006140615601303726 6.220642968191206e-08 3.311386500015528e-13 6.154272234871312e-68 0.0001134669356403405
324.0 0.0006392275932670711 6.662039461914242e-08 3.6817902033083665e-13 1.0387089432593252e-67 0.0001187343369302245
325.0 0.000665256879032586 7.131707414920466e-08 4.0909335549155267e-13 1.7474701544578008e-67 0.00012421088782248215
326.0 0.0006921727289249257 7.631254121111394e-08 4.5425806798181545e-13 2.930469926551187e-67 0.00012990337972201707
327.0 0.0007199988849892499 8.162365994981355e-08 5.040832748769166e-13 4.89879307459469e-67 0.0001358187689987831
328.0 0.0007487595225630154 8.726811808826968e-08 5.590155498212027e-13 8.163526541636296e-67 0.0001419641792786449
329.0 0.0007784792529602167 9.326446031986585e-08 6.195408770158199e-13 1.3561752680496804e-66 0.00014834690372919745
330.0 0.0008091831258517895 9.963212271173253e-08 6.861878200575737e-13 2.246029140443203e-66 0.00015497440729350954
331.0 0.0008408966318251325 1.0639146819495562e-07 7.59530919753724e-13 3.708417468527512e-66 0.00016185432896261226
332.0 0.0008736457045559294 1.1356382309410577e-07 8.401943349854164e-13 6.104463167458017e-66 0.0001689944839782023
333.0 0.0009074567231552165 1.211715147838555e-07 9.288557423757342e-13 1.001852493958826e-65 0.00017640286607230413
334.0 0.0009423565140066597 1.2923791040493194e-07 1.0262505102422256e-12 1.6393406657075138e-65 0.00018408764961116107
335.0 0.0009783723528557055 1.377874567556821e-07 1.1331761644880725e-12 2.6745781931800906e-65 0.00019205719178938332
336.0 0.0010155319664261757 1.4684572128263696e-07 1.2504971635438451e-12 4.350843308773262e-65 0.00020032003473306411
337.0 0.0010538635343243104 1.564394342921922e-07 1.3791500019269809e-12 7.057240288135519e-65 0.00020888490765927955
338.0 0.001093395690388155 1.6659653228434434e-07 1.5201486611706103e-12 1.1414340205828368e-64 0.0002177607289261103
339.0 0.0011341575240807744 1.7734620250844674e-07 1.6745904294647329e-12 1.840908326787539e-64 0.000226956608089193
340.0 0.0011761785818442455 1.8871892874999078e-07 1.843662111698371e-12 2.96066874372538e-64 0.00023648184794834067
341.0 0.0012194888681347706 2.0074653832244682e-07 2.0286466522954762e-12 4.748260309376914e-64 0.0002463459465274306
342.0 0.0012641188462961998 2.1346225030244324e-07 2.230930194908233e-12 7.59410986914727e-64 0.0002565585990173179
343.0 0.001310099439547465 2.269007250717947e-07 2.4520096045146487e-12 1.2112321050414841e-63 0.0002671296997368416
344.0 0.0013574620314476316 2.4109811507731616e-07 2.693500477097426e-12 1.9266213842369486e-63 0.000278069343982303
345.0 0.0014062384665501056 2.560921169421878e-07 2.9571456655927565e-12 3.0562869453150836e-63 0.0002893878299083566
346.0 0.0014564610506099143 2.719220248358903e-07 3.2448243497250945e-12 4.8353815276957535e-63 0.0003010956603100454
347.0 0.0015081625506984243 2.886287851759347e-07 3.558561680397945e-12 7.629854287560498e-63 0.0003132035443766054
348.0 0.0015613761954612314 3.062550527237039e-07 3.900539030724469e-12 1.2007718750080197e-62 0.000325722399465598
349.0 0.001616135674606934 3.248452479148613e-07 4.273104884449608e-12 1.8848348880589978e-62 0.00033866335270713537
350.0 0.0016724751388102405 3.4444561566057756e-07 4.678786398785743e-12 2.950966785840532e-62 0.0003520377426822466
351.0 0.0017304291991585689 3.651042854680734e-07 5.120301675514681e-12 4.608324868684938e-62 0.00036585712099399887
352.0 0.0017900329262194737 3.868713328991051e-07 5.6005727776797605e-12 7.178257822114195e-62 0.000380133253744812
353.0 0.0018513218494748346 4.097988425349496e-07 6.12273953305563e-12 1.1153252953970129e-61 0.0003948781230766132
354.0 0.0019143319560157952 4.339409722272861e-07 6.6901741618327495e-12 1.72862111390007e-61 0.00041010392853931807
355.0 0.0019790996894039087 4.5935401883410776e-07 7.306496773480285e-12 2.6725322831300035e-61 0.0004258230884776592
356.0 0.002045661948064282 4.860964853117604e-07 7.975591774853499e-12 4.121734487496644e-61 0.00044204824130044404
357.0 0.0021140560838378356 5.142291493127677e-07 8.701625237600767e-12 6.341323184865448e-61 0.0004587922467653362
358.0 0.002184319899906137 5.4381513311438e-07 9.489063269701188e-12 9.732656673932289e-61 0.0004760681871088269
359.0 0.002256491648830202 5.749199750556541e-07 1.0342691443470853e-11 1.4901956061530083e-60 0.000493889368179652
360.0 0.0023306100304259316 6.076117024284313e-07 1.1267635330759808e-11 2.2762718765579264e-60 0.0005122693205155084
361.0 0.0024067141889284496 6.419609056821455e-07 1.2269382196202238e-11 3.4688257940447803e-60 0.0005312218002411875
362.0 0.00248484371065174 6.780408142534365e-07 1.3353803909675328e-11 5.273837925223861e-60 0.0005507607900510024
363.0 0.0025650386209317604 7.159273737144474e-07 1.4527181130138001e-11 7.999545902223462e-60 0.0005709005000090912
364.0 0.002647339380897302 7.556993243745926e-07 1.579622882298102e-11 1.2106159725483772e-59 0.0005916553682847043
365.0 0.0027317868844142098 7.974382814382636e-07 1.7168123175165895e-11 1.8279239555258976e-59 0.0006130400618990363
366.0 0.0028184224541133434 8.412288164098114e-07 1.8650529966123746e-11 2.753775744451468e-59 0.0006350694772393083
367.0 0.002907287837936546 8.87158540149322e-07 2.0251634469402807e-11 4.139288617641809e-59 0.0006577587406588306
368.0 0.0029984252049159985 9.353181872092567e-07 2.198017294635511e-11 6.208081728436269e-59 0.0006811232088746893
369.0 0.003091877140845214 9.85801701631735e-07 2.3845465806954466e-11 9.290338062493536e-59 0.0007051784693084043
370.0 0.0031876866439538836 1.0387063242425186e-06 2.585745251271206e-11 1.3872530800716732e-58 0.0007299403403947186
371.0 0.0032858971200037325 1.0941326812518412e-06 2.802672829365089e-11 2.0669862824027265e-58 0.0007554248717246954
372.0 0.003386552377305542 1.1521848743065043e-06 3.036458276164582e-11 3.0731570375692154e-58 0.0007816483441350327
373.0 0.0034896966215381365 1.212970571949533e-06 3.2883040500830503e-11 4.559367901488722e-58 0.000808627269715649
374.0 0.003595374450173911 1.276601102408641e-06 3.559490371728045e-11 6.750013319658274e-58 0.0008363783916889931
375.0 0.003703630846663688 1.3431915477480614e-06 3.851379703572143e-11 9.972224182554542e-58 0.0008649186841944483
376.0 0.0038145111746061117 1.4128608394527342e-06 4.1654214535071656e-11 1.4701920555348298e-57 0.0008942653520293052
377.0 0.0039280611712867244 1.485731855208751e-06 4.503156910871928e-11 2.1630068337292298e-57 0.0009244358302017002
378.0 0.004044326941234689 1.5619315170920269e-06 4.8662244250793335e-11 3.1757811209287963e-57 0.000955447783444832
379.0 0.004163354949450432 1.6415908910239954e-06 5.2563648362767673e-11 4.653278853612249e-57 0.0009873191056105615
380.0 0.004285192014224453 1.7248452874373225e-06 5.6754271679602965e-11 6.804408209319074e-57 0.0010200679189215675
381.0 0.004409885299774858 1.8118343632138214e-06 6.125374592134252e-11 9.93004578658817e-57 0.0010537125731341016
382.0 0.0045374823087759334 1.9027022249048866e-06 6.60829067778304e-11 1.4462671610221127e-56 0.0010882716446277915
383.0 0.0046680308743182975 1.9975975330209454e-06 7.126385932953259e-11 2.1022718914406136e-56 0.0011237639353114594
384.0 0.0048015791518688546 2.0966736075919857e-06 7.682004652428239e-11 3.049853344179072e-56 0.0011602084714789655
385.0 0.004938175610582525 2.2000885346968595e-06 8.277632081559354e-11 4.415961755242769e-56 0.0011976245024581807
386.0 0.005077869024797094 2.308005274284077e-06 8.915901909327954e-11 6.381671080670483e-56 0.0012360314992516906
387.0 0.00522070846476195 2.4205917688389374e-06 9.599604101257887e-11 9.20476526344282e-56 0.0012754491529387707
388.0 0.005366743287543988 2.5380210532761977e-06 1.0331693086130368e-10 1.3251546453643616e-55 0.0013158973730654378
389.0 0.005516023127276114 2.6604713656475457e-06 1.111529630780889e-10 1.9041547577748555e-55 0.0013573962858186382
390.0 0.005668597885200169 2.7881262588217797e-06 1.1953723155916804e-10 2.73102690042386e-55 0.0013999662320923797
391.0 0.005824517719501413 2.921174713099396e-06 1.2850474288726826e-10 3.909704455473608e-55 0.0014436277654441658
392.0 0.005983833034894313 3.059811249702266e-06 1.3809251361845025e-10 5.586787989565143e-55 0.0014884016499307742
393.0 0.006146594471618284 3.204236044917154e-06 1.4833967175821507e-10 7.968687473240186e-55 0.0015343088577369707
394.0 0.006312852894444195 3.3546550451432177e-06 1.5928756258205389e-10 1.1345501803854264e-54 0.0015813705667443922
395.0 0.006482659381274378 3.5112800825881192e-06 1.709798589369039e-10 1.6124224744712968e-54 0.001629608157936141
396.0 0.0066560652112236775 3.67432899149003e-06 1.8346267616771596e-10 2.2874838800253486e-54 0.00167904321260659
397.0 0.006833121852851991 3.844025725171485e-06 1.9678469183764405e-10 3.2394187695385224e-54 0.0017296975095433286
398.0 0.0070138809515371825 4.020600473320901e-06 2.10997270369217e-10 4.5794331773032845e-54 0.0017815930219257268
399.0 0.007198394317032697 4.204289780010588e-06 2.2615459279116892e-10 6.462456119318794e-54 0.0018347519142014484
400.0 0.007386713910312089 4.395336661891461e-06 2.4231379172550035e-10 9.103960155332842e-54 0.0018891965387128529
401.0 0.0075788918304076185 4.593990726897241e-06 2.5953509179742936e-10 1.2803110786089158e-53 0.0019449494322508166
402.0 0.007774980300718867 4.800508293090805e-06 2.778819556174625e-10 1.797457250834328e-53 0.0020020333124014453
403.0 0.007975031655089016 5.015152507753041e-06 2.974212355120688e-10 2.5192135906971495e-53 0.0020604710737597938
404.0 0.008179098323645927 5.238193466646151e-06 3.182233311737727e-10 3.524846029532869e-53 0.0021202857840088908
405.0 0.008387232818110902 5.4699083331895935e-06 3.4036235339218055e-10 4.92367506674889e-53 0.002181500679785833
406.0 0.00859948771690741 5.710581457674003e-06 3.639162940524424e-10 6.8662240235221975e-53 0.002244139162418897
407.0 0.008815915650104764 5.960504496466299e-06 3.8896720258129665e-10 9.559410923864181e-53 0.002308224793544115
408.0 0.009036569283679664 6.219976530780698e-06 4.1560136899838064e-10 1.3287217461175218e-52 0.0023737812904649777
409.0 0.009261501303941292 6.489304185492016e-06 4.439095137901547e-10 1.8438764890994055e-52 0.002440832521474517
410.0 0.009490764400981528 6.768801747133188e-06 4.73986984739602e-10 2.5546390877889406e-52 0.0025094025008402716
411.0 0.00972441125254234 7.058791281940216e-06 5.059339609603606e-10 3.53372086734107e-52 0.002579515383816046
412.0 0.009962494506944239 7.3596027529143835e-06 5.398556642594028e-10 4.880281364791111e-52 0.00265119546132261
413.0 0.010205066766101445 7.671574136522533e-06 5.758625780657005e-10 6.729337868228323e-52 0.0027244671545660804
414.0 0.010452180567964452 7.995051538469145e-06 6.140706740823547e-10 9.264447640873393e-52 0.0027993550094184486
415.0 0.010703888368755816 8.33038930870121e-06 6.546016468719067e-10 1.2734775010516602e-51 0.002875883690655702
416.0 0.010960242524962097 8.677950155523429e-06 6.975831565667107e-10 1.747802459831549e-51 0.0029540779760428653
417.0 0.011221295274719541 9.038105258432716e-06 7.431490798750367e-10 2.39512105970303e-51 0.0030339627501670945
418.0 0.011487098719282765 9.411234380100565e-06 7.914397696192863e-10 3.277187795198223e-51 0.0031155629982027476
419.0 0.011757704803816781 9.79772597679742e-06 8.426023229538559e-10 4.477324393120768e-51 0.0031989037994028502
420.0 0.012033165298127545 1.0197977307631086e-05 8.967908584965941e-10 6.107785240101194e-51 0.003284010320481401
421.0 0.012313531776899731 1.0612394542135922e-05 9.54166802540427e-10 8.319581225534307e-51 0.003370907808768727
422.0 0.01259885559976575 1.1041392866359643e-05 1.014899184562582e-09 1.131556354262702e-50 0.0034596215852265473
423.0 0.012889187890885447 1.1485396587054308e-05 1.0791649422020935e-09 1.536782411595208e-50 0.0035501770372340763
424.0 0.013184579518468003 1.1944839234220068e-05 1.1471492359332451e-09 2.0840803675351073e-50 0.0036425996112621566
425.0 0.01348508107380612 1.2420163661503933e-05 1.219045773594817e-09 2.822193605696589e-50 0.0037369148053165617
426.0 0.013790742850042031 1.2911822144511006e-05 1.295057144983628e-09 3.816222914466977e-50 0.003833148161209275
427.0 0.01410161482055937 1.342027647679889e-05 1.375395166693525e-09 5.15299291330651e-50 0.003931325256627315
428.0 0.014417746617393427 1.3945998063791745e-05 1.4602812374264302e-09 6.948138736877056e-50 0.004031471697107297
429.0 0.014739187508811714 1.4489468013678195e-05 1.5499467038816073e-09 9.355451479517768e-50 0.004133613107678693
430.0 0.015065986377236619 1.5051177226265124e-05 1.6446332375213668e-09 1.2579185415413367e-49 0.004237775124501215
431.0 0.015398191696239197 1.563162647842526e-05 1.7445932222686369e-09 1.6890243536206972e-49 0.004343983386140445
432.0 0.015735851507844685 1.62313265072024e-05 1.8500901534431906e-09 2.2647434723983653e-49 0.004452263524828032
433.0 0.01607901339912824 1.6850798089424097e-05 1.9613990480050753e-09 3.032535415494504e-49 0.004562641157419049
434.0 0.016427724478741888 1.749057211830631e-05 2.0788068663456568e-09 4.0550901700413685e-49 0.0046751418762255754
435.0 0.016782031353057027 1.8151189676581648e-05 2.202612945759322e-09 5.415105107458001e-49 0.004789791239636687
436.0 0.01714198010220942 1.8833202106298915e-05 2.3331294457948855e-09 7.221525350847114e-49 0.0049066147626054685
437.0 0.01750761625580402 1.9537171074888474e-05 2.4706818056170694e-09 9.617685259104938e-49 0.005025637906933597
438.0 0.017878984768216696 2.0263668637255043e-05 2.6156092135202886e-09 1.2791916379063675e-48 0.005146886071334081
439.0 0.018256129993845748 2.1013277294126087e-05 2.76826508879072e-09 1.6991351219666073e-48 0.005270384581372513
440.0 0.018639095662143192 2.178659004632065e-05 2.9290175760397085e-09 2.2539862580407758e-48 0.0053961586792380094
441.0 0.019027924852189668 2.2584210444497497e-05 3.0982500521067704e-09 2.9861347693469204e-48 0.005524233513274772
442.0 0.019422659967268364 2.3406752634739287e-05 3.276361645729415e-09 3.950991131334638e-48 0.005654634127405
443.0 0.01982334270909902 2.425484139942006e-05 3.463767770051416e-09 5.2208942620459295e-48 0.005787385450344918
444.0 0.020230014051840828 2.5129112193308266e-05 3.6609006680983448e-09 6.890164334588718e-48 0.005922512284644626
445.0 0.02064271421600852 2.603021117491486e-05 3.868209971352248e-09 9.081628165379423e-48 0.00606003929559352
446.0 0.0210614826420688 2.695879523263412e-05 4.0861632714828765e-09 1.1955035939950174e-47 0.006199990999923065
447.0 0.021486357963860874 2.7915532005674506e-05 4.315246705346552e-09 1.571790415498791e-47 0.006342391754348258
448.0 0.021917377981949728 2.890109989975216e-05 4.555965553354151e-09 2.0639467143207158e-47 0.006487265743979707
449.0 0.022354579636581717 2.991618809694516e-05 4.808844851210721e-09 2.7068606657195517e-47 0.0066346369705086936
450.0 0.022797998980689443 3.0961496560108926e-05 5.0744300151721445e-09 3.545686608241929e-47 0.006784529240296695
451.0 0.023247671152684567 3.203773603134646e-05 5.353287480815904e-09 4.638795592345686e-47 0.0069369661522924566
452.0 0.023703630348944776 3.314562802421568e-05 5.6460053553347944e-09 6.061553654577732e-47 0.007091971085748154
453.0 0.024165909796409365 3.42859048100618e-05 5.953194083469009e-09 7.911154313650526e-47 0.007249567187857998
454.0 0.024634541724887316 3.545930939776081e-05 6.275487126998515e-09 1.0312792193932159e-46 0.0074097773612015454
455.0 0.025109557339223102 3.6666595506883e-05 6.613541657820667e-09 1.3427540782635829e-46 0.007572624251034649
456.0 0.02559098679152882 3.790852753440238e-05 6.96803926464971e-09 1.7462393085248843e-46 0.007738130232491145
457.0 0.026078859153127125 3.918588051426369e-05 7.339686673216634e-09 2.2683044299517674e-46 0.0079063173975886
458.0 0.026573202386447527 4.04994400699669e-05 7.729216479979239e-09 2.9430146729671114e-46 0.008077207542111015
459.0 0.027074043316985725 4.185000236016512e-05 8.137387899315096e-09 3.81399566496054e-46 0.008250822152402436
460.0 0.027581407604973684 4.323837401656388e-05 8.564987524016738e-09 4.937053018170895e-46 0.008427182391964936
461.0 0.028095319717264408 4.4665372074708934e-05 9.012830099139292e-09 6.383492225275194e-46 0.008606309088014526
462.0 0.028615802898886326 4.613182389664546e-05 9.48175930892478e-09 8.24432138889454e-46 0.00878822271782951
463.0 0.029142879144834544 4.763856708615194e-05 9.972648576844018e-09 1.0635565655677242e-45 0.008972943395064936
464.0 0.029676569171621012 4.918644939561967e-05 1.0486401878456716e-08 1.3704980022809547e-45 0.00916049085588761
465.0 0.030216892388987344 5.077632862504415e-05 1.1023954567050361e-08 1.764051918771536e-45 0.009350884445056095
466.0 0.030763866871629107 5.240907251271982e-05 1.1586274211824147e-08 2.268101271436773e-45 0.0095441431019004
467.0 0.03131750933075118 5.408555861715338e-05 1.2174361448339475e-08 2.91296051749465e-45 0.0097402853461461
468.0 0.03187783508588733 5.5806674190747704e-05 1.2789250841163566e-08 3.737065924205984e-45 0.009939329263717721
469.0 0.032444858036641655 5.7573316044514926e-05 1.3432011758332034e-08 4.789099128261187e-45 0.010141292492416585
470.0 0.03301859063456009 5.9386390404001076e-05 1.4103749257435014e-08 6.130652161515852e-45 0.010346192207538648
471.0 0.03359904385514176 6.124681275628347e-05 1.480560498303989e-08 7.839568477536845e-45 0.010554045107436863
472.0 0.03418622716959689 6.315550768715683e-05 1.5538758074958766e-08 1.0014127057885811e-44 0.01076486739890566
473.0 0.034780148517343984 6.511340871014545e-05 1.6304426087449523e-08 1.2778276879639692e-44 0.010978674782700273
474.0 0.03538081427799613 6.71214580849144e-05 1.7103865918440312e-08 1.6288178635965876e-44 0.011195482438800052
475.0 0.03598822924386474 6.918060662679029e-05 1.7938374748835205e-08 2.0740371760721773e-44 0.011415305011739832
476.0 0.036602396592581236 7.129181350652135e-05 1.880929099131631e-08 2.638196012572229e-44 0.011638156595885855
477.0 0.03722331785973078 7.34560460399094e-05 1.971799524814035e-08 3.3523302440982273e-44 0.011864050720623756
478.0 0.03785099291182569 7.567427946779245e-05 2.0665911277622267e-08 4.2553807273388814e-44 0.012093000335564147
479.0 0.03848541991950677 7.794749672603008e-05 2.1654506968762844e-08 5.396157242839786e-44 0.012325017795732297
480.0 0.0391265953308063 8.027668820501477e-05 2.2685295323405397e-08 6.835777995294307e-44 0.0125601148466906
481.0 0.039774513844735515 8.266285149908872e-05 2.375983544550868e-08 8.650696818851679e-44 0.012798302609679266
482.0 0.040429168385332566 8.510699114603099e-05 2.4879733537050506e-08 1.093645595904867e-43 0.013039591566821473
483.0 0.04109055007548814 8.761011835507132e-05 2.604664389954936e-08 1.3812333768662503e-43 0.013283991546175329
484.0 0.04175864821172083 9.017325072574249e-05 2.726226994126963e-08 1.742709510027571e-43 0.013531511707011877
485.0 0.04243345023861475 9.279741195475834e-05 2.8528365188665428e-08 2.1966099104762225e-43 0.013782160524906547
486.0 0.04311494172411703 9.548363153333459e-05 2.9846734302112575e-08 2.7660076370879897e-43 0.01403594577703283
487.0 0.043803106334777527 9.823294443288496e-05 3.121923409462174e-08 3.479595705754145e-43 0.014292874527363764
488.0 0.04449792581160949 0.00010104639078045164 3.264777455322084e-08 4.373021652604428e-43 0.01455295311200351
489.0 0.04519937994631809 0.00010392501552324167 3.413431986206735e-08 5.49053081620408e-43 0.01481618712456989
490.0 0.045907446557708516 0.00010686986808173358 3.568088942632686e-08 6.886987842817892e-43 0.015082581401568405
491.0 0.046622101468824374 0.00010988200199252208 3.728955889637754e-08 8.630361132995068e-43 0.015352140007940624
492.0 0.047343318484244064 0.00011296247453952078 3.89624611910422e-08 1.0804773396044363e-42 0.015624866222602342
493.0 0.048071069368053165 0.00011611234637463782 4.0701787519330595e-08 1.35142438288159e-42 0.01590076252414414
494.0 0.048805323822245825 0.00011933268112730608 4.250978839957484e-08 1.6887274486335776e-42 0.01617983057661653
495.0 0.049546049465374616 0.00012262454500234517 4.438877467481597e-08 2.1082466123556396e-42 0.016462071215342253
496.0 0.05029321181215932 0.00012598900636783618 4.634111852405009e-08 2.6295388308800823e-42 0.016747484432994196
497.0 0.051046774253264156 0.00012942713533105118 4.8369254467630574e-08 3.276697631355489e-42 0.017036069365680348
498.0 0.051806698035783055 0.0001329400033037082 5.047568036621826e-08 4.079378481449179e-42 0.01732782427921768
499.0 0.05257294224427744 0.00013652868255615235 5.266295841205682e-08 5.074049776276082e-42 0.017622746555546707
500.0 0.053345463782385784 0.00014019424576048844 5.493371611146106e-08 6.305517722475564e-42 0.01792083267929657
501.0 0.05412421735508074 0.00014393776552284868 5.7290647257431176e-08 7.828783436901088e-42 0.018222078224529262
502.0 0.05490915545153468 0.00014776031390469774 5.973651289117347e-08 9.71130263905617e-42 0.018526477841653628
503.0 0.05570022832858713 0.00015166296193315206 6.227414225128732e-08 1.2035732798434794e-41 0.01883402524451016
504.0 0.056497383995025394 0.00015564677910090467 6.490643370960439e-08 1.490326997093798e-41 0.019144713197701686
505.0 0.05730056819639138 0.000159712832855007 6.763635569208851e-08 1.8437698381404256e-41 0.019458533504076846
506.0 0.058109724400476605 0.00016386218807496296 7.046694758364629e-08 2.2790300745919927e-41 0.01977547699242442
507.0 0.05892479378387334 0.00016809590654122183 7.340132061595859e-08 2.814580716500915e-41 0.020095533505507666
508.0 0.05974571521875718 0.00017241504639181775 7.644265873598985e-08 3.472959608912321e-41 0.020418691888162453
509.0 0.06057242526089952 0.00017682066157001538 7.959421945496229e-08 4.2816403466972985e-41 0.020744939975802415
510.0 0.06140485813814079 0.0001813138012608701 8.285933467544817e-08 5.274084703938729e-41 0.021074264583073557
511.0 0.062242945739881525 0.00018589550931837423 8.62414114958173e-08 6.491013338321058e-41 0.021406651492852397
512.0 0.0630866176072623 0.0001905668236823398 8.974393299014919e-08 7.981938756292219e-41 0.02174208544547937
513.0 0.0639358009241826 0.00019532877578555107 9.337045896229011e-08 9.807013126606365e-41 0.02208055012828303
514.0 0.06479042050928302 0.00020018238995168493 9.712462667271224e-08 1.2039253761892376e-40 0.022422028165442226
515.0 0.06565039880869504 0.0002051286827835389 1.0101015153634938e-07 1.4767221249052664e-40 0.022766501108123338
516.0 0.06651565588978715 0.00021016866254240416 1.0503082779016701e-07 1.809823965162482e-40 0.023113949424975792
517.0 0.06738610943561234 0.00021530332851781296 1.0919052912841688e-07 2.216226534438388e-40 0.023464352492888193
518.0 0.06826167474059004 0.00022053367038949337 1.1349320930478649e-07 2.711653135931564e-40 0.02381768858819448
519.0 0.06914226470679619 0.0002258606675797342 1.1794290269882648e-07 3.3151118193066803e-40 0.024173934878117233
520.0 0.07002778984156717 0.0002312852885985899 1.2254372484613056e-07 4.049563052040242e-40 0.02453306741269817
521.0 0.07091815825572309 0.00023680849037989443 1.2729987292945944e-07 4.942719296032109e-40 0.02489506111697861
522.0 0.07181327566303215 0.00024243121761029785 1.322156262301456e-07 6.028001787347775e-40 0.02525988978365134
523.0 0.07271304538062874 0.00024815440205062917 1.3729534653761483e-07 7.345684520708884e-40 0.025627526066088636
524.0 0.0736173683303267 0.00025397896184960536 1.425434785151722e-07 8.944260990775446e-40 0.02599794147173024
525.0 0.07452614304121292 0.00025990580085143844 1.4796455002104382e-07 1.0882075786638162e-39 0.026371106355971743
526.0 0.07543926565301856 0.0002659358078958879 1.5356317238199182e-07 1.3229270846058343e-39 0.026746989916381105
527.0 0.07635662992077145 0.0002720698561127577 1.5934404061871118e-07 1.6070105252831698e-39 0.02712556018742592
528.0 0.07727812722037856 0.0002783088022099038 1.65311933620572e-07 1.9505718137767367e-39 0.027506784035592043
529.0 0.07820364655541569 0.000284653485756024 1.7147171426850138e-07 2.365741679414567e-39 0.027890627154997075
530.0 0.07913307456501587 0.0002911047284581646 1.7782832950403452e-07 2.8670586859089452e-39 0.028277054063465035
531.0 0.08006629553270489 0.0002976633334336999 1.843868103424193e-07 3.471933871235113e-39 0.028666028099013044
532.0 0.08100319139659673 0.00030433008447862777 1.911522718289131e-07 4.2012024532801196e-39 0.029057511416902385
533.0 0.0819436417606041 0.00031110574533127136 1.981299129357614e-07 5.079778422813521e-39 0.02945146498713596
534.0 0.08288752390679476 0.0003179910589322218 2.0532501639837174e-07 6.137430629404238e-39 0.029847848592453593
535.0 0.08383471280897115 0.00032498674668119136 2.1274294848912752e-07 7.409702223565673e-39 0.03024662082685855
536.0 0.08478508114739064 0.00033209350769084476 2.2038915872689336e-07 8.938999127369786e-39 0.03064773909465001
537.0 0.08573849932461296 0.00033931201803796303 2.282691795204424e-07 1.077587765607813e-38 0.03105115960996243
538.0 0.08669483548259689 0.0003466429300128035 2.3638862574438145e-07 1.2980566609125048e-38 0.03145683739686012
539.0 0.08765395552107207 0.0003540868713672108 2.447531942459673e-07 1.5624765210489065e-38 0.03186472629000224
540.0 0.08861572311686332 0.0003616444445606203 2.533686632802423e-07 1.879376534517927e-38 0.03227477893576599
541.0 0.08957999974470257 0.0003693162260065301 2.6224089187326296e-07 2.2588954771152534e-38 0.03268694679402719
542.0 0.09054664469907231 0.00037710276531808433 2.713758191105379e-07 2.71307675693761e-38 0.0331011801404378
543.0 0.09151551511741093 0.0003850045845545809 2.80779463349986e-07 3.2562159243198986e-38 0.033517428069325596
544.0 0.09248646600432171 0.0003930221774678944 2.90457921356745e-07 3.905269683727891e-38 0.03393563849709016
545.0 0.0934593502573189 0.0004011560087515533 3.0041736735989103e-07 4.680336950025426e-38 0.03435575816629541
546.0 0.09443401869352129 0.0004094065132904951 3.1066405202773285e-07 5.605224238905363e-38 0.034777732650247806
547.0 0.09541032007771812 0.0004177740954138065 3.2120430136147806e-07 6.70810970823949e-38 0.03520150635822056
548.0 0.09638810115166019 0.0004262591281503709 3.3204451550537233e-07 8.022322516602414e-38 0.03562702254127526
549.0 0.09736720666461653 0.0004348619524881343 3.4319116747203303e-07 9.58725688675626e-38 0.03605422329870052
550.0 0.09834747940505581 0.0004435828766369238 3.546508017810994e-07 1.144944341210305e-37 0.03648304958502037
551.0 0.09932876023361555 0.00045242217529609026 3.6643003301042485e-07 1.3663803788077703e-37 0.03691344121763756
552.0 0.1003108881174322 0.0004613800889279012 3.7853554425882265e-07 1.6295119362561539e-37 0.03734533688514361
553.0 0.10129370016547304 0.00047045682303564095 3.909740855178257e-07 1.9419748764828665e-37 0.03777867415616741
554.0 0.10227703166524559 0.00047965254744870525 4.0375247195264664e-07 2.3127635488999894e-37 0.0382133894889061
555.0 0.10326071612075596 0.0004889673956147317 4.168775820907696e-07 2.7524652786639143e-37 0.03864941824129548
556.0 0.10424458529148398 0.0004984014638982808 4.30356355916202e-07 3.2735340691425447e-37 0.039086694681737734
557.0 0.10522846923290356 0.000507954810889179 4.4419579287047205e-07 3.890609860234091e-37 0.039525152000588384
558.0 0.10621219633781977 0.0005176274567177065 4.584029497565303e-07 4.620890675558832e-37 0.039964722322134334
559.0 0.10719559337926901 0.0005274193823808277 4.729849385477293e-07 5.484566130971085e-37 0.04040533671734717
560.0 0.1081784855543006 0.0005373305290768403 4.879489240982687e-07 6.505322086683248e-37 0.04084692521716
561.0 0.10916069652920475 0.000547360797551829 5.03302121756782e-07 7.710927730248215e-37 0.04128941682648457
562.0 0.11014204848566288 0.0005575100474560358 5.190517948801554e-07 9.133918105410484e-37 0.04173273953877545
563.0 0.11112236216831631 0.0005677780967132596 5.352052522492273e-07 1.0812387084301644e-36 0.04217682035133244
564.0 0.11210145693316981 0.0005781647209010443 5.517698453832332e-07 1.2790908053430029e-36 0.042621585281124585
565.0 0.11307915079750534 0.0005886696526457572 5.687529657557554e-07 1.5121602188559727e-36 0.04306695938139556
566.0 0.11405526049053948 0.0005992925810293347 5.861620419082386e-07 1.7865377175924623e-36 0.04351286675876335
567.0 0.11502960150545329 0.0006100331510116166 6.040045364638865e-07 2.109336265035049e-36 0.04395923059105679
568.0 0.11600198815243178 0.0006208909628671014 6.222879430400801e-07 2.4888572523893947e-36 0.04440597314575465
569.0 0.11697223361269955 0.0006318655716367367 6.410197830591626e-07 2.9347828839407492e-36 0.044853015799025564
570.0 0.11794014999375317 0.0006429564865965237 6.602076024587714e-07 3.4583986878302136e-36 0.04530027905544859
571.0 0.11890554838550398 0.0006541631707421171 6.798589683003323e-07 4.072850706688106e-36 0.04574768256830858
572.0 0.11986823891752857 0.0006654850402911869 6.999814652771138e-07 4.793442585900226e-36 0.04619514516054473
573.0 0.12082803081728934 0.0006769214642035286 7.205826921214436e-07 5.637978533427917e-36 0.04664258484630289
574.0 0.1217847324692614 0.0006884717637192613 7.416702579112128e-07 6.627158986533423e-36 0.047089918853069686
575.0 0.12273815147519176 0.0007001352119171094 7.632517782776479e-07 7.785036801517834e-36 0.04753706364447866
576.0 0.12368809471509425 0.000711911033291265 7.85334871512674e-07 9.139542898420197e-36 0.047983934943638125
577.0 0.12463436840926846 0.0007237984033491595 8.079271545784584e-07 1.0723091561491837e-35 0.04843044775709431
578.0 0.12557677818120705 0.0007357964482301154 8.310362390192972e-07 1.2573277038092318e-35 0.04887651639938034
579.0 0.1265151291212778 0.0007479042443449284 8.546697267761627e-07 1.473367471609104e-35 0.04932205451810883
580.0 0.12744922585136234 0.000760120818038154 8.788352059062891e-07 1.7254762018314378e-35 0.04976697511968112
581.0 0.1283788725901457 0.0007724451452720257 9.035402462071296e-07 2.0194976260443845e-35 0.05021119059549623
582.0 0.12930387321938946 0.0007848761513346795 9.287923947483496e-07 2.3621929108272037e-35 0.05065461274879119
583.0 0.1302240313507313 0.0007974127105706746 9.545991713102993e-07 2.761379997701215e-35 0.05109715282193581
584.0 0.13113915039337873 0.000810053646136717 9.809680637332403e-07 3.2260933780100865e-35 0.05153872152432762
585.0 0.132049033622412 0.0008227977297815615 1.0079065231771031e-06 3.7667671902401596e-35 0.051979229060776545
586.0 0.13295348424775083 0.0008356436816511224 1.035421959294173e-06 4.3954449193836575e-35 0.052418585160402424
587.0 0.13385230548375288 0.0008485901701192783 1.0635217353165034e-06 5.12601942106804e-35 0.052856699106033495
588.0 0.13474530061946158 0.0008616358116451693 1.0922131630604471e-06 5.974507493649653e-35 0.05329347976411431
589.0 0.13563227308928916 0.0008747791706563135 1.1215034978490138e-06 6.959363786366178e-35 0.05372883561503924
590.0 0.13651302654438507 0.0008880187594597922 1.1513999333564444e-06 8.101839468911516e-35 0.05416267478401101
591.0 0.13738736492435982 0.00090135303818006 1.1819095963750858e-06 9.426391806212191e-35 0.05459490507229466
592.0 0.1382550925295804 0.0009147804147254247 1.2130395415089802e-06 1.0961151591685002e-34 0.05502543398895274
593.0 0.13911601409374527 0.000928299244781918 1.2447967457946656e-06 1.2738456303757375e-34 0.05545416878294597
594.0 0.1399699348570262 0.0009419078318370969 1.2771881032546625e-06 1.4795457876288013e-34 0.05588101647571404
595.0 0.1408166606393814 0.0009556044272317694 1.3102204193833597e-06 1.717481512725477e-34 0.056305883894078715
596.0 0.14165599791430983 0.0009693872302420362 1.3439004055709528e-06 1.992548218705699e-34 0.056728677703576584
597.0 0.14248775388279789 0.000983254388190597 1.3782346734666822e-06 2.3103605724726636e-34 0.05714930444212203
598.0 0.1433117365475233 0.000997203996588314 1.4132297292854044e-06 2.677354540621766e-34 0.05756767055402536
599.0 0.14412775478726464 0.0010112340993062713 1.4488919680608332e-06 3.1009033854550967e-34 0.057983682424344984
600.0 0.1449356184314429 0.0010253426887783606 1.4852276678484514e-06 3.589449444012583e-34 0.058397246413543165
601.0 0.14573513833475724 0.0010395277062346707 1.5222429838817234e-06 4.152653753678722e-34 0.058808268892429016
602.0 0.1465261264519664 0.0010537870419665728 1.5599439426861846e-06 4.801565846378375e-34 0.05921665627740814
603.0 0.14730839591260791 0.0010681185356225303 1.5983364361535235e-06 5.5488163227103525e-34 0.059622315065954064
604.0 0.1480817610957687 0.001082519976535936 1.637426215581076e-06 6.408835141121497e-34 0.06002515187234531
605.0 0.14884603770475405 0.0010969891040843538 1.6772188856796724e-06 7.3980989192416955e-34 0.06042507346360491
606.0 0.14960104284172 0.001111523608081071 1.7177198985550082e-06 8.535410949109421e-34 0.06082198679566637
607.0 0.1503465950821 0.0011261211291981965 1.7589345476654524e-06 9.84221807995355e-34 0.06121579904969594
608.0 0.15108251454889982 0.0011407792594222287 1.8008679617618383e-06 1.1342969126718245e-33 0.061606417668598534
609.0 0.1518086229867309 0.0011554955425415495 1.843525098812739e-06 1.3065520025422316e-33 0.061993750393652125
610.0 0.15252474383561263 0.0011702674746664448 1.8869107399205816e-06 1.5041591584148457e-33 0.062377705301281075
611.0 0.15323070230441957 0.0011850925047810653 1.93102948323226e-06 1.730728637799427e-33 0.06275819083991413
612.0 0.15392632544401727 0.0011999680353279936 1.9758857378500016e-06 1.9903672115535685e-33 0.06313511586694281
613.0 0.1546114422199332 0.0012148914228245658 2.0214837177459537e-06 2.2877439671761095e-33 0.06350838968571382
614.0 0.1552858835846922 0.001229859978512217 2.067827435687541e-06 2.628164494758618e-33 0.06387792208260563
615.0 0.15594948254953486 0.0012448709690369428 2.1149206971755047e-06 3.017654478922944e-33 0.06424362336407012
616.0 0.1566020742556963 0.0012599216171624962 2.162767094402562e-06 3.463053839354367e-33 0.06460540439370857
617.0 0.15724349604507798 0.0012750091025152226 2.211370000236133e-06 3.972122695025623e-33 0.06496317662930969
618.0 0.157873587530317 0.0012901305623607712 2.2607325622310536e-06 4.5536605742957676e-33 0.06531685215984726
619.0 0.15849219066414258 0.0013052830924119455 2.310857696676495e-06 5.21764045626758e-33 0.06566634374238853
620.0 0.1590991498081087 0.00132046374766857 2.3617480826843314e-06 5.975359409775896e-33 0.06601156483894495
621.0 0.1596943118004982 0.001335669543287828 2.413406156322012e-06 6.839607796970812e-33 0.06635242965317735
622.0 0.1602775260234866 0.0013508974554858675 2.465834104797269e-06 7.824859230675883e-33 0.06668885316698665
623.0 0.16084864446943695 0.00136614442246969 2.519033860698795e-06 8.947483720722547e-33 0.06702075117693283
624.0 0.1614075218063578 0.001381407345399631 2.573007096299654e-06 1.0225986716709508e-32 0.06734804033049037
625.0 0.16195401544239013 0.0013966830893813013 2.627755217927434e-06 1.1681277055719015e-32 0.0676706381620794
626.0 0.16248798558936683 0.0014119684844873515 2.683279360408097e-06 1.3336967156352257e-32 0.06798846312888591
627.0 0.1630092953253799 0.0014272603268084682 2.7395803815888296e-06 1.5219709168136532e-32 0.0683014346464388
628.0 0.16351781065624588 0.001442555379532567 2.7966588569442593e-06 1.7359571191358105e-32 0.06860947312389222
629.0 0.16401340057595332 0.0014578503740528346 2.854515074273878e-06 1.9790458130471392e-32 0.06891249999904352
630.0 0.1644959371259597 0.0014731420111033177 2.913149028494672e-06 2.2550582238454726e-32 0.06921043777302532
631.0 0.1649652954532953 0.0014884269619215263 2.9725604165345834e-06 2.5682988954357584e-32 0.06950321004464821
632.0 0.1654213538675126 0.0015037018694382186 3.0327486323338593e-06 2.9236144236681004e-32 0.06979074154440454
633.0 0.16586399389636267 0.0015189633494930807 3.093712761958337e-06 3.326459025637886e-32 0.07007295816807742
634.0 0.16629310034020842 0.0015342079920761629 3.15545157883143e-06 3.78296770410659e-32 0.07034978700995337
635.0 0.16670856132510434 0.0015494323625941415 3.2179635390894877e-06 4.300037846263465e-32 0.0706211563956023
636.0 0.1671102683545338 0.0015646330031610306 3.2812467770668527e-06 4.8854201840834494e-32 0.07088699591421527
637.0 0.16749811635977657 0.001579806433912776 3.3452991009162246e-06 5.54782014028688e-32 0.0711472364504819
638.0 0.16787200374880762 0.0015949491543444242 3.4101179883685824e-06 6.297010690170652e-32 0.07140181021595907
639.0 0.16823183245379458 0.0016100576446701255 3.4757005826401276e-06 7.143957986255168e-32 0.07165065077995297
640.0 0.16857750797706833 0.0016251283672043787 3.5420436884898538e-06 8.100961120700389e-32 0.07189369309985491
641.0 0.16890893943557153 0.0016401577677640812 3.609143768433719e-06 9.181807540842982e-32 0.07213087355092561
642.0 0.16922603960378643 0.0016551422770909642 3.676996939121541e-06 1.040194578710477e-31 0.07236212995552231
643.0 0.1695287249550441 0.0016700783122929296 3.7455989678802743e-06 1.1778677391116884e-31 0.07258740161171992
644.0 0.16981691570123275 0.001684962278303943 3.814945269429777e-06 1.3331369956539057e-31 0.07280662932132681
645.0 0.1700905358308789 0.0016997905693616618 3.885030902776363e-06 1.508169364711211e-31 0.07301975541727694
646.0 0.1703495131455366 0.0017145595705015681 3.95585056828802e-06 1.7053883527518126e-31 0.07322672379036409
647.0 0.17059377929449976 0.0017292656590671327 4.027398604957185e-06 1.9275030444300544e-31 0.07342747991531665
648.0 0.17082326980778526 0.0017439052062348465 4.099668987855262e-06 2.1775403398189565e-31 0.07362197087618419
649.0 0.17103792412737256 0.0017584745785533 4.172655325783643e-06 2.458880664762991e-31 0.073810145391022
650.0 0.17123768563668904 0.0017729701394954905 4.24635085912605e-06 2.7752975098220364e-31 0.07399195383586187
651.0 0.17142250168827933 0.0017873882510230242 4.320748457905808e-06 3.1310011876362186e-31 0.07416734826793538
652.0 0.17159232362968854 0.0018017252751617245 4.3958406200532274e-06 3.53068723601535e-31 0.074336282448155
653.0 0.17174710682751193 0.0018159775755874157 4.471619469886855e-06 3.97958993490237e-31 0.0744987118628253
654.0 0.17188681068958586 0.0018301415192207876 4.548076756812252e-06 4.483541449861351e-31 0.07465459374456632
655.0 0.17201139868532897 0.0018442134778306036 4.625203854242741e-06 5.049037163202271e-31 0.07480388709244502
656.0 0.17212083836418823 0.0018581898296439361 4.702991758745226e-06 5.6833078065973255e-31 0.0749465526912884
657.0 0.1722151013721986 0.0018720669609626121 4.781431089415066e-06 6.394399066421645e-31 0.0750825531301742
658.0 0.17229416346663878 0.0018858412677847992 4.8605120874832744e-06 7.19125939543975e-31 0.0752118528200845
659.0 0.17235800452875044 0.001899509157430441 4.940224616158787e-06 8.083836832259486e-31 0.07533441801070034
660.0 0.1724066085745427 0.001913067050169831 5.02055816070951e-06 9.083185703626016e-31 0.07545021680634012
661.0 0.17243996376364695 0.0019265113808539678 5.101501828784479e-06 1.0201584164586096e-30 0.07555921918101806
662.0 0.17245806240622802 0.0019398386005457706 5.183044350979966e-06 1.1452663618326521e-30 0.07566139699261928
663.0 0.17246090096793387 0.0019530451781509274 5.26517408165182e-06 1.2851551151598934e-30 0.07575672399617549
664.0 0.17244848007289174 0.00196612760204745 5.347878999976661e-06 1.44150262236786e-30 0.07584517585623785
665.0 0.17242080450473551 0.0019790823817126975 5.431146711263499e-06 1.616169295734971e-30 0.07592673015833305
666.0 0.1723778832056667 0.0019919060493468177 5.514964448518051e-06 1.8112169500148727e-30 0.07600136641949637
667.0 0.17231972927354713 0.002004595161491511 5.599319074261105e-06 2.0289296053706007e-30 0.07606906609787373
668.0 0.17224635995702348 0.002017146300642994 5.684197082602556e-06 2.2718363309260634e-30 0.07612981260138575
669.0 0.1721577966486841 0.002029556076858053 5.769584601572177e-06 2.5427363179077845e-30 0.07618359129544701
670.0 0.17205406487625316 0.0020418211293521064 5.855467395708276e-06 2.844726387743122e-30 0.07623038950973532
671.0 0.17193519429182302 0.0020539381280881243 5.941830868904768e-06 3.181231158190642e-30 0.07627019654400517
672.0 0.17180121865913459 0.00206590377535536 6.028660067517528e-06 3.55603610970454e-30 0.0763030036729421
673.0 0.17165217583890827 0.0020777148073367396 6.115939683730082e-06 3.973323814875977e-30 0.07632880415005283
674.0 0.1714881077722386 0.0020893679956638734 6.203654059178725e-06 4.437713616064465e-30 0.07634759321058997
675.0 0.17130906046205668 0.0021008601489585312 6.291787188837155e-06 4.9543050603441315e-30 0.07635936807350668
676.0 0.17111508395267483 0.002112188114359545 6.380322725159906e-06 5.5287254267709705e-30 0.07636412794244106
677.0 0.17090623230743038 0.002123348779034112 6.469243982484261e-06 6.1671817088554354e-30 0.0763618740057312
678.0 0.1706825635844286 0.002134339071672283 6.5585339416894765e-06 6.876517445145382e-30 0.07635260943545491
679.0 0.17044413981041825 0.002145155963963771 6.648175255112612e-06 7.664274823127938e-30 0.0763363393855023
680.0 0.1701910269527979 0.00215579647205587 6.738150251719108e-06 8.53876251641438e-30 0.07631307098867472
681.0 0.1699232948897844 0.0021662576579915445 6.828440942526982e-06 9.509129752534e-30 0.07628281335281765
682.0 0.16964101737875648 0.002176536631126668 6.919029026282555e-06 1.0585447148818695e-29 0.07624557755598768
683.0 0.16934427202279442 0.0021866305495253655 7.0098958953858485e-06 1.1778794896990182e-29 0.07620137664065686
684.0 0.16903314023543503 0.002196536621332464 7.101022642062956e-06 1.310135892337214e-29 0.07615022560695778
685.0 0.16870770720366804 0.0022062521061220978 7.192390064783187e-06 1.4566535701337642e-29 0.07609214140497501
686.0 0.16836806184920428 0.0022157743162216194 7.283978674918444e-06 1.618904644591206e-29 0.07602714292609153
687.0 0.16801429678801702 0.002225100618009546 7.375768703640665e-06 1.7985061477581936e-29 0.0759552509933851
688.0 0.1676465082882138 0.0022342284331870253 7.467740109055533e-06 1.997233560361262e-29 0.07587648835109564
689.0 0.16726479622624535 0.0022431552400216563 7.559872583568001e-06 2.217035543074489e-29 0.07579087965316106
690.0 0.16686926404148705 0.002251878574562848 7.652145561476017e-06 2.460049959336901e-29 0.07569845145083288
691.0 0.16646001868921623 0.0022603960318278043 7.744538226788592e-06 2.7286212956396317e-29 0.07559923217937768
692.0 0.16603717059203396 0.002268705266957492 7.837029521264346e-06 3.025319593241397e-29 0.07549325214388108
693.0 0.16560083358973696 0.002276803996341457 7.929598152665162e-06 3.352961013859809e-29 0.07538054350415309
694.0 0.16515112488769446 0.0022846899987109754 8.02222260322146e-06 3.714630171067183e-29 0.07526114025875479
695.0 0.16468816500375646 0.002292361116199665 8.11488113830338e-06 4.113704368919861e-29 0.07513507822815464
696.0 0.16421207771371035 0.0022998152553705816 8.20755181529248e-06 4.553879899817805e-29 0.07500239503701756
697.0 0.16372298999537316 0.0023070503882097857 8.300212492650796e-06 5.0392005647556207e-29 0.07486313009566337
698.0 0.16322103197127918 0.0023140645530846057 8.39284083917803e-06 5.574088591034532e-29 0.07471732458067186
699.0 0.1627063368500711 0.0023208558556669524 8.485414343454867e-06 6.163378135200758e-29 0.07456502141468069
700.0 0.16217904086660112 0.0023274224698205614 8.577910323464583e-06 6.812351572500301e-29 0.07440626524537558
