200.0 3.1962073592866834e-11 1.1316618627359921e-17 3.4394472736027755e-26 4.8550430566570876e-117 2.0906757006603846e-12
201.0 3.710790752954036e-11 1.414628227017578e-17 4.7401115726548996e-26 1.983284471961021e-116 2.4604269202558786e-12
202.0 4.3009003953098583e-11 1.764052865004789e-17 6.510473298549916e-26 7.987830286013227e-116 2.8902627775339113e-12
203.0 4.979812180877266e-11 2.1959804217091015e-17 8.918068514416468e-26 3.1747076621308113e-115 3.3913090707621755e-12
204.0 5.756269410005331e-11 2.7271651508729798e-17 1.217553029168756e-25 1.244520435286956e-114 3.972055898181373e-12
205.0 6.643467192228411e-11 3.3792163494711646e-17 1.657010431448232e-25 4.813395141549579e-114 4.644436852273291e-12
206.0 7.654554399509472e-11 4.177269262362909e-17 2.2477036395783013e-25 1.836848959173602e-113 5.420847865955232e-12
207.0 8.811583878434343e-11 5.1556414587529437e-17 3.0414234276689865e-25 6.922759342626227e-113 6.320568303379595e-12
208.0 1.0127588846458841e-10 6.348922649973394e-17 4.102586107896984e-25 2.575434006451849e-112 7.357150547933206e-12
209.0 1.1628958533753842e-10 7.805725846245688e-17 5.520213241015428e-25 9.465046954735608e-112 8.554471619541569e-12
210.0 1.3328598583990646e-10 9.573104635975981e-17 7.402988394759284e-25 3.433936339265329e-111 9.927359514710817e-12
211.0 1.5261667269932726e-10 1.172161654653774e-16 9.903428978012302e-25 1.2310966790420735e-110 1.1507923877178432e-11
212.0 1.7449831379578093e-10 1.4322514969222044e-16 1.3209868893482938e-24 4.360011069313336e-110 1.331930428734149e-11
213.0 1.9928036772108898e-10 1.7468847976262647e-16 1.7573855842335348e-24 1.526007488680247e-109 1.5395734299649343e-11
214.0 2.2731105662493914e-10 2.126791834624158e-16 2.33184024487575e-24 5.279134736171976e-109 1.777268376800047e-11
215.0 2.589373651074685e-10 2.584285689622864e-16 3.085586384740971e-24 1.8051139430864317e-108 2.0486859937400375e-11
216.0 2.9459385284231697e-10 3.134376850413996e-16 4.0721987521367204e-24 6.102126635156674e-108 2.358331797868539e-11
217.0 3.3480226930774506e-10 3.7952606121996106e-16 5.3611981311262716e-24 2.040020838644688e-107 2.7115846208592373e-11
218.0 3.799938495098819e-10 4.586727381429434e-16 7.039345211072741e-24 6.743921001320892e-107 3.1132823986890236e-11
219.0 4.3081973678033135e-10 5.534087637262168e-16 9.220523929433782e-24 2.205368188589722e-106 3.5702529968604286e-11
220.0 4.878845039231872e-10 6.665701673451643e-16 1.2047898644717642e-23 7.134604077153915e-106 4.089185139614495e-11
221.0 5.518789881224817e-10 8.015096882151802e-16 1.57039936807923e-23 2.2836973868132207e-105 4.677733388388987e-11
222.0 6.235799059109775e-10 9.621749233311475e-16 2.042093550815371e-23 7.233673520181819e-105 5.344556637107118e-11
223.0 7.037611947722359e-10 1.1530506776063248e-15 2.648981144206797e-23 2.267509981159825e-104 6.09859163079727e-11
224.0 7.934586039174665e-10 1.379671907120517e-15 3.4285299101481924e-23 7.036295020666692e-104 6.951370817346747e-11
225.0 8.935720020416311e-10 1.6480864251285236e-15 4.4270112682546055e-23 2.1614081617245617e-103 7.913626154459003e-11
226.0 1.0053061688851632e-09 1.965717573437316e-15 5.703627934317289e-23 6.574103290628718e-103 8.999171501765673e-11
227.0 1.1297736063114485e-09 2.3407929223356943e-15 7.331575910582195e-23 1.97995346368542e-102 1.0221456099047298e-10
228.0 1.2683904223054884e-09 2.783253218344927e-15 9.403728180820165e-23 5.9059043490335736e-102 1.1597141546528837e-10
229.0 1.4225237441915426e-09 3.30422620766124e-15 1.203490526981126e-22 1.744843936242621e-101 1.3142991228027643e-10
230.0 1.593798983553898e-09 3.916872189780109e-15 1.536930262540636e-22 5.106652135411707e-101 1.4878716878425837e-10
231.0 1.7839233743667436e-09 4.6362364320401225e-15 1.9585838893609575e-22 1.4807241224750186e-100 1.6825440131536037e-10
232.0 1.9948169639805338e-09 5.479824072937502e-15 2.490741540870955e-22 4.2543428174023393e-100 1.900698185421571e-10
233.0 2.2284366566939632e-09 6.467424912561678e-15 3.1608657641390487e-22 1.211276610699129e-99 2.144827315277336e-10
234.0 2.4870383057690355e-09 7.622143452254149e-15 4.0030871601032623e-22 3.4179551021011344e-99 2.4177923048981174e-10
235.0 2.77304435749442e-09 8.970437213068439e-15 5.059515251143872e-22 9.559894615090882e-99 2.722706557937403e-10
236.0 3.0890430970419356e-09 1.054251142413718e-14 6.381962225679054e-22 2.6506220944749437e-98 3.062943516991721e-10
237.0 3.437918685992185e-09 1.2373219492932759e-14 8.0343087924480685e-22 7.286265634087469e-98 3.4422751283438165e-10
238.0 3.8227191625155615e-09 1.4502159373750667e-14 1.0094811167203076e-21 1.985946149464582e-97 3.864752990126375e-10
239.0 4.246786254400838e-09 1.697471295912443e-14 1.2659453888366929e-21 5.367631523033637e-97 4.334849060634648e-10
240.0 4.71371057952353e-09 1.9842559492656904e-14 1.584556287150608e-21 1.4387810052862243e-96 4.857424032120824e-10
241.0 5.227460851062348e-09 2.3164964897280186e-14 1.979669181397107e-21 3.825202135529941e-96 5.437874114708338e-10
242.0 5.79216516417293e-09 2.7008690408252932e-14 2.4687215140534915e-21 1.0087837474518323e-95 6.081920088797853e-10
243.0 6.412370461456899e-09 3.1450014817772366e-14 3.072958088101017e-21 2.63918447487431e-95 6.795890328130785e-10
244.0 7.093083985495034e-09 3.6576081675238245e-14 3.818235687240616e-21 6.850445606695488e-95 7.586785877232377e-10
245.0 7.839511487004214e-09 4.2484770130588046e-14 4.735807809844026e-21 1.764336256773146e-94 8.462020672992709e-10
246.0 8.657402326927371e-09 4.928770575834004e-14 5.86358160477718e-21 4.509221139986075e-94 9.429807424255917e-10
247.0 9.552830888140694e-09 5.711056923657501e-14 7.24728897738763e-21 1.1437123671440297e-93 1.0498944299601833e-09
248.0 1.053249773190922e-08 6.609641938934043e-14 8.94222628803077e-21 2.8791998343889728e-93 1.1679165084647813e-09
249.0 1.1603381120675451e-08 7.6405408477588e-14 1.1014812138944122e-20 7.194501919234845e-93 1.298078036478455e-09
250.0 1.2773210239392206e-08 8.821967367783786e-14 1.3545125325367403e-20 1.7846233515639908e-92 1.4415225483292467e-09
251.0 1.405011727839476e-08 1.0174334964468381e-13 1.6629154018887856e-20 4.394863577095611e-92 1.5994701671323025e-09
252.0 1.5442850736802257e-08 1.1720633111850425e-13 2.038197621539585e-20 1.0745680733123389e-91 1.7732441057628265e-09
253.0 1.696090152871171e-08 1.3486796385268236e-13 2.4941480001712552e-20 2.608863843492974e-91 1.964288330811553e-09
254.0 1.861424240927962e-08 1.5501801201943063e-13 3.0472171501430026e-20 6.289719839582306e-91 2.174140809785388e-09
255.0 2.0413754305473536e-08 1.7798325489332805e-13 3.717066254820453e-20 1.5059536991611476e-90 2.404486123906189e-09
256.0 2.237092250127723e-08 2.0412866596421895e-13 4.527094951112498e-20 3.581180319243805e-90 2.6571238833075606e-09
257.0 2.4498134073420953e-08 2.3386387943494535e-13 5.505162396836699e-20 8.45883486999396e-90 2.934007349268608e-09
258.0 2.6808587619006056e-08 2.6764682724479043e-13 6.6843588228422e-20 1.9847181804009734e-89 3.237237002455722e-09
259.0 2.931629035901046e-08 3.059883892099062e-13 8.103915241940257e-20 4.626189379233431e-89 3.5690642118381633e-09
260.0 3.2036353198477964e-08 3.4946062753421853e-13 9.810347422459464e-20 1.0713184007821066e-88 3.931931453497843e-09
261.0 3.498477255530418e-08 3.987003954621118e-13 1.1858647332604092e-19 2.464996606832713e-88 4.328450780983448e-09
262.0 3.817859703180973e-08 4.544173198864678e-13 1.431377196527834e-19 5.635705820856895e-88 4.761428992150233e-09
263.0 4.163613571543785e-08 5.174032447286235e-13 1.7252405683985668e-19 1.280404898541704e-87 5.23389901599815e-09
264.0 4.537665496230417e-08 5.885362052980796e-13 2.0764798058612775e-19 2.890967363340074e-87 5.749087726627336e-09
265.0 4.9420799210853925e-08 6.687937478148512e-13 2.4957184088311387e-19 6.487342842675061e-87 6.310474399301394e-09
266.0 5.379054245267046e-08 7.592616032084911e-13 2.995439775760646e-19 1.4469345448957234e-86 6.921791269103861e-09
267.0 5.850914025860014e-08 8.611428541105339e-13 3.5902865868709693e-19 3.2078834206539495e-86 7.587023866825726e-09
268.0 6.360137840296846e-08 9.75772149783718e-13 4.29742298055356e-19 7.06977247876146e-86 8.310449816945782e-09
269.0 6.909352381173678e-08 1.104626818113282e-12 5.136934648082858e-19 1.5489528180176274e-85 9.096639916394536e-09
270.0 7.501344534796316e-08 1.2493414169657139e-12 6.132299278483671e-19 3.374000491945124e-85 9.950481441087045e-09
271.0 8.139069136987476e-08 1.4117228636793019e-12 7.310924665882925e-19 7.307253529380301e-85 1.087719638451663e-08
272.0 8.82566515282618e-08 1.5937683246988946e-12 8.704774526331115e-19 1.5735956138918665e-84 1.1882371488478943e-08
273.0 9.564450656021656e-08 1.797680811229297e-12 1.0351066351665848e-18 3.3696831808857666e-84 1.29719604715463e-08
274.0 1.0358943153316667e-07 2.025890579566317e-12 1.2293094574702008e-18 7.175775379045353e-84 1.4152320571122612e-08
275.0 1.1212854498369018e-07 2.281073427097923e-12 1.4581144416382058e-18 1.5197021199171176e-83 1.5430215312963727e-08
276.0 1.213012377297796e-07 2.5661780040505697e-12 1.7273582269991825e-18 3.2009889384756376e-83 1.6812869585816312e-08
277.0 1.3114916309778592e-07 2.8844485965174063e-12 2.0438060561185953e-18 6.70612680016448e-83 1.830797939075671e-08
278.0 1.41716184777819e-07 3.2394483396803727e-12 2.4152877732670576e-18 1.3974818314767302e-82 1.992371555582765e-08
279.0 1.5304874596815735e-07 3.6350936646864432e-12 2.8508594284952414e-18 2.896892529600264e-82 2.166878676570423e-08
280.0 1.6519581617350299e-07 4.075681911685794e-12 3.3609803934469335e-18 5.973857479821591e-82 2.3552444550829917e-08
281.0 1.782091739135427e-07 4.565929015111102e-12 3.957720791386114e-18 1.2255696142746068e-81 2.5584536159977026e-08
282.0 1.921433112415474e-07 5.1110006070116416e-12 4.6549892389799965e-18 2.501528820824608e-81 2.7775504418695318e-08
283.0 2.0705563097817147e-07 5.716552641605442e-12 5.46879680350089e-18 5.08019968705973e-81 3.01364295949576e-08
284.0 2.2300676979309218e-07 6.388778909597393e-12 6.417560252688942e-18 1.026566667822174e-80 3.267909084896986e-08
285.0 2.400604585439248e-07 7.1344491032475055e-12 7.522432888242689e-18 2.0641791893984973e-80 3.5415961302839897e-08
286.0 2.5828384348280277e-07 7.960962630960436e-12 8.807691041336276e-18 4.130323332467853e-80 3.836027069246106e-08
287.0 2.777475134844353e-07 8.876397721714697e-12 1.0301161921382423e-17 8.224684849449178e-80 4.152602593795939e-08
288.0 2.985258193568016e-07 9.88957314781957e-12 1.2034716485625854e-17 1.6299528845010178e-79 4.49280757938663e-08
289.0 3.206967743570941e-07 1.1010100744710884e-11 1.4044809199235688e-17 3.214940119899322e-79 4.8582113909642087e-08
290.0 3.4434249692380613e-07 1.2248459620689775e-11 1.637310750182481e-17 6.311522986108297e-79 5.250476392992833e-08
291.0 3.6954911025435407e-07 1.3616056944880659e-11 1.906717681792782e-17 1.2333314790838082e-78 5.671358381728609e-08
292.0 3.964071823129124e-07 1.5125312128849936e-11 2.2181275748465368e-17 2.399002224733302e-78 6.122715299953311e-08
293.0 4.2501158337588293e-07 1.6789725193587978e-11 2.5777219093170386e-17 4.645227672682587e-78 6.606507153152318e-08
294.0 4.5546200695263583e-07 1.8623975092237214e-11 2.9925382669968124e-17 8.954248040581183e-78 7.124806212631715e-08
295.0 4.878628669146201e-07 2.0644000164822514e-11 3.470579307480608e-17 1.7183706276291841e-77 7.679797701534135e-08
296.0 5.223236507166713e-07 2.2867102180376525e-11 4.0209375892325424e-17 3.283142890649176e-77 8.273787638048185e-08
297.0 5.589591052100008e-07 2.5312050605568146e-11 4.653934247360664e-17 6.2455017411633545e-77 8.909208212497284e-08
298.0 5.978892977622031e-07 2.7999187750026542e-11 5.381272861552309e-17 1.182955815582553e-76 9.58862126727706e-08
299.0 6.392400486950843e-07 3.0950557750326543e-11 6.216214451087199e-17 2.2310650305837225e-76 1.0314727796835042e-07
300.0 6.831429902350052e-07 3.419002658529877e-11 7.173769567894511e-17 4.1900291285456664e-76 1.1090371631761736e-07
301.0 7.297357486228381e-07 3.774341500957852e-11 8.270913306760002e-17 7.836123328095364e-76 1.1918545160671112e-07
302.0 7.791623731840428e-07 4.1638652752830086e-11 9.526827657342858e-17 1.459429197024743e-75 1.2802399208450078e-07
303.0 8.31573310004653e-07 4.590591863290075e-11 1.0963166082708812e-16 2.706949609346711e-75 1.374524563084673e-07
304.0 8.871258285378158e-07 5.0577813223391174e-11 1.2604353032343904e-16 5.000464115904744e-75 1.4750567414699924e-07
305.0 9.459841988506293e-07 5.5689528814523705e-11 1.447791379938391e-16 9.200064209993612e-75 1.582202484847466e-07
306.0 1.0083199514966618e-06 6.127903417195169e-11 1.661484176844977e-16 1.6859278081683913e-74 1.6963463176290366e-07
307.0 1.0743120116885345e-06 6.738726257653427e-11 1.9050003631572159e-16 3.077312239619399e-74 1.817891826640728e-07
308.0 1.144147202879032e-06 7.405833394924453e-11 2.1822594838959113e-16 5.595068009425868e-74 1.947262863380906e-07
309.0 1.2180203785100477e-06 8.133976726908599e-11 2.49766379054439e-16 1.0133440214486115e-73 2.0849041381416119e-07
310.0 1.296134594685119e-06 8.928270704895836e-11 2.856153389914155e-16 1.8282789115818214e-73 2.2312818910027855e-07
311.0 1.378701568059202e-06 9.794218227055294e-11 3.263267825833545e-16 3.2860795729057887e-73 2.386885065383177e-07
312.0 1.4659418862757686e-06 1.0737736365506195e-10 3.7252136268962406e-16 5.884094831784022e-73 2.5522260761900253e-07
313.0 1.5580852585632285e-06 1.176518378872561e-10 4.2489389352002957e-16 1.0496943816436021e-72 2.727841659115682e-07
314.0 1.6553710099685096e-06 1.288339158410227e-10 4.842216513911938e-16 1.865705983083227e-72 2.9142941619806903e-07
315.0 1.7580480021588972e-06 1.409969139452013e-10 5.513733641782278e-16 3.3039684867664073e-72 3.1121718482439314e-07
316.0 1.8663754511527872e-06 1.542195213609259e-10 6.27319377313715e-16 5.829832315166553e-72 3.322090790720313e-07
317.0 1.980622723800121e-06 1.685861055783839e-10 7.13142529688298e-16 1.0249874883322448e-71 3.544694983564001e-07
318.0 2.101070192161388e-06 1.8418712186358292e-10 8.100504667211899e-16 1.7957179874984815e-71 3.780658344145655e-07
319.0 2.228009068907053e-06 2.0111945850566273e-10 9.193888171348903e-16 3.1349402429541453e-71 4.030684919392351e-07
320.0 2.3617420948647874e-06 2.194868742130481e-10 1.042655980245195e-15 5.453889154306519e-71 4.295510630459045e-07
321.0 2.502583778750803e-06 2.3940041977440487e-10 1.1815191916961981e-15 9.455476414149167e-71 4.575904236543451e-07
322.0 2.650860755912004e-06 2.6097889236064854e-10 1.3378321912914127e-15 1.6337085409247185e-70 4.872668529270039e-07
323.0 2.8069121061152065e-06 2.8434930940033426e-10 1.513654567947008e-15 2.8131546349720033e-70 5.18664147003514e-07
324.0 2.9710897098288942e-06 3.096474104098576e-10 1.7112729647495059e-15 4.8278539370493755e-70 5.518697415012221e-07
325.0 3.1437588454972693e-06 3.3701821019510976e-10 1.9332244362973834e-15 8.25789996085121e-70 5.86974880841285e-07
326.0 3.3252982191458033e-06 3.6661652039072365e-10 2.182321668232584e-15 1.4078402717709385e-69 6.240746842505208e-07
327.0 3.5161006788816205e-06 3.9860757029731654e-10 2.4616809580671228e-15 2.3923161569257355e-69 6.632683408789133e-07
328.0 3.716573403524854e-06 4.3316760173188053e-10 2.7747524565838863e-15 4.052081437276313e-69 7.046592090798304e-07
329.0 3.927138371085432e-06 4.704845240100925e-10 3.125353362126253e-15 6.841399963869229e-69 7.483549698355545e-07
330.0 4.148232785665048e-06 5.107585968295537e-10 3.5177041158520356e-15 1.151414484593701e-68 7.944677746427615e-07
331.0 4.38030958292981e-06 5.542031565340463e-10 3.956467941972429e-15 1.931749511190023e-68 8.431144106913697e-07
332.0 4.623837651513164e-06 6.010453417603799e-10 4.446793683565723e-15 3.2308344777262856e-68 8.944164137035779e-07
333.0 4.879302415763849e-06 6.515268989918578e-10 4.9943627635616025e-15 5.386858865308342e-68 9.485002519806527e-07
334.0 5.14720629462648e-06 7.059050115887855e-10 5.6054401998276944e-15 8.954174421409312e-68 1.0054974892812868e-06
335.0 5.428069039030863e-06 7.64453150990284e-10 6.286929956955376e-15 1.483872172030714e-67 1.0655449261544252e-06
336.0 5.722428267986013e-06 8.274619945817764e-10 7.04643532087163e-15 2.4516597766311504e-67 1.1287847820630446e-06
337.0 6.030839961585238e-06 8.952403809114103e-10 7.89232445543754e-15 4.038576662156287e-67 1.1953648716874155e-06
338.0 6.353878833228638e-06 9.681162908141771e-10 8.83380141926836e-15 6.63303644477847e-67 1.2654387596322657e-06
339.0 6.692138819091222e-06 1.0464378898223173e-09 9.88098335650723e-15 1.0862348319796324e-66 1.3391659403520308e-06
340.0 7.0462337258746215e-06 1.1305746431669054e-09 1.1044984453123286e-14 1.7736731713367653e-66 1.4167120523126577e-06
341.0 7.416797516135856e-06 1.220918423863998e-09 1.2338006393511094e-14 2.887839830995588e-66 1.4982490222394256e-06
342.0 7.804484872044491e-06 1.3178847132286446e-09 1.3773436736397554e-14 4.688492364784848e-66 1.583955267093944e-06
343.0 8.209971796303766e-06 1.4219138617781374e-09 1.5365955506617768e-14 7.590402011471091e-66 1.6740159064201371e-06
344.0 8.633956051590504e-06 1.5334723782137425e-09 1.713165024541932e-14 1.2254018141352337e-65 1.7686229445971994e-06
345.0 9.077157597662767e-06 1.6530542723000489e-09 1.9088140371869417e-14 1.972808945723421e-65 1.8679754546667306e-06
346.0 9.540319305150075e-06 1.781182505327536e-09 2.1254712148010966e-14 3.1673407069227013e-65 1.97227982138617e-06
347.0 1.0024207309480664e-05 1.918410437089334e-09 2.365246371577349e-14 5.071286320179295e-65 2.0817499131252626e-06
348.0 1.0529611679765241e-05 2.065323391967072e-09 2.6304462342058517e-14 8.097767595389212e-65 2.1966073209928604e-06
349.0 1.105734696638802e-05 2.2225402687497515e-09 2.923591383663896e-14 1.2895744867887e-64 2.3170815758360173e-06
350.0 1.1608252667775875e-05 2.390715200549994e-09 3.2474345020335995e-14 2.048195950381658e-64 2.443410350814576e-06
351.0 1.2183193773294546e-05 2.5705392971181473e-09 3.604980054708596e-14 3.2445196181838095e-64 2.575839682188065e-06
352.0 1.2783061502353308e-05 2.7627425001568445e-09 3.999505551927943e-14 5.1261689031402694e-64 2.714624234299598e-06
353.0 1.3408773763853589e-05 2.9680954555789105e-09 4.43458436127864e-14 8.078090021637271e-64 2.8600275085239377e-06
354.0 1.4061275692562314e-05 3.187411475638581e-09 4.914110273569037e-14 1.2697180326614414e-63 3.0123220707217015e-06
355.0 1.4741540419751138e-05 3.4215486323772202e-09 5.442324006704388e-14 1.9906648909998523e-63 3.1717898315407017e-06
356.0 1.545056940772109e-05 3.671411834328466e-09 6.02384154437775e-14 3.1130825325037267e-63 3.3387222362113035e-06
357.0 1.618939325494305e-05 3.937955092594327e-09 6.663684753004036e-14 4.856170826371967e-63 3.5134205577550105e-06
358.0 1.695907230192089e-05 4.222183830198961e-09 7.36731419584098e-14 7.556440255389483e-63 3.6961961506507975e-06
359.0 1.7760697155237974e-05 4.52515725939157e-09 8.140664318114638e-14 1.1729231471639033e-62 3.887370689352235e-06
360.0 1.859538928828898e-05 4.8479908673145845e-09 8.990181222882035e-14 1.816183793856024e-62 4.087276425945983e-06
361.0 1.9464301796942758e-05 5.191859036489632e-09 9.922863255950022e-14 2.8054129753715637e-62 4.2962564847026434e-06
362.0 2.0368619955620954e-05 5.557997712582759e-09 1.0946304414723955e-13 4.323040517435616e-62 4.5146651159255494e-06
363.0 2.1309561850036265e-05 5.947707190763547e-09 1.206874088651748e-13 6.6457797861036605e-62 4.742867969271021e-06
364.0 2.2288379045820296e-05 6.362355014951755e-09 1.3299100902649652e-13 1.0192371960234647e-61 4.981242377905554e-06
365.0 2.3306357216079985e-05 6.803378971841886e-09 1.4647058075171874e-13 1.5595011790406147e-61 5.230177636441252e-06
366.0 2.436481692239952e-05 7.2722902387321205e-09 1.6123088554986967e-13 2.3805956328861346e-61 5.490075316195821e-06
367.0 2.5465114002253443e-05 7.77067652820013e-09 1.7738531897871328e-13 3.625628503687887e-61 5.761349494979506e-06
368.0 2.660864050135505e-05 8.30020550688622e-09 1.9505656473547357e-13 5.509179106557682e-61 6.044427112059216e-06
369.0 2.7796825368414507e-05 8.862628267516601e-09 2.1437729206899145e-13 8.352269284091691e-61 6.339748273300769e-06
370.0 2.9031134795718313e-05 9.459782808151673e-09 2.354908976998208e-13 1.2634093517229291e-60 6.647766478246773e-06
371.0 3.03130733381725e-05 1.0093597881250982e-08 2.585523037293111e-13 1.9068371430752283e-60 6.968949027242896e-06
372.0 3.1644184249120935e-05 1.0766096723008331e-08 2.8372880277779645e-13 2.871579609251354e-60 7.303777253109838e-06
373.0 3.3026050475819344e-05 1.147940112835134e-08 3.1120096477044774e-13 4.314928510491195e-60 7.652746906687275e-06
374.0 3.446029506817131e-05 1.2235735465947538e-08 3.41163598401079e-13 6.469630741750955e-60 8.016368410486738e-06
375.0 3.594858216853449e-05 1.3037431029552835e-08 3.7382678098388093e-13 9.679348057934605e-60 8.395167249423293e-06
376.0 3.7492617415070424e-05 1.3886930327267031e-08 4.09416949591181e-13 1.4450435649997854e-59 8.789684228582753e-06
377.0 3.909414892596127e-05 1.4786791722123086e-08 4.4817806860408624e-13 2.1527391656678976e-59 9.200475869005229e-06
378.0 4.075496796863865e-05 1.5739694113072644e-08 4.903728690929459e-13 3.200257044979336e-59 9.628114733502033e-06
379.0 4.2476909472193856e-05 1.6748441705074583e-08 5.362841650885995e-13 4.7475391124134745e-59 1.0073189717999692e-05
380.0 4.42618530797197e-05 1.7815969143127133e-08 5.862162597126283e-13 7.028289874889705e-59 1.0536306473261559e-05
381.0 4.611172353809218e-05 1.894534655075868e-08 6.40496431447251e-13 1.0383297861627554e-58 1.1018087673040398e-05
382.0 4.802849174414919e-05 2.0139784991265583e-08 6.994765216979137e-13 1.5308496138626987e-58 1.1519173440810128e-05
383.0 5.001417532277275e-05 2.1402641912782577e-08 7.6353461462595e-13 2.252414300280366e-58 1.2040221668474771e-05
384.0 5.207083931833225e-05 2.2737426807057287e-08 8.330768217026719e-13 3.307420713192156e-58 1.2581908364591955e-05
385.0 5.4200597115543204e-05 2.4147807144016e-08 9.085391790478855e-13 4.846886438397155e-58 1.3144928060948705e-05
386.0 5.640561096984722e-05 2.5637614318503463e-08 9.903896537838848e-13 7.088840900700614e-58 1.3729994128009981e-05
387.0 5.868809299944108e-05 2.7210849983705935e-08 1.0791302790705199e-12 1.0347448501773199e-57 1.4337839204959712e-05
388.0 6.105030574849826e-05 2.8871692383398253e-08 1.1752994097404638e-12 1.5074523212486334e-57 1.496921552885665e-05
389.0 6.349456305681206e-05 3.062450301407069e-08 1.2794741175420634e-12 2.1918594528657826e-57 1.562489534113945e-05
390.0 6.60232307333204e-05 3.247383339369106e-08 1.3922727242760865e-12 3.1808786376672446e-57 1.6305671249254345e-05
391.0 6.863872741881545e-05 3.4424432121451154e-08 1.5143574874074222e-12 4.6073709675374295e-57 1.701235663766474e-05
392.0 7.134352525355449e-05 3.648125204885489e-08 1.6464374382128343e-12 6.660967104120336e-57 1.774578603380832e-05
393.0 7.414015073371089e-05 3.8649457753148564e-08 1.789271388364053e-12 9.611821523997735e-57 1.8506815523610995e-05
394.0 7.703118541117939e-05 4.093443314676306e-08 1.943671105935589e-12 1.3844096601787112e-56 1.9296323131159247e-05
395.0 8.001926670483954e-05 4.334178936126301e-08 2.1105046754343545e-12 1.9903076258841163e-56 2.0115209228938377e-05
396.0 8.310708867102726e-05 4.587737283393427e-08 2.290700047587312e-12 2.856133760983124e-56 2.096439694089606e-05
397.0 8.629740280840332e-05 4.854727364074914e-08 2.4852487901928427e-12 4.091152366956383e-56 2.1844832557091227e-05
398.0 8.959301874504005e-05 5.1357833995401646e-08 2.6952100456165444e-12 5.849617997948371e-56 2.2757485921462894e-05
399.0 9.299680507521835e-05 5.431565706622034e-08 2.9217147125298536e-12 8.348914293475097e-56 2.3703350860155555e-05
400.0 9.651169015469947e-05 5.742761601283367e-08 3.165969857662161e-12 1.189485057036804e-55 2.4683445602387235e-05
401.0 0.00010014066285458075 6.070086324408513e-08 3.4292633683388e-12 1.6916879530798694e-55 2.569881319361197e-05
402.0 0.00010388677334962428 6.414283994535728e-08 3.7129688596783385e-12 2.4017042719169275e-55 2.6750521920244148e-05
403.0 0.00010775313386514482 6.776128583479563e-08 4.018550846004259e-12 3.403787859576241e-55 2.7839665726520503e-05
404.0 0.0001117429196117028 7.156424929650065e-08 4.347570197452797e-12 4.815648020552786e-55 2.8967364682654757e-05
405.0 0.00011585936925801608 7.556009748698651e-08 4.701689870589996e-12 6.801455259869999e-55 3.0134765336447103e-05
406.0 0.00012010578604903263 7.975752711669946e-08 5.082680967993538e-12 9.589794888740861e-55 3.134304123439931e-05
407.0 0.00012448553842479205 8.416557519095407e-08 5.492429098087216e-12 1.3498409729758815e-54 3.259339331659543e-05
408.0 0.00012900206067435733 8.879363004121399e-08 5.9329410683214316e-12 1.8968243138638757e-54 3.3887050322655666e-05
409.0 0.00013365885404214117 9.365144294636394e-08 6.406351947102446e-12 2.661020178482235e-54 3.522526931894301e-05
410.0 0.0001384594872226392 9.874913962913679e-08 6.914932463233733e-12 3.726928656005692e-54 3.660933606840134e-05
411.0 0.00014340759719367664 1.0409723226895287e-07 7.461096800182743e-12 5.2112401005875834e-54 3.8040565491352666e-05
412.0 0.00014850689019743827 1.0970663192456383e-07 8.04741079643789e-12 7.274838729079904e-54 3.9520302168512625e-05
413.0 0.0001537611421492051 1.1558866084367964e-07 8.676600531266695e-12 1.0139185761760242e-53 4.104992069484625e-05
414.0 0.00015917419976236197 1.2175506559800136e-07 9.351561380806546e-12 1.4108644888857988e-53 4.2630826225930565e-05
415.0 0.0001647499811393719 1.2821803014110438e-07 1.0075367498295764e-11 1.960085784265915e-53 4.4264454885157524e-05
416.0 0.0001704924765483368 1.3499018931456815e-07 1.0851281775069658e-11 2.718800877036124e-53 4.595227422252576e-05
417.0 0.0001764057492711606 1.4208464273259122e-07 1.1682766298011523e-11 3.765279451151501e-53 4.7695783695291276e-05
418.0 0.00018249393622152927 1.4951496880973733e-07 1.2573493304939755e-11 5.206422571079123e-53 4.949651508903107e-05
419.0 0.0001887612488983571 1.5729523938581917e-07 1.3527356695823465e-11 7.188012952104429e-53 5.135603303163104e-05
420.0 0.00019521197403394544 1.6544003444262696e-07 1.4548484080905807e-11 9.908555098807482e-53 5.327593542729617e-05
421.0 0.0002018504743128194 1.7396445721149941e-07 1.564124941210194e-11 1.3637934646894132e-52 5.525785391167996e-05
422.0 0.00020868118920062248 1.828841497180141e-07 1.6810286226091792e-11 1.8742537668219005e-52 5.7303454339348245e-05
423.0 0.0002157086357301851 1.9221530864373274e-07 1.8060501513432898e-11 2.5719016607226547e-52 5.941443726209695e-05
424.0 0.00022293740909628846 2.019747013712987e-07 1.9397090225556232e-11 3.523961282465718e-52 6.159253835683128e-05
425.0 0.00023037218350911384 2.1217968261229221e-07 2.0825550482310172e-11 4.8212902812476614e-52 6.383952892656435e-05
426.0 0.00023801771300551407 2.2284821136818567e-07 2.235169948510164e-11 6.586509953072607e-52 6.615721639241082e-05
427.0 0.0002458788319563475 2.3399886797614753e-07 2.398169013749839e-11 8.98487084440789e-52 6.854744470333426e-05
428.0 0.0002539604559817353 2.4565087190034527e-07 2.5722028466708844e-11 1.2238753590751253e-51 7.101209486090467e-05
429.0 0.00026226758267483346 2.578240997286878e-07 2.757959182341846e-11 1.6646993892288387e-51 7.35530853933277e-05
430.0 0.0002708052922085305 2.705391034336451e-07 2.956164789421012e-11 2.2610600440428105e-51 7.617237279854003e-05
431.0 0.00027957874808747543 2.8381712915527265e-07 3.167587458486356e-11 3.066693307824348e-51 7.887195202970229e-05
432.0 0.00028859319793323005 2.976801364118579e-07 3.3930380798317624e-11 4.153506156765795e-51 8.165385699217154e-05
433.0 0.0002978539740403612 3.1215081747234644e-07 3.633372811039309e-11 5.617587985666757e-51 8.452016097772878e-05
434.0 0.0003073664943013542 3.27252617505583e-07 3.889495344684418e-11 7.587166751270914e-51 8.747297720487223e-05
435.0 0.0003171362626415126 3.4300975462542674e-07 4.162359269676132e-11 1.0233124700231045e-50 9.051445922216868e-05
436.0 0.0003271688698598667 3.5944724076339977e-07 4.45297054054511e-11 1.37828784866954e-50 9.364680142829384e-05
437.0 0.00033746999424118354 3.7659090271331985e-07 4.7623900508841636e-11 1.853867563454088e-50 9.687223952883396e-05
438.0 0.0003480454022376712 3.9446740366386966e-07 5.09173631846563e-11 2.4901680600211973e-50 0.0001001930510144739
439.0 0.00035890094922006886 4.131042652319369e-07 5.442188286316396e-11 3.340364076792547e-50 0.00010361155566086908
440.0 0.00037004258000055947 4.3252988966246906e-07 5.8149882395103935e-11 4.474846340883637e-50 0.00010713011596443751
441.0 0.00038147632953669237 4.527735826568452e-07 6.211444847747265e-11 5.986673482060092e-50 0.00011075113763154993
442.0 0.00039320832351836795 4.7386557649803747e-07 6.632936333788537e-11 7.998711822202224e-50 0.00011447707003539635
443.0 0.00040524477920936985 4.958370539169782e-07 7.08091377829393e-11 1.06729736429726e-49 0.00011831040674830474
444.0 0.0004175920057274606 5.187201717242065e-07 7.556904552031583e-11 1.4222815351978954e-49 0.0001222536859120583
445.0 0.00043025640494899335 5.42548085633845e-07 8.062515900022379e-11 1.8928851335302813e-49 0.00012630949079117077
446.0 0.00044324447203730386 5.67354975085313e-07 8.599438665865665e-11 2.5159689293695913e-49 0.00013048045021805724
447.0 0.0004565627959660704 5.931760685002057e-07 9.169451167062165e-11 3.3398914231058005e-49 0.0001347692390375248
448.0 0.00047021806014775413 6.200476691231013e-07 9.774423228738802e-11 4.42801607498619e-49 0.00013917857858313735
449.0 0.00048421704301920067 6.480071812669551e-07 1.041632037840199e-10 5.8632642113064984e-49 0.00014371123714213723
450.0 0.0004985666186583474 6.770931370621872e-07 1.1097208208605216e-10 7.754018168834497e-49 0.00014837003043067585
451.0 0.0005132737572842299 7.073452235145984e-07 1.1819256909884983e-10 1.0241765841056504e-48 0.00015315782203541336
452.0 0.0005283455258244422 7.388043101176359e-07 1.258474598345555e-10 1.3510988425802513e-48 0.00015807752387592206
453.0 0.0005437890883670002 7.715124767730233e-07 1.339606913538358e-10 1.7801934329780058e-48 0.00016313209663334778
454.0 0.0005596117068620917 8.055130425334796e-07 1.4255739366902253e-10 2.342710210163988e-48 0.00016832455025461
455.0 0.0005758207415244815 8.408505944057731e-07 1.5166394254034158e-10 3.0792484255506214e-48 0.00017365794436788572
456.0 0.0005924236513019963 8.775710167162051e-07 1.613080143101761e-10 4.042491505430466e-48 0.00017913538871819733
457.0 0.0006094279945217464 9.157215212197244e-07 1.715186428751444e-10 5.300723515524407e-48 0.00018476004365731795
458.0 0.0006268414291624513 9.553506771424908e-07 1.8232627871329236e-10 6.942345513424562e-48 0.0001905351205212971
459.0 0.0006446717135599653 9.965084423533377e-07 1.9376285025230742e-10 9.081669450154876e-48 0.00019646388213949252
460.0 0.0006629267065928602 1.0392461942392714e-06 2.0586182738119063e-10 1.186634251770449e-47 0.00020254964318627592
461.0 0.0006816143684472513 1.08361676195684e-06 2.1865828749306597e-10 1.5486849999949197e-47 0.00020879577070924464
462.0 0.0007007427607147372 1.1296744581435285e-06 2.3218898375999058e-10 2.018866481114305e-47 0.00021520568445442743
463.0 0.0007203200470335566 1.1774751119671168e-06 2.464924160794408e-10 2.628776352278767e-47 0.0002217828573573941
464.0 0.0007403544935371357 1.2270761023820479e-06 2.6160890454870657e-10 3.419041967097268e-47 0.00022853081597611717
465.0 0.0007608544689319815 1.2785363912671515e-06 2.775806654657941e-10 4.441842557954519e-47 0.00023545314080942504
466.0 0.0007818284452969587 1.3319165582485007e-06 2.9445189031709736e-10 5.764119634969555e-47 0.00024255346683780968
467.0 0.0008032849980723193 1.3872788346824215e-06 3.1226882729650726e-10 7.471658933562794e-47 0.00024983548381416376
468.0 0.0008252328066972212 1.4446871392234693e-06 3.310798659561617e-10 9.674274909623169e-47 0.0002573029367548498
469.0 0.0008476806547652211 1.5042071130809937e-06 3.5093562466071464e-10 1.2512388496800468e-46 0.00026495962628126626
470.0 0.0008706374303544583 1.5659061560685843e-06 3.718890411695616e-10 1.6165363638242032e-46 0.0002728094090150671
471.0 0.0008941121264937761 1.6298534634076034e-06 3.939954664330965e-10 2.0862061648136353e-46 0.0002808561980158109
472.0 0.0009181138412579026 1.6961200623745892e-06 4.1731276147562866e-10 2.6894189330541015e-46 0.0002891039631021612
473.0 0.0009426517781078143 1.7647788498853352e-06 4.4190139770959854e-10 3.4633162695494417e-46 0.0002975567312491209
474.0 0.0009677352461861939 1.8359046305098168e-06 4.678245606577641e-10 4.455139002271118e-46 0.00030621858697083107
475.0 0.0009933736605671243 1.90957415491135e-06 4.951482571739248e-10 5.72491046387996e-46 0.0003150936726884227
476.0 0.0010195765424251767 1.9858661586365145e-06 5.239414262366171e-10 7.34881597693926e-46 0.0003241861890715955
477.0 0.0010463535192668846 2.0648614015259473e-06 5.542760534815095e-10 9.423454840525505e-46 0.0003335003953990702
478.0 0.0010737143251168342 2.146642707543821e-06 5.862272895209579e-10 1.2071184648744971e-45 0.0003430406099038214
479.0 0.0011016688006585957 2.23129500502033e-06 6.198735721482523e-10 1.544683178803338e-45 0.00035281121010292114
480.0 0.0011302268935455466 2.3189053677420627e-06 6.552967526501988e-10 1.9746108914581286e-45 0.0003628166331807914
481.0 0.0011593986583053459 2.4095630557260124e-06 6.925822260106556e-10 2.5216163104682323e-45 0.0003730613762413572
482.0 0.0011891942566670886 2.503359557348567e-06 7.31819065573506e-10 3.2168780942601754e-45 0.000383549996694327
483.0 0.0012196239574818338 2.600388631141842e-06 7.731001618018878e-10 4.099690352659756e-45 0.00039428711250975173
484.0 0.0012506981370286343 2.7007463488927564e-06 8.165223657107593e-10 5.2195260883990855e-45 0.00040527740259539154
485.0 0.001282427278878097 2.8045311383087643e-06 8.621866365805842e-10 6.638612826456423e-45 0.000416525607030017
486.0 0.0013148219739970027 2.9118438266805407e-06 9.101981944815302e-10 8.435144467451546e-45 0.00042803652737283493
487.0 0.0013478929207704673 3.0227876848633276e-06 9.60666677527549e-10 1.0707282682382738e-44 0.00043981502694475527
488.0 0.0013816509251558132 3.137468472048251e-06 1.0137063041254695e-09 1.3578137186949415e-44 0.00045186603115111683
489.0 0.0014161069003591326 3.2559944799504e-06 1.0694360399002982e-09 1.7201958488579705e-44 0.00046419452764693685
490.0 0.001451271867145819 3.378476578906169e-06 1.1279797702116768e-09 2.1771831053797947e-44 0.00047680556670729314
491.0 0.0014871569535294987 3.505028263048007e-06 1.189466477479099e-09 2.7529221476613927e-44 0.0004897042613927248
492.0 0.0015237733948084227 3.635765696744103e-06 1.2540304241436774e-09 3.4775817929420184e-44 0.000502895787826234
493.0 0.0015611325334810612 3.7708077612422375e-06 1.321811341053463e-09 4.3888197171209705e-44 0.0005163853854288238
494.0 0.0015992458190071373 3.9102761014110686e-06 1.3929546213544588e-09 5.533597772050526e-44 0.000530178357101763
495.0 0.0016381248078418842 4.054295173605046e-06 1.4676115203763366e-09 6.970426732330945e-44 0.0005442800694969203
496.0 0.0016777811632073915 4.202992293366838e-06 1.5459393612005265e-09 8.772139538136151e-44 0.0005586959531980679
497.0 0.0017182266548156197 4.356497683455881e-06 1.628101746204423e-09 1.1029314373583934e-43 0.0005734315028834174
498.0 0.0017594731587562609 4.5149445227388305e-06 1.7142687749174758e-09 1.38544960683658e-43 0.0005884922775404545
499.0 0.001801532657300504 4.6784689953299105e-06 1.8046172681101119e-09 1.7387397369270655e-43 0.0006038839006504934
500.0 0.0018444172385125312 4.84721033967816e-06 1.8993309981304835e-09 2.1801301854873614e-43 0.0006196120603061902
501.0 0.0018881390961681757 5.021310898886677e-06 1.9986009261227963e-09 2.7310939178428986e-43 0.000635682509429187
502.0 0.0019327105292677796 5.200916170411429e-06 2.1026254455582697e-09 3.4182162717793627e-43 0.0006521010658489268
503.0 0.0019781439417488607 5.386174856697626e-06 2.2116106328197434e-09 4.274383181929008e-43 0.0006688736124453498
504.0 0.0020244518422898997 5.577238916496738e-06 2.3257705049041856e-09 5.340238824414543e-43 0.0006860060973196839
505.0 0.0020716468437812744 5.774263615701434e-06 2.4453272839135136e-09 6.6659722339075745e-43 0.0007035045338498348
506.0 0.002119741662921919 5.977407578914577e-06 2.5705116689688675e-09 8.313505269567363e-43 0.000721375000784758
507.0 0.002168749119908462 6.186832841683407e-06 2.7015631156870714e-09 1.0359169816039773e-42 0.0007396236423671356
508.0 0.0022186821379662886 6.402704902694987e-06 2.8387301230757854e-09 1.289698084952048e-42 0.0007582566683992166
509.0 0.0022695537427596733 6.625192776002617e-06 2.982270528016197e-09 1.60426346347245e-42 0.0007772803542637605
510.0 0.002321377061998164 6.854469044188586e-06 3.132451807889452e-09 1.99383886324038e-42 0.000796701041008357
511.0 0.0023741653249205108 7.0907099115544176e-06 3.289551391112555e-09 2.4759012621030417e-42 0.0008165251353845193
512.0 0.0024279318616924196 7.334095257416558e-06 3.453856975766755e-09 3.071904020140166e-42 0.0008367591098534596
513.0 0.0024826901028578265 7.5848086899104235e-06 3.6256668566623432e-09 3.8081597596462244e-42 0.000857409502606387
514.0 0.0025384535787034467 7.843037599878773e-06 3.805290260807275e-09 4.716914407495767e-42 0.0008784829175510802
515.0 0.002595235918641318 8.108973215146915e-06 3.9930476915825944e-09 5.837652733190848e-42 0.000899986024300642
516.0 0.0026530508505741325 8.382810655074146e-06 4.189271281740337e-09 7.218684001432217e-42 0.0009219255581523174
517.0 0.002711912200243629 8.664748985373936e-06 4.394305155387404e-09 8.919066299546346e-42 0.0009443083200564101
518.0 0.0027718338903495628 8.954991272508206e-06 4.6085057987668165e-09 1.1010940018115955e-41 0.0009671411765010974
519.0 0.0028328299400031975 9.253744639436007e-06 4.832242440899955e-09 1.358235524395161e-41 0.0009904310595092048
520.0 0.0028949144638106363 9.561220320468294e-06 5.065897443127917e-09 1.6740694912672807e-41 0.001014184966501749
521.0 0.002958101671184113 9.87763371712804e-06 5.309866698685316e-09 2.0616816016378464e-41 0.0010384099602364129
522.0 0.0030224058654586936 1.0203204453641815e-05 5.564560041772278e-09 2.5370055593292155e-41 0.0010631131686734759
523.0 0.0030878414430257424 1.0538156432729229e-05 5.830401666636427e-09 3.1194277411574767e-41 0.0010883017848427612
524.0 0.003154422892377399 1.0882717891324083e-05 6.107830556639646e-09 3.832517008500216e-41 0.0011139830666743653
525.0 0.00322216479334101 1.1237121457170946e-05 6.3973009240086486e-09 4.704904889386786e-41 0.0011401643368914715
526.0 0.0032910818160497256 1.1601604204741216e-05 6.699282659587508e-09 5.771346306751498e-41 0.0011668529828053147
527.0 0.0033611887199632194 1.197640771151229e-05 7.014261793333504e-09 7.073996922138369e-41 0.0011940564561225757
528.0 0.0034325003528331093 1.2361778114236439e-05 7.342740965525139e-09 8.663950175605936e-41 0.0012217822727279507
529.0 0.0035050316496836086 1.2757966165434944e-05 7.685239908994766e-09 1.0603085439817616e-40 0.0012500380124668244
530.0 0.0035787976317710486 1.3165227289980816e-05 8.042295942488165e-09 1.2966288611532974e-40 0.0012788313189151554
531.0 0.0036538134054183978 1.3583821641371204e-05 8.414464475083367e-09 1.5844118223582918e-40 0.001308169899099313
532.0 0.0037300941609334187 1.4014014158432244e-05 8.8023195222916e-09 1.934600411378079e-40 0.0013380615232401513
533.0 0.0038076551714703046 1.4456074621939111e-05 9.206454233713465e-09 2.36040822277052e-40 0.0013685140244713739
534.0 0.0038865117916964975 1.491027771059794e-05 9.62748143206546e-09 2.8777788728157972e-40 0.0013995352984821532
535.0 0.003966679456681286 1.537690305794211e-05 1.0066034164732336e-08 3.50593597872961e-40 0.001431133303233422
536.0 0.004048173680622439 1.585623530869308e-05 1.0522766267119256e-08 4.268041087985561e-40 0.001463316058610199
537.0 0.004131010055517146 1.634856417495348e-05 1.0998352938198605e-08 5.191980184507648e-40 0.001496091646047733
538.0 0.004215204249810317 1.685418449233905e-05 1.1493491328495108e-08 6.311303231749419e-40 0.0015294682081431993
539.0 0.004300772007088934 1.7373396276311876e-05 1.20089011408687e-08 7.666345738208451e-40 0.0015634539482778647
540.0 0.004387729144650693 1.790650477801814e-05 1.254532524380373e-08 9.305566669474822e-40 0.0015980571301874322
541.0 0.004476091552048817 1.8453820540004396e-05 1.3103530297621757e-08 1.1287143325399256e-39 0.0016332860775171688
542.0 0.004565875189717383 1.9015659452230355e-05 1.3684307394095326e-08 1.3680871216674966e-39 0.001669149173399897
543.0 0.004657096087366118 1.95923428070836e-05 1.4288472708724364e-08 1.657042570466216e-39 0.001705654859943355
544.0 0.004749770342558349 2.0184197355075484e-05 1.49168681670348e-08 2.0056052441874244e-39 0.0017428116377776644
545.0 0.004843914118955277 2.0791555359044716e-05 1.5570362123505053e-08 2.425776572518044e-39 0.0017806280654738358
546.0 0.004939543644982433 2.1414754650033986e-05 1.624985005560669e-08 2.931914806870968e-39 0.0018191127591101355
547.0 0.005036675211957374 2.2054138680748877e-05 1.6956255270117895e-08 3.541186095912792e-39 0.001858274391633817
548.0 0.005135325172569366 2.2710056580364208e-05 1.769052962466175e-08 4.2740996315673165e-39 0.0018981216923449672
549.0 0.005235509939026555 2.338286320771578e-05 1.845365426241513e-08 5.155142109756536e-39 0.0019386634462506974
550.0 0.005337245981519648 2.4072919205691807e-05 1.924664036231097e-08 6.213529437821278e-39 0.0019799084935289354
551.0 0.005440549826216516 2.4780591053331488e-05 2.0070529902181314e-08 7.484096766117142e-39 0.0020218657288113965
552.0 0.0055454380536065695 2.550625111923953e-05 2.092639643782354e-08 9.008351605403287e-39 0.002064544100588447
553.0 0.005651927296547194 2.6250277713404673e-05 2.1815345895854574e-08 1.0835719097705174e-38 0.0021079526104959665
554.0 0.005760034238521819 2.7013055139706176e-05 2.2738517382347232e-08 1.3025013544459306e-38 0.0021521003126732693
555.0 0.005869775611532721 2.779497374643049e-05 2.3697084005204505e-08 1.564617617545705e-38 0.00219699631297718
556.0 0.00598116819423896 2.8596429977587164e-05 2.4692253712719685e-08 1.8782326009898316e-38 0.002242649768279498
557.0 0.006094228810000422 2.9417826423452325e-05 2.572527014719471e-08 2.2532178669474007e-38 0.002289069885721696
558.0 0.006208974324725209 3.0259571869795143e-05 2.6797413513264535e-08 2.701289734245963e-38 0.0023362659218878
559.0 0.0063254216449619765 3.112208134788269e-05 2.791000146289054e-08 3.2363450981912407e-38 0.0023842471820610537
560.0 0.006443587715592308 3.2005776182125527e-05 2.9064389994421527e-08 3.874856748912684e-38 0.0024330230193220373
561.0 0.006563489517902658 3.291108403912675e-05 3.026197436918161e-08 4.6363384386475386e-38 0.0024826028337813083
562.0 0.006685144067222843 3.383843897413066e-05 3.1504190042153776e-08 5.543891662849594e-38 0.0025329960716403126
563.0 0.006808568410808029 3.478828147817061e-05 3.279251360984495e-08 6.624848114378446e-38 0.0025842122243355677
564.0 0.0069337796255241535 3.576105852371248e-05 3.412846377346984e-08 7.911524085338053e-38 0.0026362608275999804
565.0 0.007060794815606928 3.6757223610119205e-05 3.551360231879188e-08 9.442105780211464e-38 0.002689151460543339
566.0 0.007189631110359065 3.7777236808233654e-05 3.694953511210145e-08 1.126168762316584e-37 0.002742893744700736
567.0 0.007320305661618623 3.8821564803157904e-05 3.8437913111524664e-08 1.3423489259381227e-37 0.0027974973429848488
568.0 0.0074528356415347 3.9890680938003614e-05 3.99804333964702e-08 1.5990281143221041e-37 0.0028529719587463403
569.0 0.007587238240080087 4.098506525562165e-05 4.157884021243728e-08 1.9036053459571005e-37 0.0029093273347251523
570.0 0.007723530662435613 4.2105204538939006e-05 4.323492603183482e-08 2.264796874499356e-37 0.002966573251943283
571.0 0.007861730126680618 4.3251592352230346e-05 4.495053263328064e-08 2.6928645077546204e-37 0.0030247195287056907
572.0 0.008001853861053813 4.442472907932982e-05 4.672755219543574e-08 3.1998824217410403e-37 0.0030837760194272115
573.0 0.008143919101453118 4.562512196236092e-05 4.856792840908095e-08 3.800048776876716e-37 0.003143752613541728
574.0 0.008287943088772936 4.685328513878018e-05 5.047365760527631e-08 4.5100494460175775e-37 0.003204659234339444
575.0 0.008433943066246655 4.810973967761731e-05 5.244678990058205e-08 5.349482321795232e-37 0.003266505837796596
576.0 0.00858193627669363 4.939501361431492e-05 5.448943035877058e-08 6.3413520058675585e-37 0.003329302411358608
577.0 0.008731939959870441 5.0709641985275614e-05 5.6603740170303086e-08 7.51264622224194e-37 0.003393058972753948
578.0 0.008883971349494533 5.2054166859605214e-05 5.8791937846865405e-08 8.895007070056045e-37 0.0034577855686711402
579.0 0.00903804767060415 5.342913737183851e-05 6.105630043518677e-08 1.052551227446915e-36 0.0035234922735563356
580.0 0.009194186136656856 5.483510975218655e-05 6.339916474638363e-08 1.2447583944143945e-36 0.0035901891882996304
581.0 0.00935240394653342 5.62726473551942e-05 6.582292860178909e-08 1.4712045048199113e-36 0.0036578864388742633
582.0 0.009512718281711413 5.774232068835744e-05 6.833005209709578e-08 1.737834693445631e-36 0.003726594175031884
583.0 0.009675146303178212 5.924470743810877e-05 7.092305888185024e-08 2.0515994781695213e-36 0.0037963225688858863
584.0 0.009839705148546641 6.0780392495915364e-05 7.360453745751237e-08 2.4206201981693507e-36 0.003867081813563763
585.0 0.010006411928877582 6.234996798145612e-05 7.63771424905084e-08 2.854380915312249e-36 0.003938882121734336
586.0 0.010175283725704351 6.395403326585763e-05 7.924359614382309e-08 3.3639508891765666e-36 0.004011733724203722
587.0 0.010346337587732844 6.559319499170972e-05 8.220668942315397e-08 3.9622423551070114e-36 0.0040856468683732865
588.0 0.010519590527906644 6.726806709412272e-05 8.526928354283668e-08 4.664309044558002e-36 0.00416063181683079
589.0 0.010695059520016974 6.897927081765605e-05 8.843431130514347e-08 5.487691699131064e-36 0.004236698845751566
590.0 0.010872761495513446 7.072743473318866e-05 9.170477849792872e-08 6.452817760345484e-36 0.0043138582433680135
591.0 0.011052713340286837 7.251319475328559e-05 9.508376530884114e-08 7.583463481132598e-36 0.004392120308417485
592.0 0.01123493189129165 7.43371941451542e-05 9.857442775484869e-08 8.907287921879328e-36 0.004471495348515861
593.0 0.01141943393320678 7.620008354242714e-05 1.0217999912859844e-07 1.045644968477709e-35 0.004551993678535251
594.0 0.011606236195099687 7.810252095553376e-05 1.0590379146126237e-07 1.2268318828772158e-35 0.004633625618972256
595.0 0.011795355346835356 8.004517177888182e-05 1.0974919699938049e-07 1.4386298220845474e-35 0.004716401494203405
596.0 0.011986807995879582 8.202870879917033e-05 1.1371968970144398e-07 1.6860770649898715e-35 0.0048003316308868815
597.0 0.012180610683587223 8.405381219869386e-05 1.1781882674582149e-07 1.975019038839426e-35 0.004885426356147579
598.0 0.012376779881755225 8.612116955883365e-05 1.2205025005692918e-07 2.3122340579346043e-35 0.004971695995856573
599.0 0.012575331989082929 8.823147586131186e-05 1.264176878462738e-07 2.7055780890867437e-35 0.005059150872862422
600.0 0.012776283327444028 9.038543348647016e-05 1.3092495616711763e-07 3.164151337163108e-35 0.005147801305135429
601.0 0.01297965013842146 9.258375221169178e-05 1.3557596048707537e-07 3.6984898415468483e-35 0.0052376576040062415
602.0 0.013185448579493535 9.482714920565195e-05 1.4037469727232435e-07 4.3207857261707317e-35 0.005328730072252788
603.0 0.013393694720482732 9.711634902266149e-05 1.4532525558940246e-07 5.045140260063967e-35 0.005421029002281594
604.0 0.013604404539624646 9.945208359249222e-05 1.5043181871766728e-07 5.887854469207186e-35 0.005514564674144243
605.0 0.01381759391990018 0.00010183509221024151 1.5569866577892112e-07 6.86776270444646e-35 0.005609347353648512
606.0 0.014033278645245522 0.00010426612152345483 1.6113017337993417e-07 8.006615323347765e-35 0.005705387290408656
607.0 0.014251474396703833 0.00010674592551691289 1.6673081726821572e-07 9.32951749899213e-35 0.005802694715860425
608.0 0.014472196748456692 0.00010927526549456303 1.7250517399996037e-07 1.0865432138436156e-34 0.005901279841215411
609.0 0.014695461164085643 0.00011185491006118688 1.7845792262398512e-07 1.2647755993344287e-34 0.006001152855497304
610.0 0.014921282992489938 0.00011448563509947323 1.8459384637464777e-07 1.471497929060152e-34 0.006102323923426482
611.0 0.015149677463971873 0.00011716822374627888 1.909178343793654e-07 1.7111440622539305e-34 0.006204803183360927
612.0 0.01538065968629681 0.00011990346636661952 1.974348833782256e-07 1.9888190433547973e-34 0.006308600745215204
613.0 0.015614244640509228 0.00012269216052363723 2.0415009945248452e-07 2.3103978247304343e-34 0.006413726688267593
614.0 0.015850447177072388 0.00012553511094890628 2.1106869976877546e-07 2.682638082431283e-34 0.006520191059087976
615.0 0.016089282011606726 0.00012843312950740698 2.1819601432939857e-07 3.1133090749151835e-34 0.006628003869289234
616.0 0.016330763720858118 0.00013138703516204394 2.2553748773637557e-07 3.6113387560094587e-34 0.006737175093360978
617.0 0.01657490673854963 0.00013439765393497298 2.330986809644118e-07 4.1869816482108775e-34 0.006847714666443525
618.0 0.016821725351149 0.00013746581886592494 2.4088527314264796e-07 4.852010315433479e-34 0.006959632482055042
619.0 0.017071233693802722 0.00014059236996952616 2.4890306334829503e-07 5.619933650102229e-34 0.007072938389875583
620.0 0.01732344574587453 0.00014377815418699854 2.571579724036966e-07 6.506245613015707e-34 0.00718764219335545
621.0 0.017578375326901312 0.00014702402533883522 2.6565604468793756e-07 7.5287085424903955e-34 0.007303753647484199
622.0 0.017836036092248125 0.0001503308440725578 2.7440344995227614e-07 8.70767568714809e-34 0.007421282456423173
623.0 0.018096441528744168 0.00015369947780778618 2.8340648514277156e-07 1.0066458223228114e-33 0.00754023827111785
624.0 0.018359604950394313 0.00015713080067939638 2.9267157623110276e-07 1.1631742699823245e-33 0.007660630686929499
625.0 0.018625539494040423 0.00016062569347768618 3.02205280051165e-07 1.3434065623369258e-33 0.007782469241233945
626.0 0.018894258114975245 0.00016418504358552556 3.1201428614088237e-07 1.5508352756608808e-33 0.007905763410988533
627.0 0.019165773582477008 0.00016780974491216176 3.2210541858806794e-07 1.7894531678417615e-33 0.008030522610253766
628.0 0.019440098475451976 0.00017150069782526732 3.324856378828033e-07 2.06382272424787e-33 0.008156756187748007
629.0 0.019717245177999033 0.00017525880907960233 3.431620427727665e-07 2.379155079848028e-33 0.008284473424357577
630.0 0.019997225874898158 0.0001790849917422415 3.541418721207715e-07 2.7413995416041175e-33 0.00841368353060286
631.0 0.020280052547115356 0.00018298016511513994 3.654325067654237e-07 3.157345089645343e-33 0.008544395644099124
632.0 0.020565736967355277 0.00018694525465530102 3.770414713848724e-07 3.6347354090258384e-33 0.008676618827025443
633.0 0.020854290695478256 0.00019098119189086223 3.889764363596753e-07 4.182399198140321e-33 0.008810362063524507
634.0 0.021145725073997233 0.0001950889143349963 4.01245219637934e-07 4.81039771771617e-33 0.008945634257124052
635.0 0.021440051223471528 0.0001992693653959353 4.138557885986192e-07 5.5301917882289155e-33 0.009082444228102749
636.0 0.021737280038041498 0.0002035234942853256 4.2681626191696674e-07 6.354830716902563e-33 0.009220800710903745
637.0 0.022037422180710767 0.00020785225592124642 4.40134911423677e-07 7.299165941158713e-33 0.009360712351429426
638.0 0.02234048807880134 0.00021225661082977917 4.538201639652225e-07 8.380092517769884e-33 0.009502187704397373
639.0 0.022646487919308875 0.00021673752504257685 4.678806032592737e-07 9.616821969540916e-33 0.009645235230642132
640.0 0.022955431644371842 0.00022129596999241692 4.823249717487108e-07 1.10311904293453e-32 0.009789863294453641
641.0 0.023267328946431617 0.0002259329224026558 4.971621724446535e-07 1.2648006499212504e-32 0.00993608016077217
642.0 0.02358218926383907 0.00023064936417780082 5.124012707733482e-07 1.4495443776739518e-32 0.01008389399256179
643.0 0.023900021775944146 0.00023544628228589444 5.280514964058835e-07 1.660548359660972e-32 0.010233312847951622
644.0 0.024220835398572477 0.0002403246686414009 5.441222450888654e-07 1.9014414201403544e-32 0.010384344677530471
645.0 0.02454463877934797 0.0002452855199833527 5.606230804638252e-07 2.1763393297627017e-32 0.010536997321564252
646.0 0.024871440292923635 0.00025032983774927727 5.775637358754696e-07 2.489908178104203e-32 0.010691278507162384
647.0 0.025201248036360514 0.0002554586279472638 5.949541161732778e-07 2.8474357338472997e-32 0.010847195845496092
648.0 0.02553406982438656 0.00026067290102347874 6.128042994994677e-07 3.254911766114761e-32 0.011004756828953789
649.0 0.02586991318471589 0.00026597367172689716 6.311245390664195e-07 3.719118415026114e-32 0.011163968828310927
650.0 0.026208785353339658 0.00027136195897033296 6.499252649205331e-07 4.2477318270295107e-32 0.011324839089876271
651.0 0.026550693269907444 0.00027683878568896995 6.692170856944527e-07 4.849436412485225e-32 0.01148737473266611
652.0 0.026895643572847475 0.0002824051786927145 6.890107903378304e-07 5.534053240750046e-32 0.011651582745454333
653.0 0.027243642594815036 0.0002880621685184458 7.093173498402073e-07 6.312684263688335e-32 0.011817469983953164
654.0 0.027594696357911085 0.00029381078927636137 7.301479189311118e-07 7.197874253450697e-32 0.011985043167883559
655.0 0.027948810568966722 0.0002996520784934415 7.515138377635354e-07 8.20379255726901e-32 0.012154308878062958
656.0 0.028305990615010056 0.00030558707695530266 7.734266335830827e-07 9.34643701277884e-32 0.01232527355356152
657.0 0.028666241558304627 0.0003116168285398627 7.958980223652268e-07 1.064386263444327e-31 0.0124979434886613
658.0 0.0290295681318645 0.00031774238005247824 8.189399104437306e-07 1.2116437978716026e-31 0.012672324830011855
659.0 0.029395974734803695 0.0003239647810556972 8.425643961121336e-07 1.3787132424229058e-31 0.012848423573703478
660.0 0.02976546542743994 0.0003302850836926258 8.667837711942345e-07 1.5681837968258636e-31 0.013026245562222477
661.0 0.030138043926929956 0.0003367043425124379 8.9161052260458e-07 1.7829729545639422e-31 0.013205796481628127
662.0 0.03051371360237276 0.0003432236142863195 9.170573338674319e-07 2.026366832365092e-31 0.013387081858486874
663.0 0.03089247747030227 0.00034984395782397163 9.431370866193669e-07 2.302065292370388e-31 0.013570107056966492
664.0 0.03127433819008186 0.0003565664337853014 9.69862862080384e-07 2.6142324069639067e-31 0.01375487727587739
665.0 0.03165929805925984 0.00036339210448789726 9.972479424937232e-07 2.9675528770944935e-31 0.013941397545686776
666.0 0.032047359008887964 0.0003703220337102659 1.0253058125330415e-06 3.36729508221514e-31 0.014129672725506434
667.0 0.03243852259917357 0.00037735728649510226 1.0540501606874632e-06 3.819381514432887e-31 0.01431970750021775
668.0 0.03283279001469888 0.000384498928943767 1.083494880599036e-06 4.3304674316293385e-31 0.014511506377396477
669.0 0.03323016206006019 0.0003917480280117686 1.1136540723782357e-06 4.908028655391265e-31 0.01470507368441303
670.0 0.0336306391551937 0.0003991056512967528 1.1445420438726647e-06 5.560459539869372e-31 0.014900413565385108
671.0 0.03403422133106407 0.0004065728668268773 1.1761733119097137e-06 6.297182248758874e-31 0.01509752997828137
672.0 0.03444090822504367 0.0004141507428416724 1.2085626034895244e-06 7.128768599847388e-31 0.015296426691879245
673.0 0.034850699076656035 0.00042184034757333967 1.2417248569496e-06 8.067075871867047e-31 0.015497107282875117
674.0 0.035263592722903164 0.0004296427490191644 1.2756752230726872e-06 9.125398117146437e-31 0.01569957513280098
675.0 0.035679587594180634 0.00043755901471709805 1.3104290661717852e-06 1.03186346882098e-30 0.015903833425193564
676.0 0.0360986817097252 0.0004455902115117888 1.346001965113571e-06 1.1663477867133416e-30 0.016109885142547197
677.0 0.036520872673374 0.0004537374053204584 1.3824097143064033e-06 1.3178621686394652e-30 0.016317733063396834
678.0 0.036946157669248435 0.0004620016608939398 1.4196683246377197e-06 1.488499424945693e-30 0.01652737975935942
679.0 0.03737453345750282 0.00047038404157457046 1.457794024364345e-06 1.6806016101410292e-30 0.016738827592196026
680.0 0.037805996370193266 0.0004788856090516692 1.4968032599566001e-06 1.8967887466302018e-30 0.016952078710920006
681.0 0.03824054230696739 0.00048750742311081416 1.5367126968830324e-06 2.1399907460603278e-30 0.017167135048817214
682.0 0.03867816673104096 0.0004962505413827915 1.5775392203523832e-06 2.4134828714833115e-30 0.017383998320587193
683.0 0.03911886466499969 0.0005051160190863901 1.619299935993258e-06 2.7209251189206208e-30 0.0176026700193986
684.0 0.039562630686862416 0.0005141049087705909 1.662012170487331e-06 3.0664059358979075e-30 0.01782315141405484
685.0 0.040009458925972186 0.0005232182600506144 1.7056934721370974e-06 3.4544907372418166e-30 0.018045443546075433
686.0 0.04045934305907096 0.0005324571193423913 1.7503616113810795e-06 3.890275725458112e-30 0.018269547226853075
687.0 0.040912276306368435 0.0005418225295930314 1.796034581247217e-06 4.379447574549108e-30 0.0184954630348015
688.0 0.04136825142766083 0.0005513155300080144 1.8427305977452044e-06 4.928349592748157e-30 0.01872319131251944
689.0 0.04182726071858182 0.0005609371557762183 1.8904681001999242e-06 5.5440550417499456e-30 0.018952732164008126
690.0 0.042289296006745906 0.0005706884377896048 1.939265751513782e-06 6.2344483580820816e-30 0.01918408545183411
691.0 0.042754348648080566 0.000580570402361516 1.9891424383695416e-06 7.008315096982009e-30 0.01941725079437166
692.0 0.04322240952310758 0.0005905840709403925 2.0401172713613017e-06 7.875441500906576e-30 0.01965222756301653
693.0 0.04369346903344151 0.0006007304598225564 2.0922095850644478e-06 8.846724684512678e-30 0.019889014879492885
694.0 0.04416751709816223 0.0006110105798594296 2.1454389380271684e-06 9.934294526030431e-30 0.02012761161309789
695.0 0.044644543150327384 0.0006214254361627883 2.1998251126940386e-06 1.1151648462519692e-29 0.020368016378004828
696.0 0.04512453613362607 0.0006319760278081523 2.2553881152607297e-06 1.2513800504112683e-29 0.02061022753062591
697.0 0.0456074844989132 0.0006426633475327013 2.3121481754453354e-06 1.4037445910956155e-29 0.020854243166916135
698.0 0.046093376200940235 0.0006534883814321067 2.3701257461901098e-06 1.5741143117458875e-29 0.0211000611197623
699.0 0.04658219869523017 0.000664452108655651 2.4293415032900606e-06 1.76455146422672e-29 0.021347678956434146
700.0 0.04707393893471089 0.0006755555010941608 2.489816344926695e-06 1.9773468890436756e-29 0.021597093975920967
