200.0 5.751779605299885e-11 3.8554214919511614e-17 9.066305288554353e-21 6.320986769622797e-122 2.7219394945068453e-17
201.0 7.080064051893521e-11 5.0935654452798154e-17 1.2486286867001974e-20 2.9037233783850837e-121 3.6023068148619186e-17
202.0 8.697135198948522e-11 6.710762856458183e-17 1.7141842907941255e-20 1.3139140561967443e-120 4.754178235551162e-17
203.0 1.0661850238429137e-10 8.817380856460666e-17 2.345974672871952e-20 5.8575628479168125e-120 6.257207948831067e-17
204.0 1.3044273599527798e-10 1.155428467724118e-16 3.200747185860639e-20 2.573362237688309e-119 8.21323488513889e-17
205.0 1.5927582126458047e-10 1.5100741392114883e-16 4.353717012161948e-20 1.1143226801336723e-118 1.0752080742888378e-16
206.0 1.941043539509084e-10 1.9684405098655144e-16 5.904312793737909e-20 4.757062044114947e-118 1.4038884090752268e-16
207.0 2.3609589004578185e-10 2.55936098501843e-16 7.983580424140004e-20 2.0025071437717625e-117 1.8283147736020299e-16
208.0 2.866293922333202e-10 3.319261880867375e-16 1.0763738269118274e-19 8.31388542400131e-117 2.374998021669895e-16
209.0 3.4733142892731827e-10 4.294060197652186e-16 1.447051187255872e-19 3.4049836820798865e-116 3.07741064705243e-16
210.0 4.2011656854343065e-10 5.541490558372396e-16 1.9398918841585959e-19 1.375914273613282e-115 3.9777078856690584e-16
211.0 5.072349599182125e-10 7.133982640384347e-16 2.5933516418594655e-19 5.4867598360184e-115 5.128859138373313e-16
212.0 6.113263164096755e-10 9.162187082081973e-16 3.4574223378688444e-19 2.159583130853118e-114 6.597264180380256e-16
213.0 7.354824046466271e-10 1.1739304292681194e-15 4.596922892927312e-19 8.391372237558158e-114 8.46597007794695e-16
214.0 8.83318584204264e-10 1.5006378559591368e-15 6.095679664943663e-19 3.219462648223893e-113 1.0838611706141651e-15
215.0 1.059055164861871e-09 1.913875067584838e-15 8.061819984235644e-19 1.2198257221850767e-112 1.3844222307493056e-15
216.0 1.2676116753166382e-09 2.4353939284239545e-15 1.0634472560613398e-18 4.565114159910967e-112 1.7643117765191275e-15
217.0 1.5147122546650738e-09 3.09211802894217e-15 1.3992199664581733e-18 1.687791330431421e-111 2.243403071244068e-15
218.0 1.8070082499656582e-09 3.917304365196467e-15 1.836362410618824e-18 6.165548750790834e-111 2.8462810285495005e-15
219.0 2.1522156708192953e-09 4.951945542417941e-15 2.404074839343231e-18 2.2257778280162308e-110 3.603293999584755e-15
220.0 2.5592722462554314e-09 6.246465277437753e-15 3.1395637599794597e-18 7.941799002221768e-110 4.551827418942827e-15
221.0 3.038515608330743e-09 7.862762570220413e-15 4.0901259086459435e-18 2.801248570004661e-109 5.737841642571103e-15
222.0 3.601884454763442e-09 9.876669523514689e-15 5.315744559622295e-18 9.76894073559954e-109 7.217723733354542e-15
223.0 4.26314675434063e-09 1.2380904407449092e-14 6.892318723078606e-18 3.3687793427095705e-108 9.06051557706604e-15
224.0 5.0381570561272905e-09 1.5488609861481272e-14 8.915668987451085e-18 1.1489256369256591e-107 1.1350587376408526e-14
225.0 5.945146840229815e-09 1.933758584423559e-14 1.1506496805702189e-17 3.8758715986967795e-107 1.4190840674118064e-14
226.0 7.005051505837549e-09 2.4095343785097138e-14 1.481651062254848e-17 1.293503641406454e-106 1.7706538203876992e-14
227.0 8.241877803314682e-09 2.996512897984349e-14 1.9035976505595134e-17 4.271184435242207e-106 2.2049873896783062e-14
228.0 9.683117277687035e-09 3.7193087642718954e-14 2.440300741257509e-17 1.3956351464475857e-105 2.7405419024965556e-14
229.0 1.1360209060322021e-08 4.6076774343942324e-14 3.121496356333965e-17 4.51333743022899e-105 3.399659592614714e-14
230.0 1.3309059207391447e-08 5.697524004108733e-14 3.984241978766584e-17 1.4447225099325498e-104 4.209336493495489e-14
231.0 1.5570621216217352e-08 7.03209676252687e-14 5.074623939909632e-17 4.578141188384265e-104 5.202133152941748e-14
232.0 1.8191544655800594e-08 8.663397096126408e-14 6.449840507003053e-17 1.4363768881516125e-103 6.417251881356936e-14
233.0 2.1224899044343747e-08 1.0653842143959981e-13 8.180738343203738e-17 4.462492684092064e-103 7.901808817675056e-14
234.0 2.4730981185562984e-08 1.3078222475814862e-13 1.0354895205054793e-16 1.3730013301068192e-102 9.712333694806159e-14
235.0 2.877821270417399e-08 1.6026002393581735e-13 1.3080358588025446e-16 4.184101769395869e-102 1.1916534423536973e-13
236.0 3.344413913456465e-08 1.9604019667020401e-13 1.6490172283170414e-16 1.2630599305754989e-101 1.4595370777268713e-13
237.0 3.8816538442610675e-08 2.393964770030158e-13 2.0747845630156072e-16 3.777355083078096e-101 1.7845486434878345e-13
238.0 4.4994650909485885e-08 2.9184494157575235e-13 2.6053950144022733e-16 1.1192951496443814e-100 2.178205727072872e-13
239.0 5.2090541477523886e-08 3.5518719865786505e-13 3.2654061041240032e-16 3.2865810641671884e-100 2.65421215624966e-13
240.0 6.023060747871358e-08 4.315607438412687e-13 4.0848300787002806e-16 9.563923950412626e-100 3.228846771497965e-13
241.0 6.955724382419581e-08 5.234975697503201e-13 5.100278627259566e-16 2.758469657702617e-99 3.9214164941773233e-13
242.0 8.023068296497242e-08 6.33992299451867e-13 6.356333705525773e-16 7.886569401728367e-99 4.754783668673299e-13
243.0 9.243102198078773e-08 7.6658124383316e-13 7.907185992922219e-16 2.2353347284581326e-98 5.755978714594001e-13
244.0 1.0636045602406963e-07 9.254340168183644e-13 9.818590039238398e-16 6.2817036001589e-98 6.956910965334197e-13
245.0 1.222457355762747e-07 1.115459540015612e-12 1.2170193270224186e-15 1.7504024717655781e-97 8.395192155279922e-13
246.0 1.4034086606815165e-07 1.3424285085472513e-12 1.5058305558025103e-15 4.836914563707298e-97 1.0115088936063912e-12
247.0 1.609300717038282e-07 1.6131146790327386e-12 1.859918729567047e-15 1.3256003975263078e-96 1.2168623105748155e-12
248.0 1.8433104517438348e-07 1.9354576326640798e-12 2.293294653002695e-15 3.603408691057729e-96 1.4616840577600685e-12
249.0 2.1089850654348093e-07 2.3187500055297294e-12 2.8228150348244513e-15 9.716578857422535e-96 1.7531272833231142e-12
250.0 2.4102809748844125e-07 2.7738525704792413e-12 3.4687272702283712e-15 2.5992843296774348e-95 2.0995617744580103e-12
251.0 2.751606371986941e-07 3.313440961059135e-12 4.255311998642787e-15 6.898833520342733e-95 2.5107669920195263e-12
252.0 3.137867687572922e-07 3.952288303163715e-12 5.211639785398966e-15 1.8168508053008523e-94 2.998153454921922e-12
253.0 3.574520261145601e-07 4.7075885324282755e-12 6.3724607921728236e-15 4.748147498818075e-94 3.575016284641734e-12
254.0 4.0676235456137287e-07 5.599325760589356e-12 7.779249195021805e-15 1.2314859157483893e-93 4.25682519156896e-12
255.0 4.6239011795071497e-07 6.650695668383943e-12 9.481427362168048e-15 3.170102928480267e-93 5.061555682044591e-12
256.0 5.250806310728882e-07 7.888585645464146e-12 1.1537798592477643e-14 8.100161721590636e-93 6.010066863552111e-12
257.0 5.956592513427467e-07 9.344121081853169e-12 1.4018221328314797e-14 2.0546013822670174e-92 7.126531783677169e-12
258.0 6.750390754252032e-07 1.1053286196334748e-11 1.7005562743319526e-14 5.173823195811923e-92 8.438927027041334e-12
259.0 7.642292789002408e-07 1.3057628582984157e-11 2.059797484648141e-14 1.2935454689911544e-91 9.97958894740869e-12
260.0 8.643441459090669e-07 1.5405057774783058e-11 2.4911542518931716e-14 3.211244287755181e-91 1.1785844815763535e-11
261.0 9.766128361399502e-07 1.8150749223067336e-11 3.00833598044992e-14 7.916284425501196e-91 1.3900728061478086e-11
262.0 1.102389937315267e-06 2.1358166292496948e-11 3.627509854341808e-14 1.9380285028133543e-90 1.6373787763652204e-11
263.0 1.2431668557163234e-06 2.5100214246473007e-11 4.3677142279608397e-14 4.71219711718963e-90 1.926200367004049e-11
264.0 1.400584098730997e-06 2.946054164726528e-11 5.2513368224331374e-14 1.138005938346023e-89 2.2630819205842866e-11
265.0 1.5764445065457467e-06 3.4535006205297624e-11 6.3046671162688e-14 2.7299591923201867e-89 2.6555306251041814e-11
266.0 1.7727274910793986e-06 4.043332381849774e-11 7.558533554698648e-14 6.505648352033226e-89 3.112147686418583e-11
267.0 1.991604344008983e-06 4.7280921453050885e-11 9.049037594034145e-14 1.5402087198292143e-88 3.642775869596643e-11
268.0 2.2354546791768283e-06 5.522101658982976e-11 1.0818398152896299e-13 3.6228838474394333e-88 4.2586652536862685e-11
269.0 2.5068840727587174e-06 6.441694807610052e-11 1.2915921751691267e-13 8.467318241401985e-88 4.9726592187701055e-11
270.0 2.8087429729780456e-06 7.505478575606278e-11 1.5399115572138052e-13 1.9664564299466563e-87 5.79940289208729e-11
271.0 3.144146949362438e-06 8.734624875109063e-11 1.8334962792213712e-13 4.53836709184991e-87 6.755576486377298e-11
272.0 3.5164983541442653e-06 1.0153196505184694e-10 2.180138192726592e-13 1.0409291885364305e-86 7.860156194004715e-11
273.0 3.929509473177588e-06 1.1788510815871659e-10 2.5888894556678596e-13 2.3728921881724496e-86 9.134705554165124e-11
274.0 4.38722724281994e-06 1.3671544965765535e-10 3.070252871559816e-13 5.376487367504486e-86 1.060370047168859e-10
275.0 4.894059613415027e-06 1.5837387014433016e-10 3.6363988466971024e-13 1.2109080840221296e-85 1.2294891357846406e-10
276.0 5.454803641434179e-06 1.832573746174524e-10 4.3014123726509356e-13 2.711086391826759e-85 1.4239706171359367e-10
277.0 6.074675393290233e-06 2.1181466241490377e-10 5.081573833015816e-13 6.034238319021557e-85 1.647369846643095e-10
278.0 6.759341746373173e-06 2.4455230604484505e-10 5.995677865730037e-13 1.335289309512492e-84 1.9037044910524398e-10
279.0 7.514954174905266e-06 2.820415978252666e-10 7.065394987522184e-13 2.937843053086476e-84 2.197509711456938e-10
280.0 8.348184607264104e-06 3.249261280009707e-10 8.315681206060155e-13 6.426998803901859e-84 2.5338993015559757e-10
281.0 9.266263444418545e-06 3.739301632098949e-10 9.775241417665092e-13 1.3981056075730503e-83 2.918633348591212e-10
282.0 1.0277019830638049e-05 4.2986789966278663e-10 1.1477053014137953e-12 3.0244695198503805e-83 3.358193030337409e-10
283.0 1.1388924263941203e-05 4.93653671015677e-10 1.3458956800489466e-12 6.506701732224961e-83 3.859863208685731e-10
284.0 1.2611133639650309e-05 5.663131972530072e-10 1.5764323075730832e-12 1.392193662336135e-82 4.431823533425262e-10
285.0 1.3953538815657426e-05 6.489959671784106e-10 1.8442801535576994e-12 2.962713999112302e-82 5.083248822720629e-10
286.0 1.5426814790326915e-05 7.429888540337421e-10 2.1551164541509274e-12 6.271263343701231e-82 5.82441954500326e-10
287.0 1.7042473580934787e-05 8.497310708398869e-10 2.5154254256842546e-12 1.3204414276391203e-81 6.666843286690854e-10
288.0 1.8812919891201148e-05 9.708305796659335e-10 2.932604519271676e-12 2.765701244125065e-81 7.623388154393222e-10
289.0 2.0751509654178206e-05 1.108082076906256e-09 3.4150834832798364e-12 5.762836552021459e-81 8.708429126876647e-10
290.0 2.2872611531840073e-05 1.2634866847565313e-09 3.972457621893749e-12 1.1946338582624034e-80 9.938008440882306e-10
291.0 2.5191671455875987e-05 1.439273488000305e-09 4.615636770405479e-12 2.4638999150316177e-80 1.1330011170423896e-09
292.0 2.7725280283053504e-05 1.6379230637856463e-09 5.3570116483576436e-12 5.056185073526555e-80 1.2904357232314844e-09
293.0 3.0491244643411323e-05 1.862193161873945e-09 6.210639405705934e-12 1.03241935718456e-79 1.4683211133877134e-09
294.0 3.350866104564172e-05 2.11514670199783e-09 7.192450339481932e-12 2.0977025571409624e-79 1.669121085727853e-09
295.0 3.6797993307947654e-05 2.4001822654902178e-09 8.320477936002595e-12 4.241380985658678e-79 1.895571736461337e-09
296.0 4.038115336953893e-05 2.7210672682554724e-09 9.61511458076145e-12 8.534282066526958e-79 2.150708629306268e-09
297.0 4.428158553635859e-05 3.081974013080592e-09 1.1099395480644086e-11 1.7090055072782681e-78 2.4378963503115593e-09
298.0 4.852435420531805e-05 3.487518830084121e-09 1.279931355794143e-11 3.4060956624010343e-78 2.7608606235893284e-09
299.0 5.313623510117509e-05 3.9428045251111725e-09 1.4744168304410948e-11 6.75658114682327e-78 3.123723173074686e-09
300.0 5.8145810057930645e-05 4.453466367738791e-09 1.6966951829368995e-11 1.3340543453170776e-77 3.5310395256532027e-09
301.0 6.358356535950362e-05 5.025721861632645e-09 1.950477559323693e-11 2.6218976664564103e-77 3.987839960644712e-09
302.0 6.948199364836717e-05 5.66642455203563e-09 2.2399341593923298e-11 5.129472409548071e-77 4.499673821083036e-09
303.0 7.587569939869379e-05 6.383122136974736e-09 2.5697462064245336e-11 9.989947338885449e-77 5.072657412538361e-09
304.0 8.280150793963473e-05 7.184119160805118e-09 2.9451632046490114e-11 1.936893650509311e-76 5.7135257257560676e-09
305.0 9.029857799561358e-05 8.078544580160794e-09 3.3720659532466784e-11 3.738683583678265e-76 6.42968822948931e-09
306.0 9.84085177080256e-05 9.076424505226383e-09 3.857035820246755e-11 7.184888614315515e-76 7.229288991152084e-09
307.0 0.00010717550407177244 1.0188760429635015e-08 4.4074308149324255e-11 1.3747621002751292e-75 8.12127139225461e-09
308.0 0.00011664640572235555 1.1427613275445943e-08 5.031469035580403e-11 2.619140480358263e-75 9.115447717145123e-09
309.0 0.00012687090897566311 1.2806193589472766e-08 5.7383201080233566e-11 4.968566160157212e-75 1.0222573902526815e-08
310.0 0.000137901647019785 1.4338958239559925e-08 6.538205272101926e-11 9.385587914104307e-75 1.1454429746190468e-08
311.0 0.0001497943321239088 1.6041713968415353e-08 7.442506815102306e-11 1.7654964827588072e-74 1.2823904881759054e-08
312.0 0.0001626078907277211 1.79317281743536e-08 8.463887596396035e-11 3.3072256271397315e-74 1.434509083680206e-08
313.0 0.00017640460123993605 2.0027847296243784e-08 9.616421452829835e-11 6.169767340729469e-74 1.6033379499222168e-08
314.0 0.00019125023435625395 2.2350623188772074e-08 1.0915735321975856e-10 1.1462990383884147e-73 1.790556832507308e-08
315.0 0.00020721419569373847 2.4922447882855784e-08 1.237916396977374e-10 2.1211296532507818e-73 1.9979972629167552e-08
316.0 0.0002243696705047245 2.7767697131616513e-08 1.402591825885368e-10 3.9092406521558825e-73 2.2276545305515373e-08
317.0 0.00024279377021190458 3.0912883148114305e-08 1.5877267945427582e-10 7.176109384470387e-73 2.4817004330489364e-08
318.0 0.0002625676804915149 3.4386816946635866e-08 1.7956740045892038e-10 1.3121167838374127e-72 2.7624968407310497e-08
319.0 0.00028377681059024284 3.822078070035296e-08 2.0290333866889934e-10 2.3897797226248075e-72 3.0726101112461745e-08
320.0 0.0003065109435484284 4.244871053113033e-08 2.2906753847660284e-10 4.335709120277399e-72 3.414826390819437e-08
321.0 0.00033086438697172473 4.710739014655298e-08 2.5837661418164924e-10 7.835992997821777e-72 3.7921678385873254e-08
322.0 0.0003569361239634871 5.223665573671484e-08 2.9117947131430825e-10 1.4108282054064193e-71 4.2079098103993835e-08
323.0 0.00038482996381171907 5.787961254043689e-08 3.278602438445181e-10 2.5305492264067588e-71 4.665599038346948e-08
324.0 0.0004146546919784112 6.408286348166396e-08 3.6884146095531237e-10 4.521996187295305e-71 5.1690728416638284e-08
325.0 0.00044652421893927845 7.089675027221105e-08 4.145874576261568e-10 8.050712899606259e-71 5.7224794043722926e-08
326.0 0.00048055772736603475 7.837560736187969e-08 4.6560804378475705e-10 1.4280422369552789e-70 6.330299153917626e-08
327.0 0.0005168798171285257 8.657802910496356e-08 5.224624473179756e-10 2.5238525275771493e-70 6.997367274149598e-08
328.0 0.0005556206475730033 9.55671504967225e-08 5.857635467455056e-10 4.444435156763598e-70 7.728897384838196e-08
329.0 0.0005969160764836037 1.0541094181022111e-07 6.561824098233179e-10 7.79851923926283e-70 8.53050641810434e-08
330.0 0.0006409077951337816 1.1618251744548238e-07 7.344531548282481e-10 1.363527255116383e-69 9.408240720710767e-08
331.0 0.0006877434587800376 1.2796045927207433e-07 8.213781516742651e-10 2.3756615131358155e-69 1.0368603408708944e-07
332.0 0.000737576811944194 1.4082915471985436e-07 9.178335804214026e-10 4.1246505625550293e-69 1.1418582998833087e-07
333.0 0.0007905678077967112 1.548791498378085e-07 1.0247753650784204e-09 7.136483363907621e-69 1.2565683338233625e-07
334.0 0.0008468827209305053 1.7020751750393567e-07 1.1432455009018098e-09 1.2305190137548873e-68 1.381795485114848e-07
335.0 0.0009066942527819193 1.8691824092601385e-07 1.2743787936264569e-09 2.1145195051028837e-68 1.518402711760207e-07
336.0 0.0009701816289544113 2.0512261253186647e-07 1.4194100292745983e-09 3.6213168526154763e-68 1.667314279584797e-07
337.0 0.0010375306876523943 2.2493964829280181e-07 1.5796815932701644e-09 6.1810866964975186e-68 1.8295192895762883e-07
338.0 0.0011089339584347332 2.4649651747413814e-07 1.7566515576538373e-09 1.0515223075062109e-67 2.0060753406289447e-07
339.0 0.0011845907304723234 2.699289877469698e-07 1.9519022551435262e-09 1.7829501951904735e-67 2.1981123275080704e-07
340.0 0.0012647071094677134 2.9538188552992975e-07 2.1671493586346246e-09 3.013273654419322e-67 2.406836373306974e-07
341.0 0.0013494960623976614 3.230095713657012e-07 2.404251484528275e-09 5.07607478180046e-67 2.6335338951346316e-07
342.0 0.0014391774492329835 3.529764300663743e-07 2.6652203379517592e-09 8.523516691495581e-67 2.8795758011812653e-07
343.0 0.001533978040731288 3.854573752729678e-07 2.952231417395385e-09 1.4266654452813817e-66 3.146421816567439e-07
344.0 0.001634131521481883 4.206383680143138e-07 3.267635295875268e-09 2.3803948946496795e-66 3.435624934871235e-07
345.0 0.0017398784772784432 4.587169487405031e-07 3.613969494850421e-09 3.959226102904289e-66 3.748835991307329e-07
346.0 0.001851466365968203 4.99902782232939e-07 3.993970966410393e-09 6.564728624138403e-66 4.087808352908069e-07
347.0 0.0019691494709024667 5.444182146917798e-07 4.41058919821685e-09 1.0851232147097449e-65 4.454402720200487e-07
348.0 0.0020931888361095533 5.924988421991926e-07 4.866999954515723e-09 1.7881651679854642e-65 4.85059203400429e-07
349.0 0.002223852182335234 6.443940896566736e-07 5.366619665258266e-09 2.937736751748989e-65 5.278466480121417e-07
350.0 0.002361413803111827 7.003677991878715e-07 5.913120473902496e-09 4.811771963556425e-65 5.740238583775316e-07
351.0 0.002506154440025686 7.606988268844047e-07 6.510445952795776e-09 7.857678180505522e-65 6.238248384683612e-07
352.0 0.0026583611363526346 8.25681646650231e-07 7.1628274931437156e-09 1.2793532652401956e-64 6.774968682603948e-07
353.0 0.0028183270683315026 8.956269598040838e-07 7.874801374734705e-09 2.0768429428935637e-64 7.353010342357529e-07
354.0 0.002986351353261606 9.70862308944005e-07 8.651226518077857e-09 3.361580583741316e-64 7.975127646008279e-07
355.0 0.0031627388337549644 1.0517326944871295e-06 9.49730291947043e-09 5.425249938305436e-64 8.644223679074911e-07
356.0 0.0033477998374280182 1.1386011921457895e-06 1.0418590766659209e-08 8.730555322121172e-64 9.363355736346513e-07
357.0 0.003541849911425599 1.2318495694933257e-06 1.1421030230099651e-08 1.4009392737629345e-63 1.0135740731926329e-06
358.0 0.0037452095311617654 1.3318788996258118e-06 1.2510961921607092e-08 2.2416169214987933e-63 1.0964760596853912e-06
359.0 0.0039582037827478045 1.4391101698062405e-06 1.3695148009021136e-08 3.576657373200168e-63 1.1853967646604035e-06
360.0 0.004181162018633603 1.553984882847685e-06 1.498079397202904e-08 5.690838274233682e-63 1.280708989961969e-06
361.0 0.004414417486022055 1.6769656488518707e-06 1.637557098050408e-08 9.029570900449917e-63 1.3828036326809333e-06
362.0 0.004658306927740408 1.8085367648119934e-06 1.7887638873010903e-08 1.4287585522699161e-62 1.4920902010975303e-06
363.0 0.004913170155215911 1.9492047794215285e-06 1.9525669708628342e-08 2.254551872460539e-62 1.6089973193683406e-06
364.0 0.005179349593431983 2.09949904036382e-06 2.129887186147851e-08 3.547970299920484e-62 1.7339732186449094e-06
365.0 0.005457189797648367 2.2599722211701544e-06 2.3217014622189537e-08 5.568351884257816e-62 1.867486212148754e-06
366.0 0.005747036941917444 2.431200824680256e-06 2.529045326643654e-08 8.71583142757853e-62 2.0100251516743586e-06
367.0 0.006049238279368272 2.6137856599677657e-06 2.7530154545224532e-08 1.360613671739258e-61 2.1620998628413262e-06
368.0 0.006364141574434951 2.808352289531034e-06 2.994772254695976e-08 2.1184245890441263e-61 2.324241556356297e-06
369.0 0.006692094507241756 3.015551443424959e-06 3.255542487588893e-08 3.289664247603297e-61 2.497003212432982e-06
370.0 0.007033444050462295 3.2360593969178643e-06 3.536621908612466e-08 5.095169731224273e-61 2.6809599354333817e-06
371.0 0.007388535819112683 3.4705783081901995e-06 3.839377930516631e-08 7.871224305621942e-61 2.876709275728146e-06
372.0 0.007757713393755423 3.7198365124757316e-06 4.165252297477727e-08 1.2128592965758433e-60 3.084871515668311e-06
373.0 0.008141317617825517 3.9845887690374865e-06 4.515763763199902e-08 1.8641073346719138e-60 3.30608991654409e-06
374.0 0.008539685869762432 4.265616457251683e-06 4.8925107646606106e-08 2.857798113281772e-60 3.541030923298168e-06
375.0 0.008953151310881782 4.563727718094574e-06 5.297174082620134e-08 4.3701868054651284e-60 3.7903843237693526e-06
376.0 0.009382042109893225 4.879757537228716e-06 5.731519479354694e-08 6.666285217665724e-60 4.054863359151353e-06
377.0 0.009826680645219974 5.214567765932888e-06 6.197400303561475e-08 1.0143567853553662e-59 4.335204782381655e-06
378.0 0.010287382686285238 5.56904707606564e-06 6.696760051744836e-08 1.5396712068412742e-59 4.632168861121294e-06
379.0 0.010764456555129826 5.944110845306708e-06 7.231634874866883e-08 2.3313259811268508e-59 4.946539322022393e-06
380.0 0.011258202269771493 6.340700968913692e-06 7.804156018439694e-08 3.521462522061963e-59 5.279123232965926e-06
381.0 0.011768910670888312 6.7597855943069005e-06 8.416552183720883e-08 5.306343957653291e-59 5.630750820006601e-06
382.0 0.012296862533494657 7.202358774844006e-06 9.071151797122952e-08 7.976770853925087e-59 6.0022752157942125e-06
383.0 0.012842327665392292 7.669440039228623e-06 9.770385174434098e-08 1.1962591819794202e-58 6.394572136301789e-06
384.0 0.013405563994309264 8.162073873109174e-06 1.0516786565973934e-07 1.7897685994356992e-58 6.808539482777238e-06
385.0 0.013986816645707532 8.681329109521211e-06 1.1312996068316826e-07 2.6714609301341176e-58 7.2450968659090055e-06
386.0 0.014586317013425464 9.228298225015184e-06 1.2161761387850024e-07 3.978212256759311e-58 7.705185049347676e-06
387.0 0.015204281825319091 9.804096538411218e-06 1.3065939440964078e-07 5.9104564902275624e-58 8.189765309802822e-06
388.0 0.015840912206223388 1.0409861309338257e-05 1.4028497775364384e-07 8.761021501242378e-58 8.699818711109587e-06
389.0 0.01649639274068673 1.1046750733945796e-05 1.5052515796726506e-07 1.2956740055840604e-57 9.236345289848084e-06
390.0 0.017170890537921816 1.1715942835338327e-05 1.6141185784578394e-07 1.911835784581666e-57 9.800363150230323e-06
391.0 0.017864554301569042 1.2418634246573056e-05 1.7297813681149432e-07 2.814658847563979e-57 1.0392907466209544e-05
392.0 0.018577513406911862 1.3156038884307708e-05 1.852581963675341e-07 4.1345448587665005e-57 1.10150293889707e-05
393.0 0.01930987698829905 1.3929386511505646e-05 1.9828738295234004e-07 6.059862736126949e-57 1.1667794858228001e-05
394.0 0.02006173303947984 1.4739921187836988e-05 2.1210218802875695e-07 8.862113383792965e-57 1.2352283315948924e-05
395.0 0.02083314752979429 1.5588899606873208e-05 2.2674024524417196e-07 1.2931755780808954e-56 1.3069586321509227e-05
396.0 0.02162416353895358 1.6477589319339396e-05 2.422403244966984e-07 1.8829099126705178e-56 1.3820806067424903e-05
397.0 0.0224348004134737 1.7407266842269724e-05 2.586423227475024e-07 2.7356438898173163e-56 1.460705379529711e-05
398.0 0.02326505294755358 1.8379215654075938e-05 2.759872514189645e-07 3.966008270174015e-56 1.542944811174782e-05
399.0 0.024114890591447922 1.9394724076122212e-05 2.9431722022460114e-07 5.737433954567018e-56 1.6289113204618324e-05
400.0 0.0249842566902595 2.0455083041721004e-05 3.136754172797419e-07 8.282429647732973e-56 1.7187176959978446e-05
401.0 0.025873067756100317 2.1561583753918287e-05 3.341060853475674e-07 1.1931077558451796e-55 1.8124768980882644e-05
402.0 0.026781212776533017 2.27155152338649e-05 3.556544940810599e-07 1.7150992902788114e-55 1.9103018509176996e-05
403.0 0.027708552562272577 2.3918161762109042e-05 3.783669081297818e-07 2.460324115463291e-55 2.012305225212319e-05
404.0 0.028654919136909856 2.51708002154632e-05 4.022905509861059e-07 3.5220422055649596e-55 2.1185992115883616e-05
405.0 0.02962011517158483 2.6474697302758894e-05 4.274735644573418e-07 5.031548104538703e-55 2.2292952848478653e-05
406.0 0.030603913467314586 2.783110670315198e-05 4.539649636580009e-07 7.173302654146642e-55 2.344503959513411e-05
407.0 0.031606056487655444 2.9241266111169826e-05 4.818145874278758e-07 1.020593252371446e-54 2.464334536939578e-05
408.0 0.03262625594429277 3.07063941931827e-05 5.11073044093332e-07 1.4491313466657358e-54 2.5888948443816543e-05
409.0 0.033664192438151434 3.2227687460566184e-05 5.417916525033837e-07 2.053476737742814e-54 2.7182909664530386e-05
410.0 0.03471951515827501 3.380631706509538e-05 5.74022378282097e-07 2.904050807529034e-54 2.8526269694275655e-05
411.0 0.03579184164088069 3.544342552285732e-05 6.078177652575274e-07 4.0987967055167616e-54 2.992004618907703e-05
412.0 0.03688075759069802 3.7140123373297716e-05 6.432308620401517e-07 5.773665282908098e-54 3.1365230914093126e-05
413.0 0.03798581676654335 3.889748578047546e-05 6.803151437395251e-07 8.116992540310008e-54 3.286278680454298e-05
414.0 0.03910654093309103 4.071654908422003e-05 7.191244288274254e-07 1.138917396897434e-53 3.4413644978170384e-05
415.0 0.04024241988041695 4.2598307309119735e-05 7.597127911695876e-07 1.5949534533897382e-53 3.6018701705924086e-05
416.0 0.04139291151296029 4.454370863994707e-05 8.021344672706109e-07 2.229295458111516e-53 3.767881534812764e-05
417.0 0.042557442009108014 4.655365187227887e-05 8.464437587907948e-07 3.109969723070048e-53 3.939480326356408e-05
418.0 0.04373540605269109 4.862898284775084e-05 8.926949304181381e-07 4.330306520632225e-53 4.1167438699501836e-05
419.0 0.04492616713723467 5.0770490883501514e-05 9.409421031940559e-07 6.018109120205172e-53 4.29974476708103e-05
420.0 0.046129057943790554 5.297890520590972e-05 9.91239143415244e-07 8.348056287603786e-53 4.488550583680358e-05
421.0 0.047343380792835954 5.5254891398910425e-05 1.0436395472522856e-06 1.1558446814897821e-52 4.683223538462996e-05
422.0 0.04856840817056422 5.759904787752867e-05 1.0981963212476119e-06 1.5973763708371371e-52 4.8838201928350596e-05
423.0 0.04980338332970887 6.001190239757404e-05 1.1549618588773568e-06 2.2035023873848346e-52 5.090391143313433e-05
424.0 0.05104752096472315 6.249390861256351e-05 1.2139878133809576e-06 3.0340523752342162e-52 5.302980717412763e-05
425.0 0.05230000796093176 6.504544268914711e-05 1.2753249670837518e-06 4.170044088286085e-52 5.5216266739761004e-05
426.0 0.0535600042171478 6.766679999260056e-05 1.3390230974615407e-06 5.720986885203114e-52 5.746359908952446e-05
427.0 0.054826643540791864 7.035819185378982e-05 1.4051308402116934e-06 7.834633032506472e-52 5.9772041676136646e-05
428.0 0.056099034614583515 7.311974242940832e-05 1.4736955496221392e-06 1.0709973575221886e-51 6.214175764239362e-05
429.0 0.057376262033357106 7.595148566696447e-05 1.544763156542817e-06 1.4614527079600846e-51 6.457283310273464e-05
430.0 0.05865738740957194 7.885336238629484e-05 1.6183780242898809e-06 1.9907298012184302e-51 6.706527451984049e-05
431.0 0.059941450545663584 8.182521748906965e-05 1.6945828028269027e-06 2.7069209633436576e-51 6.961900618634184e-05
432.0 0.06122747067128391 8.486679730781818e-05 1.7734182815889062e-06 3.674337328040492e-51 7.223386782179111e-05
433.0 0.06251444774314269 8.79777471056968e-05 1.8549232413292105e-06 4.9788279289859736e-51 7.490961229481481e-05
434.0 0.06380136380501925 9.115760873811728e-05 1.9391343053873884e-06 6.734793259389372e-51 7.764590348029619e-05
435.0 0.06508718440524974 9.440581848703817e-05 2.026085790790527e-06 9.094416959277725e-51 8.044231426119113e-05
436.0 0.0663708600688789 9.772170507854573e-05 2.1158095596165855e-06 1.2259796060949149e-50 8.329832468445069e-05
437.0 0.06765132782123895 0.00010110448789368223 2.208334871054562e-06 1.6498852383519673e-50 8.621332027997226e-05
438.0 0.06892751275985652 0.00010455327538255708 2.3036882346175984e-06 2.216616790536341e-50 8.918659055158568e-05
439.0 0.07019832967106993 0.00010806706369084328 2.401893264964467e-06 2.9730221360871974e-50 9.221732764830153e-05
440.0 0.0714626846878361 0.00011164473550767553 2.502970538801932e-06 3.9808932307552817e-50 9.530462522398991e-05
441.0 0.07271947698482735 0.00011528505914309892 2.6069374543397526e-06 5.321596829491594e-50 9.84474774929319e-05
442.0 0.07396760050695189 0.00011898668784292605 2.71380809378136e-06 7.102097311796074e-50 0.0001016447784884485
443.0 0.07520594572719372 0.00012274815934809095 2.823593089333124e-06 9.462777051853129e-50 0.00010489532153116571
444.0 0.07643340142947454 0.00012656789570481285 2.936299493213586e-06 1.2587573977397796e-49 0.00010819779891282005
445.0 0.0776488565123713 0.0001304442033315823 3.051930652152602e-06 1.671710122813243e-49 0.00011155080180125907
446.0 0.07885120180911626 0.00013437527334775196 3.1704860868563216e-06 2.2165598288028424e-49 0.00011495282037124441
447.0 0.08003933191948077 0.00013835918216816592 3.291961376918948e-06 2.9342796812430613e-49 0.00011840224416537005
448.0 0.08121214704893336 0.00014239389236724126 3.41634805165058e-06 3.878208033004454e-49 0.00012189736268853726
449.0 0.08236855485046415 0.00014647725381518 3.5436334872838063e-06 5.1176690952626134e-49 0.00012543636623879687
450.0 0.08350747226443071 0.00015060700508814866 3.6738008110113366e-06 6.742620795101702e-49 0.00012901734697664727
451.0 0.08462782735173995 0.00015478077515336893 3.8068288122937155e-06 8.869611714897397e-49 0.00013263830023410692
452.0 0.08572856111572061 0.00015899608532925764 3.942691861863437e-06 1.1649403707567898e-48 0.00013629712606418273
453.0 0.0868086293079808 0.00016325035151973306 4.08135983883222e-06 1.5276710553929367e-48 0.0001399916310304735
454.0 0.08786700421370136 0.0001675408867211455 4.222798066295811e-06 2.0002620555036486e-48 0.0001437195302360701
455.0 0.08890267641169454 0.0001718649037990639 4.366967255802535e-06 2.6150418016014618e-48 0.00014747844958985323
456.0 0.0899146565047748 0.00017621951853154718 4.513823461037298e-06 3.413570230989398e-48 0.00015126592830775473
457.0 0.0909019768159874 0.0001806017529144736 4.66331804104534e-06 4.4491932390726854e-48 0.00015507942164562951
458.0 0.09186369304630917 0.0001850085387235495 4.8153976332930724e-06 5.790281004839928e-48 0.0001589163038595488
459.0 0.09279888588966782 0.00018943672132698528 4.970004136842896e-06 7.524327011033857e-48 0.0001627738713887617
460.0 0.09370666260106104 0.0001938830637415716 5.127074705880556e-06 9.763128642988355e-48 0.00016664934625547508
461.0 0.09458615851392525 0.00019834425092450064 5.2865417538157675e-06 1.264932487170784e-47 0.0001705398796752419
462.0 0.09543653850278809 0.0002028168942919034 5.448332968131676e-06 1.6364634132214807e-47 0.00017444255587054723
463.0 0.0962569983876901 0.0002072975364548519 5.6123713361415985e-06 2.1140219055994149e-47 0.00017835439607996075
464.0 0.09704676627678716 0.00021178265616227804 5.778575181764627e-06 2.7269707808828714e-47 0.00018227236275408456
465.0 0.09780510384389794 0.00021626867343986424 5.94685821340668e-06 3.512552880229519e-47 0.0001861933639291545
466.0 0.09853130753787338 0.00022075195491305273 6.117129582993111e-06 4.517937180518332e-47 0.00019011425776834146
467.0 0.09922470972093327 0.0002252288193017942 6.28929395616757e-06 5.802778042422519e-47 0.00019403185726031804
468.0 0.09988467973328305 0.0002296955430739031 6.463251593632112e-06 7.442411635010085e-47 0.00019794293506397256
469.0 0.1005106248815765 0.00023414836624336186 6.638898443568843e-06 9.531842409808199e-47 0.00020184422848767142
470.0 0.10110199134902234 0.0002385834982993853 6.816126245047089e-06 1.2190707758228197e-46 0.00020573244459097732
471.0 0.10165826502517188 0.0002429971242515486 6.994822642282721e-06 1.5569452044504942e-46 0.00020960426539626205
472.0 0.10217897225366991 0.0002473854107758635 7.174871309580529e-06 1.9856993709440207e-46 0.00021345635319725651
473.0 0.10266368049648346 0.000251744512446257 7.356152086752908e-06 2.529023306720336e-46 0.00021728535595117503
474.0 0.1031119989134168 0.00025607057803566914 7.538541124775034e-06 3.2165826141576896e-46 0.000221087912740813
475.0 0.10352357885593415 0.0002603597568706353 7.721911041399323e-06 4.085474425164152e-46 0.0002248606592926774
476.0 0.10389811427459544 0.0002646082052230515 7.906131086419087e-06 5.182025345866889e-46 0.00022860023353703425
477.0 0.10423534203963945 0.0002688120927226169 8.091067316236193e-06 6.5640086484232925e-46 0.00023230328119554163
478.0 0.10453504217455628 0.00027296760877347265 8.276582777359185e-06 8.303374714303548e-46 0.00023596646138213147
479.0 0.10479703800267495 0.00027707096895835336 8.46253769842187e-06 1.0489608946341217e-45 0.00023958645220258776
480.0 0.10502119620710365 0.000281118421413738 8.64878969028715e-06 1.3233855734309908e-45 0.00024315995633838758
481.0 0.10520742680457541 0.000285106253159501 8.835193953770609e-06 1.6673976393840475e-45 0.0002466837066003502
482.0 0.1053556830340114 0.00028903079636673917 9.021603494492493e-06 2.0980744265021693e-45 0.00025015447143775883
483.0 0.10546596116083533 0.00029288843454761804 9.207869344340918e-06 2.6365422496100084e-45 0.00025356906038873485
484.0 0.10553830019832126 0.0002966756086513887 9.39384078900746e-06 3.3089020798148466e-45 0.00025692432945788074
485.0 0.1055727815474709 0.0003003888230510009 9.579365601033954e-06 4.147358823065555e-45 0.00026021718640741655
486.0 0.10556952855713722 0.0003040246514051427 9.764290277791306e-06 5.191597174271558e-45 0.0002634445959483604
487.0 0.10552870600631559 0.0003075797423809273 9.948460283793014e-06 6.490455695930631e-45 0.000266603584818611
488.0 0.10545051951072651 0.0003110508252229447 1.013172029673209e-05 8.103961116442777e-45 0.00026969124673520016
489.0 0.10533521485599832 0.0003144347151549104 1.0313914456617394e-05 1.0105797164169914e-44 0.0002727047472084051
490.0 0.10518307725994169 0.00031772831860070726 1.0494886617374606e-05 1.2586296906275152e-44 0.00027564132820587467
491.0 0.10499443056656672 0.0003209286382122179 1.0674480600269171e-05 1.5656064964903473e-44 0.0002784983126554288
492.0 0.10476963637465991 0.00032403277769202626 1.0852540448503711e-05 1.9450356626585336e-44 0.00028127310877576044
493.0 0.10450909310386944 0.00032703794639969865 1.102891068233705e-05 2.413436531500414e-44 0.00028396321422479923
494.0 0.1042132350013969 0.0003299414637311561 1.1203436554074195e-05 2.9909598828521203e-44 0.00028656622005618
495.0 0.10388253109248417 0.0003327407632612895 1.137596430227363e-05 3.7021558927463187e-44 0.0002890798144747976
496.0 0.10351748407802645 0.00033543339664087113 1.1546341404526571e-05 4.57689791939994e-44 0.0002915017863832019
497.0 0.10311862918270516 0.00033801703723952036 1.171441682816527e-05 5.651492362661109e-44 0.0002938300287111907
498.0 0.10268653295713497 0.00034048948352736585 1.1880041278267774e-05 6.970010438617854e-44 0.00029606254152171325
499.0 0.10222179203757398 0.0003428486621888411 1.2043067442335458e-05 8.585884288835116e-44 0.00029819743488688816
500.0 0.10172503186680527 0.00034509263096292527 1.2203350231033045e-05 1.0563817566423724e-43 0.00030023293152868806
501.0 0.10119690537985909 0.0003472195812050613 1.2360747014397275e-05 1.2982069696827093e-43 0.00030216736921964617
502.0 0.10063809165822013 0.0003492278401666764 1.2515117852931176e-05 1.5935183616716e-43 0.00030399920293953817
503.0 0.10004929455625695 0.00035111587298935267 1.2666325723027884e-05 1.953723919957971e-43 0.00030572700678497134
504.0 0.09943124130354124 0.0003528822844113267 1.2814236736180304e-05 2.3925729069059673e-43 0.0003073494756293627
505.0 0.09878468108677374 0.00035452582018504955 1.295872035146127e-05 2.926617041126107e-43 0.00030886542653171085
506.0 0.09811038361496585 0.0003560453682052366 1.3099649580776881e-05 3.5757586104515642e-43 0.0003102737998931753
507.0 0.0974091376715401 0.0003574399593478406 1.3236901186426629e-05 4.363901142422251e-43 0.00031157366036136205
508.0 0.0966817496569368 0.0003587087680211081 1.3370355870526514e-05 5.319720924931275e-43 0.0003127641974828523
509.0 0.09592904212526476 0.00035985111243068304 1.349989845587856e-05 6.477580766479504e-43 0.0003138447261052252
510.0 0.09515185231850508 0.00036086645456167915 1.362541805790532e-05 7.878610977202126e-43 0.0003148146865306663
511.0 0.09435103070163285 0.00036175439988111996 1.3746808247286494e-05 9.571986712610083e-43 0.00031567364442368833
512.0 0.09352743950204015 0.00036251469676528585 1.3863967202980412e-05 1.1616435636331508e-42 0.0003164212904764923
513.0 0.09268195125644181 0.0003631472356568158 1.3976797855329221e-05 1.4082015422138202e-42 0.0003170574398357872
514.0 0.0918154473684397 0.00036365204795743133 1.4085208018990723e-05 1.7052207038434135e-42 0.0003175820312957868
515.0 0.09092881667976628 0.0003640293046626483 1.4189110515466747e-05 2.0626377164140048e-42 0.00031799512626255885
516.0 0.09002295405811361 0.00036427931474544397 1.4288423285029458e-05 2.492267161404647e-42 0.0003182969074954383
517.0 0.08909875900437648 0.0003644025232966024 1.4383069487886742e-05 3.008141146334295e-42 0.00031848767763190475
518.0 0.08815713428194703 0.0003643995094297509 1.4472977594450432e-05 3.626907483508111e-42 0.00031856785750258447
519.0 0.08719898457063936 0.0003642709839599017 1.4558081464615637e-05 4.3682960254044097e-42 0.00031853798424376947
520.0 0.08622521514763914 0.00036401778686457855 1.4638320415983618e-05 5.255664230504469e-42 0.0003183987092150882
521.0 0.08523673059776156 0.0003636408845371572 1.4713639280998145e-05 6.316634732149769e-42 0.0003181507957304738
522.0 0.0842344335551243 0.00036314136684229085 1.4783988452990828e-05 7.583839626173465e-42 0.00031779511661079936
523.0 0.08321922347826123 0.00036252044398389985 1.4849323921172662e-05 9.095788413289499e-42 0.00031733265156711133
524.0 0.08219199546050598 0.0003617794431963103 1.4909607294631916e-05 1.089787906620617e-41 0.0003167644844235016
525.0 0.08115363907732111 0.00036091980526935225 1.4964805815426307e-05 1.3043574580295786e-41 0.0003160918001888817
526.0 0.08010503727215641 0.00035994308091869855 1.501489236089658e-05 1.5595770656494348e-41 0.00031531588198735336
527.0 0.07904706528221825 0.000358850927012678 1.5059845435347483e-05 1.8628383907452967e-41 0.00031443810785685577
528.0 0.07798058960541035 0.0003576451026670434 1.5099649151273018e-05 2.2228194230410594e-41 0.000313459947426002
529.0 0.07690646700954577 0.0003563274652192266 1.5134293200327113e-05 2.649697981712132e-41 0.0003123829584790899
530.0 0.07582554358481094 0.0003548999660937783 1.5163772814269461e-05 3.1553988744063573e-41 0.00031120878341943706
531.0 0.07473865384028988 0.00035336464657059936 1.5188088716135128e-05 3.7538797284935463e-41 0.0003099391456411307
532.0 0.07364661984521602 0.0003517236334675379 1.5207247061898014e-05 4.4614612100775266e-41 0.00030857584581928034
533.0 0.07255025041552156 0.0003499791347490788 1.5221259372927105e-05 5.297208138961195e-41 0.0003071207581290095
534.0 0.07145034034605724 0.00034813343507246805 1.5230142459541601e-05 6.28336890266236e-41 0.0003055758264031124
535.0 0.07034766968878611 0.00034618889128279576 1.5233918336001617e-05 7.445881581874219e-41 0.00030394306023847614
536.0 0.06924300307706813 0.00034414792786812077 1.5232614127275003e-05 8.814956336846606e-41 0.00030222453106100504
537.0 0.06813708909608067 0.00034201303238579463 1.522626196794709e-05 1.0425744883906156e-40 0.0003004223681588651
538.0 0.06703065969926211 0.000339786750870735 1.521489889364503e-05 1.231910933007975e-40 0.0002985387546935301
539.0 0.0659244296705707 0.00033747168323625674 1.5198566725364427e-05 1.4542504249657142e-40 0.00029657592369800143
540.0 0.06481909613222782 0.0003350704786777438 1.5177311947094035e-05 1.7150987699418366e-40 0.0002945361540713061
541.0 0.06371533809754945 0.00033258583108934094 1.5151185577150965e-05 2.0208378901099507e-40 0.00029242176657830307
542.0 0.06261381606827446 0.00033002047450305457 1.5120243033625206e-05 2.378858259454466e-40 0.00029023511986314726
543.0 0.06151517167584089 0.00032737717856002165 1.508454399436944e-05 2.797710260944588e-40 0.0002879786064851023
544.0 0.060420027365843024 0.00032465874402267053 1.5044152251943661e-05 3.2872770046473053e-40 0.00028565464898449574
545.0 0.059328986124900486 0.00032186799833657475 1.4999135563947281e-05 3.858971463193705e-40 0.00028326569598669145
546.0 0.05824263124905977 0.0003190077912502268 1.494956549916407e-05 4.525961134851793e-40 0.000280814218351462
547.0 0.05716152615278963 0.00031608099050063653 1.4895517279948975e-05 5.3034238386179476e-40 0.00027830270537487024
548.0 0.056086214217540724 0.00031309047757212976 1.4837069621278866e-05 6.208838684362275e-40 0.00027573366105031584
549.0 0.055017218678816836 0.00031003914353549086 1.4774304566895329e-05 7.26231674868052e-40 0.00027310960039520735
550.0 0.05395504255062251 0.0003069298849740362 1.4707307322957811e-05 8.48697652864205e-40 0.00027043304584923797
551.0 0.05290016858610732 0.0003037656000028029 1.4636166089621823e-05 9.90936984644829e-40 0.0002677065237498995
552.0 0.051853059273182775 0.00030054918438659 1.4560971890950007e-05 1.1559964543945135e-39 0.0002649325608904794
553.0 0.050814156863858914 0.0002972835277622258 1.4481818403560452e-05 1.3473691043302365e-39 0.0002621136811654742
554.0 0.04978388343599617 0.00029397150996988427 1.4398801784403134e-05 1.5690560665822853e-39 0.0002592524023078705
555.0 0.048762640986164965 0.00029061599749799163 1.431202049805338e-05 1.825636450220825e-39 0.00025635123272250466
556.0 0.047750811552239654 0.0002872198400455808 1.4221575143889835e-05 2.122346262268793e-39 0.0002534126684191089
557.0 0.04674875736440251 0.0002837858672059141 1.4127568283532244e-05 2.465167451292096e-39 0.000250439190048628
558.0 0.045756821023129175 0.00028031688527424575 1.4030104268877638e-05 2.8609282830782017e-39 0.00024743326004555066
559.0 0.044775325702819134 0.00027681567418277425 1.3929289071090607e-05 3.3174163910231204e-39 0.00024439731987916193
560.0 0.043804575379636994 0.0002732849845648646 1.3825230110862979e-05 3.8435059902114266e-39 0.00024133378741576973
561.0 0.04284485508219722 0.000269727534950638 1.3718036090265848e-05 4.449300904978102e-39 0.0002382450543939702
562.0 0.041896431163689504 0.0002661460090953907 1.360781682649095e-05 5.1462952362195444e-39 0.00023513348401445872
563.0 0.04095955159406223 0.0002625430534419972 1.3494683087768126e-05 5.947553688220263e-39 0.0002320014086456216
564.0 0.040034446270906875 0.0002589212747181959 1.3378746431736717e-05 6.867913786723943e-39 0.00022885112764591347
565.0 0.03912132734766619 0.0002552832376690637 1.326011904652227e-05 7.924212451916405e-39 0.00022568490530350184
566.0 0.03822038957782613 0.0002516314629247713 1.3138913594761434e-05 9.135539643566762e-39 0.00022250496889346952
567.0 0.03733181067379175 0.000247968425003522 1.3015243060810338e-05 1.0523522072529469e-38 0.00021931350685269334
568.0 0.036455751679126305 0.00024429655044895787 1.2889220601340687e-05 1.2112640274987572e-38 0.00021611266707196878
569.0 0.035592357352892866 0.00024061821610125433 1.2760959399525248e-05 1.3930582675231932e-38 0.00021290455530489065
570.0 0.03474175656484903 0.00023693574750071887 1.2630572522992886e-05 1.600864062149502e-38 0.00020969123369263696
571.0 0.033904062700288166 0.00023325141742252864 1.2498172785722863e-05 1.838214876962742e-38 0.00020647471940363896
572.0 0.033079374073333355 0.0002295674445408552 1.2363872614026391e-05 2.1090975613600284e-38 0.00020325698338677332
573.0 0.03226777434754038 0.00022588599222049164 1.2227783916754015e-05 2.4180069422402487e-38 0.00020003994923658956
574.0 0.03146933296270497 0.00022220916743390066 1.2090017959854474e-05 2.770006534256331e-38 0.00019682549216890679
575.0 0.03068410556677859 0.0002185390198012084 1.1950685245386224e-05 3.1707959966993333e-38 0.00019361543810475853
576.0 0.02991213445186301 0.00021487754075065713 1.1809895395078332e-05 3.62678602570687e-38 0.00019041156286064983
577.0 0.029153448993292495 0.00021122666279686358 1.1667757038524513e-05 4.145181433899446e-38 0.00018721559144293541
578.0 0.028408066090812863 0.00020758825893378758 1.1524377706065086e-05 4.734073238057457e-38 0.00018402919744373163
579.0 0.0276759906109718 0.00020396414213962432 1.1379863726423475e-05 5.402540649418388e-38 0.00018085400253604073
580.0 0.02695721582980908 0.000200356064990234 1.123432012912567e-05 6.160763940929622e-38 0.00017769157606522886
581.0 0.02625172387501941 0.00019676571937790838 1.1087850551735125e-05 7.020149251726365e-38 0.00017454343473415683
582.0 0.0255594861667911 0.00019319473633209577 1.0940557151919883e-05 7.993466481590485e-38 0.00017141104237909871
583.0 0.024880463856555846 0.00018964468593854982 1.0792540524353422e-05 9.0950015275895e-38 0.00016829580983343702
584.0 0.024214608262924455 0.00018611707735327566 1.0643899622438789e-05 1.034072422190913e-37 0.00016519909487603733
585.0 0.023561861304157158 0.00018261335890783255 1.0494731684849219e-05 1.1748473444527946e-37 0.00016212220226135968
586.0 0.02292215592649844 0.00017913491830205558 1.0345132166843232e-05 1.333816100723989e-37 0.00015906638382792026
587.0 0.022295416527808726 0.00017568308288068974 1.0195194676329192e-05 1.5131996037139432e-37 0.0001560328386820901
588.0 0.021681559375918882 0.0001722591199900537 1.0045010914625521e-05 1.71547317284469e-37 0.00015302271345387752
589.0 0.021080493021191433 0.00016886423741098105 9.894670621862625e-06 1.943393648201013e-37 0.0001500371026214516
590.0 0.020492118702819584 0.00016549958386434752 9.744261526968317e-06 2.2000291612455745e-37 0.00014707704890120916
591.0 0.01991633074840485 0.00016216624958528546 9.59386930215897e-06 2.488791797426522e-37 0.0001441435436999996
592.0 0.01935301696641801 0.0001588652669624112 9.443577521863524e-06 2.8134734040582448e-37 0.00014123752762631265
593.0 0.01880205903117065 0.00015559761123831208 9.293467625995417e-06 3.1782848162828866e-37 0.0001383598910571594
594.0 0.018263332859963025 0.0001523642012676047 9.143618887483276e-06 3.5878987945728556e-37 0.0001355114747574287
595.0 0.017736708982099073 0.00014916590032883884 8.994108383961139e-06 4.04749698916854e-37 0.00013269307054845968
596.0 0.017222052899506114 0.00014600351698668907 8.845010973521277e-06 4.562821270118535e-37 0.00012990542202271775
597.0 0.01671922543872006 0.00014287780600086094 8.696399274423998e-06 5.140229786250423e-37 0.00012714922530143944
598.0 0.01622808309402581 0.00013978946927818375 8.548343648653787e-06 5.786758142505029e-37 0.00012442512983214767
599.0 0.015748478361576262 0.00013673915686446823 8.40091218921006e-06 6.5101861126761406e-37 0.00012173373922302765
600.0 0.01528026006433809 0.00013372746797274743 8.254170711015703e-06 7.319110333750686e-37 0.00011907561211118446
601.0 0.014823273667745204 0.00013075495204464688 8.108182745326966e-06 8.223023458813836e-37 0.00011645126306191162
602.0 0.014377361585953015 0.00012782210984159576 7.963009537518949e-06 9.23240027789591e-37 0.00011386116349606491
603.0 0.013942363478637181 0.00012492939456289638 7.818710048132641e-06 1.0358791350270983e-36 0.00011130574264290269
604.0 0.013518116538262525 0.00012207721298740013 7.675340957045815e-06 1.161492472757856e-36 0.00010878538851551105
605.0 0.013104455767822777 0.00011926592663609182 7.5329566706577536e-06 1.3014816384843319e-36 0.00010630044890641911
606.0 0.0127012142490185 0.00011649585295249645 7.391609331946856e-06 1.457389001594201e-36 0.00010385123240066214
607.0 0.01230822340090938 0.00011376726649835642 7.251348833287282e-06 1.6309106891511035e-36 0.00010143800940402071
608.0 0.011925313229052104 0.00011108040016173112 7.112222831885877e-06 1.8239106520538884e-36 9.906101318389741e-05
609.0 0.01155231256519309 0.00010843544637513817 6.974276767723936e-06 2.0384358902192545e-36 9.672044092070485e-05
610.0 0.011189049297564221 0.0001058325583411111 6.837553883867307e-06 2.2767329201601236e-36 9.441645476741833e-05
611.0 0.010835350591879254 0.00010327185126296553 6.702095249028838e-06 2.5412655732567776e-36 9.214918291531457e-05
612.0 0.010491043103111419 0.00010075340357837302 6.567939782249683e-06 2.834734218135297e-36 8.991872066374355e-05
613.0 0.010155953178176334 9.82772581937307e-05 6.435124279585627e-06 3.16009650589494e-36 8.772513149212436e-05
614.0 0.00982990704962519 9.584342371711466e-05 6.303683442666476e-06 3.520589742442711e-36 8.556844813217477e-05
615.0 0.009512731020496962 9.345187568802227e-05 6.173649909019029e-06 3.919754997925621e-36 8.344867363875401e-05
616.0 0.009204251640460358 9.11025578019311e-05 6.04505428402774e-06 4.361463069165293e-36 8.136578245753796e-05
617.0 0.008904295873400025 8.879538312794372e-05 5.9179251744186754e-06 4.8499424171213194e-36 7.931972148795895e-05
618.0 0.008612691256614624 8.653023531793122e-05 5.792289223157527e-06 5.389809207723682e-36 7.731041113996858e-05
619.0 0.008329266051783496 8.430696980550161e-05 5.668171145642807e-06 5.9860995909045184e-36 7.533774638310352e-05
620.0 0.008053849387884726 8.212541499340584e-05 5.545593767090455e-06 6.644304359346283e-36 7.34015977865876e-05
621.0 0.007786271396245221 7.998537342800873e-05 5.424578061003536e-06 7.370406135319881e-36 7.150181254921542e-05
622.0 0.007526363337902597 7.788662295947892e-05 5.305143188619106e-06 8.170919240996774e-36 6.963821551778545e-05
623.0 0.007273957723475363 7.582891788656707e-05 5.1873065392355094e-06 9.052932414808923e-36 6.781061019304121e-05
624.0 0.007028888425735422 7.381199008486692e-05 5.071083771322254e-06 1.0024154543750474e-35 6.601877972210094e-05
625.0 0.0067909907850740485 7.183555011747334e-05 4.956488854312936e-06 1.1092963588960846e-35 6.426248787637246e-05
626.0 0.00656010170806859 6.989928832717865e-05 4.843534110994719e-06 1.2268458889520487e-35 6.254148001415276e-05
627.0 0.006336059759348214 6.800287590931375e-05 4.73223026040293e-06 1.3560517037054763e-35 6.085548402707869e-05
628.0 0.006118705246960927 6.614596596444698e-05 4.622586461134503e-06 1.4979851521502343e-35 5.920421126969125e-05
629.0 0.00590788030144676 6.432819453024723e-05 4.5146103549983435e-06 1.6538076356237274e-35 5.758735747145821e-05
630.0 0.005703428948823784 6.254918159190788e-05 4.40830811092499e-06 1.8247773898606004e-35 5.6004603630679866e-05
631.0 0.005505197177683548 6.0808532070489106e-05 4.303684469053587e-06 2.0122567089802616e-35 5.44556168896682e-05
632.0 0.005313033000610133 5.9105836788804166e-05 4.200742784931271e-06 2.2177196345948034e-35 5.294005139082869e-05
633.0 0.005126786510115137 5.744067341430931e-05 4.099485073747063e-06 2.4427601340018894e-35 5.145754911312565e-05
634.0 0.004946309929295584 5.581260737869776e-05 3.999912054538038e-06 2.689100792212049e-35 5.00077406886274e-05
635.0 0.004771457657413062 5.422119277387963e-05 3.902023194303098e-06 2.958602043327029e-35 4.859024619881098e-05
636.0 0.004602086310589496 5.2665973224076996e-05 3.8058167519621468e-06 3.2532719675415846e-35 4.7204675950348555e-05
637.0 0.004438054757817176 5.1146482733871215e-05 3.7112898221051978e-06 3.5752766807855e-35 4.585063123019458e-05
638.0 0.00427922415247263 4.9662246512026456e-05 3.618438378474402e-06 3.926951344737695e-35 4.4527705039780934e-05
639.0 0.004125457959527146 4.821278177103537e-05 3.5272573171301137e-06 4.3108118256467087e-35 4.323548280823715e-05
640.0 0.003976621978636699 4.679759850229785e-05 3.437740499249151e-06 4.729567031053505e-35 4.197354308452165e-05
641.0 0.0038325843632976016 4.541620022696783e-05 3.3498807935120157e-06 5.186131954152524e-35 4.074145820846144e-05
642.0 0.0036932156362451058 4.406808472247973e-05 3.2636701180339305e-06 5.68364145612091e-35 3.953879496067718e-05
643.0 0.0035583887012734902 4.275274472486258e-05 3.179099481801423e-06 6.225464817303184e-35 3.8365115191457795e-05
644.0 0.0034279788516469547 4.146966860692468e-05 3.0961590255743265e-06 6.815221088642388e-35 3.7219976428625946e-05
645.0 0.0033018637752726247 4.02183410324937e-05 3.0148380622206205e-06 7.45679527520811e-35 3.6102932464528864e-05
646.0 0.003179923556797756 3.899824358686993e-05 2.9351251164496637e-06 8.154355384060964e-35 3.501353392226431e-05
647.0 0.003062040676793325 3.780885538372947e-05 2.8570079639154517e-06 8.912370369032063e-35 3.3951328801323334e-05
648.0 0.0029481000081783785 3.664965364869945e-05 2.7804736696607674e-06 9.735629005251064e-35 3.291586300281904e-05
649.0 0.002837988810038673 3.5520114279893754e-05 2.7055086258783906e-06 1.0629259726446008e-34 3.1906680834530716e-05
650.0 0.002731596718986185 3.44197123856903e-05 2.63209858896544e-06 1.1598751458139332e-34 3.092332549598668e-05
651.0 0.00262881573820388 3.334792280007894e-05 2.5602287158510527e-06 1.264997547988213e-34 2.9965339543852936e-05
652.0 0.0025295402243134253 3.2304220575899215e-05 2.489883599577391e-06 1.3789208349580635e-34 2.9032265337886953e-05
653.0 0.0024336668722016236 3.128808145633786e-05 2.4210473041184756e-06 1.5023155922795902e-34 2.8123645467761656e-05
654.0 0.002341094697936486 3.0298982325064533e-05 2.3537033984226214e-06 1.6358978499604428e-34 2.7239023161073487e-05
655.0 0.002251725019897357 2.9336401635373632e-05 2.2878349896642154e-06 1.78043171311932e-34 2.6377942672839583e-05
656.0 0.002165461438241994 2.8399819818748045e-05 2.2234247556949616e-06 1.9367321117846756e-34 2.5539949656832783e-05
657.0 0.002082209812829022 2.7488719673270954e-05 2.160454976686351e-06 2.105667672932919e-34 2.472459151911354e-05
658.0 0.002001878239706847 2.660258673228255e-05 2.098907565953658e-06 2.288163717785045e-34 2.393141775409178e-05
659.0 0.0019243770262803283 2.5740909613745034e-05 2.0387640999578356e-06 2.485205387290523e-34 2.3159980263512946e-05
660.0 0.0018496186652589635 2.4903180350742467e-05 1.9800058474796487e-06 2.6978408986162705e-34 2.2409833658729517e-05
661.0 0.00177751780748787 2.408889470357114e-05 1.922613797963648e-06 2.9271849353358634e-34 2.1680535546646678e-05
662.0 0.0017079912337591686 2.3297552453885502e-05 1.8665686890312151e-06 3.1744221738755804e-34 2.0971646799739794e-05
663.0 0.0016409578256950887 2.2528657681338123e-05 1.811851033160821e-06 3.4408109486122774e-34 2.0282731810518322e-05
664.0 0.0015763385357939678 2.178171902320665e-05 1.7584411435388957e-06 3.7276870578514993e-34 1.9613358730860437e-05
665.0 0.0015140563567226548 2.1056249917449985e-05 1.7063191590817018e-06 4.036467712713572e-34 1.896309969659793e-05
666.0 0.0014540362899379685 2.0351768829677272e-05 1.6554650686328742e-06 4.368655630751023e-34 1.8331531037768732e-05
667.0 0.0013962053137148481 1.966779946449517e-05 1.605858734340915e-06 4.725843275888059e-34 1.7718233474938966e-05
668.0 0.0013404923506550033 1.9003870961694392e-05 1.5574799142215007e-06 5.109717246021547e-34 1.7122792301993046e-05
669.0 0.0012868282347483627 1.8359518077763986e-05 1.5103082839128125e-06 5.522062809359729e-34 1.654479755581587e-05
670.0 0.001235145678052577 1.7734281353167696e-05 1.4643234576286555e-06 5.964768590273526e-34 1.5983844173243023e-05
671.0 0.001185379237057069 1.712770726587936e-05 1.4195050083202988e-06 6.439831405137978e-34 1.5439532135712104e-05
672.0 0.0011374652787910498 1.6539348371615987e-05 1.375832487054247e-06 6.9493612482985085e-34 1.4911466601996344e-05
673.0 0.0010913419467336876 1.5968763431230495e-05 1.3332854416160602e-06 7.495586427946525e-34 1.4399258029423476e-05
674.0 0.001046949126581702 1.5415517525723594e-05 1.2918434343511873e-06 8.080858851318057e-34 1.3902522283981114e-05
675.0 0.0010042284119254699 1.487918215931183e-05 1.2514860592529276e-06 8.707659458223376e-34 1.3420880739690363e-05
676.0 0.0009631230698829436 1.4359335350998485e-05 1.2121929583094498e-06 9.378603801503537e-34 1.2953960367638791e-05
677.0 0.0009235780067379955 1.3855561715089766e-05 1.1739438371224416e-06 1.0096447772569466e-33 1.2501393815060485e-05
678.0 0.0008855397336258841 1.3367452531074688e-05 1.1367184798089722e-06 1.0864093469710511e-33 1.206281947483005e-05
679.0 0.0008489563323074729 1.2894605803302078e-05 1.1004967632003482e-06 1.1684595206380527e-33 1.16378815457514e-05
680.0 0.0008137774210703058 1.2436626310866689e-05 1.0652586703509607e-06 1.256116565616376e-33 1.1226230084003528e-05
681.0 0.0007799541207927761 1.1993125648117214e-05 1.0309843033711106e-06 1.3497182130595532e-33 1.0827521046106617e-05
682.0 0.0007474390212048441 1.1563722256184465e-05 9.976538955975258e-07 1.4496192985462913e-33 1.0441416323759379e-05
683.0 0.0007161861473768753 1.1148041445925628e-05 9.652478231160158e-07 1.5561924150644717e-33 1.006758377089687e-05
684.0 0.0006861509264660754 1.0745715412673771e-05 9.337466156510484e-07 1.669828577797082e-33 9.705697223312487e-06
685.0 0.0006572901547475664 1.0356383243167792e-05 9.031309668367229e-07 1.790937900096047e-33 9.355436511175624e-06
686.0 0.0006295619649552997 9.97969091503217e-06 8.733817438840201e-07 1.919950279968786e-33 9.016487464771912e-06
687.0 0.0006029257939563457 9.615291289170995e-06 8.444799966596215e-07 2.0573160963373845e-33 8.688541913788705e-06
688.0 0.0005773423507799237 9.262844095427498e-06 8.164069661913213e-07 2.203506914265653e-33 8.371297680457273e-06
689.0 0.0005527735850210137 8.922015911854557e-06 7.891440926153695e-07 2.3590161982808447e-33 8.064458566858164e-06
690.0 0.0005291826556364734 8.59248013792977e-06 7.626730225808563e-07 2.5243600328490008e-33 7.767734336686023e-06
691.0 0.0005065339001502476 8.273916962043848e-06 7.369756161266376e-07 2.7000778489928738e-33 7.480840691766172e-06
692.0 0.000484792804282634 7.966013323581236e-06 7.120339530461881e-07 2.8867331559711004e-33 7.203499243606651e-06
693.0 0.00046392597201686713 7.6684628698987e-06 6.878303387553845e-07 3.084914276863269e-33 6.9354374802580834e-06
694.0 0.00044390109611535837 7.3809659085071675e-06 6.64347309678906e-07 3.2952350868369504e-33 6.676388728753486e-06
695.0 0.000424686929096056 7.10322935474377e-06 6.415676381700338e-07 3.518335752794063e-33 6.426092113384072e-06
696.0 0.0004062532546785631 6.834966675219986e-06 6.194743369792346e-07 3.754883473025821e-33 6.184292510066385e-06
697.0 0.0003885708597082221 6.575897827319147e-06 5.980506632864642e-07 4.005573215427256e-33 5.950740497045043e-06
698.0 0.00037161150656535806 6.325749195009963e-06 5.772801223121977e-07 4.271128452752214e-33 5.725192302169726e-06
699.0 0.0003553479060654763 6.084253521229074e-06 5.57146470521595e-07 4.5523018933112505e-33 5.507409746972929e-06
700.0 0.00033975369085571236 5.8511498370858765e-06 5.376337184368649e-07 4.849876205447852e-33 5.297160187775564e-06
