200.0 2.2689543888910375e-06 4.065797292988961e-09 3.576464083661442e-16 2.49349447601271e-117 1.0737470811062413e-12
201.0 2.713842260428108e-06 5.018450359475974e-09 4.786088477043634e-16 1.1130191985688314e-116 1.3807915292215315e-12
202.0 3.239359643021588e-06 6.179793680713533e-09 6.384699427199211e-16 4.8938415589504795e-116 1.7707547094171796e-12
203.0 3.858860079552798e-06 7.592246830483692e-09 8.49082270932489e-16 2.120036853999937e-115 2.264681028455541e-12
204.0 4.587684182726738e-06 9.30614770909071e-09 1.125706013864316e-15 9.050540947482355e-115 2.8886029938022113e-12
205.0 5.443418072388457e-06 1.138108963388265e-08 1.4879284048204493e-15 3.808314512116636e-114 3.674636248423092e-12
206.0 6.446179685390399e-06 1.3887457839569102e-08 1.960814397641482e-15 1.5798139550579615e-113 4.662294667240988e-12
207.0 7.618935137825381e-06 1.690819053002652e-08 2.57634223989838e-15 6.462192983736615e-113 5.900065295037793e-12
208.0 8.987847378715564e-06 2.054079205159111e-08 3.3751889864988137e-15 2.6069878156189035e-112 7.447289190127575e-12
209.0 1.0582659409693423e-05 2.4899628286677684e-08 4.408944480036067e-15 1.0374466461126272e-111 9.376401335778645e-12
210.0 1.2437114370706168e-05 3.0118537018198835e-08 5.742848303682406e-15 4.073251203718344e-111 1.1775590779208148e-11
211.0 1.4589414786569733e-05 3.6353788734590364e-08 7.459163066485015e-15 1.57813678881422e-110 1.4751951120183468e-11
212.0 1.708272324505301e-05 4.3787436143379266e-08 9.661319552861775e-15 6.034675746614893e-110 1.843520148614261e-11
213.0 1.9965706717812854e-05 5.263109348241803e-08 1.2478995242406094e-14 2.2779562909540987e-109 2.2982069263680134e-11
214.0 2.3293126647721724e-05 6.313018955407814e-08 1.6074318029591078e-14 8.489728682686387e-109 2.8581438189039065e-11
215.0 2.7126476798143062e-05 7.556874120185042e-08 2.0649422240596614e-14 3.1244429231358647e-108 3.5460378993716166e-11
216.0 3.153467069492808e-05 9.027469667508484e-08 2.645562491599989e-14 1.1356740752769244e-107 4.3891194723980914e-11
217.0 3.659478027777245e-05 1.0762590091284509e-07 3.38045375120643e-14 4.077629444248744e-107 5.419962914659948e-11
218.0 4.2392827121052906e-05 1.280567371937152e-07 4.3081482448374695e-14 1.4464518482617163e-106 6.677440436894784e-11
219.0 4.9024627271863544e-05 1.520655017551442e-07 5.476164611681373e-14 5.070027594722198e-106 8.2078272951771e-11
220.0 5.659669038765925e-05 1.802225698303112e-07 6.942947095052363e-14 1.756278723013611e-105 1.006607903887117e-10
221.0 6.52271734340033e-05 2.1317941300554213e-07 8.78018698599752e-14 6.013381198585533e-105 1.2317303585037008e-10
222.0 7.504688871432209e-05 2.5167852876043944e-07 1.1075593773480378e-13 2.0354029049204895e-104 1.503845324831094e-10
223.0 8.620036546431005e-05 2.965643434847762e-07 1.3936193780356355e-13 6.811635330510623e-104 1.8320264326883704e-10
224.0 9.884696362356558e-05 3.487951499863864e-07 1.749224564189654e-13 2.2541538378851047e-103 2.2269474432867087e-10
225.0 0.00011316203772696325 4.094561395143933e-07 2.1901874934710938e-13 7.37747174062459e-103 2.701135044933216e-10
226.0 0.00012933814811511493 4.797735864478553e-07 2.7356544685665724e-13 2.388267458422713e-102 3.2692562772886665e-10
227.0 0.00014758631585077658 5.611302409407412e-07 3.408749447793116e-13 7.648358664854973e-102 3.948444433490187e-10
228.0 0.0001681373168654471 6.550819809272042e-07 4.23732985167156e-13 2.4233760897179198e-101 4.758667576038746e-10
229.0 0.00019124300992387955 7.633757697757721e-07 5.254871239445381e-13 7.597960833078478e-101 5.723144087894086e-10
230.0 0.00021717769200675532 8.879689594977826e-07 6.501499947226921e-13 2.3575032269982255e-100 6.868809960883293e-10
231.0 0.00024623947367350416 1.0310499716472857e-06 8.025195081830376e-13 7.240039180046266e-100 8.226842794336855e-10
232.0 0.00027875166587928654 1.1950603787792136e-06 9.883183753774971e-13 2.2009810490452094e-99 9.8332477320712e-10
233.0 0.00031506416860100343 1.3827183985155245e-06 1.2143556109543454e-12 6.624161295015465e-99 1.1729510799479255e-09
234.0 0.00035555485046824266 1.597043799754891e-06 1.4887129583022114e-12 1.9739503214850524e-98 1.3963325307005475e-09
235.0 0.00040063090742970393 1.841384206380705e-06 1.820959482263639e-12 5.8248248627621305e-98 1.6589397154697107e-09
236.0 0.00045073018731022266 2.1194427678653774e-06 2.2223978952083716e-12 1.702239177996836e-97 1.967033499600979e-09
237.0 0.0005063224659372007 2.435307148383964e-06 2.706346517187909e-12 4.927177479290677e-97 2.327763128831115e-09
238.0 0.0005679106593721722 2.7934797665168973e-06 3.2884611184798087e-12 1.4127449232695423e-96 2.7492740263696626e-09
239.0 0.0006360319556733762 3.1989091962898025e-06 3.987101250175938e-12 4.012956138348646e-96 3.240825878609712e-09
240.0 0.0007112588485602692 3.6570226172318876e-06 4.823746032061056e-12 1.1293968003049857e-95 3.8129215908785576e-09
241.0 0.0007942000543641038 4.173759176382903e-06 5.823464732558293e-12 3.14960258869124e-95 4.4774476699097855e-09
242.0 0.0008855012927745003 4.755604098980324e-06 7.015447838087758e-12 8.704359906589869e-95 5.247826554476016e-09
243.0 0.0009858459110986119 5.409623356797502e-06 8.433604662554603e-12 2.3841515053736236e-94 6.139181368494027e-09
244.0 0.0010959553311219725 6.143498674286146e-06 1.0117233885467019e-11 6.472768927922105e-94 7.168513511143169e-09
245.0 0.0012165892971760545 6.965562622813763e-06 1.2111773721448606e-11 1.7420001629192274e-93 8.354893424873095e-09
246.0 0.0013485459036911048 7.884833522589572e-06 1.4469638705907979e-11 4.647827467605732e-93 9.719664793557776e-09
247.0 0.0014926613804116201 8.911049840900224e-06 1.7251150322223678e-11 1.229523170092978e-92 1.1286662318875175e-08
248.0 0.0016498096135637223 1.0054703744213634e-05 2.0525568884388446e-11 3.225142186158602e-92 1.3082443102321858e-08
249.0 0.0018209013815674547 1.1327073430682843e-05 2.4372234213813644e-11 8.389311122002688e-92 1.51365315221353e-08
250.0 0.0020068832845234258 1.2740253839739828e-05 2.888182269922173e-11 2.1642540132498382e-91 1.7481677339241288e-08
251.0 0.002208736347528807 1.4307185306334515e-05 3.415772828978747e-11 5.537748606436005e-91 2.0154126592767676e-08
252.0 0.0024274742790432228 1.6041679700239873e-05 4.031757483209791e-11 1.4055272681488077e-90 2.3193904654650624e-08
253.0 0.002664141366953615 1.7958443565701798e-05 4.749486690635404e-11 3.5388626287837714e-90 2.6645110604001437e-08
254.0 0.002919809996729957 2.0073097754356458e-05 5.584078593303312e-11 8.839817272450584e-90 3.055622185607061e-08
255.0 0.0031955777781376656 2.240219302541886e-05 6.552613779432047e-11 2.1908579096710807e-89 3.498040773888715e-08
256.0 0.0034925642692904897 2.4963221071628148e-05 7.674345752959953e-11 5.387807839435409e-89 3.99758504532899e-08
257.0 0.003811907289549664 2.7774620418975135e-05 8.97092758107373e-11 1.3148372947331087e-88 4.560607158231652e-08
258.0 0.004154758815713734 3.085577664219037e-05 1.0466655086518551e-10 3.184406401985484e-88 5.194026203398627e-08
259.0 0.0045222804592073415 3.422701633766373e-05 1.2188726828358874e-10 7.654476946935316e-88 5.905361301091818e-08
260.0 0.004915638525551682 3.7909594301477705e-05 1.4167520971428262e-10 1.8262767452708394e-87 6.702764530395262e-08
261.0 0.005335998661155623 4.192567337224937e-05 1.6436888979909653e-10 4.325284445651935e-87 7.595053390687378e-08
262.0 0.005784520096501772 4.6298296417796744e-05 1.9034465884005493e-10 1.0169327968848316e-86 8.591742465045201e-08
263.0 0.006262349499056713 5.1051349971492246e-05 2.2001996660161035e-10 2.3737300524542524e-86 9.703073926017857e-08
264.0 0.006770614453586085 5.620951905813843e-05 2.538567803449227e-10 5.501275832999614e-86 1.094004649563013e-07
265.0 0.007310416592113459 6.179823279169852e-05 2.923651476670998e-10 1.2659588645501753e-85 1.2314442444386603e-07
266.0 0.00788282440032916 6.784360037716889e-05 3.361068919814961e-10 2.8928802552806917e-85 1.3838852188720054e-07
267.0 0.008488865731932485 7.437233720753193e-05 3.8569942554121465e-10 6.564870708939791e-85 1.552669602350999e-07
268.0 0.0091295200669984 8.141168081297893e-05 4.418196617880642e-10 1.4795733097922657e-84 1.739224250633183e-07
269.0 0.009805710555016207 8.898929649384049e-05 5.05208005525959e-10 3.312002846666456e-84 1.9450622993640828e-07
270.0 0.010518295887655292 9.713317255026881e-05 5.766723959943282e-10 7.364066694372784e-84 2.1717841816626325e-07
271.0 0.011268062050638305 0.0001058715051113847 6.570923743901422e-10 1.626469844544303e-83 2.421078157678615e-07
272.0 0.012055714008030401 0.00011523257266151937 7.474231437794039e-10 3.568647937746634e-83 2.6947203038412695e-07
273.0 0.012881867375959862 0.0001252446004627032 8.486995857008611e-10 7.77890540133258e-83 2.9945739098077253e-07
274.0 0.013747040146200264 0.0001359356151799031 9.620401941429975e-10 1.6846810888946733e-82 3.322588232035383e-07
275.0 0.014651644522875195 0.000147333290125511 1.0886508840055085e-09 3.6251693273895533e-82 3.6807965544341965e-07
276.0 0.015595978938065998 0.0001594647816542819 1.2298286277113825e-09 7.751341578097697e-82 4.0713135088099923e-07
277.0 0.016580220313943468 0.00017235655735516183 1.3869648703539701e-09 1.6469851354810856e-81 4.496331610748966e-07
278.0 0.01760441664050563 0.000186034216804358 1.5615486707297174e-09 3.4777039277358645e-81 4.958116970320535e-07
279.0 0.018668479938581364 0.0002005223057586872 1.7551695128516728e-09 7.298123557744367e-81 5.459004141391017e-07
280.0 0.019772179677965726 0.00021584412478375375 1.9695197301678758e-09 1.5221965147996898e-80 6.001390078585696e-07
281.0 0.02091513671983232 0.00023202153342110924 2.206396482748199e-09 3.155702415170161e-80 6.587727176871528e-07
282.0 0.022096817851294435 0.00024907475110476406 2.4677032262504744e-09 6.502970041732087e-80 7.220515375442764e-07
283.0 0.023316530977923286 0.00026702215613644563 2.7554506105789657e-09 1.332116264780823e-79 7.902293314989757e-07
284.0 0.024573421037219146 0.00028588008411979546 3.0717567458703487e-09 2.712758583603637e-79 8.635628545486973e-07
285.0 0.025866466692516025 0.0003056626273352399 3.4188467738476657e-09 5.492151058589979e-79 9.423106790309913e-07
286.0 0.027194477862615942 0.00032638143660840974 3.799051683728991e-09 1.105501910075786e-78 1.0267320281727596e-06
287.0 0.02855609413742151 0.0003480455272821357 4.214806313788822e-09 2.212510380699428e-78 1.1170855192473666e-06
288.0 0.02994978412425377 0.0003706610909467829 4.668646482414271e-09 4.402939878166737e-78 1.2136278198168256e-06
289.0 0.03137384576341329 0.00039423131461476923 5.163205196111061e-09 8.712732141224148e-78 1.3166122215750843e-06
290.0 0.03282640764449494 0.00041875620903619753 5.701207886350811e-09 1.7145194794502156e-77 1.4262871373507274e-06
291.0 0.03430543134790312 0.00044423244785319656 6.285466632547285e-09 3.355281507670897e-77 1.542894527894822e-06
292.0 0.03580871482795508 0.00047065321926731017 6.918873334648418e-09 6.530339371391018e-77 1.6666682661183544e-06
293.0 0.03733389684599195 0.000498008091859124 7.604391805973095e-09 1.2641083771325314e-76 1.797832447481093e-06
294.0 0.03887846245326689 0.0005262828961414223 8.345048764844786e-09 2.4338618005309505e-76 1.9365996562213177e-06
295.0 0.0404397495147898 0.0005554596233547697 9.14392371234568e-09 4.661134187982585e-76 2.083169198067529e-06
296.0 0.04201495625639557 0.0005855163429216671 1.0004137692997652e-08 8.87957519250435e-76 2.2377253109545607e-06
297.0 0.043601149808494805 0.000616427139867112 1.0928840945361717e-08 1.68274474014035e-75 2.4004353660787636e-06
298.0 0.04519527571110534 0.0006481620733868671 1.1921199460304288e-08 3.172415894691982e-75 2.5714480723450583e-06
299.0 0.046794168336162116 0.0006806871576037168 1.2984380475952354e-08 5.950150494467295e-75 2.750891697880093e-06
300.0 0.04839456217468887 0.0007139643653955078 1.4121536950010311e-08 1.1103289453623415e-74 2.9388723227908773e-06
301.0 0.04999310392838876 0.0007479516560093554 1.533579106203501e-08 2.061488716268782e-74 3.1354721377305485e-06
302.0 0.05158636533756279 0.0007826030269944437 1.6630216810310936e-08 3.808336862742189e-74 3.340747803077921e-06
303.0 0.05317085667033266 0.0008178685907965482 1.800782178006285e-08 7.000582034953786e-74 3.5547288836512653e-06
304.0 0.0547430407915192 0.0008536946761556245 1.9471528171603186e-08 1.2805497237558338e-73 3.7774163738235727e-06
305.0 0.05629934772392931 0.0008900239542449211 2.1024153188667046e-08 2.3309940397674207e-73 4.008781327719893e-06
306.0 0.05783618960970955 0.0009267955892796658 2.266838889831588e-08 4.2226688288823385e-73 4.248763608818781e-06
307.0 0.05934997597529879 0.0009639454131136693 2.4406781684353693e-08 7.612942745614733e-73 4.497270772772968e-06
308.0 0.06083712920018164 0.0010014061231320617 2.6241711425974396e-08 1.366017125090408e-72 4.754177096595925e-06
309.0 0.062294100087231775 0.0010391075025416203 2.817537054222191e-08 2.43958493061824e-72 5.019322766539677e-06
310.0 0.0637173834310402 0.001076976661960066 3.020974305068285e-08 4.336605956293773e-72 5.292513236025514e-06
311.0 0.06510353347999989 0.0011149383010102697 3.234658379539605e-08 7.673191484910955e-72 5.573518763869693e-06
312.0 0.06644917918853797 0.0011529149884447188 3.458739800433831e-08 1.35148686408284e-71 5.862074141817838e-06
313.0 0.06775103915713156 0.0011908274591512001 3.693342134063658e-08 2.3695988979539227e-71 6.157878619024536e-06
314.0 0.06900593616024585 0.0012285949262359683 3.9385600614077106e-08 4.136017847498941e-71 6.460596029656624e-06
315.0 0.07021081116548747 0.0012661354062370983 4.194457532016731e-08 7.187067133277817e-71 6.7698551282241165e-06
316.0 0.07136273675149124 0.0013033660553983092 4.46106601731375e-08 1.243368192013073e-70 7.08525013560907e-06
317.0 0.07245892983698665 0.001340203514827569 4.738382879662395e-08 2.1416249928408836e-70 7.406341497056062e-06
318.0 0.0734967636392284 0.0013765642622799459 5.0263698731445503e-08 3.67281825959076e-70 7.732656851645014e-06
319.0 0.07447377878643285 0.0014123649682403114 5.324951791383562e-08 6.271686754138965e-70 8.063692211000287e-06
320.0 0.07538769351590485 0.001447522853938914 5.634015276974413e-08 1.0663864283264737e-69 8.398913343217861e-06
321.0 0.07623641289717568 0.001481956048912782 5.953407806144398e-08 1.8055373172948063e-69 8.737757356237916e-06
322.0 0.07701803702753 0.0015155839457278051 6.282936861172416e-08 3.044220286725326e-69 9.079634473169738e-06
323.0 0.07773086815575882 0.0015483275495004054 6.622369301851411e-08 5.11139481788687e-69 9.423929990410423e-06
324.0 0.078373416698689 0.0015801098199033782 6.97143094589871e-08 8.546974105269012e-69 9.770006407806138e-06
325.0 0.07894440612398129 0.0016108560034078824 7.329806366717812e-08 1.423346644542296e-68 1.0117205718606678e-05
326.0 0.07944277668164712 0.0016404939535995906 7.697138915299727e-08 2.360749480488249e-68 1.046485184556501e-05
327.0 0.0798676879757864 0.0016689544375141617 8.073030971352842e-08 3.899828538271379e-68 1.0812253208269379e-05
328.0 0.08021852037691893 0.0016961714260601125 8.457044426968802e-08 6.416716400732595e-68 1.115870540565712e-05
329.0 0.08049487528402738 0.0017220823667375635 8.848701404300572e-08 1.0516400182460031e-67 1.1503493996676857e-05
330.0 0.08069657425388055 0.0017466284370154593 9.247485206857738e-08 1.716814481351741e-67 1.1845897361238095e-05
331.0 0.08082365702333896 0.0017697547768973205 9.652841502141792e-08 2.791878990486284e-67 1.2185189622930943e-05
332.0 0.08087637845801988 0.0017914106993828906 1.0064179731460592e-07 4.5227397947201826e-67 1.2520643614509521e-05
333.0 0.08085520446793858 0.001811549877719876 1.0480874740908818e-07 7.298827701812639e-67 1.2851533866826843e-05
334.0 0.0807608069374053 0.0018301305085327729 1.0902268625689056e-07 1.1734530183054674e-66 1.3177139601776803e-05
335.0 0.08059405772254898 0.0018471154501134362 1.1327672778204591e-07 1.8795498761224295e-66 1.349674770984909e-05
336.0 0.0803560217752884 0.0018624723353578834 1.1756370128691846e-07 2.999382869964258e-66 1.3809655693125981e-05
337.0 0.08004794945735584 0.0018761736590338421 1.218761756559921e-07 4.768854756405394e-66 1.4115174554945354e-05
338.0 0.07967126811207621 0.0018881968392622205 1.2620648521475708e-07 7.554653282095072e-66 1.4412631618015325e-05
339.0 0.07922757296497758 0.0018985242532898996 1.305467570881867e-07 1.1924693740094619e-65 1.4701373253480072e-05
340.0 0.07871861742699537 0.0019071432478208633 1.348889398916378e-07 1.8755388835041125e-65 1.4980767504301398e-05
341.0 0.07814630287597618 0.0019140461243541099 1.392248335768746e-07 2.939441532084984e-65 1.525020658731615e-05
342.0 0.07751266799342903 0.0019192301001497907 1.435461202474314e-07 4.590681432622923e-65 1.5509109259447698e-05
343.0 0.07681987773403971 0.0019226972456076648 1.4784439575079406e-07 7.144578485729014e-65 1.575692303477808e-05
344.0 0.0760702120053456 0.001924454398993049 1.5211120184987976e-07 1.1080940665549173e-64 1.5993126240506463e-05
345.0 0.07526605413420161 0.0019245130595832605 1.5633805877307475e-07 1.712736435804811e-64 1.6217229901213668e-05
346.0 0.0744098791953427 0.0019228892604331927 1.6051649794075032e-07 2.6383447890337536e-64 1.642877944231724e-05
347.0 0.07350424227537486 0.0019196034220677386 1.6463809466647667e-07 4.050538613308209e-64 1.6627356205095444e-05
348.0 0.07255176674314456 0.0019146801885059764 1.6869450063340534e-07 6.197937803214391e-64 1.6812578767203767e-05
349.0 0.07155513259443698 0.0019081482471003045 1.7267747594996442e-07 9.452523169872334e-64 1.6984104064136156e-05
350.0 0.07051706493569845 0.0019000401337410653 1.765789205946485e-07 1.436902060802484e-63 1.7141628308645767e-05
351.0 0.06944032266767092 0.0018903920250243574 1.8039090506646404e-07 2.1771990566847446e-63 1.7284887706643774e-05
352.0 0.06832768742586594 0.0018792435190172904 1.8410570006617817e-07 3.288313571064684e-63 1.7413658969606103e-05
353.0 0.0671819528304563 0.0018666374062731635 1.877158050431112e-07 4.950680359052274e-63 1.7527759624952655e-05
354.0 0.06600591409365826 0.001852619432754593 1.9121397545314304e-07 7.429942862784827e-63 1.762704812725591e-05
355.0 0.0648023580280275 0.0018372380563146185 1.945932485855821e-07 1.111596648896243e-62 1.7711423774460307e-05
356.0 0.0635740534942735 0.0018205441983633003 1.978469678292939e-07 1.6579151025637731e-62 1.7780826434525593e-05
357.0 0.06232374232239742 0.0018025909923144643 2.0096880526214652e-07 2.465146194525917e-62 1.7835236089068083e-05
358.0 0.06105413073508434 0.00178343353036167 2.039527824619511e-07 3.654267443368131e-62 1.7874672201626015e-05
359.0 0.05976788129748223 0.0017631286100773646 2.0679328945171132e-07 5.400662650440716e-62 1.7899192919132373e-05
360.0 0.05846760541274178 0.0017417344822641383 2.0948510170682517e-07 7.957828115791575e-62 1.790889411602331e-05
361.0 0.05715585637811134 0.0017193106014154198 2.1202339516706576e-07 1.1691074964619023e-61 1.7903908291162285e-05
362.0 0.05583512301183686 0.001695917380061103 2.1440375921093364e-07 1.7125301264530653e-61 1.78844033283673e-05
363.0 0.05450782385691522 0.0016716159481905148 2.1662220756517795e-07 2.5012509735673296e-61 1.7850581131872916e-05
364.0 0.05317630196355052 0.001646467918851336 2.186751871364723e-07 3.642695605361983e-61 1.780267614842983e-05
365.0 0.051842820248416806 0.0016205351609319323 2.2055958476681753e-07 5.289885023605184e-61 1.7740953788073277e-05
366.0 0.050509557425121324 0.0015938795800345285 2.2227273192752927e-07 7.660169796160655e-61 1.7665708755747306e-05
367.0 0.049178604496989756 0.0015665629082501707 2.238124073799901e-07 1.1061406171398132e-60 1.7577263306079164e-05
368.0 0.04785196180019845 0.0015386465035461152 2.2517683784356982e-07 1.5928428261048066e-60 1.7475965433573825e-05
369.0 0.046531536582466025 0.0015101911593762296 2.2636469672250927e-07 2.2873725425685102e-60 1.7362187010378853e-05
370.0 0.04521914110008926 0.0014812569250290866 2.273751009545639e-07 3.2757664289657715e-60 1.7236321883598408e-05
371.0 0.04391649121381493 0.0014519029371294061 2.2820760605353315e-07 4.678552848936803e-60 1.7098783943824354e-05
372.0 0.04262520546222625 0.0014221872626181888 2.2886219942710544e-07 6.664125637192418e-60 1.6950005176238746e-05
373.0 0.04134680458956709 0.0013921667534425707 2.2933929205865315e-07 9.46712624648152e-60 1.6790433705176726e-05
374.0 0.04008271150371232 0.0013618969131042587 2.2963970864908848e-07 1.3413642967374552e-59 1.6620531842611333e-05
375.0 0.038834251638787454 0.001331431775129241 2.297646763200667e-07 1.8955664683748846e-59 1.6440774150445702e-05
376.0 0.03760265369619093 0.0013008237934463475 2.2971581198498787e-07 2.671806537892142e-59 1.6251645525952246e-05
377.0 0.03638905073718454 0.0012701237445893472 2.2949510849794502e-07 3.7562511554559183e-59 1.6053639319082575e-05
378.0 0.03519448159983157 0.0012393806415687805 2.291049196933567e-07 5.267416563710327e-59 1.58472554897163e-05
379.0 0.03401989261300615 0.0012086416592003194 2.2854794443124988e-07 7.367901864590702e-59 1.563299881228277e-05
380.0 0.03286613958019769 0.0011779520706178598 2.2782720976364627e-07 1.028022734031697e-58 1.5411377134481368e-05
381.0 0.03173399000616717 0.0011473551946516183 2.2694605333802153e-07 1.4308160783137714e-58 1.518289969617213e-05
382.0 0.03062412553987986 0.001116892353704553 2.259081051526181e-07 1.986536251568829e-58 1.4948075513791488e-05
383.0 0.02953714460778515 0.0010866028417235811 2.2471726877730666e-07 2.751376648155127e-58 1.4707411834993849e-05
384.0 0.028473565212183947 0.0010565239018268328 2.2337770215113461e-07 3.801488169567857e-58 1.446141266752245e-05
385.0 0.027433827870281573 0.0010266907131206298 2.2189379806492513e-07 5.239819837201732e-58 1.421057738565999e-05
386.0 0.026418298670496398 0.0009971363862182182 2.2027016443411305e-07 7.205218389053494e-58 1.3955399416984612e-05
387.0 0.025427272423548346 0.0009678919669515892 2.1851160446245287e-07 9.88450418449091e-58 1.3696365011499766e-05
388.0 0.024460975887039108 0.0009389864477578426 2.1662309679347698e-07 1.3528459276703026e-57 1.3433952094656429e-05
389.0 0.023519571043332417 0.000910446786210708 2.1460977574134464e-07 1.8472945753875644e-57 1.3168629205192377e-05
390.0 0.022603158411750375 0.0008822979301635976 2.124769116875841e-07 2.5166736111161872e-57 1.290085451818082e-05
391.0 0.021711780377370093 0.0008545628489715555 2.1022989172520147e-07 3.420810488967157e-57 1.263107495320232e-05
392.0 0.02084542451989194 0.000827262570260137 2.0787420062546978e-07 4.639283034803693e-57 1.2359725367053238e-05
393.0 0.02000402692736516 0.000800416221717899 2.0541540219748337e-07 6.277702205098214e-57 1.2087227830006261e-05
394.0 0.01918747548076073 0.0007740410773965898 2.0285912110427496e-07 8.475916957155256e-57 1.1813990984216833e-05
395.0 0.018395613096655026 0.0007481526080164716 2.002110251937359e-07 1.141870548672404e-56 1.1540409482531633e-05
396.0 0.017628240916477037 0.0007227645347872325 1.9747680839635462e-07 1.5349675609318318e-56 1.1266863505614406e-05
397.0 0.01688512143199101 0.0006978888862724756 1.9466217423628018e-07 2.058929806503124e-56 1.099371835503786e-05
398.0 0.016165981537814067 0.0006735360578425838 1.9177281999610438e-07 2.7558250831830987e-56 1.0721324119720273e-05
399.0 0.015470515502912015 0.0006497148732814351 1.8881442157043905e-07 3.6807573563091757e-56 1.0450015412887917e-05
400.0 0.014798387854058829 0.0006264326481318489 1.8579261903753496e-07 4.905753563959053e-56 1.0180111176541993e-05
401.0 0.014149236165300625 0.0006036952543876029 1.8271300297322536e-07 6.524762957081104e-56 9.91191455027817e-06
402.0 0.013522673748407477 0.0005815071861608967 1.795811015260413e-07 8.66007388914372e-56 9.645712801167303e-06
403.0 0.012918292240239389 0.000559871625977948 1.7640236826775053e-07 1.1470532738162093e-55 9.381777311330403e-06
404.0 0.012335664083803731 0.0005387905113778787 1.7318217082877026e-07 1.5162049255572893e-55 9.120363619767584e-06
405.0 0.011774344900586448 0.0005182646015130949 1.6992578032351087e-07 2.000099676302537e-55 8.861711514960813e-06
406.0 0.011233875752504806 0.000498293543472979 1.6663836156676451e-07 2.6331269965803942e-55 8.606045174764474e-06
407.0 0.010713785292508445 0.00047887593807483805 1.633249640782289e-07 3.459595467457724e-55 8.353573350093825e-06
408.0 0.010213591803506086 0.0004600094048889881 1.599905138688665e-07 4.536480088239475e-55 8.104489588956665e-06
409.0 0.009732805125868525 0.0004416906462862864 1.566398059993763e-07 5.936898369290724e-55 7.858972497410375e-06
410.0 0.00927092847429517 0.00042391551031803617 1.5327749789817424e-07 7.754499796321017e-55 7.617186034092739e-06
411.0 0.008827460145309789 0.0004066790522588276 1.4990810342359522e-07 1.0108997722081449e-54 7.379279835051447e-06
412.0 0.00840189511706712 0.000389975594662195 1.4653598765240928e-07 1.315312735340353e-54 7.145389565676059e-06
413.0 0.007993726543546962 0.0003737987857987346 1.4316536237487049e-07 1.7081380432603302e-54 6.915637296649473e-06
414.0 0.007602447145523918 0.000358141656363436 1.3980028227424845e-07 2.2140949075104107e-54 6.690131900926618e-06
415.0 0.007227550501011779 0.000342996674357249 1.3644464176754965e-07 2.864541114921152e-54 6.46896946888444e-06
416.0 0.006868532238104039 0.0003283557980629746 1.331021724822995e-07 3.699181130929535e-54 6.252233738889162e-06
417.0 0.006524891133359499 0.0003142105270517794 1.2977644134343265e-07 4.768193978090454e-54 6.039996540672222e-06
418.0 0.006196130119039058 0.00030055195117025056 1.2647084924313755e-07 6.134879055389405e-54 5.8323182490261145e-06
419.0 0.005881757202641758 0.00028737079747147233 1.2318863026584866e-07 7.87893980715614e-54 5.629248245470675e-06
420.0 0.005581286302291565 0.00027465747506582905 1.1993285143997703e-07 1.0100551428025392e-53 5.43082538567433e-06
421.0 0.005294238001604547 0.00026240211787873933 1.1670641298765266e-07 1.292539048588961e-53 5.237078470553918e-06
422.0 0.005020140227710239 0.0002505946253126971 1.1351204904343248e-07 1.6510842500482435e-53 5.048026719107941e-06
423.0 0.004758528856128342 0.00023922470082063353 1.1035232881291199e-07 2.1053649358523854e-53 4.8636802411750355e-06
424.0 0.004508948246209088 0.00022828188840646948 1.072296581423807e-07 2.679931341949552e-53 4.684040508447553e-06
425.0 0.004270951710819399 0.00021775560707604891 1.0414628147066164e-07 3.4053640959982126e-53 4.509100822191177e-06
426.0 0.004044101923928455 0.0002076351832689113 1.0110428413474882e-07 4.319688619780217e-53 4.338846776255436e-06
427.0 0.0038279712696980225 0.00019790988130767063 9.810559500136271e-08 5.4701050839904675e-53 4.173256714086628e-06
428.0 0.003622142136608415 0.00018856893190667676 9.515198939681927e-08 6.915100560159947e-53 4.012302178563844e-06
429.0 0.003426207160089066 0.00017960155878711493 9.224509230858847e-08 8.727023257864576e-53 3.855948353610111e-06
430.0 0.0032397694170230315 0.00017099700344911465 8.938638183228924e-08 1.0995214434817041e-52 3.704154496628284e-06
431.0 0.0030624425754067334 0.00016274454815526463 8.657719283879786e-08 1.3829812143250416e-52 3.5568743609255567e-06
432.0 0.0028938510023443645 0.00015483353718286172 8.381872083699879e-08 1.73663629137766e-52 3.4140566073936957e-06
433.0 0.002733629833441612 0.00014725339640423818 8.111202600838708e-08 2.177140333730502e-52 3.2756452048016766e-06
434.0 0.0025814250065571013 0.00013999365125671702 7.84580373908236e-08 2.724920393067245e-52 3.1415798181572296e-06
435.0 0.002436893262749385 0.0001330439431649438 7.585755718957575e-08 3.404990340142921e-52 3.0117961846764763e-06
436.0 0.002299702117137636 0.00012639404447927443 7.33112651947061e-08 4.247930330838131e-52 2.8862264769817556e-06
437.0 0.002169529802276878 0.00012003387199467671 7.081972328495825e-08 5.291064211481031e-52 2.764799653228978e-06
438.0 0.0020460651865220605 0.0001139534991145656 6.838337999912104e-08 6.579872485429444e-52 2.6474417939315856e-06
439.0 0.0019290076697377986 0.00010814316672412088 6.600257515696244e-08 8.16968513308651e-52 2.5340764253199632e-06
440.0 0.0018180670585863767 0.00010259329283708981 6.367754451271762e-08 1.0127706338210935e-51 2.4246248291333673e-06
441.0 0.0017129634235103833 9.729448107962771e-05 6.140842442520583e-08 1.2535432186193911e-51 2.3190063388030076e-06
442.0 0.0016134269394039336 9.22375280736259e-05 5.919525652948231e-08 1.5491532847605464e-51 2.2171386220321547e-06
443.0 0.0015191977118552108 8.741342978116298e-05 5.7037992396045265e-08 1.911528284893719e-51 2.1189379498334233e-06
444.0 0.0014300255907262428 8.281338687026915e-05 5.4936498164435985e-08 2.3550636994021214e-51 2.0243194521226534e-06
445.0 0.0013456699727284378 7.842880916096493e-05 5.289055913910272e-08 2.897106559473339e-51 1.933197360012887e-06
446.0 0.0012658995945431565 7.425131920888288e-05 5.089988433622225e-08 3.558528119019439e-51 1.845485234985051e-06
447.0 0.0011904923179354673 7.027275508229322e-05 4.896411097115131e-08 4.364401020623432e-51 1.7610961851480046e-06
448.0 0.0011192349082060162 6.648517238644549e-05 4.708280887691615e-08 5.344798739538537e-51 1.6799430688251009e-06
449.0 0.0010519228072339343 6.288084558758692e-05 4.5255484845145995e-08 6.535737880743771e-51 1.6019386857361567e-06
450.0 0.0009883599022674054 5.945226868694089e-05 4.3481586881509384e-08 7.98028709211861e-51 1.5269959560607269e-06
451.0 0.0009283582915328785 5.6192155293198135e-05 4.176050836860424e-08 9.729869991791601e-51 1.4550280876923495e-06
452.0 0.00087173804764796 5.3093438140069054e-05 4.0091592129942664e-08 1.1845793644652594e-50 1.3859487320081778e-06
453.0 0.0008183269797430675 5.014926809353761e-05 3.8474134389415695e-08 1.4401038822596343e-50 1.3196721284935807e-06
454.0 0.0007679603951204726 4.735301269152541e-05 3.690738862132297e-08 1.7482353611977804e-50 1.2561132385734698e-06
455.0 0.0007204808612063386 4.469825425670814e-05 3.539056928669264e-08 2.1192697963146554e-50 1.19518786901106e-06
456.0 0.0006757379684825369 4.2178787621301575e-05 3.392285545224967e-08 2.565409359083462e-50 1.136812785242406e-06
457.0 0.0006335880950205855 3.978861750075887e-05 3.2503394289016175e-08 3.101094131790924e-50 1.0809058150214802e-06
458.0 0.0005938941731778419 3.752195555138468e-05 3.113130444805285e-08 3.7433876603493844e-50 1.0273859427529006e-06
459.0 0.0005565254589594479 3.537321714508975e-05 2.9805679311445315e-08 4.512424371296057e-50 9.761733948933406e-07
460.0 0.000521357304493858 3.3337017892604786e-05 2.8525590117070924e-08 5.431927988306727e-50 9.271897168007168e-07
461.0 0.0004882709340206816 3.1408169944808356e-05 2.7290088956249723e-08 6.529811303131138e-50 8.803578414123437e-07
462.0 0.0004571532237405238 2.9581678100004106e-05 2.6098211643755374e-08 7.838869018345267e-50 8.356021501285627e-07
463.0 0.00042789648583303367 2.785273574336056e-05 2.4948980460127852e-08 9.397576898634379e-50 7.928485262765901e-07
464.0 0.00040039825690773337 2.6216720643081502e-05 2.384140676660828e-08 1.1251012158299914e-49 7.520244015245066e-07
465.0 0.00037456109111374104 2.4669190626300468e-05 2.2774493493381125e-08 1.3451911891156044e-49 7.130587956100116e-07
466.0 0.0003502923580989225 2.320587915617578e-05 2.174723750214818e-08 1.6061888431737755e-49 6.758823497424997e-07
467.0 0.00032750404597600946 2.182269083020046e-05 2.075863182437506e-08 1.9152822841599018e-49 6.404273540302176e-07
468.0 0.0003061125694226938 2.0515696818327783e-05 1.980766777683111e-08 2.2808460260148916e-49 6.066277692765296e-07
469.0 0.0002860385830147672 1.9281130258170106e-05 1.889333695631472e-08 2.712623366568445e-49 5.744192434814447e-07
470.0 0.0002672067998655251 1.8115381623230374e-05 1.8014633115691467e-08 3.2219345679618856e-49 5.437391233758136e-07
471.0 0.0002495458156211075 1.7014994078891025e-05 1.7170553923591132e-08 3.821914143682915e-49 5.145264613066305e-07
472.0 0.00023298793783976403 1.5976658839697358e-05 1.6360102610298222e-08 4.527780925975672e-49 4.867220177822731e-07
473.0 0.00021746902076349948 1.4997210540353312e-05 1.5582289502550262e-08 5.3571449936414215e-49 4.602682599769936e-07
474.0 0.00020292830547289332 1.4073622631788081e-05 1.4836133450122297e-08 6.330355983620218e-49 4.3510935648435295e-07
475.0 0.0001893082653992729 1.3203002812601825e-05 1.4120663147176395e-08 7.470897792639284e-49 4.111911685981438e-07
476.0 0.00017655445715457395 1.2382588505279659e-05 1.3434918351515569e-08 8.805835200076198e-49 3.884612383904315e-07
477.0 0.00016461537662570337 1.160974238561664e-05 1.2777951004944455e-08 1.0366318512426038e-48 3.6686877384494294e-07
478.0 0.000153442320268818 1.0881947972948158e-05 1.2148826258033906e-08 1.2188152945848069e-48 3.46364631294036e-07
479.0 0.00014298925152873176 1.0196805287974032e-05 1.1546623402658891e-08 1.431244012858583e-48 3.269012953972787e-07
480.0 0.00013321267229943255 9.552026584187493e-06 1.0970436715717039e-08 1.6786299821952975e-48 3.084328568889311e-07
481.0 0.00012407149933383867 8.945432158206915e-06 1.0419376217477381e-08 1.9663680729342305e-48 2.909149883114825e-07
482.0 0.00011552694550411602 8.374946243637602e-06 9.892568348036022e-09 2.3006270089469024e-48 2.7430491794231373e-07
483.0 0.00010754240580789406 7.838592992452915e-06 9.389156565359229e-09 2.6884512634822486e-48 2.585614021102592e-07
484.0 0.00010008334801080444 7.334492547298709e-06 8.908301868398655e-09 3.1378750440880387e-48 2.4364469608905706e-07
485.0 9.311720781155098e-05 6.860857207569294e-06 8.449183248744955e-09 3.658049619757475e-48 2.2951652374472248e-07
486.0 8.661328841247388e-05 6.415987691600646e-06 8.010998074276015e-09 4.25938535032102e-48 2.1614004610462335e-07
487.0 8.054266437575783e-05 5.99826949683968e-06 7.59296240821093e-09 4.953709891333084e-48 2.0347982900628174e-07
488.0 7.487808964350922e-05 5.606169359414553e-06 7.194311266949211e-09 5.75444416736885e-48 1.915018099749991e-07
489.0 6.959390959847577e-05 5.2382318141214625e-06 6.814298820024374e-09 6.676797832759385e-48 1.8017326447040704e-07
490.0 6.466597704131404e-05 4.893075855468518e-06 6.452198535446389e-09 7.737986071323296e-48 1.69462771633387e-07
491.0 6.0071571959912925e-05 4.569391700071605e-06 6.107303273645747e-09 8.957469725520357e-48 1.5934017965636918e-07
492.0 5.578932496631079e-05 4.265937650378517e-06 5.778925333161165e-09 1.0357220890514217e-47 1.4977657089178115e-07
493.0 5.179914427727797e-05 3.98153705941381e-06 5.4663964511470544e-09 1.1962016259675552e-47 1.4074422680570905e-07
494.0 4.808214611536886e-05 3.715075395967135e-06 5.169067761691107e-09 1.3799760664811381e-47 1.3221659287599605e-07
495.0 4.462058840845555e-05 3.4654974094133063e-06 4.8863097148559894e-09 1.590184341649366e-47 1.241682435268066e-07
496.0 4.1397807667164564e-05 3.231804393134945e-06 4.617511959271746e-09 1.8303530216861572e-47 1.1657484718456604e-07
497.0 3.839815892134006e-05 3.0130515453253846e-06 4.362083191018135e-09 2.1044393588641382e-47 1.09413131533429e-07
498.0 3.560695859856432e-05 2.8083454257755796e-06 4.119450971444291e-09 2.4168784939211717e-47 1.0266084904190831e-07
499.0 3.301043022988908e-05 2.6168415070953526e-06 3.889061516481102e-09 2.7726351556653737e-47 9.629674282610171e-08
500.0 3.059565287020948e-05 2.4377418186830523e-06 3.6703794599067105e-09 3.177260201498051e-47 9.030051290900221e-08
501.0 2.8350512123138633e-05 2.270292681638381e-06 3.462887592928957e-09 3.636952364717061e-47 8.465278292969885e-08
502.0 2.6263653662825394e-05 2.113782532712501e-06 3.2660865823560125e-09 4.1586255926264267e-47 7.93350673509801e-08
503.0 2.4324439147777424e-05 1.967539835298364e-06 3.0794946695248972e-09 4.749982377522201e-47 7.432973920862188e-08
504.0 2.2522904424505376e-05 1.83093107539068e-06 2.9026473520621307e-09 5.419593500436859e-47 6.961999844082647e-08
505.0 2.0849719921648286e-05 1.7033588403863311e-06 2.735097050458628e-09 6.176984624954384e-47 6.518984083179699e-08
506.0 1.9296153138035604e-05 1.584259978541255e-06 2.576412761337082e-09 7.032730195277486e-47 6.102402759890594e-08
507.0 1.7854033131106425e-05 1.4731038368668593e-06 2.426179699203844e-09 7.998555108905749e-47 5.710805564904563e-08
508.0 1.6515716914960265e-05 1.3693905752154627e-06 2.283998928375304e-09 9.087444649534408e-47 5.3428128525711854e-08
509.0 1.527405768029937e-05 1.2726495542897864e-06 2.149486986683538e-09 1.0313763179956561e-46 4.997112806494352e-08
510.0 1.4122374751411914e-05 1.1824377952980462e-06 2.022275502470399e-09 1.1693382107601637e-46 4.6724586774751586e-08
511.0 1.3054425198274961e-05 1.0983385089744757e-06 1.902010806291332e-09 1.3243817646656368e-46 4.3676660949550925e-08
512.0 1.2064377024765593e-05 1.019959691690727e-06 1.7883535386648972e-09 1.4984378910273608e-46 4.081610452821178e-08
513.0 1.1146783856822109e-05 9.469327863932673e-07 1.6809782551165385e-09 1.693632687390146e-46 3.813224370156167e-08
514.0 1.0296561057250353e-05 8.789114061202507e-07 1.579573029684568e-09 1.9123044756024815e-46 3.561495227269001e-08
515.0 9.508963196654898e-06 8.155701178728082e-07 1.483839057974521e-09 2.15702203653306e-46 3.325462777103492e-08
516.0 8.779562812734344e-06 7.56603284643593e-07 1.3934902607713958e-09 2.4306040963221563e-46 3.104216831910805e-08
517.0 8.10423039287258e-06 7.017239634362794e-07 1.3082528891429842e-09 2.7361401187389708e-46 2.8968950248713394e-08
518.0 7.479115517612479e-06 6.506628571457765e-07 1.2278651318964047e-09 3.0770124575618443e-46 2.702680646174378e-08
519.0 6.900629105172821e-06 6.031673182064611e-07 1.1520767261781778e-09 3.456919921870989e-46 2.5208005528951536e-08
520.0 6.365426699704906e-06 5.590004019581215e-07 1.0806485719425752e-09 3.8799028057227376e-46 2.350523151863418e-08
521.0 5.8703927484380745e-06 5.17939967722583e-07 1.0133523509473209e-09 4.3503694318277714e-46 2.1911564545801857e-08
522.0 5.412625815268437e-06 4.797778256310026e-07 9.499701508756772e-10 4.873124256557085e-46 2.042046203122138e-08
523.0 4.989424680658857e-06 4.443189272885301e-07 8.902940951227541e-10 5.4533975808092585e-46 1.9025740658604666e-08
524.0 4.598275279989405e-06 4.113805984135455e-07 8.341259787298708e-10 6.096876907986603e-46 1.7721559017302018e-08
525.0 4.236838434680819e-06 3.807918116387545e-07 7.812769108964297e-10 6.8097399864926885e-46 1.6502400917002868e-08
526.0 3.902938332530508e-06 3.523924977127504e-07 7.315669644477178e-10 7.598689569768634e-46 1.536305936021167e-08
527.0 3.5945517157570536e-06 3.260328933934964e-07 6.848248325904861e-10 8.470989921921751e-46 1.429862115767272e-08
528.0 3.3097977372164087e-06 3.0157292437677056e-07 6.408874932407239e-10 9.434505091394617e-46 1.3304452171346162e-08
529.0 3.0469284471741868e-06 2.7888162165657475e-07 5.995998811677033e-10 1.0497738968943447e-45 1.2376183169150544e-08
530.0 2.804319874844834e-06 2.578365697661951e-07 5.608145681557088e-10 1.1669877139309173e-45 1.1509696275283019e-08
531.0 2.580463670691365e-06 2.383233854024479e-07 5.243914513495891e-10 1.2960830528500176e-45 1.070111199970411e-08
532.0 2.373959277169724e-06 2.202352249869143e-07 4.901974499125626e-10 1.438128084039203e-45 9.946776830121689e-09
533.0 2.183506597248407e-06 2.0347231977092082e-07 4.5810621009386557e-10 1.594272776754629e-45 9.243251369717599e-09
534.0 2.0078991315961543e-06 1.8794153714165617e-07 4.2799781877157695e-10 1.7657537951602252e-45 8.587299003754069e-09
535.0 1.8460175568415956e-06 1.735559668379981e-07 3.997585255085277e-10 1.9538995658436658e-45 7.975875078202202e-09
536.0 1.6968237187485711e-06 1.6023453083425095e-07 3.7328047313223504e-10 2.1601355122403614e-45 7.406116573557651e-09
537.0 1.5593550155325212e-06 1.4790161569904515e-07 3.484614368255439e-10 2.3859894502474032e-45 6.875332257092718e-09
538.0 1.4327191478677515e-06 1.3648672628501609e-07 3.2520457169299006e-10 2.6330971380960198e-45 6.380993296933383e-09
539.0 1.316089213393228e-06 1.2592415965144066e-07 3.0341816874630835e-10 2.9032079722705404e-45 5.920724321492545e-09
540.0 1.2086991247358838e-06 1.1615269816846777e-07 2.830154192349971e-10 3.198190819932742e-45 5.492294908013326e-09
541.0 1.1098393312182742e-06 1.0711532079610529e-07 2.6391418723015333e-10 3.520039976914815e-45 5.093611484193196e-09
542.0 1.0188528255169543e-06 9.875893157497259e-08 2.460367903549284e-10 3.87088123890533e-45 4.722709627127327e-09
543.0 9.351314175827958e-07 9.10341044081833e-08 2.2930978854090825e-10 4.252978071961601e-45 4.377746744088082e-09
544.0 8.581122591325974e-07 8.389484325516284e-08 2.1366378067793187e-10 4.668737866953097e-45 4.056995119972246e-09
545.0 7.872746029674325e-07 7.729835689803986e-08 1.990332090135831e-10 5.120718260973944e-45 3.7588353165640754e-09
546.0 7.221367822755704e-07 7.120484748009417e-08 1.853561711492645e-10 5.61163350716392e-45 3.481749909106791e-09
547.0 6.622533959346201e-07 6.55773120532527e-08 1.7257423947151921e-10 6.144360872761529e-45 3.224317546030132e-09
548.0 6.072126866410283e-07 6.038135640784996e-08 1.6063228785014193e-10 6.721947043580786e-45 2.985207318046549e-09
549.0 5.566340994672322e-07 5.558502049283968e-08 1.494783254285957e-10 7.347614511462093e-45 2.7631734232027735e-09
550.0 5.101660091790632e-07 5.11586147683553e-08 1.39063337327251e-10 8.024767919608914e-45 2.5570501148544193e-09
551.0 4.674836053406132e-07 4.707456686503114e-08 1.2934113207603894e-10 8.757000339102484e-45 2.3657469199194967e-09
552.0 4.282869248914971e-07 4.330727795574819e-08 1.2026819558999026e-10 9.548099448283728e-45 2.1882441151566805e-09
553.0 3.92299022503469e-07 3.983298827544041e-08 1.118035514986615e-10 1.0402053585111591e-44 2.0235884496026373e-09
554.0 3.5926426961348476e-07 3.662965125353737e-08 1.0390862763917329e-10 1.1323057641094052e-44 1.870889101699398e-09
555.0 3.2894677358681155e-07 3.3676815751225926e-08 9.654712852158078e-11 1.2315518763903816e-44 1.7293138600305692e-09
556.0 3.0112890899089065e-07 3.095551592229108e-08 8.968491357526784e-11 1.338406183439872e-44 1.598085516976673e-09
557.0 2.756099534573098e-07 2.8448168241620097e-08 8.32898809852473e-11 1.4533534682409483e-44 1.476478464981567e-09
558.0 2.5220482108004913e-07 2.6138475269886265e-08 7.7331856928568e-11 1.5769013004462566e-44 1.3638154855097438e-09
559.0 2.3074288674009575e-07 2.4011335746047505e-08 7.178249002214068e-11 1.7095804945432025e-44 1.259464721144615e-09
560.0 2.1106689516504928e-07 2.2052760621563757e-08 6.661515079538207e-11 1.8519455305102808e-44 1.1628368216519092e-09
561.0 1.9303194892627698e-07 2.0249794671436876e-08 6.180483600340895e-11 2.0045749329754208e-44 1.0733822551969402e-09
562.0 1.7650456994676057e-07 1.8590443337339972e-08 5.7328077599022046e-11 2.168071604808265e-44 9.905887762589263e-10
563.0 1.6136182944274828e-07 1.706360447742975e-08 5.316285618488189e-11 2.343063111021245e-44 9.139790421382234e-10
564.0 1.4749054155055525e-07 1.5659004715723004e-08 4.9288518770356125e-11 2.5302019088061025e-44 8.431083702906036e-10
565.0 1.3478651619983386e-07 1.436714010145116e-08 4.5685700661238455e-11 2.730165519511373e-44 7.775626290594943e-10
566.0 1.2315386708480228e-07 1.3179220805347949e-08 4.233625131405542e-11 2.94365663835223e-44 7.169562546979403e-10
567.0 1.1250437085853632e-07 1.208711959564473e-08 3.922316399068658e-11 3.1714031776578616e-44 6.60930387889366e-10
568.0 1.02756873932179e-07 1.1083323851545076e-08 3.633050905309851e-11 3.414158239495011e-44 6.091511232828729e-10
569.0 9.383674350167996e-08 1.0160890886154255e-08 3.3643370742097726e-11 3.6727000135562513e-44 5.61307865854535e-10
570.0 8.567535965093447e-08 9.31340636434606e-09 3.114778728832327e-11 3.94783159627814e-44 5.171117881944345e-10
571.0 7.820964559234175e-08 8.53494561384591e-09 2.8830694208069866e-11 4.240380727251434e-44 4.762943830976209e-10
572.0 7.138163330465177e-08 7.820037639925107e-09 2.6679870640941813e-11 4.551199439112182e-44 4.3860610610587417e-10
573.0 6.513806201420416e-08 7.163631665560008e-09 2.4683888590739582e-11 4.881163617236816e-44 4.0381510290574027e-10
574.0 5.943000714047232e-08 6.56106602979121e-09 2.283206493553939e-11 5.231172465749607e-44 3.717060167397859e-10
575.0 5.421253748998454e-08 6.008039287251242e-09 2.1114416077291703e-11 5.602147876530144e-44 3.4207887122700896e-10
576.0 4.944439863590935e-08 5.500583361556794e-09 1.9521615105814497e-11 5.995033698139421e-44 3.14748024221391e-10
577.0 4.5087720563507935e-08 5.035038614404087e-09 1.8044951356422108e-11 6.410794901821043e-44 2.8954118855896053e-10
578.0 4.110774779553001e-08 4.608030700862042e-09 1.6676292244848007e-11 6.850416642003299e-44 2.662985157577213e-10
579.0 3.7472590336714935e-08 4.216449089519742e-09 1.540804726746999e-11 7.314903209023616e-44 2.448717389397283e-10
580.0 3.415299389333381e-08 3.85742713383035e-09 1.4233134059100774e-11 7.8052768721083e-44 2.2512337144038078e-10
581.0 3.1122127932911053e-08 3.5283235882531945e-09 1.3144946404851817e-11 8.322576610988225e-44 2.0692595775835023e-10
582.0 2.8355390251070862e-08 3.2267054696183424e-09 1.2137324106691152e-11 8.867856734883986e-44 1.9016137367883554e-10
583.0 2.583022680754975e-08 2.9503321705715905e-09 1.1204524609386077e-11 9.442185387984506e-44 1.74720172574777e-10
584.0 2.3525965682074472e-08 2.697140738006573e-09 1.034119629448418e-11 1.0046642940943842e-43 1.6050097505455333e-10
585.0 2.1423664083499753e-08 2.465232235082531e-09 9.542353354868528e-12 1.068232026835146e-43 1.4740989928124935e-10
586.0 1.95059674226052e-08 2.2528591107687754e-09 8.803352166177096e-12 1.1350316912551779e-43 1.353600294373793e-10
587.0 1.775697953083701e-08 2.0584135058925208e-09 8.119869075093201e-12 1.2051739134680358e-43 1.2427091995166142e-10
588.0 1.6162143174049014e-08 1.8804164293749724e-09 7.487879528046271e-12 1.2787697854219019e-43 1.140681332390664e-10
589.0 1.4708130072611493e-08 1.7175077427775646e-09 6.903638467359618e-12 1.3559306478882332e-43 1.0468280883448457e-10
590.0 1.338273969716092e-08 1.5684368954330408e-09 6.36366192523245e-12 1.4367678627130781e-43 9.605126192250025e-11
591.0 1.2174806163162063e-08 1.432054356334048e-09 5.864709749201741e-12 1.5213925746117894e-43 8.81146093820184e-11
592.0 1.1074112597567336e-08 1.3073036926045441e-09 5.403769395874654e-12 1.6099154628379767e-43 8.08184215747786e-11
593.0 1.0071312397441597e-08 1.1932142478012253e-09 4.978040732759163e-12 1.702446483109316e-43 7.411239821141433e-11
594.0 9.157856843727134e-09 1.0888943764990408e-09 4.584921790958418e-12 1.7990946002254422e-43 6.795006672803902e-11
595.0 8.325928573518923e-09 9.93525194612588e-10 4.2219954143085825e-12 1.89996751186262e-43 6.228850170019728e-11
596.0 7.56838045158041e-09 9.063548077143524e-10 3.8870167532659464e-12 2.0051713640834736e-43 5.708806391015296e-11
597.0 6.878679416482538e-09 8.266929822345752e-10 3.577901554455834e-12 2.114810459148761e-43 5.231215776761896e-11
598.0 6.250854908923834e-09 7.539062268828309e-10 3.2927151993094437e-12 2.228986956268971e-43 4.7927005863748057e-11
599.0 5.6794515196219425e-09 6.874132539240615e-10 3.0296624476197353e-12 2.3478005659817553e-43 4.3901439513441703e-11
600.0 5.15948552184454e-09 6.26680792084981e-10 2.7870778441599492e-12 2.4713482388891025e-43 4.020670421220646e-11
601.0 4.686404979288012e-09 5.712197248657749e-10 2.5634167487145518e-12 2.5997238495327015e-43 3.6816279000854063e-11
602.0 4.256053143787776e-09 5.205815298995614e-10 2.3572469519916495e-12 2.7330178762309684e-43 3.370570879473634e-11
603.0 3.864634879360366e-09 4.743549967432247e-10 2.167240841907267e-12 2.871317077740308e-43 3.085244879391973e-11
604.0 3.5086858694727665e-09 4.321632021078561e-10 1.9921680866670183e-12 3.014704167647506e-43 2.8235720147041835e-11
605.0 3.185044383300386e-09 3.9366072304953157e-10 1.830888802909051e-12 3.1632574874277403e-43 2.5836376094537454e-11
606.0 2.89082539422239e-09 3.585310700539623e-10 1.6823471789411305e-12 3.317050679146286e-43 2.3636777866992097e-11
607.0 2.6233968599492847e-09 3.2648432326051153e-10 1.5455655247724263e-12 3.4761523588047763e-43 2.162067966123791e-11
608.0 2.3803579886368628e-09 2.9725495629586335e-10 1.4196387222434998e-12 3.640625791362493e-43 1.9773122061087753e-11
609.0 2.1595193291569252e-09 2.7059983332579483e-10 1.3037290500751078e-12 3.810528568486761e-43 1.8080333311112366e-11
610.0 1.9588845364709908e-09 2.462963659931449e-10 1.1970613601023822e-12 3.9859122901058165e-43 1.6529637890912773e-11
611.0 1.7766336748574359e-09 2.2414081789553066e-10 1.0989185823346322e-12 4.166822250853283e-43 1.510937187400699e-11
612.0 1.6111079326432506e-09 2.039467451721776e-10 1.008637537783765e-12 4.353297132502054e-43 1.3808804589843392e-11
613.0 1.4607956321646038e-09 1.8554356262124597e-10 9.256050392448808e-13 4.54536870350054e-43 1.2618066139782259e-11
614.0 1.3243194279689455e-09 1.6877522555928231e-10 8.492542613826334e-13 4.7430615267138695e-43 1.15280803481161e-11
615.0 1.20042459485553e-09 1.5349901836986593e-10 7.790613625935239e-13 4.94639267648712e-43 1.0530502757640188e-11
616.0 1.0879683152599156e-09 1.3958444136987916e-10 7.145423421647617e-13 5.1553714661269e-43 9.617663305835564e-12
617.0 9.859098827904423e-10 1.2691218825521836e-10 6.552501172499626e-13 5.369999186896584e-43 8.782513342664048e-12
618.0 8.933017454532946e-10 1.1537320697477618e-10 6.007718051245651e-13 5.590268859599549e-43 8.01857667427773e-12
619.0 8.092813183078486e-10 1.0486783742629961e-10 5.507261970768843e-13 5.816164999810483e-43 7.319904338774884e-12
620.0 7.330635010094925e-10 9.530501987245286e-11 5.047614111328022e-13 6.047663397780854e-43 6.681032840528291e-12
621.0 6.639338409654465e-10 8.660156844356983e-11 4.625527116092761e-13 6.284730914026448e-43 6.096945588704323e-12
622.0 6.012422876792271e-10 7.868150452706302e-11 4.2380048424291217e-13 6.527325291563931e-43 5.563037303415691e-12
623.0 5.4439748832528e-10 7.14754452449717e-11 3.882283563484718e-13 6.775394985724216e-43 5.075081169602745e-12
624.0 4.928615787074923e-10 6.492004259307665e-11 3.555814521312916e-13 7.028879012436196e-43 4.629198534300597e-12
625.0 4.4614542753721507e-10 5.895746915898533e-11 3.256247739065036e-13 7.287706815814405e-43 4.221830957453828e-12
626.0 4.038042954481715e-10 5.353494665520008e-11 2.981417005720849e-13 7.551798155849383e-43 3.849714439997033e-12
627.0 3.6543387336535457e-10 4.860431379756128e-11 2.729325952401807e-13 7.821063016927052e-43 3.5098556655385e-12
628.0 3.306666677896273e-10 4.4121630332013395e-11 2.498135144574898e-13 8.095401537864258e-43 3.199510103773254e-12
629.0 2.991687032638318e-10 4.004681426424235e-11 2.2861501193847325e-13 8.37470396406326e-43 2.916161834712173e-12
630.0 2.7063651477408725e-10 3.634330957962765e-11 2.0918103020063432e-13 8.65885062234843e-43 2.657504963051603e-12
631.0 2.447944051229472e-10 3.2977781955752136e-11 1.913678739263857e-13 8.947711918953501e-43 2.4214265015151664e-12
632.0 2.2139194441023778e-10 2.9919840168394556e-11 1.7504325928643992e-13 9.24114836108344e-43 2.2059906108709525e-12
633.0 2.0020169068335427e-10 2.7141781075155575e-11 1.600854338436077e-13 9.539010602376193e-43 2.0094240925663456e-12
634.0 1.810171125879848e-10 2.461835623014214e-11 1.4638236201698413e-13 9.841139512533741e-43 1.830103037597801e-12
635.0 1.636506964733786e-10 2.232655833925214e-11 1.3383097142460904e-13 1.0147366271307024e-42 1.6665405423632303e-12
636.0 1.4793222189573735e-10 2.024542590963467e-11 1.223364557397147e-13 1.0457512486937628e-42 1.5173754088738184e-12
637.0 1.3370719082968836e-10 1.8355864579740498e-11 1.1181162999272342e-13 1.077139033908275e-42 1.3813617528623207e-12
638.0 1.2083539715104397e-10 1.6640483738866782e-11 1.0217633452944727e-13 1.1088802746171184e-42 1.2573594490481382e-12
639.0 1.091896241027704e-10 1.5083447157952455e-11 9.335688409616654e-14 1.1409543557052557e-42 1.1443253481303939e-12
640.0 9.865445850935543e-11 1.3670336457406398e-11 8.528555876597958e-14 1.173339776672071e-42 1.0413052050127723e-12
641.0 8.912521146996022e-11 1.2388026333571636e-11 7.790013364873016e-14 1.206014175581686e-42 9.474262623404949e-13
642.0 8.050693614487229e-11 1.1224570553647469e-11 7.114344453973491e-14 1.2389543553527498e-42 8.618904376731015e-13
643.0 7.271353405993044e-11 1.016909781015363e-11 6.49629868617628e-14 1.2721363123423484e-42 7.839680665546304e-13
644.0 6.566694209517051e-11 9.211716600771038e-12 5.931054544054351e-14 1.3055352671696001e-42 7.129921573897474e-13
645.0 5.929639300321376e-11 8.343428368220587e-12 5.414185282786869e-14 1.339125697718222e-42 6.483531174172779e-13
646.0 5.353774292440806e-11 7.556048198120514e-12 4.9416274048329116e-14 1.3728813742483443e-42 5.894939122036414e-13
647.0 4.833285993465477e-11 6.842132430984397e-12 4.5096515797016983e-14 1.4067753965414378e-42 5.359056239802296e-13
648.0 4.362906818231424e-11 6.194912598046677e-12 4.1148358256582966e-14 1.4407802329957945e-42 4.871233768345128e-13
649.0 3.9378642646572474e-11 5.6082351397916295e-12 3.754040783347299e-14 1.474867761580844e-42 4.427225992494687e-13
650.0 3.5538349985113636e-11 5.076506411289402e-12 3.424386923582721e-14 1.5090093125558022e-42 4.023155967868624e-13
651.0 3.2069031336861836e-11 4.594642519963865e-12 3.1232335429587e-14 1.5431757128479715e-42 3.655484098357133e-13
652.0 2.8935223309509893e-11 4.158023579585694e-12 2.848159411578951e-14 1.5773373319839975e-42 3.320979333154161e-13
653.0 2.6104813713970863e-11 3.76245199930596e-12 2.5969449470933227e-14 1.6114641294588576e-42 3.016692770401714e-13
654.0 2.3548728911774178e-11 3.404114458719756e-12 2.3675557984489374e-14 1.6455257034253393e-42 2.7399334713245334e-13
655.0 2.1240649918878016e-11 3.0795472494591343e-12 2.1581277313262994e-14 1.6794913405793932e-42 2.488246304247039e-13
656.0 1.9156754662876243e-11 2.785604690908592e-12 1.966952715204805e-14 1.7133300671146418e-42 2.259391652226134e-13
657.0 1.727548402199494e-11 2.5194303524835966e-12 1.7924661194097078e-14 1.747010700615256e-42 2.0513268312690963e-13
658.0 1.5577329485533043e-11 2.2784308377010353e-12 1.6332349323766156e-14 1.7805019027530606e-42 1.8621890783228326e-13
659.0 1.4044640468221234e-11 2.060251906166282e-12 1.487946924765112e-14 1.8137722326507023e-42 1.6902799794948065e-13
660.0 1.2661449486968646e-11 1.862756728763418e-12 1.3554006829973314e-14 1.8467902007750062e-42 1.5340512193720062e-13
661.0 1.1413313568927245e-11 1.6840060888820176e-12 1.2344964453052319e-14 1.8795243232158856e-42 1.3920915418893245e-13
662.0 1.0287170406291044e-11 1.5222403586098764e-12 1.1242276774951456e-14 1.9119431762125487e-42 1.263114822051196e-13
663.0 9.271207906730084e-12 1.3758630935508891e-12 1.0236733303820427e-14 1.9440154507825304e-42 1.1459491559577994e-13
664.0 8.354745910116986e-12 1.2434261034254618e-12 9.3199072525137e-15 1.9757100073109825e-42 1.0395268841015704e-13
665.0 7.528128953192133e-12 1.123615867970034e-12 8.484090177907713e-15 2.006995929958674e-42 9.428754698222771e-14
666.0 6.782629064946348e-12 1.0152411789633017e-12 7.722231947176337e-15 2.0378425807472463e-42 8.551091611822196e-14
667.0 6.110357667663306e-12 9.172218995604968e-13 7.0278856083541e-15 2.0682196531802662e-42 7.754213703927592e-14
668.0 5.504185742539488e-12 8.285787415928746e-13 6.395156775016851e-15 2.0980972252633395e-42 7.03077710328173e-14
669.0 4.957671495267849e-12 7.484239701552532e-13 5.818657164983362e-15 2.127445811786596e-42 6.374096326343439e-14
670.0 4.464994826619736e-12 6.759529527318583e-13 5.293461960793548e-15 2.1562364157356916e-42 5.778086165151781e-14
671.0 4.020897976478702e-12 6.104364773605642e-13 4.8150706855022135e-15 2.1844405787020418e-42 5.237208614889368e-14
672.0 3.620631767500113e-12 5.512137709618419e-13 4.3793713111680535e-15 2.212030430165408e-42 4.7464244127598195e-14
673.0 3.2599069271139903e-12 4.976861550168304e-13 3.9826073394804175e-15 2.2389787355261595e-42 4.301148795380614e-14
674.0 2.934850014397943e-12 4.493112813144734e-13 3.621347614362424e-15 2.2652589427694394e-42 3.8972111145961774e-14
675.0 2.6419635218453292e-12 4.0559789554536786e-13 3.292458645244529e-15 2.2908452276477708e-42 3.5308179816694956e-14
676.0 2.3780897616204448e-12 3.6610108113982574e-13 2.993079237126425e-15 2.3157125372732307e-42 3.198519637419016e-14
677.0 2.1403781818817723e-12 3.3041793996753024e-13 2.720597239648488e-15 2.3398366320179146e-42 2.8971792712316003e-14
678.0 1.9262557914712205e-12 2.9818367036802904e-13 2.4726282422573306e-15 2.3631941256241386e-42 2.6239450351620027e-14
679.0 1.7334004010211879e-12 2.6906800649913095e-13 2.2469960562860992e-15 2.385762523433853e-42 2.3762245207137832e-14
680.0 1.5597164155700088e-12 2.4277198620001475e-13 2.0417148374421778e-15 2.4075202586531595e-42 2.1516614855148998e-14
681.0 1.403312938351816e-12 2.1902501749521599e-13 1.854972713892114e-15 2.428446726572006e-42 1.948114635106206e-14
682.0 1.2624839677594792e-12 1.9758221653856022e-13 1.6851167959285325e-15 2.448522316669187e-42 1.7636382815817194e-14
683.0 1.1356904897645294e-12 1.7822199223369813e-13 1.5306394531559038e-15 2.4677284425363083e-42 1.5964647159670084e-14
684.0 1.0215442865068953e-12 1.607438549914385e-13 1.3901657543132958e-15 2.4860475695632286e-42 1.444988145116338e-14
685.0 9.187932985040237e-13 1.4496642911154758e-13 1.2624419733165232e-15 2.50346324033573e-42 1.3077500566472394e-14
686.0 8.263083931221745e-13 1.307256501243747e-13 1.14632507289777e-15 2.5199600976976416e-42 1.1834258871008672e-14
687.0 7.430714057541441e-13 1.178731301130321e-13 1.040773084414687e-15 2.5355239054455433e-42 1.070812879221457e-14
688.0 6.681643326664226e-13 1.0627467557132813e-13 9.448363090158596e-16 2.5501415666237583e-42 9.688190240433006e-15
689.0 6.00759565847397e-13 9.580894375184279e-14 8.576492714510318e-16 2.5638011393983344e-42 8.764529924554655e-15
690.0 5.401110705003656e-13 8.636622473255047e-14 7.784233634272274e-16 2.576491850494502e-42 7.928149691345947e-15
691.0 4.85546415183116e-13 7.784733759108665e-14 7.064401185814337e-16 2.588204106191031e-42 7.170883092653103e-15
692.0 4.3645957308276815e-13 7.016263013243305e-14 6.410450658953963e-16 2.5989295008687314e-42 6.485319453573471e-15
693.0 3.9230442061404624e-13 6.323107257818008e-14 5.816421127558333e-16 2.6086608231212447e-42 5.8647347777689555e-15
694.0 3.525888665089997e-13 5.697943650124384e-14 5.276884128871708e-16 2.6173920594388153e-42 5.3030288837874466e-15
695.0 3.1686955089695114e-13 5.134155108729444e-14 4.786896780874912e-16 2.6251183954860606e-42 4.7946682190680135e-15
696.0 2.8474705961059647e-13 4.625762952944886e-14 4.3419589610088767e-16 2.631836214999671e-42 4.334633846580624e-15
697.0 2.5586160415537523e-13 4.167365902284122e-14 3.9379742008848084e-16 2.63754309633666e-42 3.918374143211857e-15
698.0 2.298891224926664e-13 3.754084842608786e-14 3.5712139803579923e-16 2.6422378067132725e-42 3.5417617893812024e-15
699.0 2.065377600579917e-13 3.381512820269226e-14 3.238285130756984e-16 2.6459202941778852e-42 3.2010546662733013e-15
700.0 1.8554469430461793e-13 3.045669775198384e-14 2.936100081325899e-16 2.64859167736671e-42 2.8928603107973693e-15
