200.0 0.0 0.0 0.0 0.0 0.0
201.0 0.0 0.0 0.0 0.0 0.0
202.0 0.0 0.0 0.0 0.0 0.0
203.0 0.0 0.0 0.0 0.0 0.0
204.0 0.0 0.0 0.0 0.0 0.0
205.0 0.0 0.0 0.0 0.0 0.0
206.0 0.0 0.0 0.0 0.0 0.0
207.0 0.0 0.0 0.0 0.0 0.0
208.0 0.0 0.0 0.0 0.0 0.0
209.0 0.0 0.0 0.0 0.0 0.0
210.0 0.0 0.0 0.0 0.0 0.0
211.0 0.0 0.0 0.0 0.0 0.0
212.0 0.0 0.0 0.0 0.0 0.0
213.0 0.0 0.0 0.0 0.0 0.0
214.0 0.0 0.0 0.0 0.0 0.0
215.0 0.0 0.0 0.0 0.0 0.0
216.0 1.1102214653469435e-16 5.197247546858217e-25 2.668227046070163e-35 3.998296821324576e-119 1.5452498931635744e-22
217.0 1.1102213647297224e-16 5.677521453089045e-25 3.2510634605271237e-35 1.2370811607811917e-118 1.6443215612236303e-22
218.0 1.1102212586017056e-16 6.197149924467345e-25 3.9540388217334816e-35 3.788097422467919e-118 1.7487478022916822e-22
219.0 1.1102211467167357e-16 6.758928994205401e-25 4.8004285645511236e-35 1.148168209190753e-117 1.8587603697977193e-22
220.0 1.1102210288204003e-16 7.365821046017346e-25 5.817726238423243e-35 3.4451794926593646e-117 1.9745982583391165e-22
221.0 2.2204418092990708e-16 1.6041925212690843e-24 1.4076708888565306e-34 2.0470552877938468e-116 4.193015643352693e-22
222.0 2.220441547864515e-16 1.7455344772482948e-24 1.7000972822251409e-34 6.022225909902476e-116 4.449485778854826e-22
223.0 3.3306619091628916e-16 2.846837872725681e-24 3.0746981895248467e-34 2.6319208987383266e-115 7.078694647137095e-22
224.0 3.3306614751764673e-16 3.093009718051967e-24 3.700961901251408e-34 7.5954010844043745e-115 7.50372877900872e-22
225.0 4.4408813585848417e-16 4.477322757613745e-24 5.929933273593042e-34 2.8951826411499706e-114 1.0600215857730163e-21
226.0 5.551100899202197e-16 6.071708017590556e-24 8.893037183133607e-34 1.0250273279145822e-113 1.4031414339122353e-21
227.0 6.661320071934106e-16 7.898831404685723e-24 1.2782765105138875e-33 3.452092749781957e-113 1.7821335268181826e-21
228.0 8.881758686101279e-16 1.1409448663837748e-23 2.038305768435985e-33 1.2801347158267587e-112 2.5137392380047158e-21
229.0 9.991976857395084e-16 1.3895578985545804e-23 2.7380979953641936e-33 3.9697476439913967e-112 2.990202010548608e-21
230.0 1.3322633481789036e-15 2.004357558835416e-23 4.35256283938774e-33 1.4461960220322861e-111 4.213629711198117e-21
231.0 1.5543069547373071e-15 2.5280522280191718e-23 6.044885218062359e-33 4.570040327911638e-111 5.192928160544629e-21
232.0 1.8873723682610836e-15 3.316492700394389e-23 8.724742247645093e-33 1.4902407136942968e-110 6.6578974519255905e-21
233.0 2.3314595151574313e-15 4.4231672344291316e-23 1.2791529707001319e-32 4.9018471220570897e-110 8.679780910351564e-21
234.0 2.886568315156948e-15 5.908631027848619e-23 1.8768957190554786e-32 1.6025494930497511e-109 1.1336110969193826e-20
235.0 3.441676847117281e-15 7.596155084216901e-23 2.6482825317094317e-32 5.003898724962716e-109 1.425135780493233e-20
236.0 4.218828709333937e-15 1.0033606161624615e-22 3.836208864560178e-32 1.5932936635866584e-108 1.8411408052921426e-20
237.0 5.107001940687113e-15 1.3079731769072808e-22 5.479999898341829e-32 4.969778479465753e-108 2.3478892634945547e-20
238.0 6.106196429866523e-15 1.6830651483703143e-22 7.721207742185871e-32 1.5189885705468473e-107 2.956029609146969e-20
239.0 7.438455504494713e-15 2.2051764372299545e-22 1.106879955137565e-31 4.693191184866255e-107 3.7901773457799267e-20
240.0 8.881735464349199e-15 2.830252864835154e-22 1.5532082184371754e-31 1.4103168818069638e-106 4.761327185600453e-20
241.0 1.0769101145318032e-14 3.686492765856527e-22 2.21026086900896e-31 4.2707613351058116e-106 6.071277200897959e-20
242.0 1.2878508831827387e-14 4.733135708723771e-22 3.0980416031128122e-31 1.2659402854307152e-105 7.63230739256848e-20
243.0 1.5432001421309468e-14 6.085568747385338e-22 4.345441966995919e-31 3.732046662195125e-105 9.610006446007344e-20
244.0 1.8540599941291746e-14 7.840566810705281e-22 6.103303166372738e-31 1.0950174317977875e-104 1.2127185972788366e-19
245.0 2.209328218811864e-14 1.0013386111615507e-21 8.49135797300689e-31 3.1634752385589744e-104 1.51725005731878e-19
246.0 2.6423111977982025e-14 1.2827943637128947e-21 1.1842125753537184e-30 9.106850964045306e-104 1.9044497523271124e-19
247.0 3.153008827126568e-14 1.6387356425309876e-21 1.6457329668515916e-30 2.597171374120199e-103 2.3841271963770307e-19
248.0 3.7525231341600267e-14 2.0867908862133345e-21 2.2783070891411966e-30 7.335646831620398e-103 2.9756263989001725e-19
249.0 4.451956119732466e-14 2.6475388982127424e-21 3.140270881402104e-30 2.0511184937313386e-102 3.7007591308149767e-19
250.0 5.2957161466681506e-14 3.366037943286822e-21 4.3345824745859296e-30 5.710982303677029e-102 4.613023670594142e-19
251.0 6.272700860919754e-14 4.259135119773257e-21 5.95070871990326e-30 1.572692933224582e-101 5.723671246275385e-19
252.0 7.427318513135527e-14 5.384481171573971e-21 8.156973374977692e-30 4.300477574391865e-101 7.096615561310321e-19
253.0 8.781773022388388e-14 6.793821520762194e-21 1.1152171850495467e-29 1.166510484348966e-100 8.782991637877623e-19
254.0 1.0369370350365103e-13 8.55622540715333e-21 1.520943864438859e-29 3.139359726497711e-100 1.085169176379188e-18
255.0 1.2223416363299384e-13 1.0752284595782611e-20 2.068455144068676e-29 8.38025868309305e-100 1.3380368685614804e-18
256.0 1.4399421019575495e-13 1.3496292191168438e-20 2.8080583996799716e-29 2.221328155211312e-99 1.6481560736159266e-18
257.0 1.6930689932172007e-13 1.690016363287695e-20 3.80070295580249e-29 5.839885615636794e-99 2.0256060767833167e-18
258.0 1.9894936930719845e-13 2.1139447914138363e-20 5.135540332461797e-29 1.5248433745340856e-98 2.4871437384595892e-18
259.0 2.333656936739563e-13 2.6382343574999517e-20 6.919369484766761e-29 3.9499812949371245e-98 3.0473756522968547e-18
260.0 2.734440270207926e-13 3.287478859822786e-20 9.302954877254207e-29 1.0159096627741532e-97 3.728571407023289e-18
261.0 3.2007252086010307e-13 4.0903111752289546e-20 1.2481482716842922e-28 2.594462225102932e-97 4.555788033683474e-18
262.0 3.741393233568502e-13 5.079867133067455e-20 1.6705676033302364e-28 6.57746091600537e-97 5.557087984312345e-18
263.0 4.368656405313214e-13 6.299090383258921e-20 2.2312295351509145e-28 1.6559297751907266e-96 6.768928509101989e-18
264.0 5.0947267352043e-13 7.797654528215124e-20 2.973313856187749e-28 4.13957953982619e-96 8.232125421961347e-18
265.0 5.934036588346486e-13 9.636312783467466e-20 3.9532694823157068e-28 1.0276084990404774e-95 9.995921724749623e-18
266.0 6.904348873087141e-13 1.1890704991924298e-19 5.245453483352152e-28 2.5337941727700112e-95 1.2121069639711757e-17
267.0 8.024536619341314e-13 1.4650007775220683e-19 6.945555976664986e-28 6.205781439911636e-95 1.467740741255348e-17
268.0 9.315693168087233e-13 1.8020922987462019e-19 9.177119375480045e-28 1.509745405296828e-94 1.7746912598355338e-17
269.0 1.0802242354172594e-12 2.213261812681448e-19 1.2100167997454963e-27 3.648594074510846e-94 2.1427345049407592e-17
270.0 1.251304868163812e-12 2.714276962582849e-19 1.5922588223988964e-27 8.760632523150826e-94 2.5836543753299985e-17
271.0 1.4479196897945744e-12 3.3237230769109087e-19 2.091025807381422e-27 2.0899758114479077e-93 3.1110289589112274e-17
272.0 1.6735102167827072e-12 4.063658976008705e-19 2.7403341710972094e-27 4.953807613502961e-93 3.7406676675029444e-17
273.0 1.9322950824793046e-12 4.961260673353407e-19 3.584339492676151e-27 1.1668448537296509e-92 4.491895678759177e-17
274.0 2.228714934422905e-12 6.04819761620538e-19 4.679025480239066e-27 2.7312598658535285e-92 5.386688287021445e-17
275.0 2.5679875277625627e-12 7.3627877579204e-19 6.096323092722192e-27 6.353818920619654e-92 6.451316525773553e-17
276.0 2.9558856804691875e-12 8.950388746096519e-19 7.927752957974611e-27 1.4691017259071565e-91 7.716307741362309e-17
277.0 3.3988482866676754e-12 1.086475115340261e-18 1.0289613994195221e-26 3.376223294927746e-91 9.217217082834439e-17
278.0 3.904313366535699e-12 1.3170343538136614e-18 1.333025163079811e-26 7.712863315601949e-91 1.0996128275860865e-16
279.0 4.48038500046267e-12 1.5942804298350577e-18 1.723697328589867e-26 1.7515300349689801e-90 1.310146318983619e-16
280.0 5.1364994327015086e-12 1.927293590696904e-18 2.2248182636044702e-26 3.9544256941191524e-90 1.5590661847175492e-16
281.0 5.882980984142119e-12 2.3267268736369384e-18 2.86642079915327e-26 8.87631649209045e-90 1.852986869242046e-16
282.0 6.731486114310901e-12 2.805201514549425e-18 3.6864312784685166e-26 1.9810387555480075e-89 2.199628892950034e-16
283.0 7.695003405951443e-12 3.377587552784593e-18 4.7325805482722314e-26 4.396296860934127e-89 2.6079425807916414e-16
284.0 8.788075584359655e-12 4.0614162850578106e-18 6.064878488130832e-26 9.701509382320443e-89 3.0883187270200907e-16
285.0 1.0027132551191966e-11 4.877410483481679e-18 7.758773027455244e-26 2.1290316652171372e-88 3.6528661588639994e-16
286.0 1.143038034280621e-11 5.8498753980125265e-18 9.908718155312225e-26 4.646644574572262e-88 4.315559082047599e-16
287.0 1.3018134157701148e-11 7.007356907703736e-18 1.263287511503e-25 1.0086378348048252e-87 5.092562408992177e-16
288.0 1.481304036129248e-11 8.383339294151855e-18 1.6078816461038684e-25 2.1776760010370566e-87 6.00255340871575e-16
289.0 1.6840298485974256e-11 1.0017038089646568e-17 2.0430516473898593e-25 4.676666386167427e-87 7.06707840945091e-16
290.0 1.9128105259917297e-11 1.1954436667747608e-17 2.5917193035131284e-25 9.990587282127479e-87 8.31104359318651e-16
291.0 2.1707654560959966e-11 1.424918886950621e-17 3.2823550635928973e-25 2.12314170268402e-86 9.763066698061912e-16
292.0 2.461369244936342e-11 1.6963992091710138e-17 4.150301590749565e-25 4.488733137998713e-86 1.1456110702226409e-15
293.0 2.788496117380265e-11 2.0172087972474647e-17 5.23938229982208e-25 9.441718115103112e-86 1.3428142313088041e-15
294.0 3.156419910301593e-11 2.3958633461493967e-17 6.603773960560354e-25 1.9759757360139237e-85 1.5722642634152177e-15
295.0 3.569880674705814e-11 2.8422732368727144e-17 8.310401020130654e-25 4.114687420060322e-85 1.8389494375092286e-15
296.0 4.034140174860207e-11 3.367966781003374e-17 1.0441834504301717e-24 8.5258808318576e-85 2.148591449705293e-15
297.0 4.555037386006173e-11 3.9863433016429203e-17 1.3099814766060194e-24 1.7579731810079863e-84 2.507748736720218e-15
298.0 5.1389884829851095e-11 4.712908163217711e-17 1.640934370063155e-24 3.607237369293234e-84 2.9238989740532606e-15
299.0 5.7931311472598406e-11 5.56566801015069e-17 2.052406290270599e-24 7.366302978771806e-84 3.4056116273386703e-15
300.0 6.525324551959438e-11 6.565443087248187e-17 2.563230097526615e-24 1.4971220737096578e-83 3.962655071402073e-15
301.0 7.34424925861601e-11 7.736313191732948e-17 3.1964688359329106e-24 3.0284350813242705e-83 4.6061730745752685e-15
302.0 8.259473806923069e-11 9.106086570138702e-17 3.980320887296028e-24 6.0975140155599834e-83 5.348858907678472e-15
303.0 9.281565707476417e-11 1.0706875489064228e-16 4.949229092899925e-24 1.2220296270730745e-82 6.205175498758253e-15
304.0 1.0422124721722787e-10 1.2575652641428194e-16 6.145171945193199e-24 2.4379443926356635e-82 7.191545081282024e-15
305.0 1.1693949355195172e-10 1.4755031809020208e-16 7.619283559561531e-24 4.841712621959229e-82 8.326648126064057e-15
306.0 1.3111103434375045e-10 1.7294022976368808e-16 9.433738392544479e-24 9.572526848361599e-82 9.631682086829542e-15
307.0 1.4689038186233378e-10 2.0248945240421127e-16 1.1664036623067869e-23 1.8841929564804714e-81 1.1130683884790038e-14
308.0 1.6444747616559952e-10 2.368449621197757e-16 1.440176314014558e-23 3.6924501792473635e-81 1.2850909223658163e-14
309.0 1.8396857275419088e-10 2.7674852359501603e-16 1.7757823414402606e-23 7.204646301495573e-81 1.4823195844548158e-14
310.0 2.0565801826637756e-10 3.2305025560315323e-16 2.186637305246382e-23 1.3997087434369975e-80 1.7082430651716594e-14
311.0 2.2973980407896092e-10 3.767234615950504e-16 2.6889477627853034e-23 2.70774474774913e-80 1.9668043198226693e-14
312.0 2.564594528663931e-10 4.3888171192869247e-16 3.3022689348282906e-23 5.2160400768139045e-80 2.262457332704204e-14
313.0 2.860852390126821e-10 5.107967118920578e-16 4.050157812407839e-23 1.0005857851317974e-79 2.6002231086802207e-14
314.0 3.189112961103104e-10 5.939215251924903e-16 4.9609729029863224e-23 1.911462818819273e-79 2.9857678456507716e-14
315.0 3.5525872616399313e-10 6.899128047171304e-16 6.068793373402575e-23 3.6365742999397974e-79 3.4254697663283696e-14
316.0 3.9547848484538845e-10 8.006587843569022e-16 7.414532228855101e-23 6.890506040913639e-79 3.9265085896845236e-14
317.0 4.3995371156504976e-10 9.283093360344457e-16 9.047243305725737e-23 1.3003447145859805e-78 4.496957708426971e-14
318.0 4.891025034380581e-10 1.0753102265927357e-15 1.1025671590451816e-22 2.4441683095826064e-78 5.145888930473095e-14
319.0 5.433809111045753e-10 1.2444416139659145e-15 1.3420085916279589e-22 4.575992944307748e-78 5.883488782065702e-14
320.0 6.032857123580507e-10 1.438860179343723e-15 1.6314430737938561e-22 8.533696496844897e-78 6.721182441040899e-14
321.0 6.693584066584615e-10 1.662148668122581e-15 1.9808888266471005e-22 1.5852681624683547e-77 7.671781920836334e-14
322.0 7.421879883459502e-10 1.918367741248979e-15 2.4022854673494453e-22 2.933577403276309e-77 8.7496330790015e-14
323.0 8.22415495723445e-10 2.2121177558213065e-15 2.9098484125001915e-22 5.408006372149647e-77 9.970795693669644e-14
324.0 9.107377828193241e-10 2.5486050703398554e-15 3.520482005680314e-22 9.932005741657408e-77 1.1353229639310584e-13
325.0 1.0079121788998375e-09 2.93371765836739e-15 4.254266299762616e-22 1.8172388498019252e-76 1.2917007500447948e-13
326.0 1.114761036644441e-09 3.3741082461695512e-15 5.135026024233046e-22 3.312663086630096e-76 1.468454349026748e-13
327.0 1.2321770569874683e-09 3.87728829410246e-15 6.190998679298393e-22 6.016549837400815e-76 1.668085138711879e-13
328.0 1.3611286135529323e-09 4.4517315981024455e-15 7.45561444874605e-22 1.088773048549587e-75 1.8933823693683856e-13
329.0 1.5026654096566462e-09 5.106989388327719e-15 8.96840697306169e-22 1.9631847036882426e-75 2.147453792307353e-13
330.0 1.6579251338375354e-09 5.853820370631091e-15 1.0776079913557626e-21 3.5272251704444926e-75 2.4337601874235625e-13
331.0 1.8281397818335959e-09 6.704332638492627e-15 1.2933746154717357e-21 6.314914762022659e-75 2.7561521860404554e-13
332.0 2.0146426439758165e-09 7.672141927557846e-15 1.5506372059943434e-21 1.12662122510583e-74 3.1189109894315573e-13
333.0 2.218876623920034e-09 8.772550541481553e-15 1.857046478802283e-21 2.0029877205979877e-74 3.526794380926478e-13
334.0 2.4424012246510594e-09 1.0022738551384328e-14 2.2216019076834294e-21 3.5488044234143415e-74 3.985084240889539e-13
335.0 2.6869023086745234e-09 1.144198464207367e-14 2.6548796631963836e-21 6.266177735842318e-74 4.4996422324377984e-13
336.0 2.9542003033364194e-09 1.3051901840991523e-14 3.1692951461088178e-21 1.1026899526023317e-73 5.076967243561363e-13
337.0 3.2462608471334984e-09 1.4876706265044805e-14 3.7794090402843305e-21 1.9339591565218536e-73 5.724261373189169e-13
338.0 3.5652046579669325e-09 1.6943508019605318e-14 4.502280217338495e-21 3.3806271330791096e-73 6.449499624610741e-13
339.0 3.913318621198559e-09 1.9282635017137028e-14 5.357874466898719e-21 5.890010802909537e-73 7.261507017950122e-13
340.0 4.293068208355585e-09 2.1927993705170358e-14 6.369537739679928e-21 1.0228604893592787e-72 8.170043988530142e-13
341.0 4.707109228456372e-09 2.4917459974438615e-14 7.564540543437772e-21 1.7705600716830236e-72 9.185896903779185e-13
342.0 5.158301797674084e-09 2.829331755884026e-14 8.974707931020996e-21 3.0550000276671283e-72 1.0320979556543547e-12
343.0 5.649724085311614e-09 3.2102735527235366e-14 1.0637143836322726e-20 5.254485992541e-72 1.1588441716634021e-12
344.0 6.184687611813405e-09 3.639829780334103e-14 1.2595066114306314e-20 9.009066052904582e-72 1.3002788756113555e-12
345.0 6.766752988708275e-09 4.1238583130844445e-14 1.4898766138618558e-20 1.539826224341062e-71 1.4580010891356241e-12
346.0 7.399747321175972e-09 4.668880710100025e-14 1.7606713046679742e-20 2.6237221449773634e-71 1.6337725310550817e-12
347.0 8.087781386207563e-09 5.282151995836544e-14 2.078681874467321e-20 4.456868037370984e-71 1.82953279776161e-12
348.0 8.835269360843666e-09 5.971738242759824e-14 2.451789249350749e-20 7.547776219843623e-71 2.047416192972063e-12
349.0 9.646948547497952e-09 6.746600989043856e-14 2.889130525164309e-20 1.2743740575624342e-70 2.2897697494422695e-12
350.0 1.0527900871897723e-08 7.616690229352883e-14 3.401289702956006e-20 2.1452342737957537e-70 2.5591729290051604e-12
351.0 1.148357559839646e-08 8.593046345967777e-14 4.0005159180288046e-20 3.6005060172102033e-70 2.8584589913123883e-12
352.0 1.2519812707420342e-08 9.687911290509948e-14 4.7009726768180876e-20 6.025239779652421e-70 3.190738001881025e-12
353.0 1.3642868932392783e-08 1.0914851300164677e-13 5.519022984026324e-20 1.0053515924905077e-69 3.5594220942816695e-12
354.0 1.4859443792166482e-08 1.2288890047081141e-13 6.473554193723347e-20 1.6726503960221226e-69 3.968252458364762e-12
355.0 1.6176707949187565e-08 1.3826654879832824e-13 7.586348709071607e-20 2.7748950645766276e-69 4.4213287676942695e-12
356.0 1.7602333116049765e-08 1.5546536631557075e-13 8.882506315715524e-20 4.590422084079639e-69 4.923141010780054e-12
357.0 1.914452373191139e-08 1.7468864279925326e-13 1.0390925019566512e-19 7.572403078685509e-69 5.478603945268861e-12
358.0 2.081204952044932e-08 1.9616094819054315e-13 1.214484749740952e-19 1.2456617443681016e-68 6.0930940878709014e-12
359.0 2.2614280926363515e-08 2.2013021368411005e-13 1.418248268703687e-19 2.043440384940167e-68 6.772489976911523e-12
360.0 2.4561226320020178e-08 2.4686999985439383e-13 1.6547711638318003e-19 3.3429454821691996e-68 7.523215606655699e-12
361.0 2.6663569970878132e-08 2.7668195582726704e-13 1.9290887601766974e-19 5.4539607156211e-68 8.35228691729324e-12
362.0 2.893271411810403e-08 3.098985180504846e-13 2.2469744516133896e-19 8.874010102351353e-68 9.267362562500719e-12
363.0 3.1380821253649926e-08 3.468858272683702e-13 2.6150424834970463e-19 1.4400007954468411e-67 1.0276798010566948e-11
364.0 3.402086016797998e-08 3.8804691768193387e-13 3.04086441549757e-19 2.3305050040802178e-67 1.1389704313713137e-11
365.0 3.686665331626683e-08 4.3382517260827317e-13 3.533100771771063e-19 3.7617621169851355e-67 1.2616011043974442e-11
366.0 3.9932927612449274e-08 4.847080904686545e-13 4.1016499268407453e-19 6.056141086221743e-67 1.396653435365503e-11
367.0 4.3235366874671706e-08 5.412313636760438e-13 4.757816171844787e-19 9.724634500343122e-67 1.5453049867194888e-11
368.0 4.679066769645099e-08 6.039833148455929e-13 5.514499461008192e-19 1.5575156496224735e-66 1.7088371312576486e-11
369.0 5.0616597743648734e-08 6.73609704641241e-13 6.386409354693633e-19 2.488183807811003e-66 1.8886434886947267e-11
370.0 5.4732057252759944e-08 7.508189483252516e-13 7.390306143380461e-19 3.9649013973967253e-66 2.086238997932327e-11
371.0 5.915714328523968e-08 8.363877648847921e-13 8.545272332826629e-19 6.302184295749395e-66 2.3032696461186717e-11
372.0 6.391321773501807e-08 9.311673038339068e-13 9.873018215214571e-19 9.992343925259046e-66 2.5415229315402575e-11
373.0 6.902297786713016e-08 1.0360897666795237e-12 1.1398225354602037e-18 1.5804105102262335e-65 2.802939055426686e-11
374.0 7.451053082812912e-08 1.1521755788400359e-12 1.3148932614972333e-18 2.4934881407549298e-65 3.089622941611863e-11
375.0 8.04014721264299e-08 1.2805411519238563e-12 1.5156969686107742e-18 3.924533836480984e-65 3.4038571333603856e-11
376.0 8.672296686018755e-08 1.4224072585195898e-12 1.745844335007484e-18 6.161985048037289e-65 3.7481155658794374e-11
377.0 9.350383557678423e-08 1.579108091713857e-12 2.009428285094816e-18 9.65191131149662e-65 4.125078343323212e-11
378.0 1.0077464453961465e-07 1.752101054452609e-12 2.3110851076942685e-18 1.5082535889732412e-64 4.537647569476516e-11
379.0 1.0856779895769957e-07 1.942977303859121e-12 2.6560628653418e-18 2.3513210270073778e-64 4.9889642259158686e-11
380.0 1.1691764172706994e-07 2.1534731459193976e-12 3.0502979676944824e-18 3.657076712995505e-64 5.4824262701534226e-11
381.0 1.2586055668269267e-07 2.3854823219432508e-12 3.500500799534083e-18 5.6747767328382336e-64 6.021707977617504e-11
382.0 1.3543507547062257e-07 2.6410692293501696e-12 4.014251378230835e-18 8.785448805909235e-64 6.61078055180562e-11
383.0 1.4568199114323376e-07 2.9224831985763795e-12 4.6001062294801874e-18 1.3570236182633209e-63 7.253934221254196e-11
384.0 1.5664447459172865e-07 3.232173820840636e-12 5.267717594066334e-18 2.0913507407699694e-63 7.955801713895991e-11
385.0 1.6836819891484357e-07 3.572807498102469e-12 6.027966460605734e-18 3.215807261018837e-63 8.721383436816839e-11
386.0 1.8090146650664003e-07 3.9472851887771276e-12 6.8931107461274715e-18 4.93383237632954e-63 9.556074188220954e-11
387.0 1.9429534429434796e-07 4.358761540940021e-12 7.8769504323609e-18 7.552965617837902e-63 1.0465691762620636e-10
388.0 2.0860380279606666e-07 4.810665409965378e-12 8.995011306537454e-18 1.153710327880781e-62 1.1456507321976397e-10
389.0 2.2388386320851823e-07 5.306721943042192e-12 1.0264749437509743e-17 1.7584480824923598e-62 1.2535277850889157e-10
390.0 2.4019574874896297e-07 5.8509762443203025e-12 1.1705778408722761e-17 2.674379798464622e-62 1.3709280597197387e-10
391.0 2.576030444603692e-07 6.4478188196259275e-12 1.3340121868384467e-17 4.05867773698733e-62 1.498634983496531e-10
392.0 2.7617286292347854e-07 7.102012853008173e-12 1.5192493912033264e-17 6.146404341208887e-62 1.6374915926081265e-10
393.0 2.9597601642445973e-07 7.81872344119151e-12 1.7290610182385098e-17 9.288376273990299e-62 1.788404682582246e-10
394.0 3.170871971241813e-07 8.603548947449314e-12 1.9665532915821813e-17 1.4007078490844401e-61 1.9523492247804258e-10
395.0 3.3958516511156766e-07 9.462554604753293e-12 2.235205339455673e-17 2.1079063620742474e-61 2.1303730617672156e-10
396.0 3.635529428922375e-07 1.0402308465766743e-11 2.538911549237484e-17 3.165613498617936e-61 2.3236018863360674e-10
397.0 3.8907801896611614e-07 1.1429919915585075e-11 2.882028460892283e-17 4.744320812444785e-61 2.533244534768613e-10
398.0 4.1625255915549254e-07 1.2553080865519583e-11 3.269426644098224e-17 7.095883666430156e-61 2.7605986014088444e-10
399.0 4.4517362689430176e-07 1.3780109824245491e-11 3.706548062128394e-17 1.0591606347685108e-60 3.007056398076075e-10
400.0 4.759434116935601e-07 1.511999899437494e-11 4.1994694573002656e-17 1.5777807090777928e-60 3.2741112697990493e-10
401.0 5.086694672148118e-07 1.6582464617631555e-11 4.754972359290754e-17 2.345672698022189e-60 3.5633642936382594e-10
402.0 5.434649588300409e-07 1.817800075750012e-11 5.380620360968516e-17 3.480411335208666e-60 3.8765313782639577e-10
403.0 5.804489202141052e-07 1.991793670485963e-11 6.084844360095757e-17 5.153977180828471e-60 4.2154507800096115e-10
404.0 6.1974652028842e-07 2.1814498260385967e-11 6.877036544953695e-17 7.617447429458095e-60 4.582091064345158e-10
405.0 6.614893410577448e-07 2.3880873138126857e-11 7.767653966406922e-17 1.1236672851848229e-59 4.978559537850204e-10
406.0 7.058156645538947e-07 2.6131280662541702e-11 8.768332586170584e-17 1.654373185079783e-59 5.407111159167708e-10
407.0 7.528707723086998e-07 2.8581046126274942e-11 9.892012828736966e-17 2.431099971064238e-59 5.870157976770518e-10
408.0 8.02807255457496e-07 3.124668000512481e-11 1.1153077694927674e-16 3.565757472143078e-59 6.370279103537971e-10
409.0 8.557853354580435e-07 3.414596229913952e-11 1.2567504604556217e-16 5.220191400976384e-59 6.910231252011947e-10
410.0 9.119731984008962e-07 3.729803240248229e-11 1.4153032280999531e-16 7.628034237193942e-59 7.492959879462687e-10
411.0 9.71547340677882e-07 4.072348472239759e-11 1.5929344032375578e-16 1.1125929420395394e-58 8.121610952467862e-10
412.0 1.0346929270983747e-06 4.4444470405622747e-11 1.7918268943224354e-16 1.619806918815894e-58 8.79954336724492e-10
413.0 1.1016041624325675e-06 4.8484805547904804e-11 2.0144002621167504e-16 2.3539609069865182e-58 9.530342063068111e-10
414.0 1.1724846759174466e-06 5.287008621957474e-11 2.2633349257927424e-16 3.414679905550217e-58 1.031783185539312e-09
415.0 1.247547920034239e-06 5.7627810732846746e-11 2.541598694238665e-16 4.944486115001439e-58 1.1166092031514712e-09
416.0 1.3270175826488937e-06 6.278750949837769e-11 2.8524758283667025e-16 7.146910332478163e-58 1.207947173387188e-09
417.0 1.411128014042537e-06 6.838088294455423e-11 3.1995988618461225e-16 1.0312098640959266e-57 1.3062606178494515e-09
418.0 1.500124669028935e-06 7.444194793733186e-11 3.586983424060394e-16 1.4852953756119403e-57 1.4120433746392352e-09
419.0 1.5942645635787389e-06 8.100719311832166e-11 4.019066326927345e-16 2.1356057552795925e-57 1.5258213979507411e-09
420.0 1.6938167475845447e-06 8.811574370646887e-11 4.500747203506378e-16 3.0653297899453754e-57 1.648154653468614e-09
421.0 1.799062794070004e-06 9.580953627210957e-11 5.037434006878477e-16 4.3922447602360996e-57 1.7796391139089481e-09
422.0 1.9102973040366754e-06 1.0413350395447344e-10 5.635092699185228e-16 6.282816113770573e-57 1.9209088580809278e-09
423.0 2.027828428578237e-06 1.1313577274177145e-10 6.300301493345956e-16 8.971930187950752e-57 2.072638279342817e-09
424.0 2.151978408670943e-06 1.2286786940073575e-10 7.040310035852154e-16 1.2790464803947868e-56 2.235544408387023e-09
425.0 2.2830841318295747e-06 1.3338494159758687e-10 7.863103945391793e-16 1.8203747682232796e-56 2.4103893541772904e-09
426.0 2.421497707916179e-06 1.447459909516938e-10 8.777475164262683e-16 2.5865114896877775e-56 2.5979828701982813e-09
427.0 2.567587063177138e-06 1.5701411961486585e-10 9.793098604898836e-16 3.6690377378358385e-56 2.799185050114352e-09
428.0 2.7217365527998483e-06 1.702567910599315e-10 1.0920615614267387e-15 5.196119106053942e-56 3.0149091582863724e-09
429.0 2.8843475933829324e-06 1.8454610586115325e-10 1.2171724823318407e-15 7.346832037606336e-56 3.246124602008913e-09
430.0 3.055839316715004e-06 1.9995909329112695e-10 1.3559280993084205e-15 1.0370987635441157e-55 3.4938600526652593e-09
431.0 3.236649240829554e-06 2.1657801923959885e-10 1.5097402491403729e-15 1.4616519288797369e-55 3.7592067170391965e-09
432.0 3.427233965367398e-06 2.344907116972135e-10 1.6801588129371334e-15 2.056726099055367e-55 4.043321772637099e-09
433.0 3.6280698859948537e-06 2.537909043009809e-10 1.8688844087854213e-15 2.889497760729327e-55 4.347431967327571e-09
434.0 3.839653931361826e-06 2.745785990302231e-10 2.0777821756766352e-15 4.053091324873714e-55 4.672837393623332e-09
435.0 4.062504322985826e-06 2.969604489890541e-10 2.308896735770399e-15 5.676402897084207e-55 5.020915444772485e-09
436.0 4.2971613566720505e-06 3.2105016211662235e-10 2.564468427364936e-15 7.937568056089344e-55 5.393124957821407e-09
437.0 4.54418820861636e-06 3.469689270284447e-10 2.8469509101553347e-15 1.1082397474148937e-54 5.791010554547026e-09
438.0 4.804171763689707e-06 3.748458618271352e-10 3.1590302485013835e-15 1.544957502400578e-54 6.216207184502142e-09
439.0 5.077723469263496e-06 4.0481848719095425e-10 3.503645589458402e-15 2.1505047692425767e-54 6.670444881903203e-09
440.0 5.3654802138391435e-06 4.3703322479713937e-10 3.884011558288481e-15 2.9888890903449787e-54 7.155553743333018e-09
441.0 5.668105229191294e-06 4.716459221197185e-10 4.303642502192975e-15 4.1479081076425485e-54 7.673469132551743e-09
442.0 5.9862890204753855e-06 5.088224051505613e-10 4.766378726356023e-15 5.747814836302113e-54 8.226237126576302e-09
443.0 6.320750321344065e-06 5.487390600534174e-10 5.276414871241295e-15 7.953074788564298e-54 8.816020207772805e-09
444.0 6.672237074981229e-06 5.915834451034616e-10 5.838330592969609e-15 1.0988295196251078e-53 9.445103211893586e-09
445.0 7.041527445268952e-06 6.37554934620206e-10 6.457123722892845e-15 1.5159775995475116e-53 1.0115899547087035e-08
446.0 7.4294308520315605e-06 6.868653957604059e-10 7.138246085739727e-15 2.088462521769419e-53 1.0830957684850754e-08
447.0 7.836789037433423e-06 7.397399002316875e-10 7.88764217928029e-15 2.873003845392221e-53 1.1592967942512865e-08
448.0 8.264477158792678e-06 7.964174720050761e-10 8.711790921689793e-15 3.946621641033507e-53 1.2404769560512618e-08
449.0 8.713404913662959e-06 8.571518731217408e-10 9.617750696745392e-15 5.413755664660789e-53 1.3269358093284552e-08
450.0 9.184517690780611e-06 9.222124286024332e-10 1.0613207929956944e-14 7.415829780925414e-53 1.4189893114862269e-08
451.0 9.678797755036412e-06 9.918848929088494e-10 1.1706529459493474e-14 1.0144083883588979e-52 1.5169706262243123e-08
452.0 1.019726546061422e-05 1.0664723591272516e-09 1.2906818968127527e-14 1.3856766113638837e-52 1.6212309618951548e-08
453.0 1.0740980495918286e-05 1.146296213014459e-09 1.422397777013044e-14 1.890213581410149e-52 1.7321404455718856e-08
454.0 1.1311043162035109e-05 1.2316971339589681e-09 1.5668770264755044e-14 2.5749199768045407e-52 1.850089034302266e-08
455.0 1.1908595680286108e-05 1.3230361443114138e-09 1.725289437969255e-14 3.502872664722422e-52 1.9754874640534385e-08
456.0 1.2534823536122692e-05 1.4206957098458201e-09 1.8989057364334345e-14 4.7587904060270134e-52 2.1087682387629456e-08
457.0 1.3190956852481355e-05 1.5250808926690315e-09 2.089105729620366e-14 6.456308003484211e-52 2.2503866596611615e-08
458.0 1.3878271800166123e-05 1.6366205595387156e-09 2.297387070759282e-14 8.747644572050671e-52 2.400821897426665e-08
459.0 1.4598092040464417e-05 1.7557686472664766e-09 2.5253746747036075e-14 1.1836437172340492e-51 2.5605781077382787e-08
460.0 1.5351790204457453e-05 1.883005487995745e-09 2.774830833041784e-14 1.5994754108827852e-51 2.7301855923690453e-08
461.0 1.6140789403118673e-05 2.0188391959995488e-09 3.04766607472794e-14 2.1585620142910118e-51 2.9102020062121725e-08
462.0 1.6966564779150513e-05 2.1638071197486605e-09 3.345950824649625e-14 2.909280129467486e-51 3.1012136136221636e-08
463.0 1.7830645089019583e-05 2.318477360361409e-09 3.6719279117190555e-14 3.9160138941104363e-51 3.3038365935322005e-08
464.0 1.873461432700227e-05 2.4834503604876024e-09 4.02802598555996e-14 5.264342937005707e-51 3.5187183969941535e-08
465.0 1.968011338134337e-05 2.6593605650570462e-09 4.416873900245416e-14 7.067876442441301e-51 3.74653915692162e-08
466.0 2.06688417303573e-05 2.8468781576403867e-09 4.841316130578813e-14 9.4772444277101e-51 3.988013153065897e-08
467.0 2.170255917604804e-05 3.0467108749698335e-09 5.3044292882913236e-14 1.2691912549337358e-50 4.243890333439972e-08
468.0 2.2783087616781786e-05 3.2596059027641295e-09 5.809539810360223e-14 1.697568804478938e-50 4.5149578941711506e-08
469.0 2.3912312855803002e-05 3.4863518554257806e-09 6.360242894734538e-14 2.267704514463962e-50 4.802041918873881e-08
470.0 2.5092186453603523e-05 3.727780843859025e-09 6.960422766016044e-14 3.0255735617991954e-50 5.106009080880856e-08
471.0 2.6324727612227428e-05 3.984770632902804e-09 7.61427435326725e-14 4.03175859869085e-50 5.427768407764341e-08
472.0 2.7612025109399236e-05 4.258246894291048e-09 8.326326474895603e-14 5.365994556502823e-50 5.7682731135825735e-08
473.0 2.8956239263720275e-05 4.549185555789876e-09 9.101466620931474e-14 7.13309747115753e-50 6.128522496950966e-08
474.0 3.035960394495564e-05 4.858615252069832e-09 9.944967437311595e-14 9.470689662806146e-50 6.509563909690261e-08
475.0 3.1824428625370215e-05 5.187619880342818e-09 1.086251501772411e-13 1.25592537160397e-49 6.912494797221073e-08
476.0 3.3353100469838535e-05 5.537341264089141e-09 1.1860239114771654e-13 1.6635202015423787e-49 7.338464812208396e-08
477.0 3.494808646946653e-05 5.908981929427402e-09 1.2944745390810541e-13 2.2007846603907667e-49 7.788678004505608e-08
478.0 3.661193561620765e-05 6.303807997643897e-09 1.4123149833147853e-13 2.9081407929189323e-49 8.264395088951056e-08
479.0 3.834728111977848e-05 6.723152198107891e-09 1.540311546642132e-13 3.838352598206284e-49 8.766935793422416e-08
480.0 4.015684266565524e-05 7.168417005483244e-09 1.6792891501324582e-13 5.0602152877279495e-49 9.297681289034635e-08
481.0 4.2043428719275654e-05 7.641077906372798e-09 1.8301355069018044e-13 6.663323676602169e-49 9.858076705861877e-08
482.0 4.4009938866640694e-05 8.142686798007992e-09 1.9938055692447016e-13 8.764228429729257e-49 1.0449633734175036e-07
483.0 4.60593662042109e-05 8.674875525723563e-09 2.1713262663430142e-13 1.151437522125926e-48 1.1073933316448526e-07
484.0 4.819479976793341e-05 9.239359561985652e-09 2.363801549362632e-13 1.5110331783694164e-48 1.1732628430119513e-07
485.0 5.041942700801376e-05 9.837941832856682e-09 2.572417762366945e-13 1.9806947623291543e-48 1.2427446965011552e-07
486.0 5.2736536303092665e-05 1.0472516695499825e-08 2.798449357842587e-13 2.5934268779444642e-48 1.3160194696299055e-07
487.0 5.5149519525336654e-05 1.1145074073872065e-08 3.043264977511428e-13 3.391925540237713e-48 1.3932758358279118e-07
488.0 5.766187463867868e-05 1.1857703754174183e-08 3.3083339186589623e-13 4.4313635640791405e-48 1.4747108817052556e-07
489.0 6.027720835089788e-05 1.2612599849288366e-08 3.5952330092843355e-13 5.782959118176562e-48 1.5605304349767429e-07
490.0 6.299923880153071e-05 1.3412065433904842e-08 3.905653914481306e-13 7.538542749284791e-48 1.6509494028490862e-07
491.0 6.583179830011851e-05 1.4258517358684152e-08 4.241410899413868e-13 9.816396025783788e-48 1.7461921214984546e-07
492.0 6.877883610072672e-05 1.51544912460537e-08 4.604449073851279e-13 1.2768707965508956e-47 1.8464927165394777e-07
493.0 7.184442122653446e-05 1.6102646676187846e-08 4.996853146180298e-13 1.6591087495160952e-47 1.952095475111511e-07
494.0 7.503274533389776e-05 1.710577256670103e-08 5.420856714678907e-13 2.153468618366368e-47 2.0632552295766313e-07
495.0 7.834812562321214e-05 1.816679275354388e-08 5.878852126366058e-13 2.792163147270379e-47 2.1802377532987282e-07
496.0 8.17950077858312e-05 1.9288771776686363e-08 6.373400933958647e-13 3.6164654143844216e-47 2.3033201684872588e-07
497.0 8.537796900558448e-05 2.047492088098673e-08 6.907244985116396e-13 4.679202425389724e-47 2.432791366898961e-07
498.0 8.910172099091233e-05 2.1728604232996084e-08 7.483318176611079e-13 6.047919892910581e-47 2.568952443018007e-07
499.0 9.297111305742291e-05 2.305334536466845e-08 8.104758910951376e-13 7.808894786562042e-47 2.7121171405517803e-07
500.0 9.699113525084165e-05 2.445283384819906e-08 8.774923292505175e-13 1.0072217619865545e-46 2.862612312256058e-07
501.0 0.00010116692151155477 2.5930932208899928e-08 9.497399102757694e-13 1.2978223208966162e-46 3.0207783934152846e-07
502.0 0.00010550375287637307 2.749168308174443e-08 1.0276020595695069e-12 1.6705619578392622e-46 3.186969889142139e-07
503.0 0.00011000706073197748 2.9139316622185456e-08 1.111488415801398e-12 2.148175325668926e-46 3.361555876227488e-07
504.0 0.00011468243009753153 3.0878258172533276e-08 1.2018364877419326e-12 2.7595559660353872e-46 3.5449205191730843e-07
505.0 0.00011953560295611958 3.2713136196078115e-08 1.2991134068283136e-12 3.541388490441795e-46 3.737463601298236e-07
506.0 0.00012457248162031927 3.46487904824132e-08 1.4038177802830823e-12 4.540203670258893e-46 3.939601070784444e-07
507.0 0.00012979913213908702 3.669028063321652e-08 1.5164816500375058e-12 5.814963509246544e-46 4.151765602183268e-07
508.0 0.00013522178774615413 3.8842894836139546e-08 1.6376725628839518e-12 7.440309844746586e-46 4.3744071737108925e-07
509.0 0.00014084685233998768 4.1112158931639596e-08 1.7679957573981482e-12 9.510642882739666e-46 4.607993660324952e-07
510.0 0.0001466809040040707 4.3503845782912676e-08 1.9080964736324934e-12 1.214523682170772e-45 4.853011443172478e-07
511.0 0.00015273069856783418 4.60239849570078e-08 2.058662391759148e-12 1.5494650206016926e-45 5.109966035744603e-07
512.0 0.0001590031731954409 4.867887272134175e-08 2.220426205931362e-12 1.9748751139038936e-45 5.379382726634053e-07
513.0 0.00016550545001390449 5.147508236703725e-08 2.3941683402132452e-12 2.5146754766686416e-45 5.661807239587133e-07
514.0 0.00017224483977606273 5.441947486604021e-08 2.5807198135230203e-12 3.198976592007483e-45 5.957806411026905e-07
515.0 0.00017922884555540233 5.7519209869418954e-08 2.7809652608407675e-12 4.065643766308646e-45 6.267968885265968e-07
516.0 0.00018646516647017006 6.078175705440878e-08 2.9958461182363778e-12 5.162250183874867e-45 6.592905827636302e-07
517.0 0.0001939617014402457 6.421490782979844e-08 3.226363979682723e-12 6.548510680005674e-45 6.933251655974513e-07
518.0 0.00020172655297978176 6.782678740937397e-08 3.4735841339579207e-12 8.299311798007175e-45 7.28966479089721e-07
519.0 0.00020976803100651077 7.16258672558561e-08 3.738639289905055e-12 1.0508480811039005e-44 7.662828424506336e-07
520.0 0.0002180946566894286 7.562097791125182e-08 4.02273349933244e-12 1.3293469712590978e-44 8.053451308613309e-07
521.0 0.0002267151663187386 7.982132221727236e-08 4.327146286586907e-12 1.6801171089399618e-44 8.462268562230333e-07
522.0 0.000235638515196986 8.423648893429907e-08 4.653236994427518e-12 2.1215132975686377e-44 8.890042498596021e-07
523.0 0.000244873881564545 8.887646677262615e-08 5.002449356499868e-12 2.6764501296191986e-44 9.337563472543886e-07
524.0 0.000254430670532178 9.375165883551265e-08 5.376316306329898e-12 3.3735093820976233e-44 9.80565074750833e-07
525.0 0.0002643185180471892 9.887289749262971e-08 5.776465034194825e-12 4.248310171053365e-44 1.0295153383471836e-06
526.0 0.00027454729487437317 1.0425145968657847e-07 6.204622302780505e-12 5.345202737593563e-44 1.0806951145461282e-06
527.0 0.0002851271105911256 1.0989908268144722e-07 6.662620033291538e-12 6.719360496877429e-44 1.1341955432864624e-06
528.0 0.0002960683176044553 1.1582798026573115e-07 7.152401174328491e-12 8.439361772568753e-44 1.1901110230174318e-06
529.0 0.00030738151517548866 1.2205085941362787e-07 7.676025865808378e-12 1.0590373112250963e-43 1.2485393078892334e-06
530.0 0.00031907755346627533 1.2858093741993256e-07 8.235677911345107e-12 1.3278071022724602e-43 1.3095816071482966e-06
531.0 0.0003311675375830518 1.354319595079508e-07 8.833671572013837e-12 1.6633469325319613e-43 1.373342686662578e-06
532.0 0.00034366283164156806 1.4261821693007164e-07 9.47245869617104e-12 2.0818856261654436e-43 1.4399309727089177e-06
533.0 0.00035657506282883787 1.5015456556039998e-07 1.015463619924138e-11 2.6035090356675246e-43 1.5094586579464477e-06
534.0 0.00036991612548381466 1.5805644499827718e-07 1.0882953909150601e-11 3.2530558541791586e-43 1.5820418096971553e-06
535.0 0.00038369818515578244 1.6633989817510513e-07 1.1660322791864096e-11 4.061216615261137e-43 1.6578004803873178e-06
536.0 0.0003979336826910281 1.750215914952939e-07 1.2489823574616763e-11 5.065880857272765e-43 1.7368588203896688e-06
537.0 0.0004126353383001121 1.841188355009431e-07 1.3374715782210395e-11 6.313787137479487e-43 1.819345193090803e-06
538.0 0.00042781615562480495 1.9364960607775775e-07 1.431844720420075e-11 7.862542332064205e-43 1.9053922922887287e-06
539.0 0.00044348942579711635 2.0363256620851153e-07 1.5324663810635467e-11 9.783090868682423e-43 1.9951372619123546e-06
540.0 0.0004596687315027406 2.14087088289326e-07 1.63972201352726e-11 1.216273171061848e-42 2.088721818142387e-06
541.0 0.00047636795100374917 2.2503327699759241e-07 1.7540190143840975e-11 1.5108801644410353e-42 2.186292373753573e-06
542.0 0.000493601262180012 2.364919927481714e-07 1.8757878609119432e-11 1.875316844023224e-42 2.288000164966859e-06
543.0 0.0005113831465331234 2.484848757215213e-07 2.0054833011293432e-11 2.325770760860503e-42 2.3940013805799505e-06
544.0 0.0005297283931774891 2.6103437048428005e-07 2.1435855985469614e-11 2.8820972805212e-42 2.504457293506313e-06
545.0 0.0005486521028065257 2.7416375120587767e-07 2.2906018337631355e-11 3.5686313659471e-42 2.6195343946864555e-06
546.0 0.0005681696916446105 2.8789714748561416e-07 2.4470672651883238e-11 4.4151747392520954e-42 2.739404529439905e-06
547.0 0.0005882968953514249 3.0225957078266875e-07 2.61354675107206e-11 5.458195378919936e-42 2.8642450361159274e-06
548.0 0.0006090497729069124 3.1727694147173707e-07 2.7906362353262765e-11 6.742283898961842e-42 2.994238887191022e-06
549.0 0.0006304447104777689 3.32976116534165e-07 2.978964299615808e-11 8.3219204641157e-42 3.1295748328359244e-06
550.0 0.0006524984252051717 3.493849178617666e-07 3.179193783968006e-11 1.0263616814863026e-41 3.270447546668275e-06
551.0 0.0006752279690032192 3.6653216122830687e-07 3.392023478913549e-11 1.264851106216746e-41 3.4170577741415513e-06
552.0 0.0006986507322726795 3.844476858871055e-07 3.6181898913991694e-11 1.557550857534533e-41 3.5696124831102652e-06
553.0 0.0007227844475890985 4.03162384833756e-07 3.8584690875034404e-11 1.9165081030097643e-41 3.7283250168709985e-06
554.0 0.0007476471933348591 4.227082357258325e-07 4.113678614649995e-11 2.3563858088199496e-41 3.893415249535377e-06
555.0 0.0007732573972837338 4.4311833247193367e-07 4.384679506278985e-11 2.8950172946633395e-41 4.065109743783599e-06
556.0 0.0007996338401142656 4.6442691748418936e-07 4.672378371846542e-11 3.554075494389276e-41 4.243641910879121e-06
557.0 0.0008267956588760512 4.866694146149166e-07 4.977729575362957e-11 4.3598800525184713e-41 4.429252173070815e-06
558.0 0.0008547623503899707 5.098824627738976e-07 5.3017375055353296e-11 5.344369929687552e-41 4.622188128285406e-06
559.0 0.0008835537745690069 5.341039502248754e-07 5.6454589406787666e-11 6.54627460123874e-41 4.8227047170354065e-06
560.0 0.0009131901576886512 5.593730495848463e-07 6.01000551190892e-11 8.012523374236471e-41 5.0310643916948864e-06
561.0 0.0009436920955540641 5.857302535007343e-07 6.39654626770983e-11 9.799940008465661e-41 5.247537287851826e-06
562.0 0.0009750805566157316 6.132174110402514e-07 6.806310343711593e-11 1.197727893298666e-40 5.47240139801025e-06
563.0 0.0010073768849771113 6.418777647680205e-07 7.240589740909673e-11 1.4627670163610913e-40 5.705942747322672e-06
564.0 0.0010406028033424703 6.717559885418172e-07 7.700742216336115e-11 1.7851552863297404e-40 5.948455571608149e-06
565.0 0.0010747804158396798 7.028982259926186e-07 8.188194289504051e-11 2.177019270993819e-40 6.2002424972757624e-06
566.0 0.0011099322107736445 7.353521297277382e-07 8.704444368879883e-11 2.652989628100765e-40 6.461614723449304e-06
567.0 0.0011460810632762638 7.691669012396696e-07 9.251066002107198e-11 3.2307057034238415e-40 6.732892206084133e-06
568.0 0.001183250237835435 8.043933315120389e-07 9.829711253882298e-11 3.931419275713477e-40 7.014403843950194e-06
569.0 0.0012214633907432586 8.410838423523565e-07 1.0442114215938515e-10 4.780716427633613e-40 7.306487666691757e-06
570.0 0.0012607445724032431 8.792925284138577e-07 1.1090094652890402e-10 5.8093800575197335e-40 7.609491024584897e-06
571.0 0.0013011182295461657 9.190751999418418e-07 1.1775561788663963e-10 7.0544197236246176e-40 7.923770780255802e-06
572.0 0.0013426092072965734 9.604894262062114e-07 1.250051823743705e-10 8.560300441874047e-40 8.249693501981956e-06
573.0 0.0013852427511572081 1.0035945796682333e-06 1.3267064084193266e-10 1.0380407873533521e-39 8.587635658948505e-06
574.0 0.0014290445087988927 1.0484518808023032e-06 1.4077401118466085e-10 1.257879419245183e-39 8.937983817736402e-06
575.0 0.0014740405317886743 1.0951244436672078e-06 1.4933837227191504e-10 1.5232256997018206e-39 9.301134840815835e-06
576.0 0.0015202572771204949 1.1436773221288204e-06 1.583879095018153e-10 1.843281313479247e-39 9.677496086166469e-06
577.0 0.0015677216086328319 1.1941775567935022e-06 1.6794796203886542e-10 2.2290640490334205e-39 1.0067485608498446e-05
578.0 0.001616460798257749 1.2466942226095114e-06 1.7804507177863984e-10 2.6937573930369712e-39 1.0471532361677755e-05
579.0 0.00166650252714973 1.3012984771702606e-06 1.8870703409515678e-10 3.253125704456491e-39 1.0890076402612013e-05
580.0 0.0017178748866151319 1.3580636096558548e-06 1.9996295041389418e-10 3.9260069449694446e-39 1.1323569096033055e-05
581.0 0.0017706063789081508 1.4170650904589046e-06 2.1184328266976495e-10 4.734897070063286e-39 1.177247332053953e-05
582.0 0.0018247259178501363 1.4783806214569525e-06 2.2437990969858e-10 5.7066426794508986e-39 1.223726367555994e-05
583.0 0.0018802628292619683 1.5420901869170603e-06 2.3760618561454265e-10 6.873261448420044e-39 1.2718426689097777e-05
584.0 0.001937246851265466 1.6082761050718195e-06 2.515570002355737e-10 8.272913284899295e-39 1.3216461026566172e-05
585.0 0.0019957081343412197 1.6770230802684172e-06 2.66268841598248e-10 9.951049162316994e-39 1.3731877699883684e-05
586.0 0.0020556772412442625 1.7484182557649062e-06 2.817798606312386e-10 1.1961769264006214e-38 1.42652002774344e-05
587.0 0.002117185146707331 1.8225512671077475e-06 2.981299380357495e-10 1.4369427550234936e-38 1.4816965094339516e-05
588.0 0.0021802632369727418 1.8995142961153968e-06 3.153607534363633e-10 1.7250526255599416e-38 1.538772146323833e-05
589.0 0.0022449433090790637 1.979402125394356e-06 3.335158568507895e-10 2.069595129036995e-38 1.5978031884977225e-05
590.0 0.002311257569988375 2.0623121934497366e-06 3.5264074254983477e-10 2.48136082308774e-38 1.6588472259713067e-05
591.0 0.0023792386354738754 2.148344650309189e-06 3.727829253564912e-10 2.9731528738354144e-38 1.7219632097776036e-05
592.0 0.002448919528802235 2.237602413676356e-06 3.9399201944962055e-10 3.5601529079004266e-38 1.7872114730432126e-05
593.0 0.002520333679195511 2.3301912255865237e-06 4.163198197314423e-10 4.260351619614471e-38 1.8546537520336098e-05
594.0 0.0025935149200604557 2.4262197095380624e-06 4.3982038581874145e-10 5.095055281936345e-38 1.9243532071478583e-05
595.0 0.0026684974870063768 2.525799428102989e-06 4.645501287237551e-10 6.089481174417904e-38 1.9963744438672025e-05
596.0 0.0027453160155983427 2.629044940950073e-06 4.905679002788393e-10 7.273457108895775e-38 2.070783533606821e-05
597.0 0.0028240055388976744 2.736073863310351e-06 5.179350853769704e-10 8.682242751485546e-38 2.147648034497116e-05
598.0 0.0029046014847597178 2.8470069248384395e-06 5.467156970871509e-10 1.0357493362141619e-37 2.227037012060434e-05
599.0 0.0029871396728528192 2.961968028813745e-06 5.769764747021188e-10 1.234838996399646e-37 2.309021059742746e-05
600.0 0.0030716563114454453 3.081084311704806e-06 6.0878698479116e-10 1.4712963886851714e-37 2.393672319322488e-05
601.0 0.003158187993946862 3.2044862030610876e-06 6.422197253206459e-10 1.751964818546022e-37 2.481064501172499e-05
602.0 0.0032467716951529468 3.3323074856598274e-06 6.773502328976658e-10 2.0849093709851e-37 2.5712729043233623e-05
603.0 0.0033374447672729853 3.464685355959027e-06 7.142571932169805e-10 2.4796293713190323e-37 2.6643744363728186e-05
604.0 0.0034302449356046526 3.6017604846951237e-06 7.530225547492283e-10 2.9473067946584274e-37 2.7604476331218133e-05
605.0 0.003525210294044253 3.7436770777899467e-06 7.937316457747405e-10 3.5010965360042677e-37 2.8595726780700417e-05
606.0 0.003622379300206883 3.890582937305712e-06 8.364732947805084e-10 4.15646539631592e-37 2.9618314215761158e-05
607.0 0.0037217907703450907 4.042629522613858e-06 8.813399543257716e-10 4.931587729949117e-37 3.067307399816689e-05
608.0 0.0038234838739160506 4.199972011588911e-06 9.284278284081057e-10 5.847806956217e-37 3.176085853407164e-05
609.0 0.003927498127916452 4.362769361922096e-06 9.778370034218122e-10 6.930173588650658e-37 3.288253745763958e-05
610.0 0.004033873390877055 4.531184372404852e-06 1.0296715827479563e-09 8.208072107401512e-37 3.403899781102469e-05
611.0 0.004142649856561328 4.7053837441940275e-06 1.0840398250497713e-09 9.715950926799274e-37 3.523114422088702e-05
612.0 0.0042538680473761595 4.885538142031929e-06 1.1410542863391883e-09 1.1494171928197742e-36 3.645989907133249e-05
613.0 0.004367568807476097 5.071822255363645e-06 1.2008319658730352e-09 1.3589998580752918e-36 3.772620267293724e-05
614.0 0.004483793295534604 5.264414859281552e-06 1.2634944559336855e-09 1.6058744608469546e-36 3.9031013427433684e-05
615.0 0.004602582977211847 5.4634988752898815e-06 1.3291680955631059e-09 1.896510853657148e-36 4.0375307988112456e-05
616.0 0.004723979617332765 5.6692614318651235e-06 1.3979841283154617e-09 2.2384723327116632e-36 4.1760081415865836e-05
617.0 0.004848025271659635 5.8818939246312665e-06 1.4700788640541911e-09 2.6405954764528818e-36 4.318634732965068e-05
618.0 0.004974762278464506 6.101592076349676e-06 1.5455938449116305e-09 3.113198736122324e-36 4.4655138052965834e-05
619.0 0.005104233249644038 6.328555996369842e-06 1.6246760153929587e-09 3.668324241009564e-36 4.616750475386091e-05
620.0 0.005236481061618968 6.5629902397852685e-06 1.7074778967526998e-09 4.320017952867031e-36 4.7724517580405014e-05
621.0 0.005371548845802198 6.805103865982923e-06 1.7941577656324499e-09 5.084654073111643e-36 4.932726578946582e-05
622.0 0.005509479978800786 7.055110496738383e-06 1.884879837064147e-09 5.981310487624568e-36 5.097685787005497e-05
623.0 0.005650318072252168 7.313228373682725e-06 1.9798144518592503e-09 7.032203041982059e-36 5.267442166011451e-05
624.0 0.005794106962313357 7.579680415110095e-06 2.0791382684388846e-09 8.263187593160971e-36 5.4421104456674375e-05
625.0 0.005940890698825546 7.854694272100323e-06 2.183034459160489e-09 9.704340102023762e-36 5.621807311935083e-05
626.0 0.006090713534123873 8.138502383862271e-06 2.291692911176616e-09 1.1390626536984703e-35 5.80665141666665e-05
627.0 0.006243619911480664 8.431342032223488e-06 2.4053104318644017e-09 1.3362676079184818e-35 5.99676338648277e-05
628.0 0.0063996544532647455 8.733455395318292e-06 2.5240909588983586e-09 1.5667673082706892e-35 6.192265830950003e-05
629.0 0.006558861948676688 9.04508960022713e-06 2.6482457749531193e-09 1.8360385482195906e-35 6.393283349899522e-05
630.0 0.006721287341171191 9.366496774653025e-06 2.7779937271135583e-09 2.1504349893680776e-35 6.599942539966739e-05
631.0 0.006886975715527675 9.697934097520887e-06 2.9135614510120568e-09 2.517323656331953e-35 6.812372000289168e-05
632.0 0.007055972284563757 1.003966384842792e-05 3.05518359972159e-09 2.945242063212633e-35 7.03070233733108e-05
633.0 0.007228322375488762 1.0391953455874153e-05 3.2031030774306756e-09 3.444078995628247e-35 7.255066168804927e-05
634.0 0.007404071415916798 1.0755075544233962e-05 3.3575712779336506e-09 4.025282401374295e-35 7.485598126682194e-05
635.0 0.007583264919534621 1.1129307979393832e-05 3.518848327956062e-09 4.702098330720458e-35 7.72243485926203e-05
636.0 0.007765948471368261 1.1514933912904171e-05 3.6872033353074253e-09 5.489845421877484e-35 7.965715032212985e-05
637.0 0.007952167712763933 1.1912241824742048e-05 3.862914641928204e-09 6.406230057225324e-35 8.215579328677111e-05
638.0 0.008141968325956024 1.2321525564426333e-05 4.046270081783427e-09 7.471708030987337e-35 8.47217044827912e-05
639.0 0.008335396018337618 1.2743084390581528e-05 4.237567243663707e-09 8.70989938082336e-35 8.735633105130256e-05
640.0 0.008532496506317244 1.3177223008701035e-05 4.437113738840037e-09 1.014806395620539e-34 9.006114024678245e-05
641.0 0.008733315498903958 1.3624251607248085e-05 4.6452274736410594e-09 1.1817646340233831e-34 9.283761939522258e-05
642.0 0.00893789868085864 1.4084485891769529e-05 4.862236926865072e-09 1.3754899923684054e-34 9.568727583994322e-05
643.0 0.009146291695576729 1.4558247117196797e-05 5.0884814321005e-09 1.6001601269481136e-34 9.861163687651494e-05
644.0 0.00935854012757024 1.5045862118049956e-05 5.324311464870838e-09 1.860586742117143e-34 0.00010161224967510041
645.0 0.0095746894846193 1.5547663336571034e-05 5.570088934619687e-09 2.1623090523956876e-34 0.00010469068119065692
646.0 0.009794785179622635 1.6063988848753584e-05 5.826187481528446e-09 2.511700606589649e-34 0.00010784851806103357
647.0 0.010018872512065305 1.659518238805367e-05 6.0929927780897e-09 2.916091323814491e-34 0.00011108736649177717
648.0 0.010246996649152016 1.7141593366773214e-05 6.3709028354258445e-09 3.3839068388944103e-34 0.00011440885212786357
649.0 0.010479202606654824 1.7703576895111966e-05 6.6603283143414856e-09 3.92482753413909e-34 0.00011781461991259986
650.0 0.010715535229380523 1.8281493797644918e-05 6.961692841004573e-09 4.549969949907137e-34 0.00012130633393234869
651.0 0.010956039171359597 1.8875710627306777e-05 7.275433327265024e-09 5.27209362224148e-34 0.00012488567724790525
652.0 0.011200758875669951 1.9486599676648436e-05 7.602000295495645e-09 6.105836796959758e-34 0.00012855435171125004
653.0 0.011449738553983973 2.0114538986426723e-05 7.94185820794617e-09 7.067984921705346e-34 0.0001323140777683765
654.0 0.011703022165805176 2.0759912351380485e-05 8.295485800516834e-09 8.177776326585611e-34 0.0001361665942475139
655.0 0.011960653397352668 2.1423109323027706e-05 8.663376420841496e-09 9.457250077207803e-34 0.0001401136581319571
656.0 0.012222675640231977 2.2104525209636118e-05 9.046038370691204e-09 1.0931641629039344e-33 0.00014415704431880813
657.0 0.012489131969692393 2.2804561072919957e-05 9.443995252462397e-09 1.2629832637203944e-33 0.00014829854536100106
658.0 0.01276006512271441 2.3523623721804143e-05 9.857786319823575e-09 1.4584862091635045e-33 0.00015253997119515743
659.0 0.013035517475769006 2.4262125702882e-05 1.0287966832300629e-08 1.6834506863511945e-33 0.00015688314885313408
660.0 0.013315531022241192 2.5020485287451643e-05 1.073510841367285e-08 1.942194077802866e-33 0.00016132992215684585
661.0 0.013600147349700314 2.579912645537537e-05 1.1199799414199521e-08 2.2396482483994695e-33 0.0001658821513982624
662.0 0.01388940761682612 2.6598478875315018e-05 1.168264527639774e-08 2.5814443686463404e-33 0.00017054171300200292
663.0 0.014183352530087177 2.741897788142392e-05 1.2184268904304945e-08 2.9740090762466493e-33 0.00017531049917138386
664.0 0.014482022320215504 2.8261064446486345e-05 1.2705311036117235e-08 3.4246734409365356e-33 0.00018019041751818183
665.0 0.01478545671840715 2.9125185151274724e-05 1.3246430619988801e-08 3.9417963800740335e-33 0.00018518339067496688
666.0 0.01509369493228486 3.0011792150096113e-05 1.3808305192856528e-08 4.534904376944919e-33 0.00019029135589015912
667.0 0.01540677562169763 3.092134313258061e-05 1.43916312621841e-08 5.214849582629941e-33 0.00019551626460647347
668.0 0.0157247368742219 3.1854301281348655e-05 1.4997124690322023e-08 5.9939886382866526e-33 0.00020086008202078055
669.0 0.016047616180536316 3.281113522580217e-05 1.5625521081447515e-08 6.886384841155409e-33 0.00020632478662727463
670.0 0.016375450409549745 3.3792318991703926e-05 1.6277576170774282e-08 7.908036597631704e-33 0.00021191236974216253
671.0 0.016708275783407497 3.4798331946704026e-05 1.6954066215941334e-08 9.077135464497234e-33 0.0002176248350112115
672.0 0.017046127852215855 3.582965874138901e-05 1.7655788390204955e-08 1.0414357478729824e-32 0.00022346419789783252
673.0 0.01738904146874622 3.688678924629922e-05 1.8383561177465092e-08 1.1943191922406668e-32 0.00022943248515483163
674.0 0.017737050762868977 3.7970218484303224e-05 1.9138224768638322e-08 1.369031216649305e-32 0.00023553173427634234
675.0 0.0180901891159007 3.908044655861702e-05 1.9920641459315208e-08 1.568599379239761e-32 0.00024176399293208473
676.0 0.018448489134810446 4.0217978576263206e-05 2.0731696048389625e-08 1.7964585808619315e-32 0.00024813131838301284
677.0 0.01881198262631676 4.138332456694528e-05 2.1572296237426754e-08 2.0565041469093e-32 0.0002546357768785386
678.0 0.019180700570869284 4.2576999397234335e-05 2.24433730304872e-08 2.3531515967468583e-32 0.00026127944303503683
679.0 0.01955467309653465 4.379952268001876e-05 2.3345881134139662e-08 2.6914039136155906e-32 0.00026806439919566967
680.0 0.019933929452819268 4.505141867920149e-05 2.4280799357404076e-08 3.0769272229969137e-32 0.0002749927347717725
681.0 0.02031849798437591 4.633321620943756e-05 2.5249131011253917e-08 3.51613589317932e-32 0.00028206654556487174
682.0 0.02070840610473828 4.764544853114952e-05 2.6251904307533144e-08 4.016288189392685e-32 0.000289287933071123
683.0 0.021103680269927972 4.898865324038539e-05 2.7290172756773107e-08 4.5855937435111666e-32 0.0002966590037658462
684.0 0.021504345952089166 5.0363372153786383e-05 2.8365015564759043e-08 5.233334246530217e-32 0.0003041818683701248
685.0 0.02191042761308802 5.177015118843985e-05 2.9477538027422347e-08 5.969998932155097e-32 0.0003118586410984322
686.0 0.02232194867809202 5.320954023657058e-05 3.062887192371657e-08 6.80743659871425e-32 0.00031969143888733645
687.0 0.02273893150921994 5.468209303520398e-05 3.182017590622866e-08 7.759026115047694e-32 0.0003276823806064148
688.0 0.023161397379181128 5.6188367030536895e-05 3.305263588904163e-08 8.839867575994688e-32 0.0003358335862501055
689.0 0.023589366444927255 5.772892323698851e-05 3.4327465432482926e-08 1.0066996516964637e-31 0.0003441471761106643
690.0 0.024022857721450096 5.930432609118438e-05 3.564590612454943e-08 1.1459623867284383e-31 0.0003526252699340538
691.0 0.024461889055573473 6.0915143300435464e-05 3.700922795838715e-08 1.3039404621069537e-31 0.0003612699860564587
692.0 0.02490647709986301 6.25619456859429e-05 3.841872970557759e-08 1.4830738535610109e-31 0.0003700834405231218
693.0 0.025356637286669963 6.424530702070433e-05 3.987573928483093e-08 1.686110653361905e-31 0.0003790677461896587
694.0 0.025812383802245008 6.596580386190122e-05 4.138161412555053e-08 1.9161446890853174e-31 0.00038822501180484266
695.0 0.026273729561017884 6.77240153779408e-05 4.2937741525959686e-08 2.1766575738633894e-31 0.0003975573410761959
696.0 0.02674068618002994 6.95205231700667e-05 4.454553900531848e-08 2.471565690574212e-31 0.00040706683171816345
697.0 0.027213263953534652 7.135591108852e-05 4.6206454649783534e-08 2.8052726670878534e-31 0.0004167555744830552
698.0 0.02769147182778489 7.323076504324618e-05 4.7921967451463416e-08 3.182727960051385e-31 0.00042662565217500994
699.0 0.028175317376051952 7.514567280921792e-05 4.9693587640261755e-08 3.6094922313124046e-31 0.0004366791386476669
700.0 0.0286648067737718 7.710122382604952e-05 5.152285700782653e-08 4.091810274547275e-31 0.0004469180977839267
