200.0 2.5929194721013434e-05 1.0278686005689677e-08 1.6450940024121397e-14 2.3221760877854653e-105 0.999974060524706
201.0 2.7327841822082997e-05 1.12636342431682e-08 1.9264876120528074e-14 8.06051272812048e-105 0.9999726608923182
202.0 2.8786953415535088e-05 1.2331785800595183e-08 2.252489238058287e-14 2.7636242296989883e-104 0.9999712007121864
203.0 3.030843251223188e-05 1.3489185059450237e-08 2.629603470322879e-14 9.361020575368455e-104 0.999969678075207
204.0 3.189421525666924e-05 1.4742239433236515e-08 3.065199004057137e-14 3.133089653905829e-103 0.9999680910388761
205.0 3.354627075445086e-05 1.6097736127465966e-08 3.56761189989168e-14 1.0363438551720172e-102 0.9999664376273009
206.0 3.5266600883253206e-05 1.7562859395132384e-08 4.146259749032606e-14 3.388370588705731e-102 0.9999647158313236
207.0 3.705724008755086e-05 1.91452082899655e-08 4.811767734617228e-14 1.0952342162005017e-101 0.9999629236089485
208.0 3.892025515734665e-05 2.085281491927627e-08 5.5761076545773237e-14 3.500449935613029e-101 0.9999610588853052
209.0 4.085774499121931e-05 2.269416319775934e-08 6.452751049662701e-14 1.1063991372377172e-100 0.9999591195530114
210.0 4.287184034396008e-05 2.46782081031153e-08 7.45683766291867e-14 3.4589147599942154e-100 0.9999571034723564
211.0 4.4964703559106135e-05 2.68143954338842e-08 8.6053605440018e-14 1.0697336055220153e-99 0.9999550084714556
212.0 4.7138528286697396e-05 2.9112682069399807e-08 9.917369203376036e-14 3.273298157146661e-99 0.9999528323467497
213.0 4.9395539186541895e-05 3.158355673125299e-08 1.1414192317774666e-13 9.911395148809885e-99 0.9999505728630417
214.0 5.173799161734932e-05 3.423806124519419e-08 1.3119681589490293e-13 2.970210629085555e-98 0.9999482277538834
215.0 5.416817131205348e-05 3.708781230188048e-08 1.506047846815355e-13 8.810603976883685e-98 0.999945794721924
216.0 5.668839403965166e-05 4.0145023714376044e-08 1.7266305554807842e-13 2.587329092458038e-97 0.9999432714390852
217.0 5.930100525393455e-05 4.342252916983307e-08 1.9770284624409715e-13 7.522906565525429e-97 0.9999406555470314
218.0 6.200837972943264e-05 4.6933805472253673e-08 2.26092833244385e-13 2.1660426653981214e-96 0.9999379446575101
219.0 6.481292118493553e-05 5.069299627274341e-08 2.582429273423524e-13 6.1766635090125986e-96 0.9999351363525628
220.0 6.771706189496656e-05 5.4714936283189395e-08 2.946083810207643e-13 1.7446313405998277e-95 0.9999322281850324
221.0 7.072326228954721e-05 5.901517596876115e-08 3.356942521488211e-13 4.881714180375316e-95 0.9999292176788418
222.0 7.383401054264064e-05 6.361000671418008e-08 3.820602499900216e-13 1.353365575423011e-94 0.9999261023294763
223.0 7.705182214961793e-05 6.851648645817396e-08 4.3432599099709136e-13 3.717801169769874e-94 0.9999228796042388
224.0 8.03792394941538e-05 7.375246579010377e-08 4.931766934200039e-13 1.0121354642258456e-93 0.9999195469428467
225.0 8.381883140487191e-05 7.933661450218934e-08 5.593693413601452e-13 2.731019612495771e-93 0.9999161017576086
226.0 8.737319270218542e-05 8.528844859040571e-08 6.337393505701324e-13 7.304592792451683e-93 0.9999125414341867
227.0 9.10449437355988e-05 9.162835769648055e-08 7.172077700223682e-13 1.936879636461569e-92 0.9999088633315544
228.0 9.48367299119987e-05 9.837763298321902e-08 8.107890550546221e-13 5.0920682885777336e-92 0.9999050647830112
229.0 9.875122121511657e-05 1.055584954345953e-07 9.155994497413218e-13 1.3274538619889616e-91 0.9999011430960646
230.0 0.00010279111171673032 1.1319412457197683e-07 1.0328660180440035e-12 3.4318326505716405e-91 0.9998970955533178
231.0 0.00010695911907982161 1.213086875770823e-07 1.1639363652527655e-12 8.799565147132879e-91 0.9998929194126994
232.0 0.00011125798405416076 1.2992736881208993e-07 1.3102890932527913e-12 2.2380559769567223e-90 0.999888611908082
233.0 0.00011569046996462471 1.3907639972673922e-07 1.4735450352272713e-12 5.6467777158793e-90 0.999884170249668
234.0 0.00012025936219264545 1.487830891419566e-07 1.6554793175461414e-12 1.4134975716301359e-89 0.9998795916244296
235.0 0.00012496746765117578 1.590758538991465e-07 1.8580342987850688e-12 3.5107339746814104e-89 0.9998748731967954
236.0 0.00012981761425345857 1.6998424986377357e-07 2.083333438069915e-12 8.652714393838326e-89 0.9998700121089097
237.0 0.00013481265037605677 1.8153900327171642e-07 2.3336961472527137e-12 2.1164148002517406e-88 0.9998650054813325
238.0 0.0001399554443164097 1.9377204240627294e-07 2.611653683787221e-12 5.137890636233914e-88 0.9998598504134036
239.0 0.00014524888374533405 2.0671652959354775e-07 2.919966143592553e-12 1.2380709671007942e-87 0.9998545439838075
240.0 0.00015069587515480765 2.2040689350353452e-07 3.2616406156655465e-12 2.9615776996652804e-87 0.9998490832512367
241.0 0.0001562993433012969 2.3487886174375562e-07 3.639950562724541e-12 7.0332693950062355e-87 0.9998434652545808
242.0 0.00016206223064513427 2.50169493732396e-07 4.058456494748695e-12 1.6583907615081872e-86 0.9998376870137883
243.0 0.0001679874967861036 2.663172138370551e-07 4.521028004894453e-12 3.882847269278208e-86 0.99983174553016
244.0 0.00017407811789571132 2.833618447654605e-07 5.031867239950823e-12 9.027869322626187e-86 0.9998256377870745
245.0 0.000180337086146328 3.013446411937563e-07 5.595533880206945e-12 2.0846292115846623e-85 0.9998193607502355
246.0 0.00018676740913771588 3.203083236182838e-07 6.216971706378442e-12 4.780985775359097e-85 0.9998129113686001
247.0 0.00019337210932102007 3.4029711241581753e-07 6.901536834031587e-12 1.0891483772773794e-84 0.9998062865745785
248.0 0.00020015422342073354 3.6135676209772093e-07 7.65502769880356e-12 2.4647502504090483e-84 0.9997994832846799
249.0 0.00020711680185486089 3.8353459574280966e-07 8.483716878592677e-12 5.5412762919015125e-84 0.9997924984001014
250.0 0.00021426290815357513 4.0687953959364825e-07 9.39438484181414e-12 1.2377470240811932e-83 0.9997853288072286
251.0 0.00022159561837669267 4.314421578008883e-07 1.0394355713772229e-11 2.747089556206322e-83 0.9997779713782317
252.0 0.00022911802053021777 4.5727468729995313e-07 1.149153515617955e-11 6.058508096407883e-83 0.9997704229715161
253.0 0.0002368332139822649 4.844310728043663e-07 1.269445045786974e-11 1.3278319013256317e-82 0.9997626804322263
254.0 0.00024474430887869955 5.129670018999459e-07 1.4012292937790136e-11 2.8922584950902376e-82 0.9997547405929849
255.0 0.0002528544255586305 5.42939940223569e-07 1.5454962764409977e-11 6.261512910962422e-82 0.9997466002742975
256.0 0.00026116669397011777 5.744091667105913e-07 1.7033116298771476e-11 1.3474128889114942e-81 0.9997382562850576
257.0 0.0002696842530863599 6.074358088946824e-07 1.8758216071503873e-11 2.882251980353793e-81 0.9997297054231377
258.0 0.00027841025032258226 6.420828782437617e-07 2.0642583507227446e-11 6.129190826386429e-81 0.9997209444759405
259.0 0.0002873478409539011 6.784153055157173e-07 2.269945451290017e-11 1.2958177898813875e-80 0.9997119702209928
260.0 0.0002965001875343084 7.164999761172601e-07 2.4943038049773735e-11 2.7238521209712284e-80 0.9997027794262511
261.0 0.0003058704593172271 7.564057654500134e-07 2.738857781178703e-11 5.6931241378946856e-80 0.9996933688508857
262.0 0.00031546183167764993 7.982035742268318e-07 3.005241713631656e-11 1.1832421432785155e-79 0.9996837352457264
263.0 0.00032527748553618023 8.419663637421482e-07 3.2952067276361124e-11 2.4455713093329793e-79 0.9996738753537565
264.0 0.00033532060678519767 8.877691910798592e-07 3.6106279166347685e-11 5.026876465974658e-79 0.9996637859106507
265.0 0.00034559438571733753 9.356892442422806e-07 3.953511881685927e-11 1.0276715080648089e-78 0.999653463645263
266.0 0.0003561020164565313 9.858058771838633e-07 4.3260046476682314e-11 2.089658292162168e-78 0.9996429052802088
267.0 0.0003668466963917816 1.0382006447332763e-06 4.730399970365265e-11 4.226562774539319e-78 0.9996321075324452
268.0 0.0003778316256137576 1.0929573373872051e-06 5.1691480488814834e-11 8.50386400873167e-78 0.999621067113558
269.0 0.0003890600063546396 1.1501620159603352e-06 5.6448646581494015e-11 1.7021102308225417e-77 0.9996097807304319
270.0 0.00040053504243121055 1.2099030460748649e-06 6.160340716582824e-11 3.3894289343033358e-77 0.9995982450857723
271.0 0.000412259938691385 1.2722711324735284e-06 6.718552304230107e-11 6.715178623917964e-77 0.9995864568785292
272.0 0.0004242379004643857 1.337359353140284e-06 7.322671147075573e-11 1.3237474634357152e-76 0.999574412804365
273.0 0.00043647213301477707 1.4052631932130016e-06 7.976075583426524e-11 2.596529365172175e-76 0.9995621095562128
274.0 0.0004489658410004579 1.476080578672292e-06 8.682362028607044e-11 5.068103828392367e-76 0.9995495438248339
275.0 0.00046172222793467837 1.549911909790604e-06 9.445356954458464e-11 9.844308908248254e-76 0.9995367122991302
276.0 0.00047474449565236364 1.6268600943266395e-06 1.0269129400425332e-10 1.9029850962438493e-75 0.9995236116665966
277.0 0.0004880358437809931 1.7070305804501962e-06 1.1158004033275888e-10 3.6611590253333136e-75 0.9995102386140571
278.0 0.0005015994692157738 1.7905313893810482e-06 1.211657477275747e-10 7.010631731784788e-75 0.999496589827868
279.0 0.0005154385655996412 1.8774731477282892e-06 1.3149719000762004e-10 1.3362048776904005e-74 0.999482661994454
280.0 0.000529556322808036 1.9679691195148643e-06 1.4262612371813677e-10 2.535058334921536e-74 0.9994684518007922
281.0 0.0005439559264385518 2.06213523787269e-06 1.5460744242938758e-10 4.787659200077265e-74 0.9994539559347934
282.0 0.0005586405573056891 2.1600901363944667e-06 1.6749933741214596e-10 9.001189873799172e-74 0.999439171085824
283.0 0.0005736133909406797 2.2619551801275925e-06 1.8136346487518657e-10 1.684762938921362e-73 0.9994240939450797
284.0 0.0005888775970966003 2.3678544961967165e-06 1.9626511995222175e-10 3.13949884794073e-73 0.9994087212060487
285.0 0.0006044363392587552 2.477915004040846e-06 2.1227341762779675e-10 5.824849189610449e-73 0.9993930495648286
286.0 0.0006202927741606644 2.5922664452525453e-06 2.2946148079377705e-10 1.076048312295673e-72 0.9993770757207214
287.0 0.0006364500513053861 2.711041413004701e-06 2.479066356298153e-10 1.9793436562822527e-72 0.9993607963764946
288.0 0.0006529113124925302 2.8343753810528967e-06 2.676906145031882e-10 3.625536918833623e-72 0.9993442082387737
289.0 0.0006696796913510284 2.9624067323008586e-06 2.8889976658509466e-10 6.613086992128843e-72 0.9993273080185294
290.0 0.0006867583128776239 3.0952767869160383e-06 3.116252763820626e-10 1.2012564473289707e-71 0.9993100924314651
291.0 0.000704150292981053 3.233129829982755e-06 3.359633903826234e-10 2.173128351067774e-71 0.9992925581982007
292.0 0.0007218587380325093 3.3761131386834215e-06 3.620156520211622e-10 3.915358000304068e-71 0.9992747020449873
293.0 0.0007398867444215281 3.52437700899208e-06 3.898891451614695e-10 7.026063749686906e-71 0.999256520703641
294.0 0.0007582373981185194 3.678074781874398e-06 4.196967463046876e-10 1.2558131034389373e-70 0.9992380109123398
295.0 0.0007769137742427452 3.83736286897716e-06 4.515573857262949e-10 2.2357735685468765e-70 0.9992191694155482
296.0 0.0007959189366369991 4.002400777802347e-06 4.855963177489142e-10 3.964951116406308e-70 0.9991999929647076
297.0 0.0008152559374480606 4.1733511363507186e-06 5.219454003574924e-10 7.004419773600421e-70 0.9991804783183876
298.0 0.0008349278167134756 4.350379717227225e-06 5.607433843648514e-10 1.2326723893210926e-69 0.9991606222425826
299.0 0.0008549376019546939 4.533655461198408e-06 6.021362123359805e-10 2.1611304718677832e-69 0.9991404215111402
300.0 0.0008752883077763523 4.723350500191061e-06 6.462773274797001e-10 3.7747530104362697e-69 0.9991198729059946
301.0 0.0008959829354719466 4.919640179724079e-06 6.93327992716983e-10 6.568807405236093e-69 0.9990989732174926
302.0 0.0009170244726358104 5.122703080763913e-06 7.434576201351997e-10 1.1389140190224313e-68 0.9990777192446608
303.0 0.0009384158927814013 5.332721040995007e-06 7.96844111037625e-10 1.967512704642493e-68 0.999056107795423
304.0 0.0009601601549662607 5.549879175498828e-06 8.5367420679789e-10 3.3867404592780398e-68 0.9990341356870993
305.0 0.0009822602034228194 5.774365896828851e-06 9.141438507277399e-10 5.8089737516077136e-68 0.9990117997463207
306.0 0.0010047189671963648 6.0063729344811165e-06 9.784585611680261e-10 9.928535705624856e-68 0.998989096809709
307.0 0.001027539359788538 6.246095353743695e-06 1.046833816009751e-09 1.6910414177114933e-67 0.9989660237236377
308.0 0.001050724278808115 6.493731573928123e-06 1.119495448854458e-09 2.870260488638661e-67 0.9989425773448504
309.0 0.001074276605627809 6.74948338596884e-06 1.1966800570196762e-09 4.85513136699381e-67 0.998918754540643
310.0 0.001098199205047243 7.013555969384758e-06 1.2786354215955285e-09 8.18479212341918e-67 0.9988945521887971
311.0 0.001122494924963076 7.286157908603163e-06 1.3656209397584479e-09 1.3751672599310412e-66 0.9988699671781844
312.0 0.0011471665960447255 7.56750120863054e-06 1.457908069544141e-09 2.3028127233519967e-66 0.9988449964085933
313.0 0.001172217031417315 7.857801310075078e-06 1.5557807872839833e-09 3.843534530354631e-66 0.9988196367912694
314.0 0.0011976490263503436 8.157277103506187e-06 1.659536057904026e-09 6.394192294950737e-66 0.9987938852488303
315.0 0.00122346535795311 8.46615094315306e-06 1.7694843182871916e-09 1.0603197044459397e-65 0.9987677387155067
316.0 0.0012496687848765574 8.78464865993557e-06 1.885949973895716e-09 1.752659410854833e-65 0.99874119413738
317.0 0.0012762620470214243 9.112999573822781e-06 2.009271908849454e-09 2.887891945146362e-65 0.998714248472565
318.0 0.0013032478652523864 9.45143650551288e-06 2.1398040096529153e-09 4.743512543617425e-65 0.9986868986910988
319.0 0.0013306289411193068 9.800195787439171e-06 2.2779157027642145e-09 7.767257414449257e-65 0.998659141775449
320.0 0.0013584079565838855 1.015951727408672e-05 2.423992506192293e-09 1.2679336895505571e-64 0.998630974720297
321.0 0.0013865875737533232 1.0529644351628444e-05 2.5784365953113465e-09 2.0634744305206677e-64 0.9986023945328883
322.0 0.0014151704346198112 1.0910823946869695e-05 2.7416673830747114e-09 3.3480173741223895e-64 0.9985733982330465
323.0 0.001444159160806284 1.1303306535501999e-05 2.914122114809565e-09 5.415949125876088e-64 0.9985439828532228
324.0 0.001473556353318507 1.1707346149665075e-05 3.0962564777712547e-09 8.735178042452564e-64 0.9985141454386434
325.0 0.0015033645923034093 1.2123200384814518e-05 3.288545225631994e-09 1.404724510001303e-63 0.9984838830474951
326.0 0.0015335864368128751 1.2551130405888056e-05 3.4914828180742385e-09 2.2523948650805983e-63 0.9984531927506733
327.0 0.0015642244245747106 1.2991400952782667e-05 3.7055840756610546e-09 3.601168797280405e-63 0.9984220716322459
328.0 0.0015952810717685024 1.344428034512388e-05 3.931384850143768e-09 5.741157751300572e-63 0.9983905167891447
329.0 0.001626758872808426 1.3910040486343559e-05 4.169442710372826e-09 9.126912032978361e-63 0.9983585253314736
330.0 0.0016586603001311948 1.4388956867050901e-05 4.420337643965689e-09 1.4468643815496428e-62 0.9983260943822839
331.0 0.0016909878039907916 1.4881308567710949e-05 4.684672774889668e-09 2.287296264169095e-62 0.9982932210778745
332.0 0.001723743812258196 1.538737826061592e-05 4.963075097105163e-09 3.6059406575423372e-62 0.9982599025675547
333.0 0.001756930730227607 1.59074522111625e-05 5.256196224419084e-09 5.669269248099329e-62 0.9982261360137907
334.0 0.00179055094042801 1.644182027842694e-05 5.564713156686981e-09 8.889116721219872e-62 0.9981919185921021
335.0 0.0018246068024407635 1.6990775915044338e-05 5.889329062503069e-09 1.3900284507085792e-61 0.998157247491104
336.0 0.0018591006527225945 1.7554616166388963e-05 6.2307740785090855e-09 2.1678675088820896e-61 0.9981221199123919
337.0 0.0018940348044347763 1.8133641669064004e-05 6.589806125452836e-09 3.372065780703253e-61 0.998086533070715
338.0 0.0019294115472768992 1.8728156648688434e-05 6.967211741114309e-09 5.231470258828528e-61 0.9980504841936172
339.0 0.001965233147327175 1.9338468917001115e-05 7.363806930225029e-09 8.095169574712141e-61 0.9980139705215977
340.0 0.0020015018468876656 1.996488986826983e-05 7.78043803148843e-09 1.2494317449036274e-60 0.9979769893079804
341.0 0.00203821986433485 2.0607734475012135e-05 8.217982601811728e-09 1.9235050405243837e-60 0.9979395378187329
342.0 0.002075389393976122 2.1267321283036052e-05 8.677350317854604e-09 2.9537791831078987e-60 0.9979016133325631
343.0 0.0021130126059110393 2.1943972405793724e-05 9.159483894989257e-09 4.524558524891019e-60 0.9978632131407295
344.0 0.002151091645897722 2.2638013518053436e-05 9.66536002376538e-09 6.913490257927201e-60 0.9978243345467956
345.0 0.0021896286352251306 2.3349773848903627e-05 1.0195990323971407e-08 1.0537821144318353e-59 0.997784974866716
346.0 0.0022286256705899214 2.407958617407705e-05 1.0752422316367983e-08 1.6023075101416246e-59 0.9977451314286306
347.0 0.0022680848239784454 2.4827786807607065e-05 1.1335740412172814e-08 2.4304776860525736e-59 0.9977048015727005
348.0 0.0023080081425537907 2.559471559281812e-05 1.1947066920367052e-08 3.6778767841610157e-59 0.9976639826509446
349.0 0.002348397648547779 2.638071589265471e-05 1.2587563072887223e-08 5.552280760006876e-59 0.9976226720270644
350.0 0.0023892553391580847 2.718613457935477e-05 1.3258430067763255e-08 8.362251111209675e-59 0.9975808670763686
351.0 0.002430583186449865 2.801132202346676e-05 1.3960910130252253e-08 1.25649646094827e-58 0.9975385651855422
352.0 0.002472383137262176 2.885663208221775e-05 1.4696287592016316e-08 1.883624149727334e-58 0.9974957637524176
353.0 0.0025146571131192006 2.9722422087238273e-05 1.546588998838561e-08 2.817284358863671e-58 0.9974524601857835
354.0 0.002557407010146013 3.0609052831646174e-05 1.6271089173739787e-08 4.204157860693461e-58 0.9974086519051476
355.0 0.0026006346989893205 3.151688855650131e-05 1.7113302455039403e-08 6.259614518419271e-58 0.9973643363406394
356.0 0.0026443420247420973 3.2446296936622664e-05 1.7993993743522768e-08 9.299180132854652e-58 0.9973195109326594
357.0 0.0026885308068729493 3.3397649065784456e-05 1.8914674724588898e-08 1.3784099187233595e-57 0.9972741731316334
358.0 0.002733202839160118 3.437131944129695e-05 1.9876906045876853e-08 2.0387165390943837e-57 0.997228320397853
359.0 0.002778359889629439 3.536768594796886e-05 2.088229852353822e-08 3.0087632098699765e-57 0.9971819502011653
360.0 0.0028240037004967316 3.638712984146429e-05 2.19325143667052e-08 4.430775772343634e-57 0.9971350600207138
361.0 0.0028701359881137976 3.74300357310502e-05 2.3029268420134784e-08 6.510883680717945e-57 0.9970876473444792
362.0 0.002916758442920243 3.8496791561768984e-05 2.4174329425033527e-08 9.547204392167586e-57 0.9970397096693906
363.0 0.0029638727293968964 3.9587788595990286e-05 2.5369521298003705e-08 1.3969995164429296e-56 0.9969912445005782
364.0 0.003011480486025588 4.070342139440799e-05 2.661672442812124e-08 2.0398939576466057e-56 0.996942249351428
365.0 0.003059583325251216 4.184408779643927e-05 2.7917876992074875e-08 2.972471458910408e-56 0.9968927217430615
366.0 0.0031081828334480932 4.301018890005627e-05 2.9274976287339696e-08 4.3224894823845595e-56 0.9968426592039616
367.0 0.003157280570890976 4.4202129041065486e-05 3.0690080083340556e-08 6.272831921562587e-56 0.9967920592698718
368.0 0.0032068780717281298 4.5420315771805e-05 3.216530799052364e-08 9.084772049466876e-56 0.996740919483127
369.0 0.0032569768439601027 4.6665159839318e-05 3.370284284730727e-08 1.3130831926431016e-55 0.9966892373926454
370.0 0.0033075783694200755 4.793707516295265e-05 3.530493212480421e-08 1.894110636296362e-55 0.996637010553252
371.0 0.003358684103759399 4.9236478811446554e-05 3.6973889349271176e-08 2.7268442213903656e-55 0.9965842365255198
372.0 0.0034102954764353884 5.056379097946205e-05 3.8712095542175225e-08 3.9179971543939415e-55 0.9965309128752321
373.0 0.003462413890703361 5.191943496360887e-05 4.05220006778058e-08 5.618540937229505e-55 0.9964770371730742
374.0 0.003515040723611859 5.330383713794678e-05 4.240612515832613e-08 8.041654275211141e-55 0.9964226069942794
375.0 0.003568177326000172 5.4717426928961935e-05 4.4367061306145824e-08 1.1487786604256835e-54 0.9963676199179838
376.0 0.0036218250225011103 5.6160636790071294e-05 4.6407474873545196e-08 1.6379591270187667e-54 0.996312073527151
377.0 0.0036759851115447583 5.7633902175595984e-05 4.8530106569376466e-08 2.3310525089129968e-54 0.9962559654078739
378.0 0.0037306588653661407 5.913766151425959e-05 5.073777360275716e-08 3.311233709139272e-54 0.9961992931489122
379.0 0.003785847530017033 6.067235618221906e-05 5.303337124362875e-08 4.6948618033626854e-54 0.9961420543415149
380.0 0.0038415523253785707 6.223843047558928e-05 5.5419874399995694e-08 6.644424061251575e-54 0.9960842465786663
381.0 0.0038977744451788037 6.383633158253091e-05 5.790033921176333e-08 9.3864140189909e-54 0.9960258674548548
382.0 0.003954515057011042 6.546650955484535e-05 6.047790466095755e-08 1.3235980640596264e-53 0.9959669145653144
383.0 0.004011775302357403 6.712941727915525e-05 6.315579419823923e-08 1.8630853306810003e-53 0.9959073855058846
384.0 0.004069556296612673 6.882551044760246e-05 6.593731738547563e-08 2.617795185410665e-53 0.9958472778722486
385.0 0.004127859129112313 7.0555247528129e-05 6.882587155425378e-08 3.671731402896329e-53 0.9957865892595459
386.0 0.00418668486316229 7.23190897343172e-05 7.18249434801249e-08 5.14096239886128e-53 0.9957253172618009
387.0 0.004246034536072265 7.411750099481908e-05 7.493811107242445e-08 7.185585097380067e-53 0.9956634594715312
388.0 0.004305909159189798 7.595094792234477e-05 7.81690450794305e-08 1.0026050168849975e-52 0.9956010134790255
389.0 0.004366309717938652 7.781989978227208e-05 8.1521510808726e-08 1.3965401224470792e-52 0.9955379768719991
390.0 0.004427237171857745 7.972482846082525e-05 8.499936986249651e-08 1.9419519975971136e-52 0.9954743472348658
391.0 0.004488692454644075 8.16662084328883e-05 8.860658188761511e-08 2.695819159719267e-52 0.9954101221483913
392.0 0.004550676474196431 8.364451672940831e-05 9.234720634024512e-08 3.736076994565214e-52 0.9953452991890077
393.0 0.004613190112661423 8.5660232904421e-05 9.622540426476024e-08 5.16915107390753e-52 0.9952798759281752
394.0 0.004676234226482512 8.771383900172048e-05 1.0024544008677223e-07 7.140135757597291e-52 0.9952138499319361
395.0 0.004739809646450455 8.980581952115462e-05 1.0441168342000852e-07 9.846524964436398e-52 0.995147218760319
396.0 0.0048039171777554774 9.193666138455683e-05 1.0872861088678972e-07 1.3556705368982652e-51 0.9950799799666961
397.0 0.004868557600041639 9.410685390133377e-05 1.1320080795189037e-07 1.863482461881876e-51 0.995012131097187
398.0 0.0049337316674632585 9.631688873371484e-05 1.1783297076951428e-07 2.5574179930284385e-51 0.9949436696901086
399.0 0.004999440108742485 9.856725986165138e-05 1.2262990804311373e-07 3.50419768116983e-51 0.9948745932752788
400.0 0.0050656836272293115 0.00010085846354740367 1.2759654289782057e-07 4.7939237557551284e-51 0.9948048993734633
401.0 0.00513246290096261 0.00010319099829979121 1.3273791476518253e-07 6.548086489897644e-51 0.9947345854956796
402.0 0.005199778582733443 0.00010556536483814378 1.3805918127996392e-07 8.93024794951197e-51 0.9946636491426377
403.0 0.005267631300149352 0.00010798206605593246 1.4356562018870242e-07 1.2160277019680667e-50 0.9945920878040426
404.0 0.005336021655700561 0.00011044160698410803 1.4926263126975116e-07 1.6533287840592292e-50 0.9945198989579865
405.0 0.005404950226827493 0.00011294449475414538 1.5515573826451295e-07 2.244479838449577e-50 0.9944470800702949
406.0 0.005474417565988855 0.00011549123856078195 1.6125059081953703e-07 3.0424102976073446e-50 0.9943736285937249
407.0 0.005544424200732935 0.00011808234962451734 1.6755296643925961e-07 4.1178475899148324e-50 0.9942995419675027
408.0 0.005614970633768654 0.00012071834115380732 1.7406877244898666e-07 5.56516365262147e-50 0.9942248176165659
409.0 0.00568605734303762 0.00012339972830698685 1.8080404796783172e-07 7.510096603594802e-50 0.9941494529507648
410.0 0.005757684781789159 0.00012612702815397215 1.877649658913632e-07 1.0119934441806553e-49 0.9940734453643905
411.0 0.005829853378653941 0.0001289007596376567 1.9495783488350213e-07 1.3616926763954532e-49 0.9939967922352295
412.0 0.005902563537721572 0.00013172144353512186 2.0238910137751117e-07 1.829592287865456e-49 0.9939194909241401
413.0 0.005975815638616594 0.00013458960241855228 2.1006535158557158e-07 2.4547535802303947e-49 0.9938415387741509
414.0 0.006049610036576213 0.0001375057606159344 2.179933135167118e-07 3.2888521213850095e-49 0.9937629331097035
415.0 0.006123947062530386 0.00014047044417155873 2.261798590027773e-07 4.400156385299116e-49 0.9936836712361309
416.0 0.006198827023180919 0.00014348418080626176 2.346320057319854e-07 5.878731344258836e-49 0.9936037504388016
417.0 0.006274250201082138 0.0001465474998774702 2.4335691928979535e-07 7.84323493360782e-49 0.9935231679824096
418.0 0.0063502168547224305 0.00014966093233903643 2.523619152067228e-07 1.0449783043959979e-48 0.9934419211102595
419.0 0.006426727218606199 0.00015282501070086978 2.6165446101272656e-07 1.390349716523751e-48 0.993360007043505
420.0 0.00650378150333624 0.00015604026898835945 2.7124217829779783e-07 1.8473526546395743e-48 0.9932774229803408
421.0 0.006581379895698537 0.0001593072427016549 2.8113284477847486e-07 2.451256458590691e-48 0.9931941660954774
422.0 0.0066595225587444 0.00016262646877468037 2.913343963697062e-07 3.2482170883752606e-48 0.9931102335390942
423.0 0.006738209631875761 0.00016599848553403663 3.0185492926191906e-07 4.298558338973189e-48 0.9930256224362203
424.0 0.006817441230930527 0.00016942383265771712 3.127027020028064e-07 5.681018142238934e-48 0.9929403298860168
425.0 0.006897217448267364 0.00017290305113363248 3.238861375834061e-07 7.498236787009036e-48 0.992854352960921
426.0 0.006977538352851841 0.0001764366832179971 3.354138255281764e-07 9.883841278879142e-48 0.9927676887059306
427.0 0.00705840399034202 0.0001800252723935354 3.4729452398860575e-07 1.3011578521434599e-47 0.9926803341377441
428.0 0.007139814383175649 0.0001836693633275693 3.595371618400516e-07 1.7107075113355034e-47 0.9925922862440936
429.0 0.007221769530656344 0.00018736950182992693 3.721508407812917e-07 2.246296034097094e-47 0.9925035419828854
430.0 0.007304269409039962 0.00019112623481071188 3.8514483743646013e-07 2.9458290221618654e-47 0.9924140982813443
431.0 0.00738731397162324 0.00019494011023798408 3.9852860545905404e-07 3.858346528249823e-47 0.9923239520354369
432.0 0.007470903148828805 0.0001988116770952188 4.1231177763732337e-07 5.047215700592978e-47 0.9922331001087777
433.0 0.007555036848294501 0.00020274148533874274 4.2650416800103284e-07 6.594216488657148e-47 0.9921415393321051
434.0 0.007639714954959148 0.00020673008585495923 4.411157739287833e-07 8.604763952186072e-47 0.9920492665022785
435.0 0.007724937331151013 0.0002107780304175223 4.561567782558111e-07 1.121457541821122e-46 0.991956278381613
436.0 0.007810703816674304 0.000214885871644351 4.716375513815989e-07 1.459817216679672e-46 0.991862571696973
437.0 0.007897014228896788 0.00021905416295456295 4.875686533770328e-07 1.897970770547992e-46 0.9917681431390124
438.0 0.007983868362836216 0.00022328345852527806 5.039608360905912e-07 2.464674325304694e-46 0.9916729893612689
439.0 0.0080712659912484 0.00022757431324836957 5.208250452532649e-07 3.1967752307140843e-46 0.9915771069794993
440.0 0.00815920686471262 0.0002319272826870522 5.381724225815602e-07 4.141433820262282e-46 0.9914804925706808
441.0 0.008247690711720185 0.00023634292303247248 5.560143078784956e-07 5.358940140681458e-46 0.9913831426724407
442.0 0.008336717238757719 0.0002408217910600703 5.74362241131631e-07 6.926280936790018e-46 0.9912850537818707
443.0 0.008426286130396057 0.0002453644440860248 5.932279646084108e-07 8.941651640991116e-46 0.9911862223550527
444.0 0.008516397049373714 0.0002499714399234722 6.126234249476478e-07 1.153015734595309e-45 0.9910866448059662
445.0 0.008607049636683944 0.0002546433368387659 6.325607752473227e-07 1.485100807697909e-45 0.9909863175058763
446.0 0.00869824351165785 0.0002593806935075565 6.530523771477491e-07 1.9106590022865053e-45 0.9908852367822903
447.0 0.008789978272050275 0.00026418406897089854 6.741108029101218e-07 2.4553889298740146e-45 0.9907833989182969
448.0 0.00888225349412283 0.0002690540225912191 6.957488374896191e-07 3.1518862693594484e-45 0.9906808001516204
449.0 0.008975068732727656 0.0002739911140082642 7.179794806028676e-07 4.0414496099793054e-45 0.9905774366738204
450.0 0.009068423521391056 0.00027899590309499216 7.408159487892586e-07 5.176347256618938e-45 0.9904733046295368
451.0 0.009162317372393702 0.00028406894991333045 7.642716774654321e-07 6.622659630154862e-45 0.9903684001154063
452.0 0.009256749776855299 0.00028921081467002494 7.88360322973074e-07 8.463839646071594e-45 0.9902627191795467
453.0 0.00935172020481395 0.0002944220576723045 8.130957646188263e-07 1.0805167739343849e-44 0.9901562578205232
454.0 0.009447228105306127 0.0002997032392835291 8.38492106706308e-07 1.3779320517625516e-44 0.9900490119864541
455.0 0.009543272906449208 0.00030505491987889774 8.645636805599934e-07 1.755332419533062e-44 0.9899409775744561
456.0 0.009639854015516355 0.0003104776598008949 8.913250465395806e-07 2.2337228219083988e-44 0.9898321504293695
457.0 0.009736970819018576 0.00031597201931494936 9.187909960457454e-07 2.83949135613033e-44 0.9897225263433024
458.0 0.009834622682780916 0.00032153855856488695 9.469765535155927e-07 3.605754734870229e-44 0.9896121010546449
459.0 0.009932808952019227 0.000327177837528402 9.758969784080303e-07 4.574031484242743e-44 0.9895008702472312
460.0 0.010031528951415729 0.00033289041597247366 1.0055677671783176e-06 5.796320620435477e-44 0.9893888295494564
461.0 0.010130781985194527 0.00033867685340878255 1.0360046552415568e-06 7.337681493313564e-44 0.9892759745334867
462.0 0.010230567337196444 0.0003445377090491027 1.0672236189245435e-06 9.279432457172121e-44 0.9891623007144716
463.0 0.010330884270951397 0.0003504735417606178 1.0992408774053586e-06 1.172311290522657e-43 0.9890478035496179
464.0 0.010431732029750855 0.00035648491002124 1.1320728946404823e-06 1.4795386048751488e-43 0.988932478437357
465.0 0.010533109836720837 0.0003625723718749634 1.165736381279057e-06 1.8654099920944577e-43 0.988816320716656
466.0 0.010635016894889993 0.00036873648488705254 1.2002482965631999e-06 2.34957729957456e-43 0.9886993256659542
467.0 0.010737452387261143 0.00037497780609937244 1.2356258502148669e-06 2.9564830413036547e-43 0.988581488502524
468.0 0.010840415476878846 0.0003812968919855903 1.2718865043079507e-06 3.716498936285053e-43 0.9884628043815511
469.0 0.010943905306896328 0.00038769429840637774 1.3090479751255124e-06 4.667328043870145e-43 0.9883432683952634
470.0 0.01104792100064463 0.0003941705805647101 1.3471282350020767e-06 5.8557299020335126e-43 0.9882228755723468
471.0 0.011152461661693732 0.00040072629296090896 1.3861455141492556e-06 7.339641095687558e-43 0.9881016208767437
472.0 0.011257526373919951 0.00040736198934792733 1.426118302465947e-06 9.19077947644044e-43 0.9879794992071199
473.0 0.011363114201568141 0.0004140782226864826 1.4670653513313232e-06 1.149783939605692e-42 0.9878565053959542
474.0 0.01146922418931415 0.0004208755451002225 1.509005675380737e-06 1.437040849156114e-42 0.9877326342087701
475.0 0.011575855362324621 0.00042775450783083286 1.5519585542637586e-06 1.7943764595927358e-42 0.9876078803432261
476.0 0.011683006726317233 0.0004347156611931857 1.5959435343842408e-06 2.238474523386743e-42 0.9874822384283556
477.0 0.011790677267620231 0.000441759554530503 1.6409804306218435e-06 2.789892308177608e-42 0.9873557030238507
478.0 0.011898865953226935 0.0004488867361693678 1.6870893280339516e-06 3.4739370141343174e-42 0.987228268619018
479.0 0.012007571730855678 0.00045609775337497637 1.734290583538914e-06 4.321735289125826e-42 0.9870999296323052
480.0 0.012116793529001189 0.0004633931523061056 1.7826048275782653e-06 5.3715372363226906e-42 0.9869706804102157
481.0 0.012226530256990416 0.0004707734779702951 1.832052965759254e-06 6.67030493506941e-42 0.986840515226696
482.0 0.012336780805034126 0.00047823927417890553 1.8826561804759718e-06 8.275645867808258e-42 0.9867094282822895
483.0 0.012447544044277887 0.0004857910835021946 1.9344359325091494e-06 1.0258164106268037e-41 0.9865774137033416
484.0 0.01255881882685047 0.0004934294472243425 1.987413962603872e-06 1.2704317066967056e-41 0.986444465541109
485.0 0.012670603985916887 0.0005011549052986997 2.0416122930258384e-06 1.57198835844699e-41 0.9863105777713492
486.0 0.012782898335719403 0.0005089679963026121 2.097053229093142e-06 1.9434170547231694e-41 0.986175744293056
487.0 0.012895700671629125 0.0005168692573927086 2.153759360686615e-06 2.4005111079787817e-41 0.9860399589281456
488.0 0.013009009770184737 0.0005248592242597246 2.211753563734563e-06 2.962543804837093e-41 0.9859032154202475
489.0 0.013122824389142165 0.0005329384310838146 2.2710590016753165e-06 3.653015347750595e-41 0.9857655074344421
490.0 0.013237143267510418 0.0005411074104893552 2.331699126893012e-06 4.5005558432556123e-41 0.9856268285560555
491.0 0.013351965125596641 0.0005493666935001724 2.39369768212997e-06 5.540016039718217e-41 0.9854871722902608
492.0 0.013467288665041665 0.0005577168094944297 2.457078701872125e-06 6.813783775055465e-41 0.9853465320610679
493.0 0.013583112568859676 0.0005661582861597375 2.5218665137092833e-06 8.373371551263425e-41 0.9852049012107396
494.0 0.013699435501475359 0.0005746916494482093 2.5880857396686934e-06 1.0281329530305005e-40 0.9850622729991181
495.0 0.013816256108755004 0.0005833174235313173 2.655761297520722e-06 1.261354880764456e-40 0.9849186406026227
496.0 0.01393357301804519 0.0005920361307551151 2.724918402058747e-06 1.546203237514551e-40 0.9847739971139103
497.0 0.014051384838201054 0.0006008482915950777 2.7955825663494757e-06 1.8938226098866624e-40 0.9846283355408796
498.0 0.014169690159618154 0.0006097544246111427 2.8677796029557515e-06 2.3177019738927904e-40 0.9844816488060538
499.0 0.014288487554261644 0.000618755046402684 2.9415356251303297e-06 2.8341549033036443e-40 0.9843339297458746
500.0 0.01440777557569532 0.0006278506715635449 3.0168770479806525e-06 3.4628954746068816e-40 0.9841851711100907
501.0 0.014527552759106449 0.0006370418126369239 3.0938305896031644e-06 4.227728405236595e-40 0.9840353655609608
502.0 0.014647817621330477 0.0006463289800703215 3.1724232721878516e-06 5.157375448333755e-40 0.983884505672557
503.0 0.014768568660876339 0.0006557126821705507 3.2526824230923724e-06 6.28646418998986e-40 0.983732583930208
504.0 0.014889804357947404 0.0006651934250586215 3.3346356758845613e-06 7.656710266161959e-40 0.9835795927297629
505.0 0.01501152317446249 0.0006747717126246634 3.4183109713536134e-06 9.318329767881789e-40 0.9834255243769456
506.0 0.015133723554075221 0.0006844480464828378 3.5037365584892334e-06 1.133172538907811e-39 0.9832703710867176
507.0 0.015256403922190472 0.0006942229259261605 3.5909409954278575e-06 1.376949787144079e-39 0.9831141249825475
508.0 0.015379562685983682 0.0007040968478815072 3.679953150367075e-06 1.6718843725797068e-39 0.9829567780959664
509.0 0.01550319823441142 0.0007140703068642653 3.770802202444804e-06 2.0284411305193266e-39 0.9827983223656586
510.0 0.015627308938230514 0.0007241437949334364 3.863517642587113e-06 2.4591700358178018e-39 0.9826387496372091
511.0 0.015751893150003336 0.0007343178016461378 3.9581292743186745e-06 2.979110553593807e-39 0.9824780516620607
512.0 0.015876949204114827 0.0007445928140126945 4.054667214541736e-06 3.606272235380031e-39 0.9823162200973172
513.0 0.01600247541677753 0.0007549693164512339 4.153161894277313e-06 4.362205526969595e-39 0.9821532465048929
514.0 0.016128470086039695 0.0007654477907424489 4.253644059371789e-06 5.272679236761579e-39 0.9819891223509489
515.0 0.016254931491794817 0.0007760287159844878 4.356144771168258e-06 6.368484023667315e-39 0.9818238390055196
516.0 0.016381857895781362 0.0007867125685474211 4.460695407139146e-06 7.686384672944987e-39 0.9816573877416268
517.0 0.01650924754158931 0.0007974998220280663 4.567327661483939e-06 9.270247919533912e-39 0.9814897597349126
518.0 0.01663709865466378 0.0008083909472047244 4.676073545689225e-06 1.1172377247666791e-38 0.9813209460631868
519.0 0.01676540944230007 0.0008193864119915435 4.786965389048843e-06 1.345509155423366e-38 0.9811509377055485
520.0 0.016894178093649664 0.0008304866813934468 4.900035839149207e-06 1.6192590940749575e-38 0.9809797255422694
521.0 0.017023402779712305 0.0008416922174604278 5.015317862312367e-06 1.9473160344411594e-38 0.9808073003539256
522.0 0.017153081653335966 0.0008530034792422636 5.132844744002481e-06 2.340177040584253e-38 0.9806336528210986
523.0 0.017283212849208036 0.0008644209227428344 5.252650089190615e-06 2.8103145099893597e-38 0.9804587735236566
524.0 0.017413794483853308 0.0008759450008748211 5.374767822681857e-06 3.372537745791823e-38 0.9802826529405118
525.0 0.017544824655624774 0.0008875761634140665 5.49923218940025e-06 4.044418845247907e-38 0.980105281449051
526.0 0.01767630144469272 0.0008993148569538998 5.626077754632685e-06 4.846794010732989e-38 0.9799266493245692
527.0 0.017808222913034216 0.0009111615248594984 5.755339404231943e-06 5.804353249274662e-38 0.9797467467398048
528.0 0.017940587104423526 0.0009231166072223341 5.8870523447787425e-06 6.94633358793685e-38 0.9795655637646172
529.0 0.018073392044417876 0.000935180540814413 6.021252103700486e-06 8.307333442576761e-38 0.9793830903654834
530.0 0.01820663574034245 0.0009473537590425029 6.157974529347546e-06 9.928268691053172e-38 0.9791993164050421
531.0 0.01834031618127395 0.0009596366919023087 6.297255791026479e-06 1.1857494381563385e-37 0.9790142316416467
532.0 0.01847443133802457 0.0009720297659327066 6.439132378990293e-06 1.415211992448716e-37 0.9788278257290128
533.0 0.018608979163122714 0.0009845334041698158 6.583641104384119e-06 1.6879550154772349e-37 0.9786400882157783
534.0 0.018743957590794086 0.0009971480261011302 6.730819099147151e-06 2.0119289906659596e-37 0.9784510085451635
535.0 0.01887936453693967 0.001009874047619496 6.8807038158692074e-06 2.3965055822636806e-37 0.9782605760545373
536.0 0.01901519789911305 0.0010227118809770766 7.0333330276022325e-06 2.852724614922971e-37 0.9780687799750402
537.0 0.019151455556498317 0.0010356619347393762 7.188744827626943e-06 3.3935827397292197e-37 0.9778756094313027
538.0 0.019288135369883826 0.0010487246137390407 7.346977629172357e-06 4.034370612837751e-37 0.9776810534410277
539.0 0.019425235181638197 0.0010619003190298199 7.508070165090207e-06 4.7930664960196015e-37 0.9774851009147688
540.0 0.019562752815677688 0.0010751894478400526 7.672061487479652e-06 5.6907954378714725e-37 0.9772877406553326
541.0 0.0197006860774461 0.001088592393526865 7.838990967270016e-06 6.752364634906488e-37 0.9770889613578958
542.0 0.01983903275387649 0.001102109545529375 8.008898293749232e-06 8.00688723139245e-37 0.9768887516092769
543.0 0.01997779061336772 0.0011157412893227315 8.181823474050613e-06 9.488508727922708e-37 0.9766870998880153
544.0 0.020116957405747284 0.0011294880063713998 8.3578068325859e-06 1.1237252368016229e-36 0.9764839945638439
545.0 0.020256530862239587 0.0011433500740827519 8.53688901043229e-06 1.3300002401634364e-36 0.9762794238974954
546.0 0.020396508695432785 0.0011573278657605968 8.719110964669896e-06 1.5731647032180722e-36 0.9760733760405099
547.0 0.020536888599242718 0.0011714217505585385 8.904513967668835e-06 1.8596406193966723e-36 0.975865839034964
548.0 0.02067766824887645 0.0011856320934333232 9.093139606326407e-06 2.1969373142457844e-36 0.9756568008132399
549.0 0.02081884530079552 0.001199959255098173 9.28502978125433e-06 2.593830324066301e-36 0.9754462491978566
550.0 0.02096041739267604 0.0012144035919759376 9.480226705913852e-06 3.060568837237954e-36 0.9752341719012064
551.0 0.021102382143369684 0.0012289654561522948 9.678772905700629e-06 3.6091161198321764e-36 0.9750205565253948
552.0 0.021244737152862403 0.001243645195328823 9.88071121697731e-06 4.25342800985573e-36 0.9748053905620372
553.0 0.02138748000223494 0.0012584431527761688 1.0086084786055216e-05 5.00977532325535e-36 0.9745886613922004
554.0 0.0215306082536195 0.0012733596672869975 1.0294937068122447e-05 5.897116883080138e-36 0.9743703562862143
555.0 0.021674119450154863 0.0012883950731288332 1.0507311826118616e-05 6.93753087619594e-36 0.9741504624034816
556.0 0.02181801111594175 0.001303549699996916 1.0723253129557092e-05 8.156713376966998e-36 0.9739289667923484
557.0 0.021962280755999018 0.0013188238729670936 1.0942805353294274e-05 9.584554173966202e-36 0.9737058563900686
558.0 0.02210692585621987 0.00133421791244871 1.1166013176245556e-05 1.1255801516260881e-35 0.9734811180228224
559.0 0.022251943883316617 0.0013497321341367989 1.1392921580041435e-05 1.321082908529008e-35 0.9732547384052745
560.0 0.0223973322847833 0.0013653668489653373 1.1623575847638444e-05 1.549652042529191e-35 0.9730267041409781
561.0 0.022543088488836124 0.0013811223630591366 1.185802156186401e-05 1.816728826178971e-35 0.9727970017218532
562.0 0.022689209904374265 0.0013969989776869767 1.2096304603916701e-05 2.1286248640327965e-35 0.9725656175285992
563.0 0.022835693920920375 0.0014129969892134665 1.2338471151800487e-05 2.4926572667420717e-35 0.9723325378302811
564.0 0.0229825379085776 0.001429116689051912 1.2584567678711901e-05 2.9173041879222395e-35 0.9720977487846643
565.0 0.023129739217970072 0.0014453583636161481 1.283464095136219e-05 3.4123836952938615e-35 0.9718612364379009
566.0 0.023277295180196066 0.0014617222942731234 1.3088738028249597e-05 3.98925936709073e-35 0.9716229867247888
567.0 0.02342520310677231 0.0014782087572949398 1.3346906257870084e-05 4.661076481406838e-35 0.9713829854687025
568.0 0.023573460289580912 0.0014948180238110085 1.3609193276872181e-05 5.443033207559792e-35 0.9711412183816768
569.0 0.023722064000811924 0.0015115503597599286 1.3875647008151445e-05 6.352691823142705e-35 0.9708976710643544
570.0 0.02387101149291555 0.0015284060258419425 1.4146315658892925e-05 7.410335677769247e-35 0.9706523290063601
571.0 0.02402029999853735 0.0015453852774703009 1.4421247718544956e-05 8.639378415297038e-35 0.9704051775860295
572.0 0.02416992673046665 0.00156248836472343 1.4700491956742282e-05 1.006683286267239e-34 0.9701562020707025
573.0 0.02431988888158062 0.0015797155322968095 1.4984097421167398e-05 1.1723848008980008e-34 0.9699053876168869
574.0 0.024470183624786597 0.001597067019454703 1.527211343535136e-05 1.3646323648124875e-34 0.9696527192703792
575.0 0.024620808112960194 0.0016145430599816026 1.5564589596412713e-05 1.587561355992233e-34 0.9693981819662532
576.0 0.024771759478892062 0.001632143882134191 1.5861575772740977e-05 1.8459329576474711e-34 0.9691417605292302
577.0 0.024923034835227016 0.0016498697085927906 1.6163122101615424e-05 2.1452260545150845e-34 0.9688834396737745
578.0 0.02507463127440494 0.0016677207564128993 1.6469278986764125e-05 2.4917422080483942e-34 0.96862320400429
579.0 0.025226545868602356 0.0016856972369767372 1.6780097095862304e-05 2.8927255121978718e-34 0.968361038015373
580.0 0.025378775669670797 0.0017037993559445542 1.7095627357967026e-05 3.3564993713617755e-34 0.9680969260919732
581.0 0.02553131770907989 0.0017220273132062276 1.7415920960893493e-05 3.892622512781602e-34 0.967830852509756
582.0 0.02568416899785347 0.0017403813028323508 1.774102934852457e-05 4.512066850979839e-34 0.9675628014352322
583.0 0.025837326526510433 0.001758861513025626 1.807100421806078e-05 5.22742016606116e-34 0.967292756926088
584.0 0.025990787265004846 0.0017774681260721609 1.8405897517207782e-05 6.053116945583215e-34 0.9670207029315148
585.0 0.026144548162663466 0.0017962013182925658 1.8745761441298185e-05 7.005701176590536e-34 0.9667466232924629
586.0 0.026298606148123904 0.0018150612599930676 1.9090648430351112e-05 8.104125366254305e-34 0.9664705017419405
587.0 0.02645295812927884 0.001834048115417003 1.9440611166072364e-05 9.370090623024497e-34 0.9661923219055589
588.0 0.0266076009932047 0.0018531620426952065 1.9795702568779083e-05 1.0828433252702414e-33 0.9659120673015247
589.0 0.026762531606110355 0.001872403193797761 2.0155975794275368e-05 1.2507564023704717e-33 0.9656297213413845
590.0 0.02691774681326768 0.001891771714484442 2.052148423064928e-05 1.4439967042194466e-33 0.965345267330127
591.0 0.027073243438954744 0.0019112677442560384 2.0892281495015248e-05 1.6662766061101574e-33 0.9650586884667584
592.0 0.0272290182863949 0.0019308914163053215 2.1268421430187666e-05 1.921836703873046e-33 0.964769967844742
593.0 0.027385068137687832 0.0019506428574674437 2.1649958101283314e-05 2.2155186875534115e-33 0.9644790884521753
594.0 0.027541389753758933 0.0019705221881715874 2.203694579227209e-05 2.5528479505934807e-33 0.9641860331726185
595.0 0.02769797987428996 0.001990529522391261 2.2429439002447494e-05 2.9401271921588086e-33 0.963890784785283
596.0 0.027854835217661612 0.002010664967595409 2.282749244283994e-05 3.384542427098561e-33 0.9635933259656475
597.0 0.028011952480892124 0.002030928624699221 2.3231161032561036e-05 3.894282993721956e-33 0.9632936392859421
598.0 0.028169328339574307 0.0020513205880147763 2.3640499895079067e-05 4.4786773462983084e-33 0.9629917072155938
599.0 0.02832695944781686 0.0020718409452019897 2.4055564354431913e-05 5.148346639365108e-33 0.9626875121218219
600.0 0.02848484243818689 0.0020924897772196093 2.447640993137307e-05 5.9153783572361924e-33 0.9623810362702832
601.0 0.02864297392164586 0.002113267158275708 2.4903092339445354e-05 6.793522517535265e-33 0.9620722618255024
602.0 0.02880135048748828 0.0021341731557783417 2.5335667480988542e-05 7.798413285443709e-33 0.9617611708513943
603.0 0.02895996870329153 0.002155207830287021 2.5774191443089467e-05 8.947819179311967e-33 0.9614477453121719
604.0 0.02911882511484797 0.0021763712354628223 2.6218720493447854e-05 1.0261925432409262e-32 0.9611319670726594
605.0 0.029277916246108326 0.0021976634180193386 2.6669311076184233e-05 1.176365250440671e-32 0.9608138178989831
606.0 0.029437238599130833 0.002219084417674009 2.7126019807584163e-05 1.3479015214656567e-32 0.9604932794594585
607.0 0.02959678865401403 0.0022406342670982307 2.75889034717592e-05 1.5437527503012438e-32 0.9601703333249285
608.0 0.029756562868846433 0.0022623129918686972 2.805801901625388e-05 1.767265841893692e-32 0.9598449609696678
609.0 0.02991655767965123 0.0022841206104183514 2.8533423547579455e-05 2.0222345602717755e-32 0.9595171437721103
610.0 0.030076769500322696 0.0023060571339866905 2.9015174326670055e-05 2.3129573261266707e-32 0.9591868630153105
611.0 0.03023719472258282 0.002328122566571591 2.9503328764288775e-05 2.6443022463486907e-32 0.958854099888054
612.0 0.03039782971591863 0.0023503169048796507 2.9997944416345405e-05 3.021780249563853e-32 0.958518835485341
613.0 0.0305586708275299 0.002372640138277294 3.0499078979154306e-05 3.45162730357231e-32 0.958181050809194
614.0 0.0307197143822802 0.002395092248742154 3.100679028462563e-05 3.9408968038662417e-32 0.9578407267695696
615.0 0.030880956682644345 0.0024176732108141265 3.152113629538267e-05 4.497563348334318e-32 0.9574978441851429
616.0 0.031042394008651872 0.0024403829915461478 3.204217509980503e-05 5.13063925319694e-32 0.9571523837839613
617.0 0.03120402261784286 0.0024632215504558873 3.256996490701329e-05 5.850305320661903e-32 0.9568043262044746
618.0 0.03136583874521874 0.0024861888394770815 3.310456404177879e-05 6.668057541380722e-32 0.956453651996396
619.0 0.03152783860318912 0.0025092848029105138 3.364603093935772e-05 7.596871606352304e-32 0.9561003416214281
620.0 0.03169001838152983 0.0025325093773759114 3.4194424140266506e-05 8.651387315457354e-32 0.9557443754543254
621.0 0.03185237424733131 0.0025558624917630525 3.474980228497559e-05 9.848115205512102e-32 0.9553857337836422
622.0 0.03201490234495981 0.002579344067183911 3.531222410854653e-05 1.12056679820386e-31 0.955024396812858
623.0 0.03217759879600559 0.0026029540169237703 3.58817484351829e-05 1.2745019628509443e-31 0.9546603446610996
624.0 0.03234045969924934 0.00262669224639378 3.64584341727306e-05 1.4489795387604786e-31 0.9542935573643793
625.0 0.03250348113061029 0.0026505586530820927 3.704234030708641e-05 1.6466596164180966e-31 0.953924014876288
626.0 0.032666659143113015 0.0026745531265064734 3.763352589655536e-05 1.870536129282323e-31 0.953551697069211
627.0 0.03282998976684387 0.0026986755481661255 3.823205006612596e-05 2.1239774047827294e-31 0.9531765837352228
628.0 0.03299346900891627 0.0027229257914942297 3.883797200168293e-05 2.410771475459316e-31 0.9527986545872275
629.0 0.033157092853431096 0.0027473037218101173 3.9451350944143645e-05 2.7351766893338796e-31 0.9524178892599248
630.0 0.03332085726143937 0.002771809196271648 4.0072246183524655e-05 3.1019782173935876e-31 0.9520342673108312
631.0 0.0334847581709158 0.002796442063828495 4.070071705294977e-05 3.516551121016319e-31 0.9516477682215858
632.0 0.03364879149671751 0.0028212021651742697 4.1336822922569584e-05 3.984930713892892e-31 0.9512583713988085
633.0 0.033812953130558314 0.0028460893326999353 4.198062319342614e-05 4.513891032187434e-31 0.9508660561753816
634.0 0.033977238940978004 0.0028711033904468566 4.263217729124214e-05 5.111032314057608e-31 0.9504708018115577
635.0 0.03414164477331095 0.002896244154059822 4.329154466013554e-05 5.784878486052077e-31 0.9500725874960306
636.0 0.03430616644966442 0.0029215114307409376 4.3958784756275874e-05 6.544985760201313e-31 0.9496713923472474
637.0 0.03447079976889009 0.002946905019202969 4.4633957041459914e-05 7.402063562791476e-31 0.9492671954145023
638.0 0.034635540506561625 0.0029724247096232746 4.5317120976623515e-05 8.368109144929436e-31 0.9488599756791751
639.0 0.03480038441495561 0.0029980702835980424 4.6008336015286156e-05 9.456557367235863e-31 0.948449712056029
640.0 0.03496532722302718 0.0030238415140961743 4.67076615969173e-05 1.0682447307610096e-30 0.9480363833943349
641.0 0.03513036463639543 0.0030497381654140104 4.741515714024362e-05 1.2062607513401392e-30 0.9476199684792329
642.0 0.03529549233732382 0.0030757599931297407 4.8130882036479196e-05 1.3615861909001237e-30 0.9472004460329245
643.0 0.035460705984708754 0.0031019067440585493 4.885489564249455e-05 1.536325857851473e-30 0.9467777947160548
644.0 0.03562600121406637 0.0031281781562077066 4.95872572739121e-05 1.7328323872583753e-30 0.9463519931290172
645.0 0.03579137363752128 0.003154573958731862 5.032802619813429e-05 1.953734454059725e-30 0.9459230198132649
646.0 0.035956818843796486 0.003181093871888588 5.107726162730149e-05 2.2019680866599137e-30 0.9454908532526368
647.0 0.03612233239820716 0.0032077376069942582 5.183502271118421e-05 2.480811409154539e-30 0.9450554718747349
648.0 0.03628790984265956 0.0032345048663805324 5.260136853001327e-05 2.7939231738733516e-30 0.9446168540524107
649.0 0.03645354669564464 0.003261395343350451 5.337635808723099e-05 3.1453854826005632e-30 0.9441749781050692
650.0 0.03661923845223539 0.0032884087221349244 5.416005030217719e-05 3.539751135081763e-30 0.9437298223000403
651.0 0.03678498058409129 0.0033155446778499902 5.495250400271659e-05 3.9820960875718844e-30 0.94328136485409
652.0 0.036950768539466314 0.0033428028764544778 5.575377791780033e-05 4.4780775525848914e-30 0.9428295839349898
653.0 0.03711659774320496 0.0033701829747067127 5.656393066994077e-05 5.0339983240637296e-30 0.9423744576627335
654.0 0.03728246359675964 0.0033976846201232546 5.7383020767648956e-05 5.656877970334341e-30 0.9419159641112643
655.0 0.03744836147819404 0.003425307450936483 5.8211106597780565e-05 6.354531600887531e-30 0.9414540813098029
656.0 0.037614286742201186 0.0034530510960536576 5.904824641783662e-05 7.135656982777912e-30 0.9409887872445055
657.0 0.03778023472011627 0.0034809151750156042 5.989449834818696e-05 8.009930858760788e-30 0.940520059859949
658.0 0.03794620071993171 0.0035088992979557597 6.074992036422804e-05 8.988115402829452e-30 0.940047877060628
659.0 0.038112180026321676 0.0035370030655602156 6.16145702884888e-05 1.0082175840199036e-29 0.9395722167126462
660.0 0.03827816790066505 0.0035652260690277556 6.248850578266488e-05 1.1305410358712793e-29 0.9390930566453211
661.0 0.03844415958105977 0.0035935678900292653 6.337178433957284e-05 1.2672593547892337e-29 0.9386103746525349
662.0 0.038610150282366924 0.00362202810067003 6.426446327508373e-05 1.420013472126041e-29 0.9381241484947708
663.0 0.03877613519622588 0.003650606263449517 6.516659971994401e-05 1.5906252607964872e-29 0.9376343559003925
664.0 0.03894210949109396 0.0036793019312236046 6.607825061156977e-05 1.7811168042222752e-29 0.9371409745674757
665.0 0.03910806831228104 0.003708114647166495 6.699947268576569e-05 1.9937316434594635e-29 0.9366439821654695
666.0 0.03927400678198844 0.0037370439447332563 6.793032246838738e-05 2.2309581978861358e-29 0.9361433563369159
667.0 0.039439919999344826 0.0037660893476221934 6.887085626693122e-05 2.495555573346919e-29 0.9356390746990411
668.0 0.039605803040455564 0.0037952503697387336 6.982113016208378e-05 2.7905819918529826e-29 0.935131114845629
669.0 0.039771650958441714 0.003824526515158504 7.078119999918797e-05 3.119426098960171e-29 0.9346194543485928
670.0 0.03993745878349848 0.0038539172780924697 7.175112137968003e-05 3.4858414289615573e-29 0.9341040707599573
671.0 0.04010322152293914 0.0038834221428508675 7.273094965243613e-05 3.893984334188443e-29 0.9335849416134494
672.0 0.040268934161249326 0.003913040583808384 7.37207399050755e-05 4.3484557132201033e-29 0.9330620444262808
673.0 0.04043459166015356 0.003942772065370684 7.472054695522271e-05 4.854346903837906e-29 0.9325353567011613
674.0 0.04060018895866319 0.003972616041939408 7.57304253416727e-05 5.417290140346498e-29 0.9320048559278327
675.0 0.04076572097315237 0.004002571957880108 7.675042931554821e-05 6.043514011666402e-29 0.9314705195851926
676.0 0.040931182597415475 0.0040326392474885914 7.778061283136008e-05 6.739904396603877e-29 0.9309323251429404
677.0 0.04109656870273679 0.004062817334958735 7.882102953802933e-05 7.514071396228578e-29 0.930390250063452
678.0 0.04126187413797315 0.004093105634351804 7.987173276987589e-05 8.374422830608353e-29 0.9298442718038915
679.0 0.04142709372961375 0.004123503549563777 8.093277553750293e-05 9.330244918572644e-29 0.9292943678177528
680.0 0.04159222228187849 0.004154010474296761 8.200421051869721e-05 1.0391790815091417e-28 0.9287405155572126
681.0 0.04175725457677945 0.004184625792027001 8.30860900491997e-05 1.157037774154319e-28 0.9281826924746017
682.0 0.04192218537422131 0.00421534887597704 8.417846611349419e-05 1.2878493510118561e-28 0.927620876024693
683.0 0.04208700941208482 0.004246179089086466 8.528139033550742e-05 1.4329913315165013e-28 0.9270550436665467
684.0 0.04225172140631505 0.004277115783983466 8.639491396926087e-05 1.5939827741998477e-28 0.9264851728654149
685.0 0.042416316051025284 0.00430815830295819 8.751908788949915e-05 1.7724983028007202e-28 0.9259112410949246
686.0 0.04258078801858118 0.00433930597793446 8.865396258222421e-05 1.9703834702314623e-28 0.925333225838775
687.0 0.042745131959723126 0.004370558130445654 8.979958813525252e-05 2.189671582945474e-28 0.9247511045932071
688.0 0.042909342503646454 0.004401914071606644 9.09560142286333e-05 2.432602118997658e-28 0.9241648548685002
689.0 0.04307341425813435 0.004433373102091384 9.21232901251234e-05 2.7016408847457994e-28 0.9235744541915485
690.0 0.04323734180965051 0.004464934512106739 9.330146466052491e-05 2.9995020677563326e-28 0.9229798801075095
691.0 0.04340111972346628 0.004496597581370213 9.449058623404713e-05 3.3291723571568886e-28 0.9223811101821342
692.0 0.04356474254377636 0.004528361579086805 9.569070279859226e-05 3.6939373174763346e-28 0.9217781220037904
693.0 0.04372820479382003 0.004560225763926811 9.690186185100342e-05 4.097410218040379e-28 0.9211708931855426
694.0 0.04389150097600354 0.004592189384004121 9.812411042226906e-05 4.543563537333399e-28 0.9205594013671959
695.0 0.04405462557204262 0.004624251676856921 9.93574950677209e-05 5.036763380498163e-28 0.9199436242177041
696.0 0.04421757304308136 0.004656411869426386 0.00010060206185713554 5.581807068434711e-28 0.9193235394370121
697.0 0.04438033782983713 0.004688669178038435 0.00010185785636484707 6.183964178905136e-28 0.9186991247583898
698.0 0.04454291435273469 0.004721022808384706 0.00010312492365978966 6.849021343762759e-28 0.9180703579504718
699.0 0.04470529701206043 0.004753471955506143 0.00010440330829554477 7.583331132058668e-28 0.9174372168196542
700.0 0.04486748018810326 0.00478601580377551 0.0001056930543003121 8.393865376460106e-28 0.9167996792121484
