200.0 0.0 0.0 0.0 0.0 0.0
201.0 0.0 0.0 0.0 0.0 0.0
202.0 0.0 0.0 0.0 0.0 0.0
203.0 0.0 0.0 0.0 0.0 0.0
204.0 0.0 0.0 0.0 0.0 0.0
205.0 0.0 0.0 0.0 0.0 0.0
206.0 0.0 0.0 0.0 0.0 0.0
207.0 0.0 0.0 0.0 0.0 0.0
208.0 0.0 0.0 0.0 0.0 0.0
209.0 0.0 0.0 0.0 0.0 0.0
210.0 0.0 0.0 0.0 0.0 0.0
211.0 0.0 0.0 0.0 0.0 0.0
212.0 0.0 0.0 0.0 0.0 0.0
213.0 0.0 0.0 0.0 0.0 0.0
214.0 0.0 0.0 0.0 0.0 0.0
215.0 0.0 0.0 0.0 0.0 0.0
216.0 0.0 0.0 0.0 0.0 0.0
217.0 0.0 0.0 0.0 0.0 0.0
218.0 0.0 0.0 0.0 0.0 0.0
219.0 0.0 0.0 0.0 0.0 0.0
220.0 0.0 0.0 0.0 0.0 0.0
221.0 0.0 0.0 0.0 0.0 0.0
222.0 0.0 0.0 0.0 0.0 0.0
223.0 0.0 0.0 0.0 0.0 0.0
224.0 0.0 0.0 0.0 0.0 0.0
225.0 0.0 0.0 0.0 0.0 0.0
226.0 0.0 0.0 0.0 0.0 0.0
227.0 0.0 0.0 0.0 0.0 0.0
228.0 0.0 0.0 0.0 0.0 0.0
229.0 0.0 0.0 0.0 0.0 0.0
230.0 0.0 0.0 0.0 0.0 0.0
231.0 0.0 0.0 0.0 0.0 0.0
232.0 0.0 0.0 0.0 0.0 0.0
233.0 0.0 0.0 0.0 0.0 0.0
234.0 0.0 0.0 0.0 0.0 0.0
235.0 0.0 0.0 0.0 0.0 0.0
236.0 0.0 0.0 0.0 0.0 0.0
237.0 0.0 0.0 0.0 0.0 0.0
238.0 0.0 0.0 0.0 0.0 0.0
239.0 0.0 0.0 0.0 0.0 0.0
240.0 0.0 0.0 0.0 0.0 0.0
241.0 0.0 0.0 0.0 0.0 0.0
242.0 0.0 0.0 0.0 0.0 0.0
243.0 0.0 0.0 0.0 0.0 0.0
244.0 0.0 0.0 0.0 0.0 0.0
245.0 0.0 0.0 0.0 0.0 0.0
246.0 0.0 0.0 0.0 0.0 0.0
247.0 0.0 0.0 0.0 0.0 0.0
248.0 0.0 0.0 0.0 0.0 0.0
249.0 0.0 0.0 0.0 0.0 0.0
250.0 0.0 0.0 0.0 0.0 0.0
251.0 0.0 0.0 0.0 0.0 0.0
252.0 0.0 0.0 0.0 0.0 0.0
253.0 0.0 0.0 0.0 0.0 0.0
254.0 0.0 0.0 0.0 0.0 0.0
255.0 0.0 0.0 0.0 0.0 0.0
256.0 0.0 0.0 0.0 0.0 0.0
257.0 0.0 0.0 0.0 0.0 0.0
258.0 0.0 0.0 0.0 0.0 0.0
259.0 0.0 0.0 0.0 0.0 0.0
260.0 0.0 0.0 0.0 0.0 0.0
261.0 0.0 0.0 0.0 0.0 0.0
262.0 0.0 0.0 0.0 0.0 0.0
263.0 0.0 0.0 0.0 0.0 0.0
264.0 0.0 0.0 0.0 0.0 0.0
265.0 0.0 0.0 0.0 0.0 0.0
266.0 0.0 0.0 0.0 0.0 0.0
267.0 0.0 0.0 0.0 0.0 0.0
268.0 0.0 0.0 0.0 0.0 0.0
269.0 0.0 0.0 0.0 0.0 0.0
270.0 0.0 0.0 0.0 0.0 0.0
271.0 0.0 0.0 0.0 0.0 0.0
272.0 0.0 0.0 0.0 0.0 0.0
273.0 0.0 0.0 0.0 0.0 0.0
274.0 0.0 0.0 0.0 0.0 0.0
275.0 0.0 0.0 0.0 0.0 0.0
276.0 0.0 0.0 0.0 0.0 0.0
277.0 0.0 0.0 0.0 0.0 0.0
278.0 0.0 0.0 0.0 0.0 0.0
279.0 0.0 0.0 0.0 0.0 0.0
280.0 0.0 0.0 0.0 0.0 0.0
281.0 0.0 0.0 0.0 0.0 0.0
282.0 0.0 0.0 0.0 0.0 0.0
283.0 0.0 0.0 0.0 0.0 0.0
284.0 0.0 0.0 0.0 0.0 0.0
285.0 0.0 0.0 0.0 0.0 0.0
286.0 0.0 0.0 0.0 0.0 0.0
287.0 0.0 0.0 0.0 0.0 0.0
288.0 0.0 0.0 0.0 0.0 0.0
289.0 0.0 0.0 0.0 0.0 0.0
290.0 0.0 0.0 0.0 0.0 0.0
291.0 0.0 0.0 0.0 0.0 0.0
292.0 0.0 0.0 0.0 0.0 0.0
293.0 0.0 0.0 0.0 0.0 0.0
294.0 0.0 0.0 0.0 0.0 0.0
295.0 0.0 0.0 0.0 0.0 0.0
296.0 0.0 0.0 0.0 0.0 0.0
297.0 0.0 0.0 0.0 0.0 0.0
298.0 0.0 0.0 0.0 0.0 0.0
299.0 0.0 0.0 0.0 0.0 0.0
300.0 0.0 0.0 0.0 0.0 0.0
301.0 0.0 0.0 0.0 0.0 0.0
302.0 0.0 0.0 0.0 0.0 0.0
303.0 0.0 0.0 0.0 0.0 0.0
304.0 0.0 0.0 0.0 0.0 0.0
305.0 0.0 0.0 0.0 0.0 0.0
306.0 0.0 0.0 0.0 0.0 0.0
307.0 0.0 0.0 0.0 0.0 0.0
308.0 0.0 0.0 0.0 0.0 0.0
309.0 0.0 0.0 0.0 0.0 0.0
310.0 0.0 0.0 0.0 0.0 0.0
311.0 0.0 0.0 0.0 0.0 0.0
312.0 0.0 0.0 0.0 0.0 0.0
313.0 0.0 0.0 0.0 0.0 0.0
314.0 0.0 0.0 0.0 0.0 0.0
315.0 0.0 0.0 0.0 0.0 0.0
316.0 0.0 0.0 0.0 0.0 0.0
317.0 0.0 0.0 0.0 0.0 0.0
318.0 0.0 0.0 0.0 0.0 0.0
319.0 0.0 0.0 0.0 0.0 0.0
320.0 0.0 0.0 0.0 0.0 0.0
321.0 0.0 0.0 0.0 0.0 0.0
322.0 0.0 0.0 0.0 0.0 0.0
323.0 0.0 0.0 0.0 0.0 0.0
324.0 0.0 0.0 0.0 0.0 0.0
325.0 0.0 0.0 0.0 0.0 0.0
326.0 0.0 0.0 0.0 0.0 0.0
327.0 0.0 0.0 0.0 0.0 0.0
328.0 0.0 0.0 0.0 0.0 0.0
329.0 0.0 0.0 0.0 0.0 0.0
330.0 0.0 0.0 0.0 0.0 0.0
331.0 0.0 0.0 0.0 0.0 0.0
332.0 0.0 0.0 0.0 0.0 0.0
333.0 0.0 0.0 0.0 0.0 0.0
334.0 0.0 0.0 0.0 0.0 0.0
335.0 0.0 0.0 0.0 0.0 0.0
336.0 0.0 0.0 0.0 0.0 0.0
337.0 0.0 0.0 0.0 0.0 0.0
338.0 0.0 0.0 0.0 0.0 0.0
339.0 0.0 0.0 0.0 0.0 0.0
340.0 0.0 0.0 0.0 0.0 0.0
341.0 0.0 0.0 0.0 0.0 0.0
342.0 0.0 0.0 0.0 0.0 0.0
343.0 0.0 0.0 0.0 0.0 0.0
344.0 0.0 0.0 0.0 0.0 0.0
345.0 0.0 0.0 0.0 0.0 0.0
346.0 0.0 0.0 0.0 0.0 0.0
347.0 0.0 0.0 0.0 0.0 0.0
348.0 0.0 0.0 0.0 0.0 0.0
349.0 0.0 0.0 0.0 0.0 0.0
350.0 0.0 0.0 0.0 0.0 0.0
351.0 0.0 0.0 0.0 0.0 0.0
352.0 0.0 0.0 0.0 0.0 0.0
353.0 0.0 0.0 0.0 0.0 0.0
354.0 0.0 0.0 0.0 0.0 0.0
355.0 0.0 0.0 0.0 0.0 0.0
356.0 0.0 0.0 0.0 0.0 0.0
357.0 0.0 0.0 0.0 0.0 0.0
358.0 0.0 0.0 0.0 0.0 0.0
359.0 0.0 0.0 0.0 0.0 0.0
360.0 0.0 0.0 0.0 0.0 0.0
361.0 0.0 0.0 0.0 0.0 0.0
362.0 0.0 0.0 0.0 0.0 0.0
363.0 0.0 0.0 0.0 0.0 0.0
364.0 0.0 0.0 0.0 0.0 0.0
365.0 0.0 0.0 0.0 0.0 0.0
366.0 0.0 0.0 0.0 0.0 0.0
367.0 0.0 0.0 0.0 0.0 0.0
368.0 0.0 0.0 0.0 0.0 0.0
369.0 0.0 0.0 0.0 0.0 0.0
370.0 0.0 0.0 0.0 0.0 0.0
371.0 0.0 0.0 0.0 0.0 0.0
372.0 0.0 0.0 0.0 0.0 0.0
373.0 0.0 0.0 0.0 0.0 0.0
374.0 0.0 0.0 0.0 0.0 0.0
375.0 0.0 0.0 0.0 0.0 0.0
376.0 0.0 0.0 0.0 0.0 0.0
377.0 0.0 0.0 0.0 0.0 0.0
378.0 0.0 0.0 0.0 0.0 0.0
379.0 0.0 0.0 0.0 0.0 0.0
380.0 0.0 0.0 0.0 0.0 0.0
381.0 0.0 0.0 0.0 0.0 0.0
382.0 0.0 0.0 0.0 0.0 0.0
383.0 0.0 0.0 0.0 0.0 0.0
384.0 1.0698767694178957e-16 3.9698238365162666e-18 8.393280313038761e-22 1.428385891099184e-72 5.433787216546897e-20
385.0 1.069533678723807e-16 4.002650670944103e-18 8.650739198792717e-22 2.0427932306170104e-72 5.540127750286958e-20
386.0 1.0691894158182765e-16 4.035565210194407e-18 8.914674308551142e-22 2.916063345456324e-72 5.647966031521941e-20
387.0 1.0688439841743849e-16 4.0685665728300395e-18 9.185209094062679e-22 4.1549847180444496e-72 5.757313290921654e-20
388.0 1.0684973871694929e-16 4.101653877793278e-18 9.462468463780153e-22 5.909463079617057e-72 5.868180721320368e-20
389.0 1.0681496280834869e-16 4.134826244445758e-18 9.746578784062644e-22 8.389553576574478e-72 5.980579476547546e-20
390.0 1.0678007100969917e-16 4.1680827926066746e-18 1.0037667880134474e-21 1.1889072403417808e-71 6.094520670266228e-20
391.0 2.1349012725793896e-16 8.402845285179831e-18 2.0671730073603694e-21 3.3636544489740816e-71 1.2420030749640275e-19
392.0 2.1341988192770776e-16 8.469689830478239e-18 2.12826019978481e-21 4.749796467671816e-71 1.265414924017614e-19
393.0 2.1334940660323514e-16 8.536697463924583e-18 2.1908215943283784e-21 6.6953721125886174e-71 1.2891418784695734e-19
394.0 2.1327870183781768e-16 8.603866429527041e-18 2.254883924071342e-21 9.421419546932222e-71 1.313186126629281e-19
395.0 3.1981165224485197e-16 1.3006792458825427e-17 3.480711321140324e-21 1.985166272534078e-70 2.006324771454184e-19
396.0 3.1970490913397514e-16 1.3108022009356055e-17 3.5814296720560825e-21 2.783809609344636e-70 2.0433528168545248e-19
397.0 4.2613043220744054e-16 1.76126475570743e-17 4.912696469246828e-21 5.196128744846716e-70 2.7744887551257324e-19
398.0 5.324839966788016e-16 2.2185301347053192e-17 6.31671868528547e-21 9.077288323066157e-70 3.5314487422886393e-19
399.0 5.323043855872522e-16 2.23551746781725e-17 6.496664228489775e-21 1.266462829035735e-69 3.5956067738580347e-19
400.0 6.385490496384979e-16 2.7030510084745986e-17 8.016934107030186e-21 2.1168280673002792e-69 4.392708436285657e-19
401.0 7.447208510025512e-16 3.177446742293351e-17 9.616786480470836e-21 3.4341974119449733e-69 5.216966734254021e-19
402.0 8.508194518806451e-16 3.6587263332618403e-17 1.1298881952727926e-20 5.448744424877418e-69 6.068888617130004e-19
403.0 1.0631605723423353e-15 4.607678996909879e-17 1.4517711731733488e-20 9.440116328216707e-69 7.721094669799429e-19
404.0 1.1690752745016536e-15 5.10622420251373e-17 1.6412816734063245e-20 1.436937385376722e-68 8.643548924402056e-19
405.0 1.3811586250684039e-15 6.079366881904386e-17 1.9932697665719508e-20 2.346164429737557e-68 1.0394998104010446e-18
406.0 1.593093894303789e-15 7.066380465359904e-17 2.3631252669819497e-20 3.734079523038507e-68 1.2204370356297478e-18
407.0 1.8048804105781753e-15 8.067305589303614e-17 2.75142743834249e-20 5.828151225044319e-68 1.4072711451903834e-18
408.0 2.1226500031647694e-15 9.560191786872136e-17 3.3250189678963334e-20 9.427985432463536e-68 1.6843237112474306e-18
409.0 2.4401954062031337e-15 1.1074006641374202e-16 3.927251497230805e-20 1.4884909273825935e-67 1.970390687745968e-18
410.0 2.7575156142832764e-15 1.2608808730214249e-16 4.559037370899585e-20 2.3064738692137695e-67 2.265631698502357e-18
411.0 3.180630644091782e-15 1.4653091995118111e-16 5.401353273739808e-20 3.6423826793474476e-67 2.6588354054663936e-18
412.0 3.603443703537113e-15 1.6725453978401548e-16 6.284703328122348e-20 5.6411741973742486e-67 3.064547781303789e-18
413.0 4.131899596885232e-15 1.9321389641540806e-16 7.400114325429203e-20 8.829242348888242e-67 3.574643040710185e-18
414.0 4.765884165521257e-15 2.2451476694329953e-16 8.763914288026624e-20 1.3879899009725936e-66 4.1939645329395456e-18
415.0 5.505282580756541e-15 2.612632891782695e-16 1.0393096657786097e-19 2.181943702728704e-66 4.927465387825363e-18
416.0 6.349979343563028e-15 3.035659530681028e-16 1.2305337101821183e-19 3.419904421382562e-66 5.780209470783975e-18
417.0 7.194063236495513e-15 3.4643496036680034e-16 1.4308590082962938e-19 5.257204802526453e-66 6.659439395035199e-18
418.0 8.249045566523942e-15 4.001314841166665e-16 1.6837344894322828e-19 8.167500665862235e-66 7.764694748235367e-18
419.0 9.514694660366105e-15 4.648687965254492e-16 1.9927755638771376e-19 1.274546091069928e-65 9.106220535420718e-18
420.0 1.0885096947754235e-14 5.356602549289473e-16 2.3390319801525895e-19 1.969895030733193e-65 1.0591655333129643e-17
421.0 1.2360133230779475e-14 6.126141544896453e-16 2.7246731502750203e-19 3.017611758614291e-65 1.2226686374219472e-17
422.0 1.4150890962408527e-14 7.063821044264021e-16 3.1997047016071865e-19 4.654115648645847e-65 1.422949806922096e-17
423.0 1.6151452862514765e-14 8.119792052700431e-16 3.745591318197117e-19 7.146053653960248e-65 1.650835889174322e-17
424.0 1.8467107176178842e-14 9.34964401759798e-16 4.391759410956291e-19 1.097608058779395e-64 1.918422509280072e-17
425.0 2.0992010462922327e-14 1.070283227628306e-15 5.118858695518109e-19 1.673759002054831e-64 2.21625291145352e-17
426.0 2.3936818663864578e-14 1.2289813223397248e-15 5.98430742102171e-19 2.5568001282122918e-64 2.568139736513652e-17
427.0 2.7301054899558358e-14 1.4114914021212163e-15 6.996881758982824e-19 3.9012737735661746e-64 2.9763627424042163e-17
428.0 3.0978869260435864e-14 1.6127617492081054e-15 8.138004882808154e-19 5.914234949834081e-64 3.431576673009198e-17
429.0 3.5285890315142266e-14 1.8496840989690682e-15 9.500155878567518e-19 8.987804037123661e-64 3.9711717449917083e-17
430.0 4.0116105293691013e-14 2.117352475526984e-15 1.1068175057659337e-18 1.3614709049236515e-63 4.586630487653094e-17
431.0 4.5468907465480746e-14 2.416312018389572e-15 1.2854348360427797e-18 2.0533493547153894e-63 5.28098689856366e-17
432.0 5.16593240637471e-14 2.7639971328122537e-15 1.4962824481355262e-18 3.100140846383033e-63 6.094572820454437e-17
433.0 5.858121102563619e-14 3.1556146276534934e-15 1.7382165844787944e-18 4.665573800901916e-63 7.019650599364843e-17
434.0 6.644397679324034e-14 3.6033333882157594e-15 2.0194520477632763e-18 7.013744226560488e-63 8.086194873046136e-17
435.0 7.524651935181529e-14 4.1081379299756046e-15 2.3423336722622263e-18 1.0513947222835664e-62 9.299840225184647e-17
436.0 8.530288885472979e-14 4.688336392686825e-15 2.7193359783863506e-18 1.5756855036735766e-62 1.0705884668314974e-16
437.0 9.650659625341689e-14 5.339433645561058e-15 3.150254232353678e-18 2.3536095105603773e-62 1.229858209717757e-16
438.0 1.0917119453395819e-13 6.08017755329094e-15 3.648708423343841e-18 3.5107998701473033e-62 1.412586387796986e-16
439.0 1.2339987996611875e-13 6.917988975505934e-15 4.22222782189921e-18 5.226200914591967e-62 1.6210652327367848e-16
440.0 1.3940056801522296e-13 7.866356319751203e-15 4.88248540281538e-18 7.765434226258507e-62 1.8590847725265363e-16
441.0 1.5748568878922927e-13 8.945017831621508e-15 5.645741108847588e-18 1.1524771311624306e-61 2.1320379966114707e-16
442.0 1.7775755108831043e-13 1.0162168926511387e-14 6.521772743309036e-18 1.706762713787221e-61 2.4427082643193536e-16
443.0 2.005278236977001e-13 1.1538211714762605e-14 7.52877943009633e-18 2.5231383901851678e-61 2.7969105819128505e-16
444.0 2.2600294005460333e-13 1.3087925859463187e-14 8.68222931252681e-18 3.7219705964174014e-61 3.199258466116678e-16
445.0 2.5470304756423366e-13 1.484469232053134e-14 1.0010914171467791e-17 5.4835277948577904e-61 3.659078890941264e-16
446.0 2.868335128484973e-13 1.6824214822507325e-14 1.153313634878734e-17 8.0630811902334e-61 4.1815876641609156e-16
447.0 3.2291316142131134e-13 1.906101968365569e-14 1.3281191009529435e-17 1.1838148890569367e-60 4.77685683599665e-16
448.0 3.632508391836755e-13 2.157794979908029e-14 1.528085812037261e-17 1.7346694721282358e-60 5.452302506447474e-16
449.0 4.0836390670540394e-13 2.441079096726509e-14 1.7568500715187124e-17 2.5372198756685775e-60 6.218839780933254e-16
450.0 4.589778180131563e-13 2.7608639823675616e-14 2.0192122145830615e-17 3.7059119337564697e-60 7.091113980037261e-16
451.0 5.155035081795254e-13 3.1202665447176036e-14 2.3188987230167367e-17 5.402851636750446e-60 8.079553880718346e-16
452.0 5.78768782803489e-13 3.525006697836543e-14 2.6617814881783604e-17 7.864719897858104e-60 9.20166170120347e-16
453.0 6.493913501850168e-13 3.979644045009707e-14 3.053152431340708e-17 1.142808471011054e-59 1.0472386790828418e-15
454.0 7.283007892877143e-13 4.490757171530828e-14 3.5001388657863294e-17 1.6579516359320822e-59 1.191244065319661e-15
455.0 8.163208312027485e-13 5.0644115663327724e-14 4.009830169323203e-17 2.4011797881401364e-59 1.3541744232330577e-15
456.0 9.145864652731626e-13 5.708743637226972e-14 4.591333609641212e-17 3.4721871304223867e-59 1.5386342568066904e-15
457.0 1.0241265543622056e-12 6.431399210959606e-14 5.253821758946528e-17 5.012582895580933e-59 1.7471672157792893e-15
458.0 1.1461764570824424e-12 7.241489143860074e-14 6.008135766965861e-17 7.224490489723282e-59 1.982786888815294e-15
459.0 1.2821775858106313e-12 8.14962647822932e-14 6.866922856404224e-17 1.0396163002783706e-58 2.249003395347118e-15
460.0 1.4336729054735851e-12 9.167298298105777e-14 7.844210738198537e-17 1.493718015302255e-58 2.5496655820357347e-15
461.0 1.6022026869115261e-12 1.0306215416544598e-13 8.954916380483515e-17 2.1426795014709646e-58 2.88878899126677e-15
462.0 1.7897203618836834e-12 1.1581003673358307e-13 1.0217252851330689e-16 3.0688580475229552e-58 3.271319340772504e-15
463.0 1.998175932874399e-12 1.3006572400038406e-13 1.1650586989076998e-16 4.388447348341833e-58 3.70241611247772e-15
464.0 2.229931474853577e-12 1.4600835423447572e-13 1.3277955744422225e-16 6.266007831681116e-58 4.188237221032298e-15
465.0 2.4872410440560078e-12 1.638136605885311e-13 1.512320855481562e-16 8.932627592797224e-58 4.7350062388829385e-15
466.0 2.7729774268460525e-12 1.8370192093091708e-13 1.7215505076101838e-16 1.2714880306110093e-57 5.350406469644836e-15
467.0 3.090112037710038e-12 2.0590450853412255e-13 1.9586474999332057e-16 1.8071339620423595e-57 6.042649855118218e-15
468.0 3.4419220725266136e-12 2.3067798178114096e-13 2.2271692095141665e-16 2.5645775656258515e-57 6.820907461651185e-15
469.0 3.831989804170408e-12 2.583046447212157e-13 2.5310947152753954e-16 3.634036000908326e-57 7.695355854236407e-15
470.0 4.264305489620475e-12 2.891001327113976e-13 2.8749230531334693e-16 5.141827705085465e-57 8.67743534183937e-15
471.0 4.743162855952549e-12 3.234070974437215e-13 3.2636385179932077e-16 7.264381957211695e-57 9.779698343568986e-15
472.0 5.273468961678436e-12 3.616170660320343e-13 3.702959652126574e-16 1.0248218169488967e-56 1.1016507882504879e-14
473.0 5.860328854412586e-12 4.0414301474651466e-13 4.1990965181617515e-16 1.443636949910711e-56 1.2403253370266585e-14
474.0 6.509665688184049e-12 4.514627870227745e-13 4.759231031891776e-16 2.030692615529067e-56 1.3957719904640813e-14
475.0 7.227598479428852e-12 5.040773198729141e-13 5.391126651327456e-16 2.852313363717263e-56 1.5698863748217155e-14
476.0 8.021165013712875e-12 5.625617574230653e-13 6.103708667570952e-16 4.00063857699911e-56 1.764844538494384e-14
477.0 8.897906498086758e-12 6.275379878331593e-13 6.906828244705824e-16 5.603275632183585e-56 1.9830249844535696e-14
478.0 9.866176094534448e-12 6.996975460523369e-13 7.811564566651339e-16 7.836851203773977e-56 2.2270873115569713e-14
479.0 1.0934930554154989e-11 7.79788386232875e-13 8.830140985645009e-16 1.0945265968829794e-55 2.4999382296327867e-14
480.0 1.2114347720928794e-11 8.686603870561038e-13 9.976504692129533e-16 1.5265445057194432e-55 2.804885460531292e-14
481.0 1.341510178690711e-11 9.672155456695494e-13 1.1265842136512018e-15 2.1261150216262914e-55 3.1454880455942374e-14
482.0 1.484918658605377e-11 1.0764686876925532e-12 1.2715353338069769e-15 2.9570971145904833e-55 3.5257617954180774e-14
483.0 1.6429500304073035e-11 1.1975198526157263e-12 1.4344030104842188e-15 4.1072087349216506e-55 3.950101918103296e-14
484.0 1.8170358116277748e-11 1.3315937049907705e-12 1.6173223455637742e-15 5.696883088788689e-55 4.423424544702379e-14
485.0 2.0087076976891215e-11 1.480011805495823e-12 1.8226426489599527e-15 7.891078998638215e-55 4.951089265110912e-14
486.0 2.219679617286049e-11 1.6442554444974862e-12 2.0530162825485507e-15 1.0915727849114606e-54 5.539122963822315e-14
487.0 2.4517855798247624e-11 1.8259230397002727e-12 2.311360802984101e-15 1.507950422591352e-54 6.194094948427956e-14
488.0 2.7070513225009446e-11 2.026786240250052e-12 2.6009437369996422e-15 2.0803917097374867e-54 6.923323370324307e-14
489.0 2.987652732000377e-11 2.2487625254285244e-12 2.925364964229379e-15 2.8663360631911775e-54 7.73480249829545e-14
490.0 3.2959873468160774e-11 2.493972386179502e-12 3.2886481740451847e-15 3.944006624167504e-54 8.637419190360015e-14
491.0 3.634673797960413e-11 2.7647434123999783e-12 3.695267904713947e-15 5.41978167794557e-54 9.640992520485215e-14
492.0 4.0065409829641e-11 3.063606529982601e-12 4.150166935839653e-15 7.438095010562593e-54 1.0756286618060351e-13
493.0 4.4146787980184945e-11 3.3933393080065624e-12 4.6588384520916245e-15 1.019485172968522e-53 1.1995189547855622e-13
494.0 4.862447715828271e-11 3.756978698477055e-12 5.227371022601382e-15 1.3955411757742038e-53 1.3370789824603724e-13
495.0 5.3534985735960786e-11 4.15784195140272e-12 5.862507201647106e-15 1.9078747969091076e-53 1.4897484285095693e-13
496.0 5.891823019907928e-11 4.599571956177509e-12 6.571740096738511e-15 2.6049969009064596e-53 1.6591177332539124e-13
497.0 6.481732151220109e-11 5.086127466326298e-12 7.363336071252536e-15 3.5523610078768544e-53 1.8469286870724574e-13
498.0 7.127927283127523e-11 5.621845495570983e-12 8.246463086585514e-15 4.838193104625197e-53 2.0551012936678023e-13
499.0 7.835488691738955e-11 6.211440412658827e-12 9.231233074409774e-15 6.581238492572932e-53 2.2857382779035343e-13
500.0 8.609976815407148e-11 6.860092389545349e-12 1.0328879788119723e-14 8.941184156933064e-53 2.5411627130954556e-13
501.0 9.457390110253696e-11 7.573423528100679e-12 1.1551776818718315e-14 1.2132435977220363e-52 2.8239150975737447e-13
502.0 1.0384235343873848e-10 8.357563485740464e-12 1.2913592358499312e-14 1.6442551145126546e-52 3.1367837124685614e-13
503.0 1.1397597667641986e-10 9.219216649374779e-12 1.4429455515770833e-14 2.2256787808542052e-52 3.482836570634906e-13
504.0 1.2505128846176132e-10 1.0165664505203394e-11 1.6116029464235517e-14 3.0090575238211085e-52 3.8654297614737386e-13
505.0 1.3715147669205043e-10 1.1204859402110142e-11 1.799173325954284e-14 4.063280303045963e-52 4.288250858524653e-13
506.0 1.5036638121895217e-10 1.2345436843248158e-11 2.0076844367748616e-14 5.4802953831697515e-52 4.755332387659049e-13
507.0 1.64793494069311e-10 1.3596811802776924e-11 2.2393743023543637e-14 7.382700783757496e-52 5.271098110328015e-13
508.0 1.8053824366598131e-10 1.4969218146273994e-11 2.496707573683022e-14 9.933757673895735e-52 5.840388604417747e-13
509.0 1.9771478674838294e-10 1.6473791084105553e-11 2.7823998709832707e-14 1.3350633671683684e-51 6.468504398592002e-13
510.0 2.1644669587067736e-10 1.8122642853623668e-11 3.099442256382343e-14 1.792187196059664e-51 7.161247737252281e-13
511.0 2.3686744112557015e-10 1.992892281039201e-11 3.451124242061178e-14 2.4030389305166018e-51 7.924959359678531e-13
512.0 2.591212764915078e-10 2.190691295027072e-11 3.841064074885018e-14 3.218377030734388e-51 8.766570445411408e-13
513.0 2.833644277708604e-10 2.4072151268060313e-11 4.273245516147977e-14 4.305414579494274e-51 9.693667298930258e-13
514.0 3.097651597602497e-10 2.6441462408483967e-11 4.7520399206362415e-14 5.753040244229188e-51 1.0714520429940135e-12
515.0 3.38505770523668e-10 2.903315382098992e-11 5.2822592039211584e-14 7.678696314336514e-51 1.1838181686381895e-12
516.0 3.697825507445002e-10 3.1867041499078873e-11 5.869180437074428e-14 1.0237354658302323e-50 1.3074514559005548e-12
517.0 4.038075670712403e-10 3.4964633616536815e-11 6.518600664948488e-14 1.3633300522720835e-50 1.4434290183591871e-12
518.0 4.408097301401878e-10 3.8349256378678456e-11 7.236883775430473e-14 1.813552722727329e-50 1.5929262270247039e-12
519.0 4.810356560403988e-10 4.2046164515359295e-11 8.031006671124594e-14 2.409782814221674e-50 1.7572237679024654e-12
520.0 5.247514351343251e-10 4.608273364954271e-11 8.908623345376268e-14 3.1985044546645824e-50 1.937718326587543e-12
521.0 5.722436864410216e-10 5.048859406614217e-11 9.878120763283847e-14 4.240723828421575e-50 2.1359311052426958e-12
522.0 6.238214165488205e-10 5.529583847632032e-11 1.094869191819371e-13 5.616422380738864e-50 2.3535197121817213e-12
523.0 6.798172653916652e-10 6.0539179854131e-11 1.2130402518888725e-13 7.4303433116254985e-50 2.5922882525357002e-12
524.0 7.405895548983792e-10 6.625618426951127e-11 1.3434275890462853e-13 9.819515102119786e-50 2.8542009135127944e-12
525.0 8.065238252517925e-10 7.24874628292464e-11 1.4872373645386887e-13 1.296300915777056e-49 3.1413941594925403e-12
526.0 8.780349702372483e-10 7.92769216111169e-11 1.6457892057929023e-13 1.7094595409372228e-49 3.4561917762483866e-12
527.0 9.555694651656698e-10 8.667202538796241e-11 1.8205265934610057e-13 2.2519134371140148e-49 3.801120933202709e-12
528.0 1.0396071829949447e-09 9.472402946367197e-11 2.0130270619648957e-13 2.963377233215783e-49 4.1789272763164635e-12
529.0 1.1306641093932996e-09 1.0348829841046278e-10 2.2250147234719518e-13 3.895535089762884e-49 4.592594267716972e-12
530.0 1.229294644533217e-09 1.1302459367119681e-10 2.458372710595888e-13 5.115578147270789e-49 5.0453616644542735e-12
531.0 1.3360947003025981e-09 1.2339744047203406e-10 2.715157926809553e-13 6.710769532364551e-49 5.540748041734112e-12
532.0 1.4517038802737198e-09 1.3467641747740115e-10 2.9976147736904625e-13 8.794321537054153e-49 6.082570438074128e-12
533.0 1.5768092581870561e-09 1.4693660097198467e-10 3.3081929508217286e-13 1.1512967616540227e-48 6.674971513201611e-12
534.0 1.7121480366111151e-09 1.6025891378266778e-10 3.6495639325321517e-13 1.505669207157296e-48 7.32244309373368e-12
535.0 1.8585113987348724e-09 1.7473059315792253e-10 4.0246409014125976e-13 1.967123552885674e-48 8.029855779424827e-12
536.0 2.016747943106451e-09 1.9044562903265637e-10 4.4365989116797984e-13 2.5674139293355027e-48 8.802487966837637e-12
537.0 2.1877678056496476e-09 2.0750527622437313e-10 4.888897687849482e-13 3.3475320577260203e-48 9.64605905350889e-12
538.0 2.372546363566307e-09 2.2601853727195063e-10 5.385304755182637e-13 4.360341696559226e-48 1.0566762135559671e-11
539.0 2.5721293253013416e-09 2.4610278733940507e-10 5.929923000048398e-13 5.673951497309738e-48 1.1571304208984275e-11
540.0 2.7876366981544437e-09 2.6788430418929094e-10 6.52721717636254e-13 7.376024285028989e-48 1.266694293835141e-11
541.0 3.020268438856475e-09 2.914989707233909e-10 7.182045795608275e-13 9.579283547393024e-48 1.3861532541488189e-11
542.0 3.271308980329556e-09 3.170928829539609e-10 7.899692100977974e-13 1.2428535546530203e-47 1.5163566344208354e-11
543.0 3.5421336365496156e-09 3.4482315237670406e-10 8.685901253113604e-13 1.6109625236571957e-47 1.6582229730461405e-11
544.0 3.834213881325847e-09 3.7485861454275784e-10 9.546916794313017e-13 2.0860836501552763e-47 1.8127449922685646e-11
545.0 4.149124000333446e-09 4.073806859552218e-10 1.0489522477531294e-12 2.698740052768049e-47 1.9809954197013684e-11
546.0 4.488547514195675e-09 4.425842153453634e-10 1.1521085778668622e-12 3.4879934449241085e-47 2.1641329292666602e-11
547.0 4.854284668964862e-09 4.806784570470604e-10 1.264960648095445e-12 4.503786159245067e-47 2.363408829256297e-11
548.0 5.248259594071085e-09 5.218880304091327e-10 1.388376699588761e-12 5.809912051980325e-47 2.5801738487870404e-11
549.0 5.672528323320031e-09 5.664539836846968e-10 1.5232987621989429e-12 7.487782632253126e-47 2.8158856096608225e-11
550.0 6.129287077521532e-09 6.146349046424294e-10 1.6707485428292568e-12 9.641196282150663e-47 3.072116515714615e-11
551.0 6.620881602494613e-09 6.66708158620873e-10 1.831833912515767e-12 1.2402373425685934e-46 3.35056247519971e-11
552.0 7.149816265031417e-09 7.22971125958817e-10 2.0077556680329185e-12 1.5939584602721973e-46 3.653051834437902e-11
553.0 7.718763999592488e-09 7.837425490754066e-10 2.199814883114632e-12 2.0466784806704767e-46 3.981555083952801e-11
554.0 8.330576902616693e-09 8.49363971017533e-10 2.409420826414977e-12 2.625577059287809e-46 4.338195266326397e-11
555.0 8.988297768256974e-09 9.202012974869965e-10 2.6380995635244507e-12 3.3651507997329593e-46 4.725259268921374e-11
556.0 9.695171271445613e-09 9.966463521164369e-10 2.8875028986450535e-12 4.309143623139799e-46 5.14520935416873e-11
557.0 1.0454656978541472e-08 1.0791186490296446e-09 3.1594183176667475e-12 5.512976504814868e-46 5.6006960902363374e-11
558.0 1.1270442096836059e-08 1.1680671716237006e-09 3.4557793622731894e-12 7.046802167776211e-46 6.094571624119459e-11
559.0 1.2146455842974326e-08 1.2639723524769316e-09 3.778677027364969e-12 8.999343069833782e-46 6.629904322207098e-11
560.0 1.308688383935501e-08 1.3673480929627902e-09 4.130371746448289e-12 1.148270836866606e-45 7.209993967639157e-11
561.0 1.4096183624029534e-08 1.4787439365619545e-09 4.513306330911152e-12 1.4638434984739298e-45 7.838388128075986e-11
562.0 1.5179101465058535e-08 1.598747419304901e-09 4.9301199789602144e-12 1.8645057679143077e-45 8.518899850308593e-11
563.0 1.634068889240059e-08 1.7279864334184653e-09 5.383662893192554e-12 2.3727585070571402e-45 9.255625839972274e-11
564.0 1.7586321807425947e-08 1.86713190703359e-09 5.877012474116675e-12 3.016935495539917e-45 1.005296676152124e-10
565.0 1.892171919901002e-08 2.016900490917431e-09 6.4134901894811784e-12 3.8326849586663024e-45 1.0915648049612455e-10
566.0 2.035296323913463e-08 2.1780574408352187e-09 6.996679739535915e-12 4.864819657490965e-45 1.184874226148889e-10
567.0 2.1886521537048745e-08 2.3514197833575976e-09 7.630446860707195e-12 6.169625537282583e-45 1.2857693491055167e-10
568.0 2.3529268588106216e-08 2.5378594518561176e-09 8.318959819828496e-12 7.817739402270517e-45 1.3948342180912613e-10
569.0 2.528851025285753e-08 2.7383068056712587e-09 9.066711974472916e-12 9.89773392411305e-45 1.5126952610432245e-10
570.0 2.7172008596784636e-08 2.9537542512621322e-09 9.878545563361495e-12 1.252057937191952e-44 1.6400241576534305e-10
571.0 2.918800806791659e-08 3.185260073094581e-09 1.0759677131578508e-11 1.5825192141028216e-44 1.7775408891404054e-10
572.0 3.134526329730747e-08 3.4339525094942514e-09 1.1715724777677869e-11 1.9985329297337994e-44 1.9260169938979898e-10
573.0 3.365306831532185e-08 3.7010340555468743e-09 1.2752737237574107e-11 2.5218148589270863e-44 2.0862790240646425e-10
574.0 3.612128697749697e-08 3.987785974519933e-09 1.3877224814664722e-11 3.179482738702903e-44 2.2592121973306213e-10
575.0 3.8760385765515765e-08 4.2955731506066225e-09 1.5096192693814228e-11 4.005372610531079e-44 2.4457643240626035e-10
576.0 4.158146699088634e-08 4.625849070658557e-09 1.641717599011678e-11 5.041669080942014e-44 2.6469498953726663e-10
577.0 4.459630503529616e-08 4.980161230288407e-09 1.7848277645896387e-11 6.340923013786731e-44 2.86385450492443e-10
578.0 4.7817383751834197e-08 5.360156763132462e-09 1.939820857605688e-11 7.968546539205984e-44 3.0976394970282135e-10
579.0 5.125793550489931e-08 5.767588350531982e-09 2.1076330352284207e-11 1.0005895870650492e-43 3.349546879135093e-10
580.0 5.4931982811422325e-08 6.204320525271492e-09 2.2892700942385038e-11 1.255407758148937e-43 3.6209045710707676e-10
581.0 5.8854381785126947e-08 6.6723362866498895e-09 2.4858123323825604e-11 1.5738644296911767e-43 3.9131319508151196e-10
582.0 6.304086785638703e-08 7.1737440860652275e-09 2.6984197303056387e-11 1.971538320027462e-43 4.227745738404631e-10
583.0 6.750810306867665e-08 7.710785110085247e-09 2.9283374389297935e-11 2.4677445889840275e-43 4.566366182625824e-10
584.0 7.227372717504384e-08 8.285841120643627e-09 3.1769016828099867e-11 3.0864124378626932e-43 4.930723711486107e-10
585.0 7.735640949471271e-08 8.901442513910875e-09 3.445545966298917e-11 3.857164385193598e-43 5.322665855817452e-10
586.0 8.277590462754394e-08 9.560276957920971e-09 3.735807732692463e-11 4.816642670883236e-43 5.744164667323935e-10
587.0 8.855311054285202e-08 1.026519844851158e-08 4.049335432028403e-11 6.0101380754177175e-43 6.197324546458306e-10
588.0 9.471012863417613e-08 1.1019236743174127e-08 4.387895996597647e-11 7.49358853999463e-43 6.684390464674867e-10
589.0 1.0127032814465264e-07 1.1825607459506452e-08 4.753382853768991e-11 9.336029867503875e-43 7.207756764072385e-10
590.0 1.0825841231592112e-07 1.2687722541096338e-08 5.147824377747509e-11 1.1622598302263521e-42 7.769976366555589e-10
591.0 1.1570048837123001e-07 1.3609201344275336e-08 5.573392898782063e-11 1.4458206687475447e-42 8.373770556599856e-10
592.0 1.2362414091553467e-07 1.4593882307955312e-08 6.0324142759521e-11 1.7972041938936055e-42 9.022039327581224e-10
593.0 1.320585077573189e-07 1.564583509885265e-08 6.527378009745007e-11 2.2323063094857755e-42 9.717872237387642e-10
594.0 1.4103436102481706e-07 1.6769373580921482e-08 7.060948059911028e-11 2.77067180341211e-42 1.0464560001445036e-09
595.0 1.5058419006255015e-07 1.7969069205483505e-08 7.63597422554821e-11 3.4363142368163506e-42 1.1265606587794333e-09
596.0 1.607422897496403e-07 1.924976526347555e-08 8.255504294643513e-11 4.258716094747615e-42 1.2124742101694405e-09
597.0 1.7154485207747388e-07 2.0616591756130133e-08 8.922796887963502e-11 5.274047901073451e-42 1.3045936324051759e-09
598.0 1.8303006182125776e-07 2.207498099448801e-08 9.641335069688241e-11 6.5266531754282e-42 1.4033412987440175e-09
599.0 1.9523819684488894e-07 2.363068400526558e-08 1.0414840786620958e-10 8.070855917512965e-42 1.5091664855112396e-09
600.0 2.0821173299780888e-07 2.528978775190078e-08 1.1247290170219906e-10 9.973159096611326e-42 1.6225469626205982e-09
601.0 2.2199545365756788e-07 2.7058733191042807e-08 1.21429297416535e-10 1.231491682669498e-41 1.743990669799068e-09
602.0 2.3663656349065107e-07 2.8944334126077944e-08 1.3106293534710862e-10 1.5195579950259724e-41 1.874037477855502e-09
603.0 2.5218480811489626e-07 3.095379707690043e-08 1.4142221268406311e-10 1.873663538447415e-41 2.013261051004399e-09
604.0 2.6869259903575597e-07 3.3094742106229985e-08 1.5255877580260108e-10 2.3086384141047453e-41 2.1622708085562955e-09
605.0 2.862151431353893e-07 3.53752245291008e-08 1.6452772323586606e-10 2.842573244144447e-41 2.3217139832554663e-09
606.0 3.04810578292816e-07 3.7803757714840106e-08 1.7738782062977973e-10 3.497520596566947e-41 2.4922777920161153e-09
607.0 3.2454011574516317e-07 4.038933707574691e-08 1.912017285524516e-10 4.3003439780595506e-41 2.6746917276873213e-09
608.0 3.4546818674014085e-07 4.31414649566469e-08 2.0603624225464004e-10 5.283744700357604e-41 2.8697299554288043e-09
609.0 3.6766259686307347e-07 4.607017686205068e-08 2.2196254587060035e-10 6.487503075314993e-41 3.078213844887727e-09
610.0 3.911946866320624e-07 4.9186068866969644e-08 2.3905648083180764e-10 7.959977631350925e-41 3.3010146307685895e-09
611.0 4.161394983912435e-07 5.250032623384438e-08 2.5739882908740096e-10 9.759914752796178e-41 3.539056205923021e-09
612.0 4.425759506716305e-07 5.6024753402383046e-08 2.770756124546926e-10 1.1958631559911777e-40 3.793318060920986e-09
613.0 4.7058701937306456e-07 5.97718052924415e-08 2.981784083578473e-10 1.4642647219326476e-40 4.064838369056155e-09
614.0 5.002599270227321e-07 6.375462010024336e-08 3.2080468340979656e-10 1.7916852710204662e-40 4.354717232009064e-09
615.0 5.316863393625938e-07 6.798705351638321e-08 3.450581450857691e-10 2.1908326657768034e-40 4.6641200845532795e-09
616.0 5.64962569942559e-07 7.248371447424343e-08 3.7104911264418374e-10 2.6770925877706044e-40 4.994281268943956e-09
617.0 6.001897931055918e-07 7.726000250234619e-08 3.9889490831715425e-10 3.2690804273494817e-40 5.346507787467869e-09
618.0 6.374742658406268e-07 8.233214676705173e-08 4.287202698962529e-10 3.989304347901627e-40 5.7221832427161945e-09
619.0 6.769275583108337e-07 8.771724680702295e-08 4.6065778543432705e-10 4.864961395978955e-40 6.122771969426425e-09
620.0 7.186667929584087e-07 9.343331497237671e-08 4.948483508569531e-10 5.928892726196226e-40 6.549823362560374e-09
621.0 7.628148942562237e-07 9.9499320864024e-08 5.314416528024554e-10 7.22072901215681e-40 7.004976426221185e-09
622.0 8.09500847291914e-07 1.059352375673902e-07 5.705966764273786e-10 8.788263005362621e-40 7.489964533289953e-09
623.0 8.588599667727188e-07 1.1276208991523198e-07 6.124822402458395e-10 1.0689093239964027e-39 8.006620416458408e-09
624.0 9.110341766118847e-07 1.200020048316519e-07 6.572775591686936e-10 1.2992591186337533e-39 8.556881398889568e-09
625.0 9.66172299878176e-07 1.2767826375981837e-07 7.051728366672872e-10 1.578225399269821e-39 9.142794869324973e-09
626.0 1.0244303602019599e-06 1.3581535734906127e-07 7.563698879659076e-10 1.9158516618509414e-39 9.766524018927953e-09
627.0 1.085971894688861e-06 1.4443904244207296e-07 8.110827954884035e-10 2.324211093174069e-39 1.0430353847845134e-08
628.0 1.1509682779181277e-06 1.5357640133987125e-07 8.695385974577257e-10 2.8178075611235435e-39 1.1136697445006489e-08
629.0 1.2195990588507649e-06 1.6325590362160729e-07 9.319780122636455e-10 3.4140539973922206e-39 1.1888102566447354e-08
630.0 1.2920523102088928e-06 1.7350747049854835e-07 9.986561996196813e-10 4.133842752038791e-39 1.2687258516348524e-08
631.0 1.368524990260179e-06 1.8436254173019658e-07 1.0698435598219002e-09 5.002225177730934e-39 1.3537003338525838e-08
632.0 1.449223318246765e-06 1.9585414530669117e-07 1.1458265734807493e-09 6.049220863900904e-39 1.444033133917303e-08
633.0 1.5343631632817428e-06 2.0801696991382522e-07 1.2269086830845174e-09 7.310780659484686e-39 1.5400400948267292e-08
634.0 1.624170447654812e-06 2.2088744034849664e-07 1.3134112186787516e-09 8.829932009735482e-39 1.6420542938363876e-08
635.0 1.7188815641700385e-06 2.345037958756879e-07 1.4056743689700627e-09 1.0658140285683327e-38 1.7504269006738275e-08
636.0 1.8187438086259266e-06 2.4890617172028003e-07 1.5040582004011463e-09 1.2856925858012934e-38 1.8655280741984256e-08
637.0 1.9240158273275015e-06 2.6413668372321533e-07 1.608943725841253e-09 1.5499783793315717e-38 1.9877478984337733e-08
638.0 2.0349680809050727e-06 2.8023951638182077e-07 1.7207340257374875e-09 1.8674461437573812e-38 2.1174973603463204e-08
639.0 2.151883323382715e-06 2.9726101417633487e-07 1.8398554227133443e-09 2.248565897133367e-38 2.25520936938864e-08
640.0 2.275057098775295e-06 3.152497765432451e-07 1.966758713445876e-09 2.7058229587668086e-38 2.4013398222963393e-08
641.0 2.4047982540453278e-06 3.342567563846018e-07 2.101920458853612e-09 3.254096945139117e-38 2.5563687131121593e-08
642.0 2.541429469473569e-06 3.5433536230830543e-07 2.245844335546196e-09 3.9111103475109167e-38 2.720801290733764e-08
643.0 2.6852878078475334e-06 3.7554156484689943e-07 2.3990625519242994e-09 4.697959153845449e-38 2.8951692667363208e-08
644.0 2.8367252809084743e-06 3.9793400649142294e-07 2.5621373297970946e-09 5.639740148292933e-38 3.080032073102609e-08
645.0 2.99610943545754e-06 4.2157411592868675e-07 2.7356624559260985e-09 6.766292071053587e-38 3.275978173743105e-08
646.0 3.1638239584643515e-06 4.46526226446992e-07 2.9202649053190814e-09 8.113070792149761e-38 3.483626430483075e-08
647.0 3.3402693018016057e-06 4.7285769865423584e-07 3.1166065392911235e-09 9.72218213023216e-38 3.7036275255884696e-08
648.0 3.5258633279513896e-06 5.0063904775695e-07 3.3253858820918766e-09 1.16436000098127e-37 3.936665443762293e-08
649.0 3.721041975809661e-06 5.299440753372898e-07 3.547339977944247e-09 1.3936602383344049e-37 4.183459014147154e-08
650.0 3.926259947912827e-06 5.608500058758292e-07 3.7832463324411904e-09 1.6671462877137203e-37 4.444763515319557e-08
651.0 4.141991419654519e-06 5.93437628164183e-07 4.0339249416749085e-09 1.9931442563681206e-37 4.7213723454986106e-08
652.0 4.368730770687225e-06 6.277914416996683e-07 4.300240412209951e-09 2.381513377063652e-37 5.014118759815671e-08
653.0 4.6069933388685665e-06 6.639998081786208e-07 4.5831041752519105e-09 2.843921658122918e-37 5.32387767671207e-08
654.0 4.857316198015995e-06 7.021551083367656e-07 4.8834767993625444e-09 3.394169886385337e-37 5.651567556623659e-08
655.0 5.120258958341071e-06 7.423539040424356e-07 5.202370403810823e-09 4.048572249390067e-37 5.9981523534064e-08
656.0 5.396404592983528e-06 7.846971062059114e-07 5.540851179287874e-09 4.82640322235355e-37 6.364643544268852e-08
657.0 5.686360287301977e-06 8.292901480934345e-07 5.900042016054971e-09 5.75042196028903e-37 6.752102236183012e-08
658.0 5.990758315125857e-06 8.762431647268693e-07 6.281125247287158e-09 6.8474872980773366e-37 7.161641355573677e-08
659.0 6.310256939781468e-06 9.256711781266644e-07 6.6853455090365215e-09 8.149278612125689e-37 7.594427920682579e-08
660.0 6.645541342330465e-06 9.776942888286392e-07 7.114012723071111e-09 9.693140301584393e-37 8.05168540148706e-08
661.0 6.997324575623551e-06 1.0324378735474794e-06 7.568505204984155e-09 1.1523070542043192e-36 8.534696167552518e-08
662.0 7.366348546749046e-06 1.0900327894433601e-06 8.050272904264285e-09 1.3690878328356528e-36 9.044804029010623e-08
663.0 7.753385026991684e-06 1.1506155849427327e-06 8.560840779498995e-09 1.6257536709317353e-36 9.583416871761921e-08
664.0 8.159236689666135e-06 1.2143287172470777e-06 9.101812313276025e-09 1.929476462027628e-36 1.0152009389519646e-07
665.0 8.584738177987336e-06 1.2813207769328369e-06 9.674873173484658e-09 2.288687493281532e-36 1.0752125917607757e-07
666.0 9.030757201038761e-06 1.3517467194391593e-06 1.0281795023329339e-08 2.713293235476704e-36 1.1385383368420472e-07
667.0 9.498195660952456e-06 1.4257681039918019e-06 1.0924439488084205e-08 3.2149271784356446e-36 1.2053474274756884e-07
668.0 9.987990809241692e-06 1.5035533397432955e-06 1.160476228097962e-08 3.807243574806631e-36 1.2758169940864975e-07
669.0 1.0501116435165625e-05 1.5852779396478792e-06 1.2324817496303235e-08 4.5062598843833846e-36 1.3501323707265442e-07
670.0 1.103858408475924e-05 1.6711247819565223e-06 1.3086762073122224e-08 5.33075578045802e-36 1.4284874330145337e-07
671.0 1.1601444311913788e-05 1.7612843796303968e-06 1.3892860436290749e-08 6.30273781497194e-36 1.5110849479628919e-07
672.0 1.219078796181394e-05 1.8559551578114133e-06 1.4745489320324583e-08 7.447980261700481e-36 1.5981369359934612e-07
673.0 1.2807747487349528e-05 1.9553437395369436e-06 1.5647142782229034e-08 8.796654295756664e-36 1.6898650454883437e-07
674.0 1.345349829831509e-05 2.0596652397645867e-06 1.6600437408528586e-08 1.0384059554076902e-35 1.7865009401221506e-07
675.0 1.4129260144864551e-05 2.169143568025995e-06 1.7608117723887226e-08 1.2251474293804333e-35 1.8882866994442373e-07
676.0 1.4836298534719074e-05 2.2840117397304422e-06 1.867306180647201e-08 1.4447142861490065e-35 1.9954752329270515e-07
677.0 1.5575926184747914e-05 2.4045121963100808e-06 1.9798287116689775e-08 1.7027422057086414e-35 2.1083307078476746e-07
678.0 1.6349504508496678e-05 2.5308971345486107e-06 2.0986956547316077e-08 2.0058111275987293e-35 2.2271289915065047e-07
679.0 1.715844513758244e-05 2.6634288448728596e-06 2.2242384698558678e-08 2.3615995095838012e-35 2.3521581077993076e-07
680.0 1.8004211479888474e-05 2.802380059159825e-06 2.356804438805698e-08 2.7790631326443007e-35 2.483718708838737e-07
681.0 1.888832031349523e-05 2.9480343079979285e-06 2.4967573400940023e-08 3.26864225235636e-35 2.6221245617895697e-07
682.0 1.9812343417451817e-05 3.100686287676536e-06 2.6444781487959993e-08 3.842501468690861e-35 2.767703051379937e-07
683.0 2.077790923801359e-05 3.260642236792463e-06 2.8003657616601297e-08 4.514807341013756e-35 2.9207956982127465e-07
684.0 2.1786704593867793e-05 3.428220323127766e-06 2.964837748669718e-08 5.302049526367887e-35 3.08175869368715e-07
685.0 2.2840476417141128e-05 3.603751040403309e-06 3.1383311313321346e-08 6.223412077032857e-35 3.250963451409571e-07
686.0 2.394103353271115e-05 3.78757761540778e-06 3.3213031887448444e-08 7.301202517393902e-35 3.428797175774443e-07
687.0 2.509024847535112e-05 3.980056425535351e-06 3.5142322921065316e-08 8.56134744389154e-35 3.61566344798387e-07
688.0 2.62900593448079e-05 4.181557426854295e-06 3.717618768429135e-08 1.003396467702071e-34 3.81198282985769e-07
689.0 2.7542471699174466e-05 4.392464592870471e-06 3.931985794256661e-08 1.1754023462712013e-34 4.0181934858267926e-07
690.0 2.884956048709928e-05 4.613176364179779e-06 4.157880320238661e-08 1.376210589731083e-34 4.2347518235345554e-07
691.0 3.021347201776565e-05 4.844106108947008e-06 4.3958740271900984e-08 1.6105284663501741e-34 4.4621331532400374e-07
692.0 3.163642597040287e-05 5.085682594599761e-06 4.6465643146853056e-08 1.883813434902887e-34 4.700832366632105e-07
693.0 3.3120717442049e-05 5.338350470641145e-06 4.910575322814145e-08 2.202389610841112e-34 4.951364635224017e-07
694.0 3.466871903464798e-05 5.602570762862606e-06 5.188558988080721e-08 2.573581826636797e-34 5.214266128847185e-07
695.0 3.628288298023114e-05 5.878821378863471e-06 5.4811961340966044e-08 3.0058698692588486e-34 5.490094754420021e-07
696.0 3.7965743305886046e-05 6.1675976252591135e-06 5.789197598169691e-08 3.5090658459636594e-34 5.779430915611157e-07
697.0 3.971991803635203e-05 6.469412736335966e-06 6.113305394326688e-08 4.094518048132757e-34 6.082878293439576e-07
698.0 4.1548111436741626e-05 6.784798414664798e-06 6.454293914019215e-08 4.775345159673523e-34 6.401064648558911e-07
699.0 4.345311629253025e-05 7.114305383315068e-06 6.812971164964953e-08 5.566705197703085e-34 6.734642645164015e-07
700.0 4.5437816228444275e-05 7.458503950039766e-06 7.19018004926515e-08 6.486104189150092e-34 7.084290697139034e-07
