200.0 0.0 0.0 0.0 0.0 0.0
201.0 0.0 0.0 0.0 0.0 0.0
202.0 0.0 0.0 0.0 0.0 0.0
203.0 0.0 0.0 0.0 0.0 0.0
204.0 0.0 0.0 0.0 0.0 0.0
205.0 0.0 0.0 0.0 0.0 0.0
206.0 0.0 0.0 0.0 0.0 0.0
207.0 0.0 0.0 0.0 0.0 0.0
208.0 0.0 0.0 0.0 0.0 0.0
209.0 0.0 0.0 0.0 0.0 0.0
210.0 0.0 0.0 0.0 0.0 0.0
211.0 0.0 0.0 0.0 0.0 0.0
212.0 0.0 0.0 0.0 0.0 0.0
213.0 0.0 0.0 0.0 0.0 0.0
214.0 0.0 0.0 0.0 0.0 0.0
215.0 0.0 0.0 0.0 0.0 0.0
216.0 0.0 0.0 0.0 0.0 0.0
217.0 0.0 0.0 0.0 0.0 0.0
218.0 0.0 0.0 0.0 0.0 0.0
219.0 0.0 0.0 0.0 0.0 0.0
220.0 0.0 0.0 0.0 0.0 0.0
221.0 0.0 0.0 0.0 0.0 0.0
222.0 0.0 0.0 0.0 0.0 0.0
223.0 0.0 0.0 0.0 0.0 0.0
224.0 0.0 0.0 0.0 0.0 0.0
225.0 0.0 0.0 0.0 0.0 0.0
226.0 0.0 0.0 0.0 0.0 0.0
227.0 0.0 0.0 0.0 0.0 0.0
228.0 0.0 0.0 0.0 0.0 0.0
229.0 0.0 0.0 0.0 0.0 0.0
230.0 0.0 0.0 0.0 0.0 0.0
231.0 0.0 0.0 0.0 0.0 0.0
232.0 0.0 0.0 0.0 0.0 0.0
233.0 0.0 0.0 0.0 0.0 0.0
234.0 0.0 0.0 0.0 0.0 0.0
235.0 0.0 0.0 0.0 0.0 0.0
236.0 0.0 0.0 0.0 0.0 0.0
237.0 0.0 0.0 0.0 0.0 0.0
238.0 0.0 0.0 0.0 0.0 0.0
239.0 0.0 0.0 0.0 0.0 0.0
240.0 0.0 0.0 0.0 0.0 0.0
241.0 0.0 0.0 0.0 0.0 0.0
242.0 0.0 0.0 0.0 0.0 0.0
243.0 0.0 0.0 0.0 0.0 0.0
244.0 0.0 0.0 0.0 0.0 0.0
245.0 0.0 0.0 0.0 0.0 0.0
246.0 0.0 0.0 0.0 0.0 0.0
247.0 0.0 0.0 0.0 0.0 0.0
248.0 0.0 0.0 0.0 0.0 0.0
249.0 0.0 0.0 0.0 0.0 0.0
250.0 0.0 0.0 0.0 0.0 0.0
251.0 0.0 0.0 0.0 0.0 0.0
252.0 0.0 0.0 0.0 0.0 0.0
253.0 0.0 0.0 0.0 0.0 0.0
254.0 0.0 0.0 0.0 0.0 0.0
255.0 0.0 0.0 0.0 0.0 0.0
256.0 0.0 0.0 0.0 0.0 0.0
257.0 0.0 0.0 0.0 0.0 0.0
258.0 0.0 0.0 0.0 0.0 0.0
259.0 0.0 0.0 0.0 0.0 0.0
260.0 0.0 0.0 0.0 0.0 0.0
261.0 0.0 0.0 0.0 0.0 0.0
262.0 0.0 0.0 0.0 0.0 0.0
263.0 0.0 0.0 0.0 0.0 0.0
264.0 0.0 0.0 0.0 0.0 0.0
265.0 0.0 0.0 0.0 0.0 0.0
266.0 0.0 0.0 0.0 0.0 0.0
267.0 0.0 0.0 0.0 0.0 0.0
268.0 0.0 0.0 0.0 0.0 0.0
269.0 0.0 0.0 0.0 0.0 0.0
270.0 0.0 0.0 0.0 0.0 0.0
271.0 0.0 0.0 0.0 0.0 0.0
272.0 0.0 0.0 0.0 0.0 0.0
273.0 0.0 0.0 0.0 0.0 0.0
274.0 0.0 0.0 0.0 0.0 0.0
275.0 0.0 0.0 0.0 0.0 0.0
276.0 0.0 0.0 0.0 0.0 0.0
277.0 0.0 0.0 0.0 0.0 0.0
278.0 0.0 0.0 0.0 0.0 0.0
279.0 0.0 0.0 0.0 0.0 0.0
280.0 0.0 0.0 0.0 0.0 0.0
281.0 0.0 0.0 0.0 0.0 0.0
282.0 0.0 0.0 0.0 0.0 0.0
283.0 0.0 0.0 0.0 0.0 0.0
284.0 0.0 0.0 0.0 0.0 0.0
285.0 0.0 0.0 0.0 0.0 0.0
286.0 0.0 0.0 0.0 0.0 0.0
287.0 0.0 0.0 0.0 0.0 0.0
288.0 0.0 0.0 0.0 0.0 0.0
289.0 0.0 0.0 0.0 0.0 0.0
290.0 0.0 0.0 0.0 0.0 0.0
291.0 0.0 0.0 0.0 0.0 0.0
292.0 0.0 0.0 0.0 0.0 0.0
293.0 0.0 0.0 0.0 0.0 0.0
294.0 0.0 0.0 0.0 0.0 0.0
295.0 0.0 0.0 0.0 0.0 0.0
296.0 0.0 0.0 0.0 0.0 0.0
297.0 0.0 0.0 0.0 0.0 0.0
298.0 0.0 0.0 0.0 0.0 0.0
299.0 0.0 0.0 0.0 0.0 0.0
300.0 0.0 0.0 0.0 0.0 0.0
301.0 0.0 0.0 0.0 0.0 0.0
302.0 0.0 0.0 0.0 0.0 0.0
303.0 0.0 0.0 0.0 0.0 0.0
304.0 0.0 0.0 0.0 0.0 0.0
305.0 0.0 0.0 0.0 0.0 0.0
306.0 0.0 0.0 0.0 0.0 0.0
307.0 0.0 0.0 0.0 0.0 0.0
308.0 0.0 0.0 0.0 0.0 0.0
309.0 0.0 0.0 0.0 0.0 0.0
310.0 0.0 0.0 0.0 0.0 0.0
311.0 0.0 0.0 0.0 0.0 0.0
312.0 0.0 0.0 0.0 0.0 0.0
313.0 0.0 0.0 0.0 0.0 0.0
314.0 0.0 0.0 0.0 0.0 0.0
315.0 0.0 0.0 0.0 0.0 0.0
316.0 0.0 0.0 0.0 0.0 0.0
317.0 0.0 0.0 0.0 0.0 0.0
318.0 0.0 0.0 0.0 0.0 0.0
319.0 0.0 0.0 0.0 0.0 0.0
320.0 0.0 0.0 0.0 0.0 0.0
321.0 0.0 0.0 0.0 0.0 0.0
322.0 0.0 0.0 0.0 0.0 0.0
323.0 0.0 0.0 0.0 0.0 0.0
324.0 0.0 0.0 0.0 0.0 0.0
325.0 0.0 0.0 0.0 0.0 0.0
326.0 0.0 0.0 0.0 0.0 0.0
327.0 0.0 0.0 0.0 0.0 0.0
328.0 0.0 0.0 0.0 0.0 0.0
329.0 0.0 0.0 0.0 0.0 0.0
330.0 0.0 0.0 0.0 0.0 0.0
331.0 0.0 0.0 0.0 0.0 0.0
332.0 0.0 0.0 0.0 0.0 0.0
333.0 0.0 0.0 0.0 0.0 0.0
334.0 0.0 0.0 0.0 0.0 0.0
335.0 0.0 0.0 0.0 0.0 0.0
336.0 0.0 0.0 0.0 0.0 0.0
337.0 0.0 0.0 0.0 0.0 0.0
338.0 0.0 0.0 0.0 0.0 0.0
339.0 0.0 0.0 0.0 0.0 0.0
340.0 0.0 0.0 0.0 0.0 0.0
341.0 0.0 0.0 0.0 0.0 0.0
342.0 0.0 0.0 0.0 0.0 0.0
343.0 0.0 0.0 0.0 0.0 0.0
344.0 0.0 0.0 0.0 0.0 0.0
345.0 0.0 0.0 0.0 0.0 0.0
346.0 0.0 0.0 0.0 0.0 0.0
347.0 0.0 0.0 0.0 0.0 0.0
348.0 0.0 0.0 0.0 0.0 0.0
349.0 0.0 0.0 0.0 0.0 0.0
350.0 0.0 0.0 0.0 0.0 0.0
351.0 0.0 0.0 0.0 0.0 0.0
352.0 0.0 0.0 0.0 0.0 0.0
353.0 0.0 0.0 0.0 0.0 0.0
354.0 0.0 0.0 0.0 0.0 0.0
355.0 0.0 0.0 0.0 0.0 0.0
356.0 0.0 0.0 0.0 0.0 0.0
357.0 0.0 0.0 0.0 0.0 0.0
358.0 0.0 0.0 0.0 0.0 0.0
359.0 0.0 0.0 0.0 0.0 0.0
360.0 0.0 0.0 0.0 0.0 0.0
361.0 0.0 0.0 0.0 0.0 0.0
362.0 0.0 0.0 0.0 0.0 0.0
363.0 0.0 0.0 0.0 0.0 0.0
364.0 0.0 0.0 0.0 0.0 0.0
365.0 0.0 0.0 0.0 0.0 0.0
366.0 0.0 0.0 0.0 0.0 0.0
367.0 0.0 0.0 0.0 0.0 0.0
368.0 0.0 0.0 0.0 0.0 0.0
369.0 0.0 0.0 0.0 0.0 0.0
370.0 0.0 0.0 0.0 0.0 0.0
371.0 0.0 0.0 0.0 0.0 0.0
372.0 0.0 0.0 0.0 0.0 0.0
373.0 0.0 0.0 0.0 0.0 0.0
374.0 0.0 0.0 0.0 0.0 0.0
375.0 0.0 0.0 0.0 0.0 0.0
376.0 0.0 0.0 0.0 0.0 0.0
377.0 0.0 0.0 0.0 0.0 0.0
378.0 0.0 0.0 0.0 0.0 0.0
379.0 0.0 0.0 0.0 0.0 0.0
380.0 0.0 0.0 0.0 0.0 0.0
381.0 0.0 0.0 0.0 0.0 0.0
382.0 0.0 0.0 0.0 0.0 0.0
383.0 0.0 0.0 0.0 0.0 0.0
384.0 0.0 0.0 0.0 0.0 0.0
385.0 0.0 0.0 0.0 0.0 0.0
386.0 0.0 0.0 0.0 0.0 0.0
387.0 0.0 0.0 0.0 0.0 0.0
388.0 0.0 0.0 0.0 0.0 0.0
389.0 0.0 0.0 0.0 0.0 0.0
390.0 0.0 0.0 0.0 0.0 0.0
391.0 0.0 0.0 0.0 0.0 0.0
392.0 0.0 0.0 0.0 0.0 0.0
393.0 0.0 0.0 0.0 0.0 0.0
394.0 0.0 0.0 0.0 0.0 0.0
395.0 0.0 0.0 0.0 0.0 0.0
396.0 0.0 0.0 0.0 0.0 0.0
397.0 0.0 0.0 0.0 0.0 0.0
398.0 0.0 0.0 0.0 0.0 0.0
399.0 0.0 0.0 0.0 0.0 0.0
400.0 0.0 0.0 0.0 0.0 0.0
401.0 0.0 0.0 0.0 0.0 0.0
402.0 0.0 0.0 0.0 0.0 0.0
403.0 0.0 0.0 0.0 0.0 0.0
404.0 0.0 0.0 0.0 0.0 0.0
405.0 0.0 0.0 0.0 0.0 0.0
406.0 0.0 0.0 0.0 0.0 0.0
407.0 0.0 0.0 0.0 0.0 0.0
408.0 0.0 0.0 0.0 0.0 0.0
409.0 0.0 0.0 0.0 0.0 0.0
410.0 0.0 0.0 0.0 0.0 0.0
411.0 0.0 0.0 0.0 0.0 0.0
412.0 0.0 0.0 0.0 0.0 0.0
413.0 0.0 0.0 0.0 0.0 0.0
414.0 0.0 0.0 0.0 0.0 0.0
415.0 0.0 0.0 0.0 0.0 0.0
416.0 0.0 0.0 0.0 0.0 0.0
417.0 0.0 0.0 0.0 0.0 0.0
418.0 0.0 0.0 0.0 0.0 0.0
419.0 0.0 0.0 0.0 0.0 0.0
420.0 0.0 0.0 0.0 0.0 0.0
421.0 0.0 0.0 0.0 0.0 0.0
422.0 0.0 0.0 0.0 0.0 0.0
423.0 0.0 0.0 0.0 0.0 0.0
424.0 0.0 0.0 0.0 0.0 0.0
425.0 0.0 0.0 0.0 0.0 0.0
426.0 0.0 0.0 0.0 0.0 0.0
427.0 0.0 0.0 0.0 0.0 0.0
428.0 0.0 0.0 0.0 0.0 0.0
429.0 0.0 0.0 0.0 0.0 0.0
430.0 0.0 0.0 0.0 0.0 0.0
431.0 0.0 0.0 0.0 0.0 0.0
432.0 0.0 0.0 0.0 0.0 0.0
433.0 0.0 0.0 0.0 0.0 0.0
434.0 0.0 0.0 0.0 0.0 0.0
435.0 0.0 0.0 0.0 0.0 0.0
436.0 0.0 0.0 0.0 0.0 0.0
437.0 8.712906880366588e-17 2.3717116902808193e-17 2.8441446327568016e-21 2.1249097257983223e-65 1.1103531233437096e-19
438.0 8.707077447336406e-17 2.3771764243627747e-17 2.9100704595589506e-21 2.8000798655695393e-65 1.1266249427888893e-19
439.0 8.701258848990442e-17 2.382623401592237e-17 2.9772068828463443e-21 3.6851354285904493e-65 1.1430568818231038e-19
440.0 8.695450956362212e-17 2.3880526318472473e-17 3.0455695389059878e-21 4.8438792919347055e-65 1.1596495404135633e-19
441.0 8.689653639249026e-17 2.3934641245624772e-17 3.1151741564539252e-21 6.359071210819638e-65 1.1764035118814644e-19
442.0 8.683866766207106e-17 2.3988578887175768e-17 3.1860365557264375e-21 8.337929903576946e-65 1.193319382844334e-19
443.0 8.678090204548766e-17 2.404233932826196e-17 3.2581726475534753e-21 1.0919194226929607e-64 1.2103977331588164e-19
444.0 1.7344647640686275e-16 4.8191845298522107e-17 6.663196864829815e-21 2.8564348989556367e-64 2.455278271728217e-19
445.0 1.7333134956819815e-16 4.8298657851350036e-17 6.812659998951564e-21 3.731668239414087e-64 2.4900883142491945e-19
446.0 1.7321642084636562e-16 4.8405116456057326e-17 6.964767051210106e-21 4.8692290203327266e-64 2.5252267123467084e-19
447.0 1.7310168748770285e-16 4.8511221243533825e-17 7.11955054875111e-21 6.345989555422912e-64 2.5606945705112937e-19
448.0 2.5948072007016676e-16 7.292545850145221e-17 1.0915564785135757e-20 1.239125241177967e-63 3.894739468717366e-19
449.0 2.5930919357945065e-16 7.308355475744833e-17 1.1155916764557904e-20 1.611122895755827e-63 3.9489345216715006e-19
450.0 3.455172633542756e-16 9.765482770939433e-17 1.5200575085183474e-20 2.789800507410979e-63 5.3381714766126e-19
451.0 3.4528930346308045e-16 9.786420894336689e-17 1.5532210977563963e-20 3.6188829925833304e-63 5.411764396362008e-19
452.0 4.313271325078257e-16 1.2259110441568396e-16 1.983691261123533e-20 5.861178388178828e-63 6.857533567484677e-19
453.0 5.172516977604771e-16 1.4742127741232378e-16 2.4318899199728623e-20 9.102671627472523e-63 8.34144132904925e-19
454.0 6.030632564324453e-16 1.723541982374056e-16 2.8982601329201617e-20 1.3728527104173055e-62 9.86399487415217e-19
455.0 6.887620597724202e-16 1.9738933725619057e-16 3.3832517573898506e-20 2.025970027405244e-62 1.1425703343413465e-18
456.0 7.743483530023987e-16 2.2252616486480087e-16 3.887321487584403e-20 2.9397793296182907e-62 1.3027077787286951e-18
457.0 8.598223752536464e-16 2.477641514594008e-16 4.410932891736181e-20 4.208396816854623e-62 1.4668631128036765e-18
458.0 1.031110210366622e-15 2.9793029171442193e-16 5.4049706712321664e-20 6.499213853695848e-62 1.783732158696279e-18
459.0 1.1163040768827665e-15 3.2341993991986376e-16 5.978558715325757e-20 9.051226033255001e-62 1.958052992762241e-18
460.0 1.2871997477779801e-15 3.7393819437649494e-16 7.042796195127309e-20 1.3411102666499498e-61 2.289175502713762e-18
461.0 1.5436289832814878e-15 4.49636263524477e-16 8.627540435862357e-20 2.0643469190089745e-61 2.7831799621430275e-18
462.0 1.7140218093173847e-15 5.006039054620565e-16 9.785100841149843e-20 2.9390567013593452e-61 3.1329546306465144e-18
463.0 1.9698370498042826e-15 5.768496943725802e-16 1.148535397983605e-19 4.3262087365069256e-61 3.649907053809652e-18
464.0 2.3109073230370218e-15 6.785227182475443e-16 1.3760120214797905e-19 6.493546347826688e-61 4.3403253301024805e-18
465.0 2.565999054931108e-15 7.554103165699021e-16 1.5602082054701369e-19 9.215477533207303e-61 4.8849393037729746e-18
466.0 2.9917129430341497e-15 8.83051398715286e-16 1.857348309381074e-19 1.3717844080752193e-60 5.7724524299269595e-18
467.0 3.416871638451273e-15 1.0111823689044727e-15 2.1657619563867898e-19 1.9982268301056428e-60 6.6816214619667295e-18
468.0 3.926842214373447e-15 1.1651294736046515e-15 2.5409471470261907e-19 2.925891764697068e-60 7.78188082017932e-18
469.0 4.436148256852826e-15 1.3196594853068376e-15 2.930151692177891e-19 4.206984698452236e-60 8.90861959535499e-18
470.0 5.115300852456541e-15 1.525623325193283e-15 3.4486498165377565e-19 6.167943574171379e-60 1.040912582583242e-17
471.0 5.793569116459609e-15 1.7323589355510434e-15 3.986393868261186e-19 8.873129646950736e-60 1.194548026544912e-17
472.0 6.6412426525718184e-15 1.990911060128023e-15 4.663392116491817e-19 1.2906286945966825e-59 1.3873847094455768e-17
473.0 7.572901840111115e-15 2.2759932205976753e-15 5.426205003026018e-19 1.8655132136824516e-59 1.6027875329953855e-17
474.0 8.673415832430258e-15 2.6133661621391257e-15 6.34115356448032e-19 2.7056752721263623e-59 1.8597131497133773e-17
475.0 9.857476574652553e-15 2.9776432895101314e-15 7.35277489856423e-19 3.8901735128807567e-59 2.141114812716349e-17
476.0 1.1209843432954792e-14 3.3946786987200562e-15 8.530134763075789e-19 5.591024745573748e-59 2.466428620556437e-17
477.0 1.2815055424909666e-14 3.890516397152203e-15 9.947439522461663e-19 8.070020493350688e-59 2.856017321626989e-17
478.0 1.4502993210078555e-14 4.413950789315542e-15 1.1482773749902384e-18 1.1519944374365339e-58 3.2737538685991755e-17
479.0 1.652776743674286e-14 5.042693781650166e-15 1.3346451165978162e-18 1.6543389056767015e-58 3.778569736768328e-17
480.0 1.880401776596394e-14 5.751394023484427e-15 1.548563536350625e-18 2.369518414639187e-58 4.3537726707485156e-17
481.0 2.1331252399532692e-14 6.5404619477122444e-15 1.791373080312898e-18 3.380719496367275e-58 5.001616870754504e-17
482.0 2.4193573019657198e-14 7.43630582490279e-15 2.071694820942288e-18 4.817957169132403e-58 5.744474618392814e-17
483.0 2.7474862320475428e-14 8.465517393687556e-15 2.398735475561557e-18 6.868437409837169e-58 6.605709506869704e-17
484.0 3.117430112697892e-14 9.628775821464809e-15 2.7747881190536172e-18 9.773959751293747e-58 7.589127736865444e-17
485.0 3.53754994821342e-14 1.095289543564492e-14 3.2098694179633354e-18 1.389703745104128e-57 8.71939983778755e-17
486.0 3.999310181702242e-14 1.2412496304710078e-14 3.699024335789449e-18 1.966742460834559e-57 9.980120867173093e-17
487.0 4.5363566807355784e-14 1.4113171459276098e-14 4.2765391502778504e-18 2.790048620087422e-57 1.146047363669541e-16
488.0 5.131689321367925e-14 1.600357032525956e-14 4.930543831843141e-18 3.943746404947775e-57 1.3124370532822746e-16
489.0 5.802035637057761e-14 1.813726391894845e-14 5.68107249951194e-18 5.56643809646648e-57 1.5021022778194805e-16
490.0 6.564079501354677e-14 2.0568178980812152e-14 6.5494632700184574e-18 7.854633622884967e-57 1.7201736622811578e-16
491.0 7.40923109076761e-14 2.32713502479644e-14 7.532751319715666e-18 1.1048148237110197e-56 1.965302679121331e-16
492.0 8.370945325506914e-14 2.6353919000070184e-14 8.67102586978619e-18 1.5540559031866303e-56 2.247332239158869e-16
493.0 9.448993421537825e-14 2.9817715055515834e-14 9.971582509146523e-18 2.1820633240766433e-56 2.567400083074225e-16
494.0 1.0659933966090772e-13 3.3717651555478344e-14 1.1459954568929526e-17 3.0594420033120376e-56 2.931275459081727e-16
495.0 1.2028670146774581e-13 3.813557622147641e-14 1.317235157388577e-17 4.286766176898159e-56 3.3472863029419465e-16
496.0 1.3554891522269037e-13 4.3073936619476e-14 1.5119127615144898e-17 5.993128152071664e-56 3.8170122932988445e-16
497.0 1.5271796827511785e-13 4.864188869406886e-14 1.734896935407766e-17 8.369820644325484e-56 4.3516021652582834e-16
498.0 1.7195753887899412e-13 5.4895818278328095e-14 1.989416334510534e-17 1.167188925821403e-55 4.957824996933683e-16
499.0 1.9351453276423725e-13 6.191920611396577e-14 2.279854933765113e-17 1.6253808052112924e-55 5.645130664743113e-16
500.0 2.1771881029255815e-13 6.982284212024003e-14 2.6118437567685086e-17 2.2609398596412863e-55 6.425788762461255e-16
501.0 2.448158038246076e-13 7.869132268191418e-14 2.990314975387146e-17 3.140625512416465e-55 7.31004047084208e-16
502.0 2.7513379043728763e-13 8.863662769969122e-14 3.421499509688956e-17 4.3565089495843284e-55 8.311013416144961e-16
503.0 3.090836187819529e-13 9.97983301997359e-14 3.9130248828921483e-17 6.035665338369018e-55 9.444865157279012e-16
504.0 3.4707504436833643e-13 1.1231681688949633e-13 4.472942030542415e-17 8.351523494349595e-55 1.0728351722472848e-15
505.0 3.895167284996714e-13 1.263332787564008e-13 5.1097379687943664e-17 1.1539909658962895e-54 1.2178836755428435e-15
506.0 4.3698280180461767e-13 1.4204384450246975e-13 5.834572616627068e-17 1.5926397987641328e-54 1.381956826669699e-15
507.0 4.899626339173325e-13 1.5961865291431266e-13 6.658088886973013e-17 2.1950184027968892e-54 1.5671984676086466e-15
508.0 5.491937976393335e-13 1.793102524853043e-13 7.594935489251325e-17 3.021829608495109e-54 1.7766347629281035e-15
509.0 6.152456545718718e-13 2.013182299646793e-13 8.65822662056304e-17 4.1544284508864527e-54 2.0128586679141322e-15
510.0 6.88935219202432e-13 2.2592497355254263e-13 9.865315438133821e-17 5.704410842597783e-54 2.2793768044278993e-15
511.0 7.71077308293795e-13 2.534144395124952e-13 1.1234484480056848e-16 7.822640298147398e-54 2.579821144839891e-15
512.0 8.626504473131218e-13 2.841267780248506e-13 1.2787431766401156e-16 1.0714420763808972e-53 2.918512141701336e-15
513.0 9.6463051898777e-13 3.184039984122438e-13 1.4547002502859246e-16 1.4656512579742227e-53 3.2999227853057476e-15
514.0 1.0782392957353527e-12 3.566721600932061e-13 1.6541034444605775e-16 2.0025344574179687e-53 3.729540459444271e-15
515.0 1.2046952402637332e-12 3.993596249503439e-13 1.8798830256154186e-16 2.732741863455199e-53 4.2130452041922926e-15
516.0 1.3453789714313145e-12 4.469520005074993e-13 2.1353825170165707e-16 3.724654300922068e-53 4.756897510156582e-15
517.0 1.5018327091208527e-12 4.999925149961052e-13 2.424384408474802e-16 5.070468789576782e-53 5.368371199154836e-15
518.0 1.6757597174057121e-12 5.590823865368274e-13 2.751136710742885e-16 6.894309245785955e-53 6.055586847409528e-15
519.0 1.8690237458410657e-12 6.248811863961093e-13 3.1203803674127806e-16 9.36300926042323e-53 6.8275457499354115e-15
520.0 2.083648468709124e-12 6.981071962752482e-13 3.537377537071057e-16 1.2700411019200328e-52 7.694164424629389e-15
521.0 2.3219818472467714e-12 7.795931323527614e-13 4.008225453723813e-16 1.7207500898826606e-52 8.666925246809924e-15
522.0 2.5864477921384974e-12 8.702037076822493e-13 4.539475447201247e-16 2.3286445256632864e-52 9.758010388619693e-15
523.0 2.879792927677679e-12 9.709190664581385e-13 5.138593731310012e-16 3.1475885077305653e-52 1.0981264754806219e-14
524.0 3.2050854705929895e-12 1.0828355059151485e-12 5.81401697872561e-16 4.249639354742327e-52 1.2352264243462552e-14
525.0 3.565631861735327e-12 1.2071383430747677e-12 6.575058004401638e-16 5.730930324653891e-52 1.388806474732344e-14
526.0 3.965140286341871e-12 1.345158182621192e-12 7.432261019117198e-16 7.719791492826481e-52 1.5607903687051323e-14
527.0 4.407554998367751e-12 1.4983159562494415e-12 8.397161461494913e-16 1.0386929142741681e-51 1.7532633868363782e-14
528.0 4.897301687171342e-12 1.6682072802114839e-12 9.482813305004063e-16 1.3959649915215497e-51 1.968576971728222e-14
529.0 5.439285778499197e-12 1.8566034991751955e-12 1.0703878226776259e-15 1.8740250475237563e-51 2.2093593030218362e-14
530.0 6.038726794213163e-12 2.0653966423643993e-12 1.2076389678956818e-15 2.5129515501587066e-51 2.4784587490987536e-14
531.0 6.701566746795194e-12 2.296740415093155e-12 1.3618654478970173e-15 3.3659792178889146e-51 2.779121331777332e-14
532.0 7.434222016784112e-12 2.5529674239923158e-12 1.5350881161938562e-15 4.503600195731339e-51 3.1149037819506796e-14
533.0 8.243581617840623e-12 2.836590144301819e-12 1.7295280615627095e-15 6.018996128905686e-51 3.489684765619948e-14
534.0 9.137495919337378e-12 3.1504709740067445e-12 1.9477215070070374e-15 8.035547126814619e-51 3.9078860272506244e-14
535.0 1.0124283086410938e-11 3.4976549429887963e-12 2.1924322785852324e-15 1.0715950264775383e-50 4.3742821867700215e-14
536.0 1.1213217107269834e-11 3.8815401583025654e-12 2.4667706732807478e-15 1.4274946897688805e-50 4.894226320828367e-14
537.0 1.2414442756788167e-11 4.305851483086816e-12 2.77419479036437e-15 1.899550080215784e-50 5.473636079621577e-14
538.0 1.3738972396943762e-11 4.7746422903436644e-12 3.1185292948023962e-15 2.5249923512652105e-50 6.119014386184726e-14
539.0 1.5198927153650412e-11 5.29238128204667e-12 3.5040410611520314e-15 3.3527853608547876e-50 6.837580366394521e-14
540.0 1.6807532835013533e-11 5.8639547105366555e-12 3.935463221789586e-15 4.447235554208273e-50 7.637295760115897e-14
541.0 1.857919717675885e-11 6.49469699324055e-12 4.418039246194932e-15 5.89270130924129e-50 8.526929028794403e-14
542.0 2.0529911910450083e-11 7.190535390733423e-12 4.957647960738271e-15 7.799836135333748e-50 9.516272634800203e-14
543.0 2.2676759464656895e-11 7.957822092379223e-12 5.560718867808875e-15 1.031339113764664e-49 1.0615952800460879e-13
544.0 2.5038639421429324e-11 8.803593139316267e-12 6.234441129208275e-15 1.3622791512380455e-49 1.1837802905433943e-13
545.0 2.76360994840196e-11 9.735514812184395e-12 6.9867636326515564e-15 1.797551689797949e-49 1.319483015977696e-13
546.0 3.049165350305112e-11 1.0762001210712892e-11 7.8265174743292e-15 2.36946778901588e-49 1.4701413142012096e-13
547.0 3.362969302390355e-11 1.1892189348562093e-11 8.763441203756036e-15 3.1201496473632854e-49 1.6373311175181077e-13
548.0 3.707704677907179e-11 1.3136143420278424e-11 9.808376837109741e-15 4.104491728589784e-49 1.8227990589049178e-13
549.0 4.0862647829286774e-11 1.4504744533944394e-11 1.0973241085924164e-14 5.393902106511302e-49 2.0284524895555114e-13
550.0 4.501833381022544e-11 1.6009982034675018e-11 1.2271299200501677e-14 7.081257364360063e-49 2.2564054360506724e-13
551.0 4.95784318918683e-11 1.7664814991686526e-11 1.3717123839619587e-14 9.287135204943243e-49 2.508965473926456e-13
552.0 5.458071775906627e-11 1.9483522455495103e-11 1.5326931683829607e-14 1.2168060494825929e-48 2.7886897193408966e-13
553.0 6.006607963659983e-11 2.1481594383816372e-11 1.7118577010764554e-14 1.592689614774573e-48 3.098376952098084e-13
554.0 6.607882849954785e-11 2.3675852695366496e-11 1.9111726286555808e-14 2.082629549443692e-48 3.44109254799736e-13
555.0 7.26675706882537e-11 2.6084775386078672e-11 2.1328208238948884e-14 2.7206189639136692e-48 3.820224037941029e-13
556.0 7.988486912141468e-11 2.872838840627039e-11 2.379202849415693e-14 3.5505857990745305e-48 4.2394751402752805e-13
557.0 8.778779060195468e-11 3.162847536565515e-11 2.6529646478559318e-14 4.629248266983337e-48 4.702906433028156e-13
558.0 9.643861130995418e-11 3.480884643440445e-11 2.9570318522357186e-14 6.029788444830318e-48 5.214986412326556e-13
559.0 1.0590479608019002e-10 3.8295347355106073e-11 3.2946237586452447e-14 7.846515930140135e-48 5.780605259275196e-13
560.0 1.1625953935669104e-10 4.211607175744931e-11 3.6692853891613374e-14 1.0200857605947328e-47 6.405119719344602e-13
561.0 1.2758246391589107e-10 4.6301632772242866e-11 4.084926512472823e-14 1.3249030042726876e-47 7.094408651177403e-13
562.0 1.3995967502626645e-10 5.088520295128243e-11 4.545842134886304e-14 1.719177001106367e-47 7.854894819532737e-13
563.0 1.5348493527083603e-10 5.590296246447404e-11 5.056770593472014e-14 2.228686246137136e-47 8.693630619207777e-13
564.0 1.6825955332763051e-10 6.1394082542649e-11 5.622912537505312e-14 2.88649454079403e-47 9.61831425259618e-13
565.0 1.843936323283396e-10 6.740120532237092e-11 6.24999631113054e-14 3.734981444686312e-47 1.0637384330230968e-12
566.0 2.0200619345915253e-10 7.39705165742818e-11 6.944308916741889e-14 4.828406013063637e-47 1.1760053282657669e-12
567.0 2.2122641644061013e-10 8.115222846976862e-11 7.71276701954339e-14 6.236185800850406e-47 1.2996407171888356e-12
568.0 2.421939962000286e-10 8.900074224527988e-11 8.562961128380308e-14 8.047039541396611e-47 1.4357457481140286e-12
569.0 2.650602946715575e-10 9.757510478843815e-11 9.503230216514522e-14 1.037426184569187e-46 1.5855242069669914e-12
570.0 2.8998892904960705e-10 1.0693926169503103e-10 1.0542720234623856e-13 1.336238868838424e-46 1.750289631329207e-12
571.0 3.171569935732854e-10 1.1716254644484088e-10 1.1691468780364264e-13 1.7195659088792177e-46 1.9314765263924917e-12
572.0 3.4675611589133045e-10 1.2832011287920023e-10 1.2960488416469497e-13 2.210871574509766e-46 2.1306510192949363e-12
573.0 3.789931103003274e-10 1.4049322208971356e-10 1.4361839179788895e-13 2.840009855954846e-46 2.349519422348186e-12
574.0 4.1409197741279695e-10 1.537700315690521e-10 1.5908756152809288e-13 3.644937388968343e-46 2.589945498815043e-12
575.0 4.522942268581396e-10 1.682457679920405e-10 1.7615719420999282e-13 4.6738619143741045e-46 2.8539578804019055e-12
576.0 4.938610215125792e-10 1.8402357969491982e-10 1.9498598514111817e-13 5.9879653668499284e-46 3.143769265061937e-12
577.0 5.390742011497404e-10 2.0121497881004798e-10 2.157476052387143e-13 7.66482336485881e-46 3.461789218253269e-12
578.0 5.882380918956791e-10 2.1994058080218344e-10 2.386321522355643e-13 9.802716593052093e-46 3.810642498906421e-12
579.0 6.416808310775698e-10 2.403306690703372e-10 2.6384748123978716e-13 1.252604404510389e-45 4.193184926324725e-12
580.0 6.997565540285163e-10 2.6252608760796167e-10 2.91620959302378e-13 1.59921372173789e-45 4.612525482316516e-12
581.0 7.628471739323431e-10 2.866789886545991e-10 3.2220114376656566e-13 2.0399807047942872e-45 5.072046565372366e-12
582.0 8.313642303713983e-10 3.129536125434948e-10 3.558595746833861e-13 2.6000061449206188e-45 5.575425436752805e-12
583.0 9.057512792699799e-10 3.415272782450919e-10 3.92892891501718e-13 3.310954858426404e-45 6.126660094893987e-12
584.0 9.864863481288005e-10 3.7259140713138864e-10 4.3362508921798444e-13 4.2127393364843856e-45 6.73009656191578e-12
585.0 1.0740839046603348e-09 4.0635237140166205e-10 4.784096740454268e-13 5.3556236785378295e-45 7.390453826595206e-12
586.0 1.1690983085213606e-09 4.4303291139730746e-10 5.276325907767209e-13 6.802859871624555e-45 8.11285992784182e-12
587.0 1.2721258283875002e-09 4.828730207511048e-10 5.817146522927868e-13 8.633973251808233e-45 8.90287938404422e-12
588.0 1.383808453184019e-09 5.261315206214068e-10 6.411149112929254e-13 1.0948872434099471e-44 9.766554182529007e-12
589.0 1.5048363470653175e-09 5.730871310435423e-10 7.063335747911609e-13 1.3872964904231002e-44 1.0710436667973555e-11
590.0 1.635952092866391e-09 6.240402329596984e-10 7.779159036536261e-13 1.7563544125925684e-44 1.1741636355514528e-11
591.0 1.7779537353664373e-09 6.793141867717412e-10 8.564557386534219e-13 2.2217730407686867e-44 1.2867859807504742e-11
592.0 1.9316989799900398e-09 7.392571035948351e-10 9.42599755794924e-13 2.808235901554281e-44 1.4097460283607666e-11
593.0 2.0981095227350316e-09 8.042436815648673e-10 1.0370520001562132e-12 3.546627328396436e-44 1.5439490138306065e-11
594.0 2.2781751973503476e-09 8.74676987129166e-10 1.1405785528420114e-12 4.475558818904228e-44 1.690375371877041e-11
595.0 2.472958877646225e-09 9.509905411032645e-10 1.2540128045781792e-12 5.643264272821229e-44 1.850086772840062e-11
596.0 2.6836015836586427e-09 1.0336505003285913e-09 1.378261093176672e-12 7.109950513967234e-44 2.0242325250087176e-11
597.0 2.911327633885823e-09 1.1231578748330588e-09 1.5143086392208748e-12 8.950709514674451e-44 2.2140562348658278e-11
598.0 3.1574507776676057e-09 1.2200511415109197e-09 1.6632262815531353e-12 1.1259126473140424e-43 2.4209034466586932e-11
599.0 3.4233798220612276e-09 1.3249086834511611e-09 1.8261772734576368e-12 1.4151741688501794e-43 2.646229159110105e-11
600.0 3.710625311112108e-09 1.4383516565025843e-09 2.0044249661703544e-12 1.7773569261835684e-43 2.8916064149139095e-11
601.0 4.020806395563281e-09 1.5610469528136753e-09 2.199340966749187e-12 2.2304914592523247e-43 3.158735335971027e-11
602.0 4.355658356869557e-09 1.6937104423935398e-09 2.4124140462470906e-12 2.796979208179007e-43 3.449452984399239e-11
603.0 4.71703984962473e-09 1.8371101308441856e-09 2.645259315338691e-12 3.5046304500700317e-43 3.765743335720056e-11
604.0 5.106941568440076e-09 1.9920698973799216e-09 2.8996286335112433e-12 4.387944262625614e-43 4.1097487292425196e-11
605.0 5.52749509037262e-09 2.159473331118247e-09 3.177421615271579e-12 5.4896849547896055e-43 4.4837818513409284e-11
606.0 5.980981581106925e-09 2.340267544201581e-09 3.4806970737091934e-12 6.862821620158334e-43 4.890338010097055e-11
607.0 6.4698423745909e-09 2.5354677485668176e-09 3.811686092005453e-12 8.572914824623229e-43 5.332109356966938e-11
608.0 6.996689018686905e-09 2.7461616591973282e-09 4.172805395591741e-12 1.0701048588981893e-42 5.8119991467835463e-11
609.0 7.564314409329912e-09 2.9735143591762327e-09 4.56667199325101e-12 1.3347431425409177e-42 6.333137376646125e-11
610.0 8.175704542248617e-09 3.218773445507396e-09 4.996118871187121e-12 1.663581523489417e-42 6.898897462834799e-11
611.0 8.834051338937797e-09 3.4832746381413422e-09 5.46421207198827e-12 2.0718914768527076e-42 7.512914379763249e-11
612.0 9.542765229875045e-09 3.768447336384568e-09 5.974268408770232e-12 2.5785046221700996e-42 8.179103189561129e-11
613.0 1.0305489647723589e-08 4.0758209728150975e-09 6.5298751856783085e-12 3.2066258337315024e-42 8.901679818492578e-11
614.0 1.112611572615862e-08 4.407031497342415e-09 7.1349109538987366e-12 3.9848280050865914e-42 9.685182694201354e-11
615.0 1.2008797814830756e-08 4.763828234156285e-09 7.793567733305328e-12 4.948268289341585e-42 1.0534495798150314e-10
616.0 1.2957970339684069e-08 5.1480813249165225e-09 8.51037511511297e-12 6.140174268969099e-42 1.145487364899152e-10
617.0 1.3978365231283691e-08 5.56178945416988e-09 9.290225827575233e-12 7.613658330889447e-42 1.245196759818608e-10
618.0 1.5075030450569545e-08 6.007088069967533e-09 1.0138403179208798e-11 9.433931335550049e-42 1.3531853950830943e-10
619.0 1.6253349907893944e-08 6.486258221945898e-09 1.1060610670280375e-11 1.1681001738879372e-41 1.470106424292402e-10
620.0 1.751906376992294e-08 7.00173562043051e-09 1.2063003188747415e-11 1.445296356711936e-41 1.5966616837556733e-10
621.0 1.887829105675115e-08 7.556120679181408e-09 1.3152221170337734e-11 1.787000030542617e-41 1.733605161824029e-10
622.0 2.03375522228899e-08 8.15218862633459e-09 1.4335426261591681e-11 2.207925518768496e-41 1.881746576955055e-10
623.0 2.1903794003926655e-08 8.792900598998967e-09 1.5620340149069484e-11 2.726075326303986e-41 2.0419552785622875e-10
624.0 2.3584415291958712e-08 9.481415233110484e-09 1.7015285831722786e-11 3.36345961681488e-41 2.215164367005104e-10
625.0 2.538729433272435e-08 1.0221100870194507e-08 1.8529231651716655e-11 4.1469697216217393e-41 2.402375067061453e-10
626.0 2.732081753474677e-08 1.10155485029819e-08 2.017183841937242e-11 5.109437957964456e-41 2.604661390719118e-10
627.0 2.9393910102341002e-08 1.1868585551464184e-08 2.1953509932199633e-11 6.29092265331561e-41 2.823175119343272e-10
628.0 3.1616067868293496e-08 1.2784290223857853e-08 2.3885446574644652e-11 7.740265027409353e-41 3.0591510557254637e-10
629.0 3.399739114552765e-08 1.3767006798526904e-08 2.5979702749045497e-11 9.516974312088101e-41 3.313912633800393e-10
630.0 3.654862072924127e-08 1.4821361887762985e-08 2.8249248416965512e-11 1.1693508823505905e-40 3.5888779110877447e-10
631.0 3.9281174894435666e-08 1.595228122239789e-08 3.070803403820935e-11 1.4358033902650308e-40 3.8855658425798904e-10
632.0 4.2207189489507625e-08 1.7165007814875885e-08 3.337106069168314e-11 1.7617754838186646e-40 4.205603052682678e-10
633.0 4.5339559588300165e-08 1.846512088637503e-08 3.625445440643633e-11 2.16029414209049e-40 4.5507309689594366e-10
634.0 4.8691983058794305e-08 1.9858555709559334e-08 3.9375545159979494e-11 2.647178443919841e-40 4.922813364357852e-10
635.0 5.227900708066035e-08 2.1351624795443487e-08 4.275295158219466e-11 3.241625270039779e-40 5.323844425470421e-10
636.0 5.6116076829970185e-08 2.295104011567636e-08 4.640667098365195e-11 3.966915163222287e-40 5.755957284565342e-10
637.0 6.021958660686896e-08 2.4663936480996064e-08 5.0358175160366495e-11 4.8512624442690725e-40 6.221433057992152e-10
638.0 6.460693337878065e-08 2.649789607345333e-08 5.4630512196524634e-11 5.928838379840027e-40 6.722710403830669e-10
639.0 6.929657406076334e-08 2.8460974683881624e-08 5.924841564399124e-11 7.241001941325828e-40 7.262395753069973e-10
640.0 7.430808432286489e-08 3.056172875951277e-08 6.423841951049866e-11 8.837779090952242e-40 7.84327400394068e-10
641.0 7.966222151997466e-08 3.2809244335680406e-08 6.962898152844679e-11 1.0779639882683438e-39 8.468319966887121e-10
642.0 8.538099043096003e-08 3.521316732529655e-08 7.545061392650614e-11 1.3139631816122344e-39 9.140710445008051e-10
643.0 9.148771207153342e-08 3.778373528526788e-08 8.173602224335967e-11 1.6005939219429882e-39 9.863836997265515e-10
644.0 9.800709636435265e-08 4.053181099480988e-08 8.852025321948366e-11 1.948495188813766e-39 1.064131948995747e-09
645.0 1.049653180264922e-07 4.346891759463601e-08 9.584085157275525e-11 2.3704941838675286e-39 1.1477020391355637e-09
646.0 1.1239009652728703e-07 4.660727565208637e-08 1.0373802680012747e-10 2.8820466038350813e-39 1.2375059925174809e-09
647.0 1.2031078006891687e-07 4.995984214703708e-08 1.1225483038381471e-10 3.501763511790607e-39 1.3339832104193812e-09
648.0 1.2875843309578514e-07 5.354035118752825e-08 1.2143734336570929e-10 4.2520414247838396e-39 1.4376021615553237e-09
649.0 1.3776592847353517e-07 5.7363356942421996e-08 1.3133487578205626e-10 5.1598153946922517e-39 1.5488621710308911e-09
650.0 1.4736804450406028e-07 6.144427887713363e-08 1.42000178614102e-10 6.257458537690007e-39 1.6682953146895891e-09
651.0 1.5760156553380093e-07 6.579944879081817e-08 1.534896675635412e-10 7.583855766763517e-39 1.796468407896024e-09
652.0 1.6850538861822697e-07 7.044616069688941e-08 1.6586366151770365e-10 9.185684771288629e-39 1.933985119590635e-09
653.0 1.801206342516471e-07 7.540272273522752e-08 1.7918663435499644e-10 1.1118943205350916e-38 2.081488192563938e-09
654.0 1.9249076272773636e-07 8.068851178610267e-08 1.935274821631872e-10 1.3450768358969335e-38 2.2396617910651307e-09
655.0 2.0566169605966697e-07 8.632403077581914e-08 2.0895980642451687e-10 1.6261603997064844e-38 2.4092339787156353e-09
656.0 2.1968194538738208e-07 9.233096866305829e-08 2.2556221372848532e-10 1.9647779013625817e-38 2.590979329682169e-09
657.0 2.34602744313002e-07 9.873226331052776e-08 2.434186331139531e-10 2.372457432664108e-38 2.785721682158986e-09
658.0 2.504781883786614e-07 1.0555216735281535e-07 2.626186519572366e-10 2.8629868259545596e-38 2.9943370408260402e-09
659.0 2.673653810439016e-07 1.1281631723241658e-07 2.8325787150841227e-10 3.452846694130584e-38 3.2177566368542534e-09
660.0 2.853245860746051e-07 1.2055180538925573e-07 3.0543828274912605e-10 4.1617245335543496e-38 3.456970148915816e-09
661.0 3.044193869122482e-07 1.2878725586633823e-07 3.292686639647726e-10 5.013124704798737e-38 3.7130290966631713e-09
662.0 3.247168533651928e-07 1.3755290350033586e-07 3.5486500124371935e-10 6.035091745083964e-38 3.9870504157739305e-09
663.0 3.4628771522833375e-07 1.4688067655530955e-07 3.82350932353541e-10 7.261067550123494e-38 4.280220214848181e-09
664.0 3.6920654433302373e-07 1.5680428346095139e-07 4.1185821654230133e-10 8.730906627814454e-38 4.593797737830214e-09
665.0 3.935519438919466e-07 1.6735930320163262e-07 4.4352722999708355e-10 1.04920778393885e-37 4.929119523640008e-09
666.0 4.194067464099871e-07 1.7858327992201618e-07 4.77507489349059e-10 1.2601086073010757e-37 5.287603784354155e-09
667.0 4.4685822025563017e-07 1.9051582181876489e-07 5.13958204399225e-10 1.5125153118430771e-37 5.670755009246428e-09
668.0 4.7599828520015394e-07 2.031987044788932e-07 5.530488615178358e-10 1.8144203849991818e-37 6.080168804845888e-09
669.0 5.069237367910098e-07 2.166759786380019e-07 5.949598387054463e-10 2.1753211800351015e-37 6.517536975775947e-09
670.0 5.397364806535638e-07 2.3099408285629837e-07 6.398830547705688e-10 2.6064967590730706e-37 6.984652867006939e-09
671.0 5.745437764271708e-07 2.4620196101997403e-07 6.880226535454005e-10 3.121334455164019e-37 7.483416970879188e-09
672.0 6.114584923404493e-07 2.623511851313031e-07 7.395957256307068e-10 3.735714866066103e-37 8.015842819160514e-09
673.0 6.505993697576657e-07 2.7949608313624373e-07 7.948330682410338e-10 4.468465470956675e-37 8.584063159085155e-09
674.0 6.920912991907763e-07 2.97693872465418e-07 8.539799863536305e-10 5.341894805573013e-37 9.190336440667861e-09
675.0 7.360656075258639e-07 3.170047992186792e-07 9.172971363635567e-10 6.382421143568689e-37 9.83705362035257e-09
676.0 7.826603567139265e-07 3.374922831382514e-07 9.850614140847978e-10 7.621311986281743e-37 1.05267452927137e-08
677.0 8.320206548128392e-07 3.592230687912069e-07 1.0575668898027347e-09 9.095553408300196e-37 1.1262089170807336e-08
678.0 8.842989796804738e-07 3.8226738313190027e-07 1.1351257924510952e-09 1.0848871491154385e-36 1.2045917928476071e-08
679.0 9.396555148958364e-07 4.066990993029951e-07 1.218069544113726e-09 1.2932931774192113e-36 1.2881227408301088e-08
680.0 9.982584999105195e-07 4.3259590758267526e-07 1.3067498492187244e-09 1.5408746987053905e-36 1.3771185232158847e-08
681.0 1.0602845930555338e-06 4.6003949292858257e-07 1.401539838568163e-09 1.8348328294219137e-36 1.4719139805944481e-08
682.0 1.1259192495251945e-06 4.891157200818003e-07 1.5028352729114553e-09 2.1836621134464007e-36 1.5728629758019227e-08
683.0 1.1953571133736978e-06 5.19914825860679e-07 1.6110558068683773e-09 2.597377343779624e-36 1.680339380914385e-08
684.0 1.26880242504851e-06 5.525316193535368e-07 1.7266463173353524e-09 3.087779185603116e-36 1.794738110629707e-08
685.0 1.346469443762769e-06 5.87065689756632e-07 1.8500782976562246e-09 3.668765066292686e-36 1.9164762022334525e-08
686.0 1.4285828869143148e-06 6.236216228688195e-07 1.981851322839495e-09 4.3566928537121856e-36 2.0459939464680263e-08
687.0 1.5153783848342953e-06 6.623092255479491e-07 2.1224945858852816e-09 5.1708060501174556e-36 2.1837560681365554e-08
688.0 1.6071029534712964e-06 7.032437593181652e-07 2.27256851126231e-09 6.133730645477353e-36 2.330252961432e-08
689.0 1.7040154836975501e-06 7.465461826107035e-07 2.4326664463062644e-09 7.27205538956981e-36 2.4860019794616744e-08
690.0 1.806387249101097e-06 7.92343402508601e-07 2.6034164357984237e-09 8.617009130796935e-36 2.6515487820208316e-08
691.0 1.9145024321987465e-06 8.407685360259709e-07 2.785483082429636e-09 1.020525103549733e-35 2.8274687429665585e-08
692.0 2.028658669135202e-06 8.919611810092671e-07 2.979569496092664e-09 1.2079792007239934e-35 3.014368418746553e-08
693.0 2.1491676142583338e-06 9.460676973308314e-07 3.1864193369705658e-09 1.4291068524951338e-35 3.212887081635984e-08
694.0 2.2763555248114435e-06 1.0032414985440647e-06 3.4068189558788372e-09 1.6898193451463024e-35 3.423698319622379e-08
695.0 2.410563865763274e-06 1.063643354072906e-06 3.6415996350713506e-09 1.9970412207789222e-35 3.647511704577642e-08
696.0 2.552149935829272e-06 1.1274417024642506e-06 3.891639934356591e-09 2.358879714652761e-35 3.885074531945211e-08
697.0 2.7014875153699836e-06 1.1948129760732542e-06 4.157868146984298e-09 2.784821806118613e-35 4.137173634699502e-08
698.0 2.8589675359931056e-06 1.2659419371733076e-06 4.441264868568945e-09 3.285963263445773e-35 4.404637273077036e-08
699.0 3.0249987733458706e-06 1.3410220262172597e-06 4.7428656849641346e-09 3.875274740082254e-35 4.688337104155175e-08
700.0 3.2000085625435904e-06 1.4202557220763567e-06 5.063763982010003e-09 4.567910754882858e-35 4.9891902322984915e-08
