200.0 0.05386899967568633 0.00012174593393455992 8.491159782944152e-12 5.919997941664436e-113 2.5492659282653825e-08
201.0 0.05272250085217544 0.00012282171614539354 9.298055288213927e-12 2.162290583380328e-112 2.6824986712593545e-08
202.0 0.05145055194318692 0.00012351009859380103 1.0140779219387206e-11 7.772858746108375e-112 2.8124789216219888e-08
203.0 0.05006679319126008 0.00012381323489688695 1.1016420804267397e-11 2.750642535330419e-111 2.9383111685405794e-08
204.0 0.04858517061949886 0.0001237369406349736 1.1921618091524038e-11 9.584837548055404e-111 3.059131006320953e-08
205.0 0.04701973247339174 0.00012329046069247936 1.2852585379965166e-11 3.2895861966319493e-110 3.174116171864588e-08
206.0 0.04538444013999577 0.000122486191865718 1.3805147854796753e-11 1.1122707615202897e-109 3.2824966657379994e-08
207.0 0.043692996104972806 0.00012133936948969712 1.4774782750688487e-11 3.7059322301643377e-109 3.3835637827565383e-08
208.0 0.041958690833043814 0.00011986772702303227 1.5756666220542414e-11 1.2170410906187184e-108 3.476677913032028e-08
209.0 0.040194269804276615 0.00011809113744275742 1.674572497536133e-11 3.94035268329597e-108 3.5612750112533815e-08
210.0 0.0384118213259354 0.00011603124497031847 1.7736691676855158e-11 1.2580168742469848e-107 3.6368716692326544e-08
211.0 0.036622685182029664 0.00011371109511279581 1.8724163011444044e-11 3.961475332384552e-107 3.70306876320016e-08
212.0 0.03483738169095745 0.00011115477029954385 1.9702659351975685e-11 1.2306720617678328e-106 3.759553681866508e-08
213.0 0.03306556032256412 0.00010838703756519968 2.0666684920531098e-11 3.7725637371757567e-106 3.806101172955661e-08
214.0 0.031315966682847154 0.00010543301381613138 2.1610787399955978e-11 1.1413841713663744e-105 3.8425728740170955e-08
215.0 0.02959642640757142 0.00010231785325751283 2.2529616000280666e-11 3.4089331145863404e-105 3.8689156173202534e-08
216.0 0.027913844312623264 9.906646058727e-05 2.341797706538765e-11 1.0052754199922924e-104 3.885158618184926e-08
217.0 0.02627421702443456 9.570323261235547e-05 2.4270886401307322e-11 2.927644875859259e-104 3.8914096710852196e-08
218.0 0.024682657251813307 9.225183003774671e-05 2.5083617616178286e-11 8.421772650346675e-104 3.887850488306355e-08
219.0 0.023143427853608806 8.873498034006491e-05 2.585174587909028e-11 2.3934464040607215e-103 3.874731322023401e-08
220.0 0.021659983896803067 8.517431188164834e-05 2.6571186626838636e-11 6.721412258952053e-103 3.8523650127329264e-08
221.0 0.020235020978302234 8.159021875710605e-05 2.723822887018697e-11 1.8654939084095517e-102 3.821120605379636e-08
222.0 0.018870528192907923 7.800175529961712e-05 2.7849562871454594e-11 5.1180173567806696e-102 3.781416669786892e-08
223.0 0.017567844261620426 7.442655870964891e-05 2.8402302080080083e-11 1.3882278573738503e-101 3.733714454605988e-08
224.0 0.016327715481431606 7.0880797903062e-05 2.8893999319986023e-11 3.723450996080022e-101 3.678510994486259e-08
225.0 0.015150354313583886 6.737914640415016e-05 2.932265732023039e-11 9.877103050989253e-101 3.61633227905596e-08
226.0 0.01403549758627133 6.393477692531828e-05 2.968673376725995e-11 2.5916964667089615e-100 3.547726580092043e-08
227.0 0.01298246344512307 6.0559375170209665e-05 2.998514113212394e-11 6.727895889891711e-100 3.4732580203922946e-08
228.0 0.011990206336796667 5.7263170362292785e-05 3.0217241589068644e-11 1.728157668331902e-99 3.393500454785366e-08
229.0 0.011057369454470427 5.405498002567592e-05 3.038283739277376e-11 4.39302121763219e-99 3.309031720751602e-08
230.0 0.010182334206837463 5.094226661962473e-05 3.048215712060402e-11 1.1053108415134582e-98 3.2204283036027636e-08
231.0 0.00936326639282597 4.793120374292797e-05 3.05158382141474e-11 2.753027957944537e-98 3.1282604493141976e-08
232.0 0.008598158871832259 4.502674976967169e-05 3.0484906271831256e-11 6.788976372172767e-98 3.033087747107703e-08
233.0 0.007884870613403323 4.223272694555938e-05 3.039075155245967e-11 1.6577783175228644e-97 2.9354551938762218e-08
234.0 0.007221162091164586 3.955190415610677e-05 3.023510314923295e-11 4.0090059839088483e-97 2.835889743615045e-08
235.0 0.006604727053773512 3.6986081768005494e-05 3.0020001286202195e-11 9.602698553987113e-97 2.7348973372117218e-08
236.0 0.006033220761512003 3.453617713698321e-05 2.974776817529484e-11 2.2785216164545793e-96 2.6329604012553522e-08
237.0 0.00550428482173428 3.220230956497614e-05 2.9420977853189816e-11 5.3563865002613604e-96 2.5305357989402277e-08
238.0 0.005015568790744525 2.998388367228694e-05 2.904242539426502e-11 1.247682048135314e-95 2.4280532115928612e-08
239.0 0.0045647487349312075 2.7879670323923852e-05 2.8615095869694978e-11 2.880065426346029e-95 2.3259139257954194e-08
240.0 0.004149542961223733 2.588788441118923e-05 2.8142133394314833e-11 6.588994362067393e-95 2.224489998423891e-08
241.0 0.0037677251372663662 2.4006258938332656e-05 2.762681057282453e-11 1.4941873625673178e-94 2.1241237700771805e-08
242.0 0.0034171350261991964 2.2232114998923578e-05 2.7072498626049938e-11 3.35899827139233e-94 2.0251276962601672e-08
243.0 0.003095687060569419 2.056242734703693e-05 2.6482638446746787e-11 7.486552292332798e-94 1.927784465196691e-08
244.0 0.0028013769755997325 1.8993885374519836e-05 2.5860712803403874e-11 1.654507745721281e-93 1.832347371204777e-08
245.0 0.0025322867146357394 1.7522949397860268e-05 2.5210219880029243e-11 3.625910469287398e-93 1.7390409130766806e-08
246.0 0.002286587809815525 1.614590223713275e-05 2.453464831030528e-11 7.880833422476792e-93 1.6480615877895337e-08
247.0 0.002062543429496134 1.4858896135962786e-05 2.3837453836007055e-11 1.6989418827123474e-92 1.559578851053147e-08
248.0 0.0018585092712942288 1.3657995126424194e-05 2.312203769247274e-11 3.633120212744103e-92 1.4737362176187433e-08
249.0 0.0016729334662066574 1.2539212987180911e-05 2.2391726798195807e-11 7.707588931772199e-92 1.3906524758564515e-08
250.0 0.0015043556455766602 1.1498546978162603e-05 2.1649755801536842e-11 1.6223204251100703e-91 1.3104229928190539e-08
251.0 0.0013514053089682537 1.0532007561588888e-05 2.0899251015070207e-11 3.3882463494758776e-91 1.2331210877910937e-08
252.0 0.0012127996175667372 9.635644338310687e-06 2.014321624732486e-11 7.022208012693603e-91 1.158799454144032e-08
253.0 0.0010873407247287904 8.805568441164063e-06 1.938452052261219e-11 1.4443488259399018e-90 1.0874916111438516e-08
254.0 0.0009739127429108403 8.037971634268187e-06 1.862588766229474e-11 2.948551685309956e-90 1.0192133691632884e-08
255.0 0.0008714784345130714 7.329142369788417e-06 1.7869887685212875e-11 5.9747737464660805e-90 9.539642935144049e-09
256.0 0.0007790757032600925 6.675479052421842e-06 1.711892997108106e-11 1.201841929852618e-89 8.91729153824391e-09
257.0 0.0006958139526321967 6.07350075740299e-06 1.63752581183619e-11 2.400063972239347e-89 8.324793475097217e-09
258.0 0.0006208703685862921 5.5198556408546015e-06 1.5640946417526316e-11 4.7586482494523205e-89 7.761742874590862e-09
259.0 0.0005534861753535429 5.0113272723250654e-06 1.4917897851563043e-11 9.368386609161531e-89 7.2276274550098035e-09
260.0 0.000492962905455968 4.544839108865064e-06 1.4207843528119903e-11 1.831474559888112e-88 6.721841446061217e-09
261.0 0.00043865871821546754 4.117457318403599e-06 1.3512343441659702e-11 3.5557050354208146e-88 6.24369794053777e-09
262.0 0.0003899847948998396 3.726392147859092e-06 1.283278845948012e-11 6.85602818563792e-88 5.792440629758074e-09
263.0 0.00034640183321464293 3.368998018639137e-06 1.2170403422246318e-11 1.3130286673567161e-87 5.3672548877958264e-09
264.0 0.0003074166590632918 3.0427725192212686e-06 1.1526251247826692e-11 2.4978291833921012e-87 4.967278179460329e-09
265.0 0.000272578969308583 2.745354451548549e-06 1.0901237926553022e-11 4.720302299302879e-87 4.591609776003681e-09
266.0 0.00024147821562978862 2.4745210752060265e-06 1.0296118296530457e-11 8.86189424753213e-87 4.2393197706611e-09
267.0 0.00021374063642995854 2.2281846808873323e-06 9.711502489164862e-12 1.6529648220619822e-86 3.909457393389629e-09
268.0 0.00018902644106138963 2.004388612624688e-06 9.147862937575298e-12 3.0634521309662387e-86 3.601058630598336e-09
269.0 0.0001670271483586833 1.801302846729172e-06 8.605541843962716e-12 5.641553334975277e-86 3.313153161313452e-09
270.0 0.00014746307955348454 1.6172192244097408e-06 8.084759006125142e-12 1.032418144904965e-85 3.044770626099083e-09
271.0 0.0001300810040552187 1.4505464246762167e-06 7.5856199081594e-12 1.877632812927875e-85 2.7949462492456987e-09
272.0 0.00011465193527798708 1.2998047543832895e-06 7.10812398575354e-12 3.393846205342211e-85 2.5627258382414326e-09
273.0 0.00010096907264279648 1.163620823173386e-06 6.652172982347318e-12 6.097166207551232e-85 2.3471701874361964e-09
274.0 8.884588505352365e-05 1.0407221626146734e-06 6.21757931865235e-12 1.0887942479541861e-84 2.147358915113083e-09
275.0 7.811433050661743e-05 9.299318410106424e-07 5.80407440453242e-12 1.9327364552152654e-84 1.9623937649578523e-09
276.0 6.862320602173344e-05 8.301631181589004e-07 5.411316828908813e-12 3.4106349602738594e-84 1.7914014041928446e-09
277.0 6.023662175054171e-05 7.404141777496005e-07 5.038900370132084e-12 5.983564678649487e-84 1.6335357514756174e-09
278.0 5.283259291229628e-05 6.597629690898808e-07 4.686361776031618e-12 1.0436932937658851e-83 1.4879798680847906e-09
279.0 4.630174309889771e-05 5.873621843979444e-07 4.353188269556091e-12 1.8100876085595838e-83 1.3539474459735427e-09
280.0 4.054611247258906e-05 5.224343930028158e-07 4.038824742492227e-12 3.1215147798414766e-83 1.23068392600836e-09
281.0 3.5478064430971376e-05 4.642673493795506e-07 3.742680606098224e-12 5.352975460314206e-83 1.1174672791552424e-09
282.0 3.101928442436529e-05 4.122094880222881e-07 3.464136273608429e-12 9.12880210558452e-83 1.0136084825817637e-09
283.0 2.7099864767716344e-05 3.6566561467082864e-07 3.2025492553550597e-12 1.548265077022664e-82 9.184517216296683e-10
284.0 2.365746948388077e-05 3.240928003366043e-07 2.957259852719163e-12 2.6116430150907987e-82 8.313743474282938e-10
285.0 2.0636573438321208e-05 2.8699648188637314e-07 2.7275964422032235e-12 4.3817031526667005e-82 7.517866185861298e-10
286.0 1.7987770269762076e-05 2.53926770609112e-07 2.5128803456017647e-12 7.312335427687284e-82 6.791312539509045e-10
287.0 1.5667143880876395e-05 2.244749681848355e-07 2.3124302865223127e-12 1.2138816431104722e-81 6.128828218967456e-10
288.0 1.3635698522065162e-05 1.9827028776338918e-07 2.125566437346972e-12 2.004594107936858e-81 5.52546990000242e-10
289.0 1.1858842775532395e-05 1.7497677642331446e-07 1.951614064154549e-12 3.29328197082537e-81 4.976596573382494e-10
290.0 1.0305923022054392e-05 1.542904340859596e-07 1.789906780107705e-12 5.382771689911045e-81 4.477859899893129e-10
291.0 8.949802246198086e-06 1.3593652298765717e-07 1.639789420394892e-12 8.753455296755914e-81 4.025193786768651e-10
292.0 7.766480304479455e-06 1.1966706103725525e-07 1.5006205539883004e-12 1.4163522023382102e-80 3.614803358651652e-10
293.0 6.7347520430733404e-06 1.0525849178724842e-07 1.3717746492650314e-12 2.2803557074898327e-80 3.2431534802605815e-10
294.0 5.8358999055314084e-06 9.250952330388003e-08 1.2526439119590346e-12 3.653378491721077e-80 2.9069569724829675e-10
295.0 5.053417915256054e-06 8.123912791595245e-08 1.142639814987056e-12 5.824630294099415e-80 2.60316264871374e-10
296.0 4.372764151243504e-06 7.128469463578564e-08 1.041194340441209e-12 9.241539570600805e-80 2.3289432839961207e-10
297.0 3.781139058267013e-06 6.250032596405294e-08 9.47760954506845e-13 1.4592945117237276e-79 2.0816836160035256e-10
298.0 3.267287143682401e-06 5.4755270796570506e-08 8.618153362510637e-13 2.2934241475583897e-79 1.8589684641210086e-10
299.0 2.8213198122881973e-06 4.793248523378819e-08 7.82855881184295e-13 3.5874721301893375e-79 1.6585710409325688e-10
300.0 2.434557278030295e-06 4.192731323932191e-08 7.104040002370859e-13 5.585667673120072e-79 1.4784415192817743e-10
301.0 2.099387666926185e-06 3.66462792918894e-08 6.440042343502229e-13 8.656921947958068e-79 1.3166959077738434e-10
302.0 1.809141589589251e-06 3.200598541547671e-08 5.832242042746183e-13 1.335589464477331e-78 1.171605278124976e-10
303.0 1.557980614447925e-06 2.793210524656318e-08 5.276544144421346e-13 2.0512686428834555e-78 1.04158537912685e-10
304.0 1.3407982145428313e-06 2.4358468096950236e-08 4.769079289243749e-13 3.1363964413009548e-78 9.251866641635543e-11
305.0 1.153131892068303e-06 2.1226226289253788e-08 4.3061993656592644e-13 4.774377814566521e-78 8.210847521696818e-11
306.0 9.91085306063705e-07 1.8483099373382482e-08 3.884472213827662e-13 7.235997144555901e-78 7.280713356212472e-11
307.0 8.512593403476497e-07 1.6082689171114525e-08 3.500675532754911e-13 1.09192775788715e-77 6.450455435717147e-11
308.0 7.306911514277245e-07 1.3983859937587378e-08 3.151790130363689e-13 1.6406701616671946e-77 5.710057628413901e-11
309.0 6.268003302342548e-07 1.2150178269397176e-08 2.834992645468358e-13 2.4546989811310333e-77 5.05041916202949e-11
310.0 5.373413976350784e-07 1.0549407725755443e-08 2.5476478598056434e-13 3.657146260673842e-77 4.463281927334588e-11
311.0 4.6036193230642496e-07 9.153053459111608e-09 2.2873007075929064e-13 5.425888688570179e-77 3.941162223812945e-11
312.0 3.941657011680238e-07 7.935952472612037e-09 2.0516680796426066e-13 8.016799814623973e-77 3.4772868418021585e-11
313.0 3.3728022773267793e-07 6.875905431998614e-09 1.8386305089470532e-13 1.1796407344888306e-76 3.065533353898622e-11
314.0 2.8842829284724015e-07 5.953346257690638e-09 1.6462238149340397e-13 1.7287564423002332e-76 2.7003744710922833e-11
315.0 2.4650291586915393e-07 5.1510460078014264e-09 1.4726307743325171e-13 2.523305137045902e-76 2.3768263055466487e-11
316.0 2.1054541276850492e-07 4.453847834045149e-09 1.3161728778335376e-13 3.668377659369289e-76 2.0904003717861118e-11
317.0 1.7972617138271555e-07 3.848430049413917e-09 1.1753022235120343e-13 5.312058311746585e-76 1.8370591509058545e-11
318.0 1.533278234701152e-07 3.323094588912351e-09 1.0485935903083307e-13 7.662177242370068e-76 1.6131750379157927e-11
319.0 1.3073052867921136e-07 2.8675783725229113e-09 9.347367277752581e-14 1.1009256391168353e-75 1.4154924901468115e-11
320.0 1.1139911741537284e-07 2.4728852930269976e-09 8.32528891770995e-14 1.5757811573614246e-75 1.2410931944552383e-11
321.0 9.487186816900989e-08 2.131136750610347e-09 7.40867649823291e-14 2.2468882235009585e-75 1.0873640724831515e-11
322.0 8.075072046709748e-08 1.8354388416740136e-09 6.58743974489514e-14 3.1917585918965317e-75 9.519679461893772e-12
323.0 6.869274750154426e-08 1.5797644814273095e-09 5.852356381798037e-14 4.517069755379949e-75 8.328166900262947e-12
324.0 5.840273292888487e-08 1.3588488991537148e-09 5.1950091857140664e-14 6.369081087011876e-75 7.280467012715299e-12
325.0 4.9626714562921765e-08 1.1680970920942325e-09 4.60772619900794e-14 8.94756463705103e-75 6.359965259389458e-12
326.0 4.2146373912148316e-08 1.003501959281556e-09 4.0835241204870236e-14 1.2524364640008042e-74 5.551864842109819e-12
327.0 3.577416494597314e-08 8.61571961005192e-10 3.616054864023158e-14 1.7468029052178151e-74 4.843001462963627e-12
328.0 3.0349088290079354e-08 7.392672635318881e-10 3.19955524960105e-14 2.4276375538119027e-74 4.221675168876768e-12
329.0 2.5733028417545436e-08 6.339434328830371e-10 2.828799770069638e-14 3.3619385555992395e-74 3.67749793850899e-12
330.0 2.1807581469724703e-08 5.433018365155136e-10 2.4990563589993585e-14 4.639549078340319e-74 3.2012557432049108e-12
331.0 1.847131024642493e-08 4.6534599828475685e-10 2.206045070370185e-14 6.380515916132862e-74 2.7847838890992164e-12
332.0 1.5637370772971118e-08 3.9834323069504426e-10 1.9458995690362086e-14 8.744674332372714e-74 2.4208545220400347e-12
333.0 1.323146179472906e-08 3.407909397481332e-10 1.7151313217526453e-14 1.1944087027958543e-73 2.1030752501530507e-12
334.0 1.1190054668836191e-08 2.9138706224379126e-10 1.5105963717072994e-14 1.6259128560127397e-73 1.8257979100809884e-12
335.0 9.458866509871647e-09 2.490041537062869e-10 1.3294645747383193e-14 2.2059208680237133e-73 1.5840365718322678e-12
336.0 7.99154418290271e-09 2.1266669771144075e-10 1.1691911724640787e-14 2.982937706123751e-73 1.373393943404861e-12
337.0 6.74853089767474e-09 1.8153125475332223e-10 1.0274905761865409e-14 4.020435737366359e-73 1.1899953997056147e-12
338.0 5.6960908076075695e-09 1.5486911136596372e-10 9.023122354233913e-15 5.401193194800109e-73 1.0304299205746872e-12
339.0 4.80547021590941e-09 1.3205112842809934e-10 7.918184660890168e-15 7.232805254200722e-73 8.916972798572932e-13
340.0 4.052176791189777e-09 1.1253452181911179e-10 6.943641154825992e-15 9.654660337191136e-73 7.711608813688633e-13
341.0 3.415360643567908e-09 9.585133922989991e-11 6.084779441970618e-15 1.2846740732808596e-72 6.665056882762863e-13
342.0 2.877283251253397e-09 8.159842430055848e-11 5.328456086756729e-15 1.7040686561125239e-72 5.757007398822957e-13
343.0 2.4228620941698816e-09 6.942868367105121e-11 4.662941322820207e-15 2.2533657827242407e-72 4.969657941124202e-13
344.0 2.0392804784213263e-09 5.904349427901723e-11 4.077777572906824e-15 2.9705643491846064e-72 4.287416752420882e-13
345.0 1.7156534525429743e-09 5.0186107584815884e-11 3.563650750438497e-15 3.9041002124879665e-72 3.6966394466608937e-13
346.0 1.4427419494407543e-09 4.263592458973642e-11 3.112273365590086e-15 5.11551791964965e-72 3.1853954791831594e-13
347.0 1.2127083595996493e-09 3.620353075986713e-11 2.716278510328695e-15 6.682773517802358e-72 2.7432612382313705e-13
348.0 1.018907671742639e-09 3.0726393476711966e-11 2.3691238489710736e-15 8.704304057868557e-72 2.3611369173583884e-13
349.0 8.557091244518112e-10 2.6065136588969777e-11 2.065004792810354e-15 1.1304025346996225e-71 2.0310846044676735e-13
350.0 7.183440120081699e-10 2.2100317204015722e-11 1.798776088762287e-15 1.4637449703286354e-71 1.7461852762609538e-13
351.0 6.027758936428223e-10 1.8729639182402855e-11 1.5658811023511977e-15 1.889915047359722e-71 1.5004126181485518e-13
352.0 5.055899796254433e-10 1.5865546019747183e-11 1.3622881243621622e-15 2.43318404885352e-71 1.2885218006536374e-13
353.0 4.2389892076048013e-10 1.3433143039798279e-11 1.1844330778575712e-15 3.1237378087660923e-71 1.1059515353948194e-13
354.0 3.5526261921284145e-10 1.1368405190145972e-11 1.0291680477781656e-15 3.999006753075635e-71 9.487379082113814e-14
355.0 2.9762001627909054e-10 9.616632326550673e-12 8.937150988671348e-16 5.105268123070374e-71 8.13438645211164e-14
356.0 2.492311038659346e-10 8.131118781715101e-12 7.756248890605125e-16 6.499570004061376e-71 6.970666107242286e-14
357.0 2.086276572411538e-10 6.872008318543282e-12 6.72739624708442e-16 8.252034556276371e-71 5.97031465529944e-14
358.0 1.7457140249368563e-10 5.805309337197144e-12 5.831599409933553e-16 1.0448606588861106e-70 5.110885304210267e-14
359.0 1.4601851779493933e-10 4.902048502633551e-12 5.052153256928444e-16 1.3194323409303487e-70 4.3729400524818054e-14
360.0 1.220895270919137e-10 4.137543840829691e-12 4.3743773701075826e-16 1.6617192793806382e-70 3.7396578805123135e-14
361.0 1.0204378185109558e-10 3.4907808675166508e-12 3.7853809661475704e-16 2.087277802999144e-70 3.1964922366993966e-14
362.0 8.52578440050488e-11 2.943877507188614e-12 3.2738536732562785e-16 2.6149602346918622e-70 2.730871872119034e-14
363.0 7.120718401718998e-11 2.481625471717127e-12 2.829879511755013e-16 3.2675499725602894e-70 2.3319397575065647e-14
364.0 5.945069430090266e-11 2.0910974317975356e-12 2.4447716786613263e-16 4.072505512212142e-70 1.9903254238396205e-14
365.0 4.961759212207911e-11 1.7613107614187523e-12 2.110925961036868e-16 5.062829456735665e-70 1.6979466099554182e-14
366.0 4.1396349321898867e-11 1.4829398926888364e-12 1.821690809555274e-16 6.278080444815216e-70 1.4478365837118328e-14
367.0 3.4525340224601535e-11 1.2480704095586273e-12 1.5712522936176976e-16 7.765547951922949e-70 1.2339939330668354e-14
368.0 2.8784945243570764e-11 1.0499889553244053e-12 1.3545323333892426e-16 9.58161208154505e-70 1.0512520054755033e-14
369.0 2.3990887089266593e-11 8.830038487593316e-13 1.167098763317475e-16 1.179331275738015e-69 8.951655130720273e-15
370.0 1.998861008059927e-11 7.422920135742988e-13 1.0050859269878305e-16 1.44801551446506e-69 7.619121216662579e-15
371.0 1.6648541699408123e-11 6.237684399106166e-13 8.651246355285289e-17 1.7736180656870565e-69 6.482071076943881e-15
372.0 1.3862099921235704e-11 5.239749272059532e-13 7.442804421115893e-17 2.1672335527460252e-69 5.512294025813059e-15
373.0 1.1538330619856886e-11 4.3998531599242425e-13 6.399992943020231e-17 2.6419171623093553e-69 4.685575518210709e-15
374.0 9.601077006299097e-12 3.693248115413059e-13 5.5005972493646974e-17 3.2129916922620797e-69 3.981142994574565e-15
375.0 7.986598078654488e-12 3.099013431107094e-13 4.725308316763567e-17 3.8983955851910495e-69 3.381186702472577e-15
376.0 6.641565815557138e-12 2.5994719616541824e-13 4.0573537615165535e-17 4.719076241590907e-69 2.8704456404535685e-15
377.0 5.521381676746931e-12 2.1796940766860447e-13 3.4821740641581837e-17 5.699433176419936e-69 2.435850020426904e-15
378.0 4.58876216370099e-12 1.8270763191802317e-13 2.987138719530565e-17 6.867815841936285e-69 2.066212743706416e-15
379.0 3.812550985730343e-12 1.5309837122042904e-13 2.5612975935581853e-17 8.257081183692637e-69 1.7519633500813479e-15
380.0 3.1667219805982614e-12 1.2824462614132473e-13 2.195163296183414e-17 9.905216219474573e-69 1.4849187445323334e-15
381.0 2.6295425316055824e-12 1.0739015775575644e-13 1.880520853244051e-17 1.1856031126561722e-68 1.2580857464323668e-15
382.0 2.1828719571313214e-12 8.989767240210956e-14 1.610261383575357e-17 1.415992848425144e-68 1.0654911536868265e-15
383.0 1.8115733533450597e-12 7.523034062559206e-14 1.378236866017681e-17 1.6874754438856454e-68 9.020355803087392e-16
384.0 1.5030207566383989e-12 6.293614864735627e-14 1.1791334186689072e-17 2.006673762978892e-68 7.633678202088612e-16
385.0 1.2466863532708466e-12 5.2634654845518335e-14 1.008360813631291e-17 2.3811521729760787e-68 6.457769212000156e-16
386.0 1.033794879816836e-12 4.4005787145877586e-14 8.619562183340245e-18 2.819529740150997e-68 5.460995290809341e-16
387.0 8.570343972680062e-13 3.678037141122615e-14 7.365003925985768e-18 3.331603934916305e-68 4.616403889833831e-16
388.0 7.103143419363484e-13 3.0732127199467886e-14 6.2904478201379646e-18 3.928485393600205e-68 3.901041759652937e-16
389.0 5.885632067262351e-13 2.567090676082208e-14 5.3704813566713466e-18 4.622744254369849e-68 3.295370744184552e-16
390.0 4.875594285863941e-13 2.1436986835210643e-14 4.5832144235358606e-18 5.428568545254225e-68 2.7827674091292413e-16
391.0 4.0379008737921183e-13 1.789625152886782e-14 3.909801263369438e-18 6.3619350520304294e-68 2.349094717429492e-16
392.0 3.3433288798441386e-13 1.493612901296375e-14 3.33402573625903e-18 7.440793032173064e-68 1.982335582908316e-16
393.0 2.7675762657759945e-13 1.2462165613997893e-14 2.8419417440839526e-18 8.685261067446416e-68 1.6722795356564033e-16
394.0 2.290439551912012e-13 1.0395138585988396e-14 2.4215616843874584e-18 1.0117837261528275e-67 1.4102549469477852e-16
395.0 1.8951277405880668e-13 8.668623922309369e-15 2.0625866929394066e-18 1.1763622889758865e-67 1.1889003118938241e-16
396.0 1.5676901424829048e-13 7.226948370138371e-15 1.7561732186368363e-18 1.365055949544377e-67 1.0019689961204587e-16
397.0 1.2965393669706959e-13 6.023465686202103e-15 1.4947311642027428e-18 1.5809679300872436e-67 8.441626371539914e-17
398.0 1.0720537895480059e-13 5.0191064044292066e-15 1.2717494321531364e-18 1.827536866132891e-67 7.109890682872034e-17
399.0 8.862463697901102e-14 4.1811582182237335e-15 1.0816452473695747e-18 2.1085644137024607e-67 5.986412167183029e-17
400.0 7.324888403599384e-14 3.482240720987393e-15 9.19634093986214e-19 2.428244059146226e-67 5.0389393114840373e-17
401.0 6.052820872325001e-14 2.89944387631735e-15 7.816175128617063e-19 2.79119105457057e-67 4.2401612761087786e-17
402.0 5.000650490631009e-14 2.413604356024755e-15 6.6408636351225515e-19 3.202473382732268e-67 3.5669601551485745e-17
403.0 4.1305572629602174e-14 2.0086979193471234e-15 5.640374671058204e-19 3.6676436351280743e-67 2.9997748690095486e-17
404.0 3.411189475705007e-14 1.6713294209618364e-15 4.789018203620589e-19 4.192771665907995e-67 2.522060278473533e-17
405.0 2.8165642536755826e-14 1.390304922729466e-15 4.064828087491239e-19 4.7844778623575446e-67 2.1198274800138352e-17
406.0 2.3251537251931177e-14 1.1562728245843267e-15 3.4490305544873823e-19 5.449966850167768e-67 1.7812532769754176e-17
407.0 1.919125695968484e-14 9.614229917846893e-16 2.9255872392256237e-19 6.197061428790046e-67 1.4963485669749767e-17
408.0 1.5837128997598466e-14 7.992345967287851e-16 2.480802498552483e-19 7.034236509023476e-67 1.2566768826216486e-17
409.0 1.3066892107853562e-14 6.642648629576104e-16 2.1029861569393272e-19 7.9706528018962e-67 1.0551156051538213e-17
410.0 1.077934807637429e-14 5.519721385643617e-16 1.782164005149183e-19 9.016189985121488e-67 8.856534688153228e-18
411.0 8.890752873413373e-15 4.585677714724695e-16 1.5098294178868883e-19 1.0181479051217033e-66 7.432189136765862e-18
412.0 7.331822387575088e-15 3.8089213999616586e-16 1.2787303577176733e-19 1.1477933520071564e-66 6.235346485003099e-18
413.0 6.045248784876856e-15 3.163109342449031e-16 1.0826868147394939e-19 1.291777917867022e-66 5.229944724337402e-18
414.0 4.983640982890162e-15 2.6262840886644275e-16 9.164344096384297e-20 1.4514081992104222e-66 4.385589913904107e-18
415.0 4.107817280686532e-15 2.180148536246556e-16 7.754904752742458e-20 1.6280773813289742e-66 3.676673662646438e-18
416.0 3.3853903081721634e-15 1.8094597084710408e-16 6.560394405932335e-20 1.823267550430692e-66 3.0816265790586173e-18
417.0 2.789594554915108e-15 1.5015222093794172e-16 5.548347807322005e-20 2.0385517070246694e-66 2.5822869864328492e-18
418.0 2.298315144527752e-15 1.2457650999517336e-16 4.691151776552241e-20 2.2755954397281593e-66 2.1633673118409543e-18
419.0 1.8932835167247075e-15 1.0333885644337896e-16 3.9653286440567676e-20 2.536158218067034e-66 1.8120032071222247e-18
420.0 1.5594114998313273e-15 8.570689438530285e-17 3.3509240990965425e-20 2.8220942625777005e-66 1.5173727168447346e-18
421.0 1.2842400976447462e-15 7.10712567504042e-17 2.8309844620813543e-20 3.1353529506351104e-66 1.2703747289711921e-18
422.0 1.0574833396596473e-15 5.892503689506211e-17 2.3911105122417945e-20 3.477978716934836e-66 1.0633575779711303e-18
423.0 8.706508892413865e-16 4.8846657827300466e-17 2.01907682217969e-20 3.852110408486457e-66 8.898900595109882e-19
424.0 7.167358841885308e-16 4.048558768221574e-17 1.7045071188060204e-20 4.2599800553303944e-66 7.445682966575731e-19
425.0 5.8995679322635355e-16 3.355043182875358e-17 1.4385975399167623e-20 4.7039110200050197e-66 6.228529005971496e-19
426.0 4.855439894306891e-16 2.779900887674553e-17 1.2138808168225666e-20 5.186315491052244e-66 5.209317205400926e-19
427.0 3.9956333335372373e-16 2.3030082260967487e-17 1.0240254118335434e-20 5.709691288583788e-66 4.35604200277293e-19
428.0 3.287703796296932e-16 1.907647301251759e-17 8.636644973243575e-21 6.276617953126649e-66 3.641839719936117e-19
429.0 2.7048991681862243e-16 1.579932447456047e-17 7.282503999211657e-21 6.889752092610209e-66 3.0441683783002483e-19
430.0 2.225164592724479e-16 1.3083327497931507e-17 6.1393076581272846e-21 7.551821966468684e-66 2.54411730309257e-19
431.0 1.8303206355621377e-16 1.0832746253890252e-17 5.174432457753043e-21 8.265621290344413e-66 2.1258261601980545e-19
432.0 1.50538466780044e-16 8.96811122753034e-18 4.360259637432711e-21 9.034002249831962e-66 1.7759962304934406e-19
433.0 1.2380106200511192e-16 7.42346804625703e-18 3.673414314688727e-21 9.859867717007668e-66 1.483479402168522e-19
434.0 1.0180265489325229e-16 6.144089258579389e-18 3.094119133351326e-21 1.074616266916038e-65 1.2389326253332407e-19
435.0 8.370530111035794e-17 5.084571600797774e-18 2.6056453777075622e-21 1.1695864815103102e-65 1.0345274878266116e-19
436.0 6.881881824203693e-17 4.2072541690884994e-18 2.1938470191121254e-21 1.2711974440700523e-65 8.637061897911637e-20
437.0 5.657480957659992e-17 3.480903667734775e-18 1.8467653013612225e-21 1.3797503491675928e-65 7.209765624547834e-20
438.0 4.6505238725344797e-17 2.8796218793151727e-18 1.554293300454826e-21 1.4955463918398717e-65 6.017399320865479e-20
439.0 3.8224760876831075e-17 2.3819379912986708e-18 1.3078914574626298e-21 1.618885531407354e-65 5.0214660584857516e-20
440.0 3.1416154489952715e-17 1.9700546600593252e-18 1.1003464181941963e-21 1.7500651884507573e-65 4.1897457991156995e-20
441.0 2.5818311371839137e-17 1.6292219023444262e-18 9.255666530315763e-22 1.8893788794420615e-65 3.4952776519761923e-20
442.0 2.1216337465997124e-17 1.3472172467742777e-18 7.784093027353009e-22 2.0371147941895815e-65 2.915506123339455e-20
443.0 1.7433394697937822e-17 1.1139141971761579e-18 6.545335254645267e-22 2.19355432191438e-65 2.4315651170099898e-20
444.0 1.4323978710050564e-17 9.209240750880743e-19 5.502763273715113e-22 2.358970532402644e-65 2.0276776109873846e-20
445.0 1.1768380602123696e-17 7.6129882064783975e-19 4.625474617272322e-22 2.5336266192863727e-65 1.6906524461955558e-20
446.0 9.66812481426425e-18 6.29284422864643e-19 3.8874049483506174e-22 2.717774313069821e-65 1.4094626202290794e-20
447.0 7.942211648285e-18 5.201163917722172e-19 3.266575740508705e-22 2.911652272052825e-65 1.1748919690375483e-20
448.0 6.5240229488169346e-18 4.298501344600844e-19 2.7444580521538054e-22 3.11548445977695e-65 9.79239215410847e-21
449.0 5.358774255094384e-18 3.552203031433725e-19 2.3054346328670333e-22 3.329478518054991e-65 8.160701268504374e-21
450.0 4.401417197268253e-18 2.935241868561e-19 1.936345291080113e-22 3.5538241450112575e-65 6.800100090813254e-21
451.0 3.614912799234137e-18 2.4252505291985477e-19 1.6261027405155174e-22 3.788691487866777e-65 5.665700091674103e-21
452.0 2.9688102851380433e-18 2.0037203829908498e-19 1.3653680871687688e-22 4.034229560445845e-65 4.72001751140905e-21
453.0 2.4380774831238343e-18 1.6553376786044483e-19 1.146276770282783e-22 4.290564695543605e-65 3.9317570863867876e-21
454.0 2.0021384026213813e-18 1.3674335604345503e-19 9.622071732960936e-23 4.557799042391565e-65 3.27479459744084e-21
455.0 1.6440813818305475e-18 1.1295284688230187e-19 8.075853112768776e-23 4.836009119469012e-65 2.7273259138913596e-21
456.0 1.3500076503459074e-18 9.329547832497347e-20 6.777200115742638e-23 5.125244432851736e-65 2.2711554310536697e-21
457.0 1.1084954678990777e-18 7.705443172677606e-20 5.686638613299793e-23 5.425526170132627e-65 1.8911011848133613e-21
458.0 9.101593820687395e-19 6.363695570343599e-20 4.770959221206033e-23 5.7368459797417275e-65 1.5744976075427458e-21
459.0 7.4728775906364065e-19 5.255294307991318e-20 4.00222827930725e-23 6.0591648451714395e-65 1.310779977777343e-21
460.0 6.135447173967677e-19 4.339719701405681e-20 3.356954045929262e-23 6.392412063240797e-65 1.0911372064115516e-21
461.0 5.037250458861453e-19 3.5834752954761846e-20 2.8153839096106446e-23 6.736484335064436e-65 9.082217743538206e-22
462.0 4.135527069503683e-19 2.958873144420392e-20 2.3609121649691485e-23 7.091244977867795e-65 7.559074576609684e-22
463.0 3.3951518951229457e-19 2.443028666003377e-20 1.9795810691383134e-23 7.456523265164651e-65 6.290870025008251e-22
464.0 2.787273456120824e-19 2.0170290149081893e-20 1.659660577704757e-23 7.832113902171266e-65 5.235031912757363e-22
465.0 2.288194727020448e-19 1.66524510320576e-20 1.391294428558023e-23 8.217776642566417e-65 4.356078126851983e-22
466.0 1.878453321550738e-19 1.374762522317153e-20 1.1662021615934495e-23 8.613236051942282e-65 3.6244394589184195e-22
467.0 1.5420655887749414e-19 1.1349108706485914e-20 9.774282852298583e-24 9.018181422435327e-65 3.0154772037000373e-22
468.0 1.2659054603423257e-19 9.36874513556189e-21 8.191311726475716e-24 9.432266842154348e-65 2.5086634206844564e-22
469.0 1.0391940662946164e-19 7.733707214301678e-21 6.864054300147829e-24 9.855111422099731e-65 2.0868970301133896e-22
470.0 8.530803970692301e-20 6.383835504332969e-21 5.7513245842264e-24 1.0286299682310677e-64 1.735933320203504e-22
471.0 7.002967944542516e-20 5.269438342426551e-21 4.818547584845846e-24 1.0725382098028355e-64 1.443908128125093e-22
472.0 5.748759377530688e-20 4.3494731494276326e-21 4.036702250354209e-24 1.117187580565162e-64 1.2009410400897408e-22
473.0 4.71918363286584e-20 3.590043158608355e-21 3.381432689807503e-24 1.1625265467294115e-64 9.988045338987595e-23
474.0 3.874015061559402e-20 2.9631549743807093e-21 2.832301009321564e-24 1.2085004291751331e-64 8.306481427111526e-23
475.0 3.180228574896611e-20 2.4456917969255125e-21 2.3721593107636365e-24 1.2550515208711388e-64 6.907685205201662e-23
476.0 2.610711496120884e-20 2.0185649503402795e-21 1.986621938354076e-24 1.3021192192082414e-64 5.744177956240178e-23
477.0 2.1432056624344992e-20 1.6660128098285606e-21 1.663622044882014e-24 1.349640172737182e-64 4.7764385660197966e-23
478.0 1.759438665872373e-20 1.3750215681010452e-21 1.3930390667908978e-24 1.3975484417156062e-64 3.971572664710263e-23
479.0 1.444410452229339e-20 1.13484670386748e-21 1.1663858193848346e-24 1.4457756717806185e-64 3.3022037871445325e-23
480.0 1.1858075228293741e-20 9.366176746342035e-22 9.765457115806428e-25 1.4942512799832188e-64 2.7455496213193844e-23
481.0 9.735219363922155e-21 7.730113833659712e-22 8.175520861519154e-25 1.542902652342385e-64 2.2826525371832212e-23
482.0 7.992563783599609e-21 6.379824727772578e-22 6.844029603680598e-25 1.591655352008331e-64 1.8977386991772305e-23
483.0 6.561999097064312e-21 5.265405722330054e-22 5.729055105401051e-25 1.6404333370582782e-64 1.5776843324613998e-23
484.0 5.387617555575994e-21 4.345663351418724e-22 4.7954554369397995e-25 1.6891591868916567e-64 1.3115712734057156e-23
485.0 4.4235275205061845e-21 3.586595211402289e-22 4.0137795693211124e-25 1.7377543361396945e-64 1.0903169060335042e-23
486.0 3.6320592505259935e-21 2.9601354848771614e-22 3.359348224149599e-25 1.786139314964556e-64 9.063660648985968e-24
487.0 2.9822919842529755e-21 2.4431191030087634e-22 2.8114827218898497e-25 1.8342339945838588e-64 7.534345526136442e-24
488.0 2.448844814773623e-21 2.0164264862037773e-22 2.3528580824929234e-25 1.881957836832589e-64 6.262956448404687e-24
489.0 2.0108841360316524e-21 1.664277418658151e-22 1.9689604269144751e-25 1.9292301465530004e-64 5.2060239373089056e-24
490.0 1.6513088874987283e-21 1.3736480800423324e-22 1.6476319191283335e-25 1.9759703255939355e-64 4.3273973997113974e-24
491.0 1.356081760585812e-21 1.1337897761741733e-22 1.3786891711912883e-25 2.0220981271946327e-64 3.597014433127578e-24
492.0 1.1136802273253637e-21 9.358316444243853e-23 1.1536032892704166e-25 2.0675339095377544e-64 2.9898767482757474e-24
493.0 9.14645930322693e-22 7.72452694789187e-23 9.652316340996521e-26 2.11219888726337e-64 2.485198086963854e-24
494.0 7.512148147685666e-22 6.376110965485163e-23 8.07592962220914e-26 2.156015379761363e-64 2.0656953017104404e-24
495.0 6.170135378866831e-22 5.263207262225607e-23 6.756789526787237e-26 2.1989070550830117e-64 1.716998586624017e-24
496.0 5.068102813667504e-22 4.344667320691239e-23 5.652962480786208e-26 2.2407991683506935e-64 1.4271608674764992e-24
497.0 4.1631021898953023e-22 3.58653307224479e-23 4.72934083173989e-26 2.2816187935823588e-64 1.1862497064591674e-24
498.0 3.419876376633854e-22 2.9607805036170054e-23 3.956533671064998e-26 2.3212950478979366e-64 9.86007865489956e-25
499.0 2.8094814353089923e-22 2.4442827287963656e-23 3.3099375122458096e-26 2.359759307127667e-64 8.195709942783324e-25
500.0 2.308155615857206e-22 2.0179542106859285e-23 2.76895773352151e-26 2.3969454118980242e-64 6.812328433384808e-25
501.0 1.8963910328534114e-22 1.6660445011423773e-23 2.3163563855518768e-26 2.432789863339118e-64 5.662500125454337e-25
502.0 1.5581716966507383e-22 1.3755553873086895e-23 1.9377059021461378e-26 2.467232007620379e-64 4.706795866454428e-25
503.0 1.2803480842617448e-22 1.1357598893536538e-23 1.6209315563934483e-26 2.5002142085949345e-64 3.912441253887238e-25
504.0 1.0521237781529272e-22 9.378053173152671e-24 1.355928276894185e-26 2.5316820079068907e-64 3.25219405161916e-25
505.0 8.64634087172349e-23 7.743857011116042e-24 1.1342397645810319e-26 2.5615842719928712e-64 2.7034108243337745e-25
506.0 7.106001639341417e-23 6.394714722450557e-24 9.487898015067916e-27 2.5898733254858094e-64 2.2472709304025916e-25
507.0 5.840450879232422e-23 5.280863927214022e-24 7.936572791893784e-27 2.6165050706110455e-64 1.8681313705283418e-25
508.0 4.800608089302423e-23 4.361234742289945e-24 6.638878462238967e-27 2.6414390922459e-64 1.5529904473265122e-25
509.0 3.946168360657631e-23 3.601930730977129e-24 5.553362253853712e-27 2.664638748389387e-64 1.291041900218788e-25
510.0 3.244031914310047e-23 2.9749753718564475e-24 4.645342150324595e-27 2.6860712458780552e-64 1.073304266090865e-25
511.0 2.667014884740798e-23 2.457277635531367e-24 3.885801982294207e-27 2.7057077012546544e-64 8.923127835886808e-26
512.0 2.192790956351296e-23 2.0297783686265354e-24 3.250466607843282e-27 2.7235231867786778e-64 7.418632947165454e-26
513.0 1.803022491587022e-23 1.6767458784003995e-24 2.7190278745639042e-27 2.7394967616443825e-64 6.167993739872737e-26
514.0 1.482647202967133e-23 1.3851946358188435e-24 2.2744968162890215e-27 2.7536114885436276e-64 5.128353930726163e-26
515.0 1.2192925056723209e-23 1.144405574132043e-24 1.9026615263887755e-27 2.7658544357811937e-64 4.2640945791450056e-26
516.0 1.0027946809998055e-23 9.455302224719117e-25 1.5916334917038771e-27 2.7762166652226324e-64 3.5456117737378884e-26
517.0 8.248040794279817e-24 7.812640188864714e-25 1.3314679711445144e-27 2.78469320641135e-64 2.948300724878063e-26
518.0 6.784609557606576e-24 6.4557670943472175e-25 1.1138463485018531e-27 2.7912830172614897e-64 2.4517114222948274e-26
519.0 5.581292895535146e-24 5.334898542836539e-25 9.318103536545044e-28 2.7959889317785978e-64 2.0388468938851092e-26
520.0 4.59178209892341e-24 4.408932064564505e-25 7.795396918329294e-28 2.7988175953241745e-64 1.695579988743226e-26
521.0 3.77802503303631e-24 3.643931685555517e-25 6.521659986350673e-28 2.7997793879760968e-64 1.410168670385062e-26
522.0 3.108752099702244e-24 3.0118772075534153e-25 5.456171924647918e-28 2.7988883365901863e-64 1.1728531840751501e-26
523.0 2.558265662461406e-24 2.4896319361260237e-25 4.5648726232378575e-28 2.796162016197057e-64 9.755212703877692e-27
524.0 2.1054457977177055e-24 2.05809068099531e-25 3.819273379144063e-28 2.791621441409677e-64 8.11429931660612e-27
525.0 1.7329336752887677e-24 1.7014765268459243e-25 3.1955456633313913e-28 2.7852909485425472e-64 6.749741986407584e-27
526.0 1.4264607998052014e-24 1.4067603800196383e-25 2.6737588665423727e-28 2.777198069162391e-64 5.6149495778001835e-27
527.0 1.1742980312535205e-24 1.1631818406822455e-25 2.2372426835293375e-28 2.767373395818865e-64 4.6711924052979344e-27
528.0 9.66802971052265e-25 9.618536996203529e-26 1.8720537681449796e-28 2.7558504407097697e-64 3.886274905214611e-27
529.0 7.960481320156429e-25 7.954354527614172e-26 1.5665296170739544e-28 2.7426654880476473e-64 3.23343250886735e-27
530.0 6.555154562419092e-25 6.578637794614931e-26 1.3109154230561506e-28 2.7278574409007278e-64 2.6904148391828557e-27
531.0 5.398453273469475e-25 5.441300371748816e-26 1.097051967547807e-28 2.7114676632792404e-64 2.2387237518863566e-27
532.0 4.446303434928282e-25 4.500965633809487e-26 9.18114571846333e-29 2.6935398182372356e-64 1.862980060844287e-27
533.0 3.6624585816945696e-25 3.723450099997335e-26 7.683947566726674e-29 2.674119702750206e-64 1.5503972071549009e-27
534.0 3.017107246703346e-25 3.080511191315701e-26 6.431176249189546e-29 2.6532550801179173e-64 1.2903438049320209e-27
535.0 2.4857285346177197e-25 2.5488132565635278e-26 5.382891241367108e-29 2.630995510630204e-64 1.0739800494830713e-27
536.0 2.0481515497906685e-25 2.1090737820659198e-26 4.505683007049402e-29 2.6073921812077926e-64 8.939555105494206e-28
537.0 1.6877823138808756e-25 1.745358351409751e-26 3.771604569103369e-29 2.5824977347180213e-64 7.441579415841345e-28
538.0 1.3909683037955766e-25 1.4444984102091293e-26 3.157277908566905e-29 2.5563660996345405e-64 6.195044880900591e-28
539.0 1.146476074450247e-25 1.1956104205706094e-26 2.6431465852096017e-29 2.52905232068557e-64 5.157681340238087e-28
540.0 9.450618110707991e-26 9.896987281459101e-27 2.2128506523212117e-29 2.5006123911077484e-64 4.2943343520962715e-28
541.0 7.791182530692488e-26 8.193275498085651e-27 1.8527038529913838e-29 2.4711030870903707e-64 3.5757659417438404e-28
542.0 6.423843859889363e-26 6.783500362359603e-27 1.551256359549736e-29 2.4405818049615006e-64 2.977657663644318e-28
543.0 5.297067246410887e-26 5.616844652174725e-27 1.2989290567321848e-29 2.4091064016354556e-64 2.4797818205201867e-28
544.0 4.368430037473259e-26 4.6512935606523624e-27 1.0877076600409561e-29 2.376735038805133e-64 2.065312452462078e-28
545.0 3.603007296685577e-26 3.852107272083517e-27 9.108868768987215e-30 2.3435260313260004e-64 1.7202525042180292e-28
546.0 2.9720439177618533e-26 3.1905590082654754e-27 7.628564208401947e-30 2.3095377002013376e-64 1.432957563513212e-28
547.0 2.4518623694856838e-26 2.6428923388865996e-27 6.38922029392812e-30 2.2748282305450775e-64 1.1937398746331487e-28
548.0 2.0229641845076182e-26 2.1894596023676108e-27 5.3515575735732464e-30 2.2394555348544303e-64 9.945390833555366e-29
549.0 1.6692907630483008e-26 1.8140099313579817e-27 4.48270754796925e-30 2.203477121894391e-64 8.286484562242442e-29
550.0 1.3776151909962493e-26 1.5031008652264367e-27 3.7551652318219324e-30 2.1669499714537815e-64 6.904872176863792e-29
551.0 1.1370418077698989e-26 1.2456120628939617e-27 3.1459129893462393e-30 2.1299304151981723e-64 5.754112280774869e-29
552.0 9.3859439768805e-27 1.0323433703174883e-27 2.635687620615864e-30 2.0924740238095906e-64 4.7955553809639085e-29
553.0 7.748772796428574e-27 8.556825857442263e-28 2.2083672624732798e-30 2.0546355005662108e-64 3.9970344635027314e-29
554.0 6.397963651577944e-27 7.093308163360622e-28 1.8504585035300296e-30 2.0164685814812934e-64 3.331775932430988e-29
555.0 5.2832955248982844e-27 5.880754258373867e-28 1.550667320727593e-30 1.978025942089453e-64 2.777493780595753e-29
556.0 4.363377130516771e-27 4.876023121504296e-28 1.2995401277083455e-30 1.9393591109316027e-64 2.3156361243274137e-29
557.0 3.604090789987445e-27 4.04340689985372e-28 1.0891634688533732e-30 1.900518389766663e-64 1.9307584397814977e-29
558.0 2.9773111722612538e-27 3.3533473997298324e-28 9.129127691498668e-31 1.8615527805004897e-64 1.610002165907159e-29
559.0 2.4598502446603138e-27 2.781374653736875e-28 7.652421192172175e-31 1.8225099188021245e-64 1.3426609358225844e-29
560.0 2.032588410794036e-27 2.307229067672586e-28 6.41508387111632e-31 1.78343601434676e-64 1.1198196882016898e-29
561.0 1.6797589071466436e-27 1.9141353357539162e-28 5.37824046013822e-31 1.7443757976014403e-64 9.340543956424669e-30
562.0 1.388358365502815e-27 1.58820183479198e-28 4.5093402474963814e-31 1.7053724730484873e-64 7.79182213076471e-30
563.0 1.147661247706562e-27 1.3179237699237307e-28 3.781126557097796e-31 1.6664676787170053e-64 6.500535668816079e-30
564.0 9.488198067691895e-28 1.0937721135687232e-28 3.170774367222656e-31 1.627701451877544e-64 5.4237913331575616e-30
565.0 7.845344754986582e-28 9.078534934251068e-29 2.659168603550389e-31 1.589112200732893e-64 4.525858420823996e-30
566.0 6.4878225510845295e-28 7.53628758531033e-29 2.230300131903907e-31 1.5507366819265757e-64 3.776970279112262e-30
567.0 5.365928739878457e-28 6.256800787918301e-29 1.870760231984547e-31 1.5126099836720226e-64 3.152326737504237e-30
568.0 4.438642950961156e-28 5.195181906350068e-29 1.5693174747589037e-31 1.4747655142956655e-64 2.631263715957478e-30
569.0 3.6721063841648627e-28 4.314228537731849e-29 1.316563553643255e-31 1.4372349959758393e-64 2.19656194446847e-30
570.0 3.0383680942145457e-28 3.5831078443743087e-29 1.1046168173417244e-31 1.4000484634478857e-64 1.8338714477460184e-30
571.0 2.5143513230016695e-28 2.9762632266855275e-29 9.268740904793881e-32 1.3632342674417417e-64 1.5312323732061928e-30
572.0 2.0810011620769747e-28 2.4725091147451963e-29 7.778029058385963e-32 1.3268190826083718e-64 1.278676004238894e-30
573.0 1.722581656255438e-28 2.0542814375314348e-29 6.527675582701383e-32 1.2908279196885019e-64 1.0678925151820529e-30
574.0 1.4260960805905927e-28 1.7070169350845844e-29 5.478834663337692e-32 1.2552841416736959e-64 8.919542822056223e-31
575.0 1.1808087511980036e-28 1.418639114423878e-29 4.5989522783558935e-32 1.2202094837073812e-64 7.450854423101131e-31
576.0 9.778505413167047e-29 1.1791324831995357e-29 3.8607450844256773e-32 1.1856240764712266e-64 6.2246995484686835e-31
577.0 8.098934122348652e-29 9.801898650064057e-30 3.2413453252931125e-32 1.1515464728052705e-64 5.200917195497952e-31
578.0 6.708818532589347e-29 8.14920221969514e-30 2.721584724699459e-32 1.1179936773093573e-64 4.346013862405527e-31
579.0 5.55811253680598e-29 6.776065786494266e-30 2.2853947356053466e-32 1.0849811786766567e-64 3.63205390895243e-31
580.0 4.605449832423422e-29 5.635054350134218e-30 1.9193042071822642e-32 1.0525229845131057e-64 3.035735012025008e-31
581.0 3.816634022117101e-29 4.686805400698684e-30 1.612018618258107e-32 1.0206316584022406e-64 2.5376177751795976e-31
582.0 3.163392123938621e-29 3.898651253939297e-30 1.3540676091857746e-32 9.893183589772188e-65 2.1214837335919196e-31
583.0 2.622345411468562e-29 3.243477135214176e-30 1.1375097058196272e-32 9.58592880770971e-65 1.7738003086699354e-31
584.0 2.1741595866486652e-29 2.698774566930986e-30 9.556849382892533e-33 9.2846369661809e-65 1.4832748559486346e-31
585.0 1.8028429489058884e-29 2.2458565699772705e-30 8.030075711952093e-33 8.989380013937294e-65 1.2404829373832947e-31
586.0 1.4951667144930226e-29 1.869206946288242e-30 6.747924288838002e-33 8.700217568766988e-65 1.0375584358508826e-31
587.0 1.240186165923725e-29 1.5559406745698213e-30 5.671093599310909e-33 8.417197375373454e-65 8.679351996944067e-32
588.0 1.0288450427216236e-29 1.2953563954471897e-30 4.766612725778204e-33 8.140355770551645e-65 7.261316284090432e-32
589.0 8.536486613193687e-30 1.078565227631065e-30 4.006819158384053e-33 7.86971815381952e-65 6.075710452895285e-32
590.0 7.083937889811823e-30 8.981828601870142e-31 3.368502029496281e-33 7.605299461736023e-65 5.0843189742485e-32
591.0 5.879453889602557e-30 7.480741045574973e-31 2.832183944797908e-33 7.347104644243908e-65 4.255228181204694e-32
592.0 4.880520798790281e-30 6.231409437519138e-31 2.381518943037122e-33 7.095129141454488e-65 3.5617841515152586e-32
593.0 4.051935759222355e-30 5.191466513903481e-31 2.0027877658780845e-33 6.8493593593872794e-65 2.9817233808658456e-32
594.0 3.364545489048408e-30 4.325698249102722e-31 1.6844746748771657e-33 6.6097731432721425e-65 2.496447524695265e-32
595.0 2.7942032232900375e-30 3.604832306030408e-31 1.4169126111528476e-33 6.376340247114443e-65 2.0904182721211844e-32
596.0 2.3209060720043816e-30 3.004532307938588e-31 1.1919856358111419e-33 6.149022798317234e-65 1.7506524019994362e-32
597.0 1.928081493239102e-30 2.504562864914941e-31 1.0028793833955557e-33 5.9277757562341615e-65 1.4663003922157896e-32
598.0 1.6019970251525878e-30 2.088096279356294e-31 8.438717632747909e-34 5.712547363639859e-65 1.2282947202723268e-32
599.0 1.3312719182426364e-30 1.7411368194464902e-31 7.101574024068588e-34 5.503279590163196e-65 1.0290562987068693e-32
600.0 1.1064730209784982e-30 1.4520425644459504e-31 5.977003770770185e-34 5.299908566844717e-65 8.622494100412644e-33
601.0 9.197803373682346e-31 1.2111282362389399e-31 5.031106642231039e-34 5.102365011038196e-65 7.225771069659725e-33
602.0 7.647102062629268e-31 1.0103352589303483e-31 4.235404826890656e-34 4.910574640975547e-65 6.056103778281729e-33
603.0 6.358861427576206e-31 8.429576323226118e-32 3.565973144700494e-34 4.724458579384761e-65 5.076454896934453e-33
604.0 5.288491088510495e-31 7.034141486780665e-32 3.002709152397464e-34 4.5439337456262505e-65 4.255848483744292e-33
605.0 4.399004070461864e-31 5.870590938807604e-32 2.528720585116058e-34 4.368913235894848e-65 3.568374877341072e-33
606.0 3.659715691727574e-31 4.9002491076398895e-32 2.1298112234691487e-34 4.19930669108872e-65 2.9923594498165424e-33
607.0 3.045165866093191e-31 4.090914110420205e-32 1.7940493303549923e-34 4.0350206520321425e-65 2.5096681600590838e-33
608.0 2.5342263292733274e-31 3.4157704195882507e-32 1.5114053621933037e-34 3.875958901789321e-65 2.1051273286771305e-33
609.0 2.109360952062148e-31 2.8524847675395547e-32 1.273447805336904e-34 3.7220227948694445e-65 1.7660387926056662e-33
610.0 1.7560128016808332e-31 2.3824543111491908e-32 1.07308778725886e-34 3.5731115731876295e-65 1.481774714291398e-33
611.0 1.4620961590470556e-31 1.990181331169304e-32 9.043646200536141e-35 3.429122668685914e-65 1.2434389202023837e-33
612.0 1.2175754587705301e-31 1.6627531013547774e-32 7.622656979817523e-35 3.2899519925859056e-65 1.0435838122878976e-33
613.0 1.0141162272717525e-31 1.3894091808942164e-32 6.42575230699328e-35 3.155494211276268e-65 8.759737055196468e-34
614.0 8.447956654590513e-32 1.1611813877002888e-32 5.41747182542655e-35 3.025643008891528e-65 7.353869544969421e-34
615.0 7.03862649106447e-32 9.705942040545397e-33 4.5679853348685316e-35 2.9002913366765514e-65 6.174504920325628e-34
616.0 5.865386794857835e-32 8.114154368656065e-33 3.8521960238324927e-35 2.7793316492662458e-65 5.185014541343514e-34
617.0 4.8885277255165315e-32 6.784486744010557e-33 3.2489869725803835e-35 2.6626561280474536e-65 4.3547144343270276e-34
618.0 4.0750447963034303e-32 5.673605095154066e-33 2.740587971197105e-35 2.550156891800153e-65 3.65789715698971e-34
619.0 3.3975022957091394e-32 4.745366856616949e-33 2.312043385343685e-35 2.4417261948412416e-65 3.0730218568938605e-34
620.0 2.83309007583944e-32 3.969623074370653e-33 1.950764896325858e-35 2.3372566129231555e-65 2.5820365917540046e-34
621.0 2.3628406919642203e-32 3.321220761637812e-33 1.6461555379968482e-35 2.236641217160072e-65 2.1698112439537585e-34
622.0 1.9709795342602255e-32 2.7791719133752133e-33 1.3892936311525727e-35 2.139773736273767e-65 1.8236629222607736e-34
623.0 1.644385277066237e-32 2.325961241568557e-33 1.1726670438597e-35 2.0465487074724143e-65 1.5329587175142227e-34
624.0 1.3721418505113208e-32 1.9469693926229606e-33 9.899497400760082e-36 1.9568616162852403e-65 1.2887831629921603e-34
625.0 1.1451663528948032e-32 1.629992314327161e-33 8.35813866355496e-36 1.8706090256941237e-65 1.0836598251771816e-34
626.0 9.558999843902356e-33 1.3648406873125914e-33 7.057717070756452e-36 1.7876886949116582e-65 9.113181842248012e-35
627.0 7.980512884260387e-33 1.1430060360784916e-33 5.960427457887073e-36 1.7079996881623558e-65 7.664984119498943e-35
628.0 6.663828149718137e-33 9.573823800390667e-34 5.034418319057618e-36 1.6314424738332695e-65 6.447878655975202e-35
629.0 5.565338348880288e-33 8.020341524985458e-34 4.2528509138500115e-36 1.5579190143635502e-65 5.424841272902901e-35
630.0 4.648729902428512e-33 6.720026687991427e-34 3.593107570596004e-36 1.4873328472461902e-65 4.5648026460518956e-35
631.0 3.883758065535768e-33 5.631447171170419e-34 3.0361254517755396e-36 1.4195891575165999e-65 3.8416869456793096e-35
632.0 3.245228561032831e-33 4.719979205383357e-34 2.565835834568702e-36 1.3545948421031582e-65 3.2336062429187593e-35
633.0 2.712150773074443e-33 3.956684137150307e-34 2.1686921407851914e-36 1.2922585664133433e-65 2.7221853559208494e-35
634.0 2.267033488061281e-33 3.3173712197886536e-34 1.833272622734564e-36 1.232490813527534e-65 2.2919959408922074e-35
635.0 1.895299094426828e-33 2.781815505413267e-34 1.5499458567143092e-36 1.1752039263672852e-65 1.9300820887618036e-35
636.0 1.5847962387596045e-33 2.3331050732999204e-34 1.3105890821820154e-36 1.1203121432030557e-65 1.6255625785600643e-35
637.0 1.3253943260155669e-33 1.957096125549681e-34 1.1083510098097318e-36 1.0677316268579663e-65 1.3692973564531097e-35
638.0 1.1086460651375651e-33 1.6419580577871312e-34 9.374520537608261e-37 1.0173804879593676e-65 1.1536078322383466e-35
639.0 9.275065966773706e-34 1.3777935913967869e-34 7.93016063164945e-37 9.691788025832704e-66 9.720422776958161e-36
640.0 7.760996776120558e-34 1.156321534888612e-34 6.7092856889953915e-37 9.230486246277868e-66 8.191790276052557e-36
641.0 6.495230080860115e-34 9.706118088256496e-35 5.677173529611164e-37 8.789139932444499e-66 6.904613696905483e-36
642.0 5.43686121343915e-34 8.148640907406663e-35 4.804518128879013e-37 8.367009356457674e-66 5.82059002020218e-36
643.0 4.551753681299772e-34 6.842228713629331e-35 4.066581530097898e-37 7.963374656012343e-66 4.907517670672433e-36
644.0 3.81141448837205e-34 5.746229092901547e-35 3.4424790464236005e-37 7.577535779204262e-66 4.1383206710500806e-36
645.0 3.192057126675929e-34 4.826600679679556e-35 2.914576729165816e-37 7.208812392154532e-66 3.490229479796873e-36
646.0 2.673820795020828e-34 4.0548334972744864e-35 2.467983406574127e-37 6.856543752217924e-66 2.9440932599900148e-36
647.0 2.2401196907416454e-34 3.407046343837744e-35 2.0901223961776504e-37 6.520088549495989e-66 2.483802411610541e-36
648.0 1.8771006162627878e-34 2.8632320755271927e-35 1.7703703484766198e-37 6.198824719231474e-66 2.0958036211800943e-36
649.0 1.573190796475523e-34 2.4066264560052612e-35 1.4997526610963004e-37 5.892149227595061e-66 1.7686925493649734e-36
650.0 1.3187208409898987e-34 2.0231802597221457e-35 1.2706865697572925e-37 5.599477833238557e-66 1.4928716790744602e-36
651.0 1.105610311600829e-34 1.7011176686235774e-35 1.0767644255795087e-37 5.320244826901076e-66 1.2602628593870076e-36
652.0 9.271054563063112e-35 1.4305667987785522e-35 9.125708492587209e-38 5.053902751244302e-66 1.0640657675642692e-36
653.0 7.775604188109515e-35 1.203250527301827e-35 7.735284468282501e-38 4.799922102988477e-66 8.98554925416751e-37
654.0 6.522546863115091e-35 1.0122277377693974e-35 6.557676087010343e-38 4.5577910193215475e-66 7.589090916748525e-37
655.0 5.472407480493478e-35 8.516767281848279e-36 5.560166184121311e-38 4.327014950442805e-66 6.410678458840217e-37
656.0 4.5921694380251473e-35 7.167138828791478e-36 4.715088909244252e-38 4.107116320020839e-66 5.4161101274573565e-37
657.0 3.8542131936568527e-35 6.03241843021107e-36 3.9990466014242587e-38 3.897634175226696e-66 4.576572747549944e-37
658.0 3.2354300355895996e-35 5.078223568113634e-36 3.392248562433633e-38 3.698123827926824e-66 3.8677890722849e-37
659.0 2.71648202020362e-35 4.275697808592633e-36 2.877952680445949e-38 3.508156488511542e-66 3.2693006159874435e-37
660.0 2.281183866075888e-35 3.6006186450823724e-36 2.441993843835969e-38 3.3273188937577344e-66 2.7638643545252486e-37
661.0 1.915986619716027e-35 3.032650004925772e-36 2.072385602136872e-38 3.155212930026363e-66 2.3369451400523425e-37
662.0 1.6095462633740867e-35 2.554715862281126e-36 1.7589836524798456e-38 2.991455253015498e-66 1.9762885825257015e-37
663.0 1.3523632301330028e-35 2.152475252296439e-36 1.4932015176485587e-38 2.8356769052070267e-66 1.6715615890722315e-37
664.0 1.1364811203013858e-35 1.813882200999949e-36 1.2677702888146203e-38 2.6875229320624593e-66 1.4140497994039165e-37
665.0 9.552348539077146e-36 1.528816776733622e-36 1.0765355763728123e-38 2.546651997950336e-66 1.1964028741656224e-37
666.0 8.030401117655559e-36 1.2887757191549195e-36 9.142858833293849e-39 2.4127360027122793e-66 1.0124200362311162e-37
667.0 6.752172661522721e-36 1.0866129834684792e-36 7.766075188064149e-39 2.285459699704979e-66 8.568694768940938e-38
668.0 5.678441265627562e-36 9.163221112239751e-37 6.597619308293691e-39 2.164520316085347e-66 7.25336256808161e-38
669.0 4.776327636790813e-36 7.72853655339529e-37 5.605819799203819e-39 2.0496271760463211e-66 6.140941865983018e-38
670.0 4.018264567718489e-36 6.519619882275608e-37 4.7638421685978506e-39 1.9405013276430707e-66 5.199978904394632e-38
671.0 3.381134621547894e-36 5.5007674331573076e-37 4.0489468509741784e-39 1.836875173796819e-66 4.403918595213612e-38
672.0 2.845548446321806e-36 4.641949113338808e-37 3.441861539806576e-39 1.738492108000192e-66 3.730338095839561e-38
673.0 2.3952406809831392e-36 3.917902581193429e-37 2.926250144310319e-39 1.6451061552043258e-66 3.160300830667558e-38
674.0 2.016564205378145e-36 3.307372709390549e-37 2.4882634337458225e-39 1.556481618308076e-66 2.677811948120528e-38
675.0 1.6980666512104475e-36 2.7924729264621413e-37 2.1161587507742177e-39 1.472392730629466e-66 2.2693592158227214e-38
676.0 1.430135732805346e-36 2.358148817425844e-37 1.7999781325392444e-39 1.3926233146906572e-66 1.9235258901394733e-38
677.0 1.2047021626028614e-36 1.9917275362422945e-37 1.531275830561119e-39 1.3169664476074718e-66 1.6306642270256894e-38
678.0 1.0149907586959354e-36 1.6825392398853267e-37 1.3028876158056507e-39 1.2452241333333116e-66 1.3826200932438858e-38
679.0 8.553118906815739e-37 1.4215989797394097e-37 1.1087354336158436e-39 1.1772069819721411e-66 1.1725006445702213e-38
680.0 7.208866957774824e-37 1.201339351116888e-37 9.436619684134411e-40 1.1127338963368915e-66 9.944783059538705e-39
681.0 6.077005714489869e-37 1.0153857646788394e-37 8.03290518776579e-40 1.0516317659014192e-66 8.436253558615556e-39
682.0 5.1238034858283904e-37 8.583675135584021e-38 6.8390629374325025e-40 9.93735168260634e-67 7.157743152133551e-39
683.0 4.320912996696068e-37 7.257589081598014e-38 5.823558413145101e-40 9.388860781851297e-67 6.074000973116182e-39
684.0 3.6445076380659184e-37 6.137456713380583e-38 4.959618272739738e-40 8.869335843333739e-67 5.155205115775125e-39
685.0 3.0745569487805093e-37 5.191125587408283e-38 4.224508110597082e-40 8.377336136564215e-67 4.3761224972792575e-39
686.0 2.594218779350242e-37 4.3914881662800565e-38 3.5989202773494446e-40 7.911486635104179e-67 3.715399342231251e-39
687.0 2.189329257017445e-37 3.7156863264663093e-38 3.066454913996875e-40 7.470475414708289e-67 3.1549618880722874e-39
688.0 1.8479747407095973e-37 3.144441907251515e-38 2.613179943620687e-40 7.053051128227529e-67 2.6795101103440184e-39
689.0 1.5601325226326792e-37 2.661493236136067e-38 2.227257953879779e-40 6.658020556853013e-67 2.2760899631448298e-39
690.0 1.3173691823505864e-37 2.2531207748140243e-38 1.898629755636578e-40 6.284246237120208e-67 1.9337319019892956e-39
691.0 1.1125872979477339e-37 1.9077477232170117e-38 1.6187459697297443e-40 5.9306441629443667e-67 1.6431453707561914e-39
692.0 9.398127246460986e-38 1.6156036801800496e-38 1.3803393192749195e-40 5.596181561840509e-67 1.3964605479526064e-39
693.0 7.940159119726163e-38 1.3684413577263515e-38 1.1772314262445166e-40 5.279874744352266e-67 1.187010007625952e-39
694.0 6.709617863148938e-38 1.1592979402131664e-38 1.0041688599926624e-40 4.9807870256239654e-67 1.0091440969122836e-39
695.0 5.670836099342795e-38 9.822940185758143e-39 8.56683988473266e-41 4.6980267179450295e-67 8.580747990489271e-40
696.0 4.793769682194059e-38 8.324641547100429e-39 7.309768626611866e-41 4.430745193021227e-67 7.297436660300159e-40
697.0 4.0531065755934085e-38 7.05614076058546e-39 6.238149401436129e-41 4.178135012661505e-67 6.207100927829276e-40
698.0 3.4275176625722384e-38 5.982002945715374e-39 5.324479410674334e-41 3.9394281264937946e-67 5.280567848578735e-40
699.0 2.899026767669725e-38 5.0722861161673606e-39 4.545355422066853e-41 3.713894135284749e-67 4.493097610671654e-40
700.0 2.4524808289970646e-38 4.3016853141548455e-39 3.880859643254845e-41 3.50083861838639e-67 3.8237064550869575e-40
