200.0 0.0 0.0 0.0 0.0 0.0
201.0 0.0 0.0 0.0 0.0 0.0
202.0 0.0 0.0 0.0 0.0 0.0
203.0 0.0 0.0 0.0 0.0 0.0
204.0 0.0 0.0 0.0 0.0 0.0
205.0 0.0 0.0 0.0 0.0 0.0
206.0 0.0 0.0 0.0 0.0 0.0
207.0 0.0 0.0 0.0 0.0 0.0
208.0 0.0 0.0 0.0 0.0 0.0
209.0 0.0 0.0 0.0 0.0 0.0
210.0 0.0 0.0 0.0 0.0 0.0
211.0 0.0 0.0 0.0 0.0 0.0
212.0 0.0 0.0 0.0 0.0 0.0
213.0 0.0 0.0 0.0 0.0 0.0
214.0 0.0 0.0 0.0 0.0 0.0
215.0 0.0 0.0 0.0 0.0 0.0
216.0 0.0 0.0 0.0 0.0 0.0
217.0 0.0 0.0 0.0 0.0 0.0
218.0 0.0 0.0 0.0 0.0 0.0
219.0 0.0 0.0 0.0 0.0 0.0
220.0 0.0 0.0 0.0 0.0 0.0
221.0 0.0 0.0 0.0 0.0 0.0
222.0 0.0 0.0 0.0 0.0 0.0
223.0 0.0 0.0 0.0 0.0 0.0
224.0 0.0 0.0 0.0 0.0 0.0
225.0 0.0 0.0 0.0 0.0 0.0
226.0 0.0 0.0 0.0 0.0 0.0
227.0 0.0 0.0 0.0 0.0 0.0
228.0 0.0 0.0 0.0 0.0 0.0
229.0 0.0 0.0 0.0 0.0 0.0
230.0 0.0 0.0 0.0 0.0 0.0
231.0 0.0 0.0 0.0 0.0 0.0
232.0 0.0 0.0 0.0 0.0 0.0
233.0 0.0 0.0 0.0 0.0 0.0
234.0 0.0 0.0 0.0 0.0 0.0
235.0 0.0 0.0 0.0 0.0 0.0
236.0 0.0 0.0 0.0 0.0 0.0
237.0 0.0 0.0 0.0 0.0 0.0
238.0 0.0 0.0 0.0 0.0 0.0
239.0 0.0 0.0 0.0 0.0 0.0
240.0 0.0 0.0 0.0 0.0 0.0
241.0 0.0 0.0 0.0 0.0 0.0
242.0 0.0 0.0 0.0 0.0 0.0
243.0 0.0 0.0 0.0 0.0 0.0
244.0 0.0 0.0 0.0 0.0 0.0
245.0 0.0 0.0 0.0 0.0 0.0
246.0 0.0 0.0 0.0 0.0 0.0
247.0 0.0 0.0 0.0 0.0 0.0
248.0 0.0 0.0 0.0 0.0 0.0
249.0 0.0 0.0 0.0 0.0 0.0
250.0 0.0 0.0 0.0 0.0 0.0
251.0 0.0 0.0 0.0 0.0 0.0
252.0 0.0 0.0 0.0 0.0 0.0
253.0 0.0 0.0 0.0 0.0 0.0
254.0 0.0 0.0 0.0 0.0 0.0
255.0 0.0 0.0 0.0 0.0 0.0
256.0 0.0 0.0 0.0 0.0 0.0
257.0 0.0 0.0 0.0 0.0 0.0
258.0 0.0 0.0 0.0 0.0 0.0
259.0 0.0 0.0 0.0 0.0 0.0
260.0 0.0 0.0 0.0 0.0 0.0
261.0 0.0 0.0 0.0 0.0 0.0
262.0 0.0 0.0 0.0 0.0 0.0
263.0 0.0 0.0 0.0 0.0 0.0
264.0 0.0 0.0 0.0 0.0 0.0
265.0 0.0 0.0 0.0 0.0 0.0
266.0 0.0 0.0 0.0 0.0 0.0
267.0 0.0 0.0 0.0 0.0 0.0
268.0 0.0 0.0 0.0 0.0 0.0
269.0 0.0 0.0 0.0 0.0 0.0
270.0 0.0 0.0 0.0 0.0 0.0
271.0 0.0 0.0 0.0 0.0 0.0
272.0 0.0 0.0 0.0 0.0 0.0
273.0 0.0 0.0 0.0 0.0 0.0
274.0 0.0 0.0 0.0 0.0 0.0
275.0 0.0 0.0 0.0 0.0 0.0
276.0 1.1101522606321323e-16 3.729622587396837e-21 8.754160522181431e-24 5.517556422735266e-96 2.898040522814423e-21
277.0 1.1101494130869299e-16 3.8709216203196865e-21 9.286596966994317e-24 1.1027595212227642e-95 3.0105751336243635e-21
278.0 1.1101464687806358e-16 4.016498783088124e-21 9.847231964795745e-24 2.1930637144529827e-95 3.126622232819749e-21
279.0 1.1101434249841806e-16 4.166447567216195e-21 1.0437324842919373e-23 4.339916216535699e-95 3.2462619208766586e-21
280.0 1.1101402789039802e-16 4.32086255074326e-21 1.105817981712986e-23 8.546612922851284e-95 3.36957531448964e-21
281.0 2.2202740553609767e-16 8.95967878392132e-21 2.3422294255625666e-23 3.349977718385412e-94 6.993289085571672e-21
282.0 2.220267336773944e-16 9.286949645689737e-21 2.479524837905405e-23 6.534122728821536e-94 7.255105486526193e-21
283.0 2.2202603960557295e-16 9.623733284396616e-21 2.6238113507316204e-23 1.2684755671565924e-93 7.524768114905224e-21
284.0 3.3303798406121874e-16 1.495534112551317e-20 4.1630820251752776e-23 3.676539984236406e-93 1.1703670878932526e-20
285.0 3.330368735334648e-16 1.5489947797500108e-20 4.4018460433238544e-23 7.071274323120167e-93 1.213247275602882e-20
286.0 4.440476358158676e-16 2.1386297077870888e-20 6.203317920000226e-23 1.8051293797183335e-92 1.6765092237835967e-20
287.0 5.550575717682411e-16 2.7674953556275054e-20 8.192507514321839e-23 4.300555368367828e-92 2.1713290787844965e-20
288.0 6.660666422441961e-16 3.437200966812755e-20 1.038281168727566e-22 9.791894888079293e-92 2.6990411801496692e-20
289.0 7.770748066981484e-16 4.1493977068036656e-20 1.2788348326712675e-22 2.1579900326882707e-91 3.261016183008004e-20
290.0 8.880820231450866e-16 4.905779165852815e-20 1.542398513085623e-22 4.638442148533903e-91 3.8586615393374294e-20
291.0 1.110098053465867e-15 6.342313173751295e-20 2.03392990548766e-22 1.0857439548630396e-90 4.992691083663843e-20
292.0 1.3321121239584927e-15 7.869702845578582e-20 2.573874850717344e-22 2.4293371856513066e-90 6.20013595735049e-20
293.0 1.5541241445271993e-15 9.49150941028283e-20 3.1655331772247993e-22 5.262192045756597e-90 7.483962432238721e-20
294.0 1.8871423982941255e-15 1.191209345701761e-19 4.0506476712911565e-22 1.1813851437390085e-89 9.400164227610763e-20
295.0 2.2201573996207743e-15 1.448117665703186e-19 5.020048376933584e-22 2.5589801327256557e-89 1.1436676945934685e-19
296.0 2.6641763494899893e-15 1.7952441811446793e-19 6.343642696205013e-22 5.6305554805348744e-89 1.418945866257513e-19
297.0 3.219197481329201e-15 2.2405437520489844e-19 8.069075563301169e-22 1.2424185263399559e-88 1.7723100235922568e-19
298.0 3.774212669186754e-15 2.7125838082948238e-19 9.955275485558564e-22 2.649253063132399e-88 2.1473907925327307e-19
299.0 4.551233014863498e-15 3.377097020831708e-19 1.262869780592624e-21 5.787157318254619e-88 2.675536196255138e-19
300.0 5.328244521591273e-15 4.0809746656472486e-19 1.554782159589295e-21 1.2224729090297108e-87 3.2357003865522384e-19
301.0 6.327255773622371e-15 5.001139443163112e-19 1.940937147637808e-21 2.609073123555784e-87 3.968334155627829e-19
302.0 7.548262615892741e-15 6.155790639567011e-19 2.4333802744590052e-21 5.572466015323504e-87 4.888276502151072e-19
303.0 8.880257436327073e-15 7.470608939761507e-19 3.007551566564881e-21 1.1691925721633687e-86 5.936881513662715e-19
304.0 1.0434240136309789e-14 9.05307479983989e-19 3.711350298153404e-21 2.440778431552438e-86 7.199905041703457e-19
305.0 1.2321207744078933e-14 1.1023144356359553e-18 4.601171586412595e-21 5.101419994245659e-86 8.77328593248115e-19
306.0 1.454115303819864e-14 1.3411611194240108e-18 5.699277810730409e-21 1.0616618087181327e-85 1.0682225484749272e-18
307.0 1.7094068393489593e-14 1.6250669323880794e-18 7.029677578150203e-21 2.1926910976917803e-85 1.295310619937212e-18
308.0 2.020194516181107e-14 1.979143851808357e-18 8.713981447665397e-21 4.536079103990469e-85 1.5787008075108562e-18
309.0 2.3642772393717815e-14 2.3864723813389883e-18 1.0693530718087246e-20 9.259071271433795e-85 1.9050071447171793e-18
310.0 2.774953544198633e-14 2.8853856242394452e-18 1.3156634662901732e-20 1.8886337479997566e-84 2.3049405941036486e-18
311.0 3.252221744265982e-14 3.482856143062882e-18 1.6158610377795564e-20 3.8331130218623623e-84 2.78422966420094e-18
312.0 3.8071797104406297e-14 4.1984009123425144e-18 1.9816714296113604e-20 7.743291084550763e-84 3.358652432786895e-18
313.0 4.462024437009915e-14 5.065896435149875e-18 2.432402965541188e-20 1.56059719823046e-83 4.055525231798032e-18
314.0 5.2167531463120935e-14 6.096603449116242e-18 2.977496826443261e-20 3.126772176387528e-83 4.8841210684391846e-18
315.0 6.082462295061406e-14 7.315611222512586e-18 3.633718135885741e-20 6.226258338933104e-83 5.86482165309212e-18
316.0 7.092446390390608e-14 8.77751894218012e-18 4.433668467896859e-20 1.2357320706573571e-82 7.04173621091753e-18
317.0 8.268899412750463e-14 1.0528092260636299e-17 5.4073682152323465e-20 2.4439888479548316e-82 8.452000739372656e-18
318.0 9.622915222229436e-14 1.2602519229341814e-17 6.581015104591879e-20 4.8088129311634e-82 1.0124350738929046e-17
319.0 1.1198883974664692e-13 1.5083335653610075e-17 8.007317240259477e-20 9.430955892067449e-82 1.212565750656534e-17
320.0 1.3007897182059543e-13 1.801464103394107e-17 9.721307023350473e-20 1.8400145128578527e-81 1.449204719156934e-17
321.0 1.5094341882114734e-13 2.1490830686078024e-17 1.1787382088766054e-19 3.574853080367548e-81 1.7300223319256436e-17
322.0 1.7513701593952436e-13 2.563083810851358e-17 1.4287235246061273e-19 6.922477869554906e-81 2.064685298177848e-17
323.0 2.0288161384471309e-13 3.051401997027378e-17 1.728472874821173e-19 1.3341006658672743e-80 2.4596948041064802e-17
324.0 2.3484298521627706e-13 3.6293839795799656e-17 2.0889629717921602e-19 2.561068533179272e-80 2.9275455467411423e-17
325.0 2.7157588386799497e-13 4.31193803200236e-17 2.5215195608621515e-19 4.8964409515609236e-80 3.480410101495835e-17
326.0 3.1385699456351226e-13 5.118788268896757e-17 3.0409320867203825e-19 9.32668478888385e-80 4.1343808537349837e-17
327.0 3.62351976247809e-13 6.069441852093652e-17 3.662656076467785e-19 1.76931449211182e-79 4.9054147140153846e-17
328.0 4.179484039531846e-13 7.18874257012037e-17 4.40622465211885e-19 3.3431885376410595e-79 5.813823407069547e-17
329.0 4.817557528695839e-13 8.507448472761963e-17 5.295881001001883e-19 6.293986132039112e-79 6.884754329322471e-17
330.0 5.547724511582061e-13 1.005680699694207e-16 6.357457032955786e-19 1.1802748590131243e-78 8.143812269634927e-17
331.0 6.382188085376052e-13 1.187459812433748e-16 7.622304198287285e-19 2.204589285504366e-78 9.62195660202076e-17
332.0 7.336479715264263e-13 1.4007900196816335e-16 9.129445687155723e-19 4.102679842249141e-78 1.1357759787375017e-16
333.0 8.427239513986973e-13 1.6509699465798544e-16 1.0923828878913802e-18 7.607298703806791e-78 1.3394679381561666e-16
334.0 9.671106392626355e-13 1.9437107050628466e-16 1.3055466357802922e-18 1.4052099548208535e-77 1.5779624284592108e-16
335.0 1.1089156758796115e-12 2.2860690561866115e-16 1.5586054691810517e-18 2.586124064388185e-77 1.857054419615906e-16
336.0 1.2705794443682128e-12 2.6863482803624783e-16 1.858902655444048e-18 4.742586972540607e-77 2.1835656208262258e-16
337.0 1.4546531039542873e-12 3.1537299232264764e-16 2.2147670042505427e-18 8.666092536708707e-77 2.5650479017137427e-16
338.0 1.6640204988522523e-12 3.698824937705245e-16 2.6359587773853577e-18 1.577870946580575e-76 3.010233804870037e-16
339.0 1.9018981200139386e-12 4.333795809195063e-16 3.1338411942732777e-18 2.8625832847427246e-76 3.5291393016389446e-16
340.0 2.172167946602248e-12 5.073262093269094e-16 3.722136403824751e-18 5.1753772849631987e-76 4.1338051978012364e-16
341.0 2.478933539257271e-12 5.933468664865215e-16 4.416448337920363e-18 9.324408106850213e-76 4.837624711420864e-16
342.0 2.8268528728753093e-12 6.933213384646832e-16 5.235063802034984e-18 1.6742013056969682e-75 5.656103860277832e-16
343.0 3.221027311879542e-12 8.093784267783537e-16 6.199057466224282e-18 2.9956937075679414e-75 6.606815962649555e-16
344.0 3.6674453584540216e-12 9.4402941873542e-16 7.333481877952468e-18 5.342267799689709e-75 7.710497322367514e-16
345.0 4.172649690145455e-12 1.1001142660380237e-15 8.667173535286752e-18 9.49518244362736e-75 8.990616035438939e-16
346.0 4.743848023652425e-12 1.2808565519222638e-15 1.0233397497136333e-17 1.682022178844609e-74 1.0473828708128882e-15
347.0 5.389134907325241e-12 1.4899545455198602e-15 1.2070825786063137e-17 2.9697468280359495e-74 1.219073389066561e-15
348.0 6.11782442566018e-12 1.7317137500688837e-15 1.4224923565312234e-17 5.226322801409996e-74 1.4176967654623493e-15
349.0 6.940006257673419e-12 2.010969546514102e-15 1.6747684200995695e-17 9.167835705305794e-74 1.6472583337123908e-15
350.0 7.866989300477e-12 2.333257294993751e-15 1.9699408650580963e-17 1.603029443791261e-73 1.9123457083733802e-15
351.0 8.911412414359481e-12 2.704901526107425e-15 2.3149917642811385e-17 2.794042129545729e-73 2.2182034439408992e-15
352.0 1.008724420557892e-11 3.133077854596115e-15 2.7179599166465868e-17 4.8545506610094947e-73 2.570785535946454e-15
353.0 1.1410337459837297e-11 3.626053897123726e-15 3.188208427778712e-17 8.408349440977578e-73 2.9769550274959254e-15
354.0 1.2897874181292368e-11 4.193096667758985e-15 3.736413366838473e-17 1.451846694864532e-72 3.4444102783022525e-15
355.0 1.456925275072812e-11 4.844838684955569e-15 4.374961511435155e-17 2.499157905276723e-72 3.981987961514642e-15
356.0 1.6445976613720228e-11 5.5933477172188445e-15 5.118104678206675e-17 4.2888618084976136e-72 4.599723309151062e-15
357.0 1.8551764805273923e-11 6.452273264035561e-15 5.98219213014168e-17 7.337943889005803e-72 5.30897364056422e-15
358.0 2.0913106111101428e-11 7.43716059762653e-15 6.986073063243454e-17 1.2517102754783081e-71 6.1226801848306334e-15
359.0 2.3559258532378398e-11 8.565594498902636e-15 8.151362342434344e-17 2.1288291447810226e-71 7.055490413051006e-15
360.0 2.6522692372033268e-11 9.857513967379956e-15 9.502884323501623e-17 3.609913995531281e-71 8.124021601525832e-15
361.0 2.98390895708653e-11 1.133538646079593e-14 1.1069005838449655e-16 6.103504612741057e-71 9.347009335917201e-15
362.0 3.35484520791411e-11 1.30248199461367e-14 1.288241854495573e-16 1.0289712242456477e-70 1.074581760836392e-14
363.0 3.769443552407735e-11 1.495453476267796e-14 1.498032990196687e-16 1.7297194582591652e-70 1.2344421991767536e-14
364.0 4.232556825887899e-11 1.7157075099749545e-14 1.7405406577561704e-16 2.8993960805463424e-70 1.4170003491923396e-14
365.0 4.749558295792343e-11 1.9669225754149937e-14 2.0206474117845538e-16 4.8463060414655857e-70 1.6253300618225e-14
366.0 5.3263304505711853e-11 2.2532270306979776e-14 2.343908916945735e-16 8.077797098563304e-70 1.8628831309034752e-14
367.0 5.969409030776366e-11 2.5792926319898174e-14 2.7166850696133334e-16 1.3426582264381083e-69 2.133567542000212e-14
368.0 6.685982871087909e-11 2.9503736024998955e-14 3.146221020308522e-16 2.2255555364979473e-69 2.441780883142693e-14
369.0 7.483960263110025e-11 3.372377235488013e-14 3.640766068921486e-16 3.6789254068953947e-69 2.7924699506984144e-14
370.0 8.372046382788929e-11 3.8519449609719424e-14 4.20971041283039e-16 6.06488045002477e-69 3.1911991861756274e-14
371.0 9.359853953501972e-11 4.3965552707780425e-14 4.863753466414135e-16 9.971327437473814e-69 3.644237416816567e-14
372.0 1.0457903000710889e-10 5.014581933032977e-14 5.61503142608668e-16 1.6350133387643034e-68 4.158607755022753e-14
373.0 1.1677809068338757e-10 5.715446693639114e-14 6.477357781608854e-16 2.673853368590564e-68 4.742216017175088e-14
374.0 1.3032305081823934e-10 6.509702567607376e-14 7.46639793003751e-16 4.361249048565412e-68 5.4039218772666895e-14
375.0 1.4535351876008835e-10 7.409166442677513e-14 8.59990930185393e-16 7.0949547009353975e-68 6.153651153458407e-14
376.0 1.6202315191503452e-10 8.427096014941473e-14 9.898046080268912e-16 1.1512339529918129e-67 7.002545227778388e-14
377.0 1.805000958567755e-10 9.578310475169289e-14 1.1383613544007818e-15 1.863207970218062e-67 7.963064100991993e-14
378.0 2.0096875324277563e-10 1.0879389653884646e-13 1.3082428829632335e-15 3.007818531483287e-67 9.049154962132637e-14
379.0 2.2363133033932889e-10 1.2348876222524172e-13 1.502370434877251e-15 4.843324211899806e-67 1.0276423742288291e-13
380.0 2.487090503374629e-10 1.4007473650447772e-13 1.7240445548247615e-15 7.779391226720019e-67 1.1662303575862482e-13
381.0 2.76443920178892e-10 1.5878288836718243e-13 1.976992387080797e-15 1.2464250655753605e-66 1.3226260898415378e-13
382.0 3.0710093985311527e-10 1.7987117794390257e-13 2.265422773377175e-15 1.9921128820955892e-66 1.4990037946725038e-13
383.0 3.409695349208947e-10 2.036270582260985e-13 2.594080898513685e-15 3.176121553287849e-66 1.6977874604528167e-13
384.0 3.7836620717036394e-10 2.303709814315624e-13 2.968317219832739e-15 5.051543948233508e-66 1.921680625717555e-13
385.0 4.1963629751426484e-10 2.6045960973831067e-13 3.394156014305685e-15 8.014990130148995e-66 2.1736937724677409e-13
386.0 4.651572991051104e-10 2.9429020867526495e-13 3.878382784582447e-15 1.2686509328693354e-65 2.4571816609777243e-13
387.0 5.153403960191859e-10 3.3230421869065375e-13 4.4286250960280495e-15 2.003315265608815e-65 2.7758738929909313e-13
388.0 5.706344382836733e-10 3.7499263196039023e-13 5.053461469765517e-15 3.155967609736861e-65 3.133920634591643e-13
389.0 6.315285854301126e-10 4.229008713766491e-13 5.762528910229731e-15 4.960206663284171e-65 3.5359342900798453e-13
390.0 6.985556130604923e-10 4.766344303370058e-13 6.566645979349498e-15 7.777835492107625e-65 3.987037639955266e-13
391.0 7.722955497395073e-10 5.368651129252437e-13 7.477950079617464e-15 1.2167941418038462e-64 4.4929171192942514e-13
392.0 8.533799762818036e-10 6.043381536129531e-13 8.510053620164023e-15 1.8992519161350584e-64 5.059883587652729e-13
393.0 9.424957686124814e-10 6.798794137537532e-13 9.678208696775616e-15 2.957758348555489e-64 5.694933887762192e-13
394.0 1.0403896133836314e-09 7.644035974230335e-13 1.0999494059999823e-14 4.595839601185982e-64 6.405821091425701e-13
395.0 1.147873074372011e-09 8.589234100237214e-13 1.2493024494741881e-14 7.125190393778088e-64 7.201132814993948e-13
396.0 1.2658280985026337e-09 9.645596472868717e-13 1.418018360737736e-14 1.1022115468716156e-63 8.090377522620568e-13
397.0 1.3952116322370585e-09 1.082551247890897e-12 1.608486684238137e-14 1.70128644177244e-63 9.084070725974186e-13
398.0 1.5370627812044724e-09 1.2142679577516865e-12 1.8233774631818282e-14 2.6202406312058846e-63 1.0193843306764126e-12
399.0 1.692508304164046e-09 1.3612224957573926e-12 2.065671156166363e-14 4.026829222331706e-63 1.1432545904256324e-12
400.0 1.8627702061929675e-09 1.5250851657386312e-12 2.3386936380286648e-14 6.175193992743936e-63 1.2814374094265496e-12
401.0 2.0491726620998316e-09 1.7076988471801034e-12 2.6461533776720557e-14 9.449531919695804e-63 1.4354997038858192e-12
402.0 2.2531502627160138e-09 1.9110960188389964e-12 2.992183451367245e-14 1.442943024545141e-62 1.6071703522827936e-12
403.0 2.476256365454685e-09 2.137516933816326e-12 3.3813872544518636e-14 2.1987410703989375e-62 1.798355800784218e-12
404.0 2.7201721021531e-09 2.3894294800776013e-12 3.818888926273946e-14 3.343426273307133e-62 2.0111571222628445e-12
405.0 2.9867163755104683e-09 2.6695511314786707e-12 4.310389367720545e-14 5.073514073439822e-62 2.24788887367015e-12
406.0 3.2778558471445684e-09 2.9808722318099006e-12 4.862226891715626e-14 7.6830213473660805e-62 2.511099118272001e-12
407.0 3.595716466070465e-09 3.326682089736441e-12 5.4814451346817676e-14 1.1610951730551194e-61 2.8035918608956117e-12
408.0 3.94259520842465e-09 3.710596852447541e-12 6.175866879233017e-14 1.751147392914911e-61 3.128451032199994e-12
409.0 4.320972580976343e-09 4.136589764368289e-12 6.954175061142611e-14 2.6357432146222256e-61 3.4890665370151504e-12
410.0 4.73352655121636e-09 4.609024598902786e-12 7.826002627640567e-14 3.9592723403119554e-61 3.889163036679951e-12
411.0 5.183146685652173e-09 5.132691281164185e-12 8.802029990758378e-14 5.93561649398226e-61 4.3328306432364586e-12
412.0 5.672949601644801e-09 5.712844905027895e-12 9.894092477906872e-14 8.880975963184928e-61 4.8245585460663036e-12
413.0 6.206295620623595e-09 6.355248253217994e-12 1.1115298436740033e-13 1.326191182492364e-60 5.369271670002889e-12
414.0 6.7868061787153625e-09 7.0662175765825245e-12 1.2480158051261734e-13 1.9765521168274195e-60 5.972370166146087e-12
415.0 7.418382656923338e-09 7.852672505662212e-12 1.4004724892296656e-13 2.9401748384878266e-60 6.639772480236689e-12
416.0 8.105225965502488e-09 8.72218963759615e-12 1.5706749958650822e-13 4.365226501693355e-60 7.377961620636357e-12
417.0 8.851858097208643e-09 9.68306131256833e-12 1.7605851494740858e-13 6.468671371117571e-60 8.194035914609008e-12
418.0 9.663144541396262e-09 1.0744358691737398e-11 1.9723699680779264e-13 9.567620743478885e-60 9.095763511903622e-12
419.0 1.0544318220390181e-08 1.19160000995805e-11 2.2084218608576457e-13 1.4124698742858673e-59 1.0091641459657027e-11
420.0 1.1501005056261725e-08 1.3208825061869658e-11 2.4713807106736834e-13 2.081356998243505e-59 1.1190959724583595e-11
421.0 1.2539251165393001e-08 1.463467436766355e-11 2.76415798575874e-13 3.061341739155479e-59 1.2403870452224704e-11
422.0 1.3665551788578996e-08 1.6206476625277977e-11 3.089963057741662e-13 4.494491449023266e-59 1.374146287375019e-11
423.0 1.4886881732665847e-08 1.793834141007129e-11 3.4523318395902287e-13 6.5865564235827655e-59 1.5215843956190064e-11
424.0 1.6210727762698662e-08 1.9845659891012705e-11 3.855158013168223e-13 9.634982491447589e-59 1.6840225561634182e-11
425.0 1.764512349347626e-08 2.1945214038881104e-11 4.3027271726834807e-13 1.4069011799388966e-58 1.862901906629941e-11
426.0 1.919868589268541e-08 2.425529380382649e-11 4.799753888552586e-13 2.0506986847850602e-58 2.0597936936490643e-11
427.0 2.088065394424677e-08 2.679582336914088e-11 5.351422032432029e-13 2.983809523379215e-58 2.2764102217052823e-11
428.0 2.2700930019808673e-08 2.958849768735465e-11 5.963428742101541e-13 4.333877798708303e-58 2.5146166974879968e-11
429.0 2.4670123622177266e-08 3.2656929438914956e-11 6.642032207804017e-13 6.283821513569498e-58 2.77644398366792e-11
430.0 2.679959727489919e-08 3.602680666577964e-11 7.394103488904832e-13 9.095317625259262e-58 3.064102285552849e-11
431.0 2.9101515877831743e-08 3.972606342169117e-11 8.227183008392408e-13 1.3142074921054774e-57 3.3799959718813714e-11
432.0 3.15888985287955e-08 4.378506280315544e-11 9.149541787702289e-13 1.8956894306344992e-57 3.726739478126376e-11
433.0 3.4275673136558765e-08 4.8236793444543653e-11 1.017024784005713e-12 2.7298118252322275e-57 4.107174386876125e-11
434.0 3.717673481193394e-08 5.311708158000865e-11 1.1299238376224069e-12 3.924330266398189e-57 4.524387866914061e-11
435.0 4.030800714649852e-08 5.846481824369178e-11 1.2547397967950292e-12 5.632104493956828e-57 4.981732437421956e-11
436.0 4.3686507143983575e-08 6.432220348818294e-11 1.3926643310870692e-12 8.069620728804932e-57 5.482847220350306e-11
437.0 4.733041368562955e-08 7.073500833755058e-11 1.5450015006298165e-12 1.1542973860225705e-56 6.03168074519551e-11
438.0 5.125914029288077e-08 7.775285653475604e-11 1.7131777091787827e-12 1.6484255196834975e-56 6.632515485151769e-11
439.0 5.549341162611891e-08 8.542952626825048e-11 1.8987524668924837e-12 2.3502431175288043e-56 7.289994144058492e-11
440.0 6.005534415064543e-08 9.382327354212168e-11 2.103430031537317e-12 3.345437049339915e-56 8.009147839850497e-11
441.0 6.496853128988493e-08 1.029971787855047e-10 2.329071998254104e-12 4.75438416864733e-56 8.795426324702923e-11
442.0 7.025813393598988e-08 1.130195192729338e-10 2.5777109332016824e-12 6.7459279568181375e-56 9.654730465758791e-11
443.0 7.595097498209583e-08 1.239641665243247e-10 2.851565072600558e-12 9.556520248193226e-56 1.0593446920077375e-10
444.0 8.207563918618414e-08 1.359110120201571e-10 3.1530542045802353e-12 1.3516776182616698e-55 1.161848529337258e-10
445.0 8.866257912342923e-08 1.4894642392108435e-10 3.4848168418627948e-12 1.9088256761611435e-55 1.27373180175684e-10
446.0 9.574422577877138e-08 1.6316373391031615e-10 3.849728713879031e-12 2.691433989995551e-55 1.3958022877285462e-10
447.0 1.0335510585743916e-07 1.786637591343886e-10 4.250922745486431e-12 3.789046957254722e-55 1.5289328616312074e-10
448.0 1.115319646937286e-07 1.9555535905899104e-10 4.691810574206281e-12 5.3261017856277504e-55 1.6740663614575785e-10
449.0 1.2031389639179318e-07 2.1395603178018667e-10 5.176105772567771e-12 7.475264200188141e-55 1.8322208030498894e-10
450.0 1.297424794163165e-07 2.3399254854376846e-10 5.707848808941967e-12 1.0475761222305918e-54 2.0044949308800077e-10
451.0 1.398619210256173e-07 2.558016343821361e-10 6.291434004209036e-12 1.465854639090371e-54 2.1920741738070118e-10
452.0 1.5071920722095556e-07 2.7953069105771703e-10 6.931638464507027e-12 2.048079273174134e-54 2.396236973948374e-10
453.0 1.6236426193137398e-07 3.053385711286881e-10 7.633653280681649e-12 2.857310216278161e-54 2.618361564976628e-10
454.0 1.748501132063628e-07 3.3339640143687424e-10 8.403117035191902e-12 3.980402541056111e-54 2.859933186139473e-10
455.0 1.8823306859007187e-07 3.638884624263099e-10 9.24615186145225e-12 5.53681129381615e-54 3.1225517878281355e-10
456.0 2.025728987674414e-07 3.9701312417784427e-10 1.0169402170582206e-11 7.690590652493298e-54 3.407940237242927e-10
457.0 2.1793303022146028e-07 4.329838431966465e-10 1.1180076244421946e-11 1.066672253558089e-53 3.717953059771031e-10
458.0 2.3438074785828416e-07 4.720302246539831e-10 1.2285990918711355e-11 1.4773305396505884e-53 4.054585757476452e-10
459.0 2.5198740767450323e-07 5.143991532646101e-10 1.3495619549394152e-11 2.043166402083679e-53 4.419984733131786e-10
460.0 2.7082865898973793e-07 5.603559949360223e-10 1.481814343389189e-11 2.8217150889064915e-53 4.816457839293038e-10
461.0 2.9098467818361843e-07 6.101858763651945e-10 1.6263506998350814e-11 3.891435898088677e-53 5.246485615278203e-10
462.0 3.1254041356465025e-07 6.641950453603008e-10 1.784247695706237e-11 5.359173331047823e-53 5.712733237224721e-10
463.0 3.3558584154616473e-07 7.227123158511532e-10 1.9566705688482342e-11 7.370225875735735e-53 6.218063216648774e-10
464.0 3.602162351805281e-07 7.860906035934086e-10 2.1448799136141617e-11 1.0121915297366187e-52 6.765548900565543e-10
465.0 3.8653244576953434e-07 8.547085581695739e-10 2.3502389543407662e-11 1.3881848720869652e-52 7.358488822879898e-10
466.0 4.1464119672877323e-07 9.289722937065566e-10 2.5742213254018782e-11 1.901246340971852e-52 8.000421929442809e-10
467.0 4.446553919552444e-07 1.0093172276131931e-09 2.8184194008394798e-11 2.6003971713694246e-52 8.6951437584996e-10
468.0 4.7669443797852985e-07 1.0962100304487656e-09 3.0845532009186223e-11 3.5518522370291375e-52 9.446723605071483e-10
469.0 5.108845809300864e-07 1.1901506940648923e-09 3.3744799151097195e-11 4.844931887314425e-52 1.0259522732604386e-09
470.0 5.47359258591821e-07 1.2916747237012493e-09 3.690204078253603e-11 6.599965709100617e-52 1.11382136827406e-09
471.0 5.862594690977521e-07 1.4013554630380386e-09 4.0338884474195964e-11 8.97884563295885e-52 1.2087800762821366e-09
472.0 6.277341553356039e-07 1.5198065556013707e-09 4.4078656124860636e-11 1.2199098208537867e-51 1.3113641742514743e-09
473.0 6.719406065042397e-07 1.6476845517246596e-09 4.8146503912642084e-11 1.6552625489003663e-51 1.422147084112411e-09
474.0 7.19044878275705e-07 1.7856916707458852e-09 5.2569530632335995e-11 2.2430631533027313e-51 1.5417423091413109e-09
475.0 7.692222302673392e-07 1.9345787217286894e-09 5.737693478948632e-11 3.0356734028663305e-51 1.6708060110750587e-09
476.0 8.226575831403495e-07 2.0951481950151954e-09 6.260016109969613e-11 4.103089335708242e-51 1.8100397388336366e-09
477.0 8.795459957716689e-07 2.2682575328362982e-09 6.827306094326683e-11 5.538762007166223e-51 1.9601933162214567e-09
478.0 9.400931618469084e-07 2.454822584613675e-09 7.443206326413184e-11 7.467300559495302e-51 2.122067893751208e-09
479.0 1.0045159288283104e-06 2.6558212621186497e-09 8.111635670616814e-11 1.0054653714078012e-50 2.296519177983055e-09
480.0 1.0730428379758544e-06 2.8722973991481335e-09 8.83680834868866e-11 1.3521550532050038e-50 2.4844608427130022e-09
481.0 1.145914687486635e-06 3.105364829391937e-09 9.623254579950006e-11 1.8161222100792116e-50 2.686868134148601e-09
482.0 1.2233851187311879e-06 3.3562116911713583e-09 1.0475842540636767e-10 2.4362739222568704e-50 2.904781677911238e-09
483.0 1.3057212274168646e-06 3.626104973058692e-09 1.1399801727357357e-10 3.264170870303132e-50 3.1393115003314455e-09
484.0 1.3932041985506426e-06 3.9163953067652e-09 1.2400747788403028e-10 4.368059994834298e-50 3.39164126992659e-09
485.0 1.4861299688727977e-06 4.228522027240407e-09 1.3484708931425119e-10 5.83816600101164e-50 3.6630327767004364e-09
486.0 1.5848099146335965e-06 4.5640185044410596e-09 1.4658153970280198e-10 7.793626425182213e-50 3.954830653521725e-09
487.0 1.6895715678227273e-06 4.9245177661323045e-09 1.5928022123292546e-10 1.0391570048628455e-49 4.2684673567605585e-09
488.0 1.8007593604519985e-06 5.311758421821332e-09 1.7301754648981066e-10 1.383898714286459e-49 4.605468415364047e-09
489.0 1.918735398344238e-06 5.727590903581453e-09 1.8787328426168055e-10 1.84082320180272e-49 4.967457962473482e-09
490.0 2.0438802654299255e-06 6.173984038813978e-09 2.0393291586407873e-10 2.445724591038816e-49 5.356164563094022e-09
491.0 2.176593858672837e-06 6.653031967844042e-09 2.2128801302787004e-10 3.2455907108317543e-49 5.773427349484369e-09
492.0 2.3172962562425816e-06 7.166961427263563e-09 2.400366386889683e-10 4.302032549983219e-49 6.221202482911622e-09
493.0 2.466428617615131e-06 7.718139408640942e-09 2.6028377168101334e-10 5.695742591675049e-49 6.701569950644702e-09
494.0 2.624454118631948e-06 8.309081215884711e-09 2.8214175681982824e-10 7.532284150961206e-49 7.21674071894179e-09
495.0 2.7918589218090527e-06 8.94245893694628e-09 3.057307816576848e-10 9.949600621388366e-49 7.769064256220845e-09
496.0 2.9691531821792437e-06 9.62111034590769e-09 3.311793812331961e-10 1.3127744692532112e-48 8.36103644093819e-09
497.0 3.1568720908921637e-06 1.0348048258252707e-08 3.586249724129847e-10 1.7301469824588522e-48 8.995307874592783e-09
498.0 3.3555769570447478e-06 1.1126470357290499e-08 3.882144193020578e-10 2.2776508023647645e-48 9.67469261611034e-09
499.0 3.5658563286349363e-06 1.195976951158051e-08 4.2010463130644634e-10 2.995059000434696e-48 1.0402177355521838e-08
500.0 3.788327154384522e-06 1.285154460670609e-08 4.5446319559987176e-10 3.9340559748604224e-48 1.1180931047923768e-08
501.0 4.023635986426044e-06 1.3805611909615985e-08 4.914690456150627e-10 5.161731242113726e-48 1.2014315024279712e-08
502.0 4.272460226544432e-06 1.4826016993459842e-08 5.313131675703544e-10 6.765076432124553e-48 1.2905893604097349e-08
503.0 4.535509415391085e-06 1.591704724055825e-08 5.741993467320308e-10 8.856767329890176e-48 1.3859445226101838e-08
504.0 4.813526567220481e-06 1.7083244952458208e-08 6.203449555653869e-10 1.1582590240672819e-47 1.4878974122900054e-08
505.0 5.1072895505066085e-06 1.8329421089342547e-08 6.699817857469079e-10 1.51309701747665e-47 1.596872255985225e-08
506.0 5.417612515758587e-06 1.966066966506413e-08 7.233569262086028e-10 1.9745182810964866e-47 1.71331836618854e-08
507.0 5.74534737172363e-06 2.1082382824420793e-08 7.80733689457773e-10 2.5738989748189427e-47 1.837711485232123e-08
508.0 6.09138531158145e-06 2.2600266631629808e-08 8.423925885633629e-10 3.3516635785783873e-47 1.9705551929871526e-08
509.0 6.4566583895161845e-06 2.4220357595339525e-08 9.08632367129709e-10 4.3598398642451927e-47 2.1123823806836728e-08
510.0 6.8421411497705605e-06 2.59490399625997e-08 9.797710849049873e-10 5.665319913027588e-47 2.2637567937757126e-08
511.0 7.248852308419194e-06 2.779306380819086e-08 1.0561472615159697e-09 7.354018017808538e-47 2.425274646255827e-08
512.0 7.677856490020194e-06 2.975956395370301e-08 1.1381210811882469e-09 9.536166735256793e-47 2.59756630952407e-08
513.0 8.130266019991298e-06 3.1856079746801526e-08 1.2260756612369258e-09 1.2353055792148747e-46 2.7812980785761885e-08
514.0 8.607242773410396e-06 3.409057573130554e-08 1.3204183871908342e-09 1.5985598285361201e-46 2.977174018296251e-08
515.0 9.110000082441225e-06 3.6471463245443296e-08 1.4215823177476101e-09 2.0665208734382773e-46 3.1859378932316535e-08
516.0 9.639804702927479e-06 3.9007622980195215e-08 1.5300276626284676e-09 2.6687603128365583e-46 3.4083751837571e-08
517.0 1.0197978841754939e-05 4.170842853465923e-08 1.6462433366749282e-09 3.443028848675968e-46 3.64531519197736e-08
518.0 1.0785902245800498e-05 4.458377100322576e-08 1.7707485935301151e-09 4.437470647193181e-46 3.897633240535834e-08
519.0 1.1405014354004285e-05 4.764408463316904e-08 1.904094742481789e-09 5.713424200704755e-46 4.166252967834467e-08
520.0 1.2056816514188042e-05 5.090037359271468e-08 2.046866952192692e-09 7.348961574508597e-46 4.452148723302711e-08
521.0 1.2742874264479136e-05 5.4364239883253575e-08 2.1996861448787717e-09 9.443356356108312e-46 4.756348065799559e-08
522.0 1.3464819682406413e-05 5.8047912443718093e-08 2.363210985161189e-09 1.2122718555457314e-45 5.079934369492084e-08
523.0 1.4224353801142292e-05 6.196427748116641e-08 2.538139967356239e-09 1.5547094419206876e-45 5.4240495403376654e-08
524.0 1.5023249095668095e-05 6.612691007656448e-08 2.7252136056664422e-09 1.9919403453922937e-45 5.789896847609453e-08
525.0 1.5863352038059965e-05 7.055010710044404e-08 2.925216731256297e-09 2.5496677383102832e-45 6.1787438736578e-08
526.0 1.6746585725670167e-05 7.524892149400471e-08 3.138980901153206e-09 3.260418060471406e-45 6.591925586934268e-08
527.0 1.7674952580472402e-05 8.023919794824363e-08 3.367386923077694e-09 4.165313424850612e-45 7.030847541298411e-08
528.0 1.8650537123589786e-05 8.553761004006291e-08 3.6113675015027028e-09 5.3162942699252694e-45 7.496989206941748e-08
529.0 1.9675508823093845e-05 9.116169885897046e-08 3.8719100093021424e-09 6.778904043432396e-45 7.991907436050342e-08
530.0 2.0752125018897816e-05 9.712991318477003e-08 4.150059390578761e-09 8.635774810229926e-45 8.517240068679099e-08
531.0 2.1882733924152705e-05 1.034616512578693e-07 4.446921199595451e-09 1.0990986198043123e-44 9.07470968267278e-08
532.0 2.3069777705059188e-05 1.1017730419624822e-07 4.76366478137409e-09 1.397551151329843e-44 9.666127492562499e-08
533.0 2.4315795638531337e-05 1.1729830110259646e-07 5.1015265991968444e-09 1.775401598533812e-44 1.0293397401448682e-07
534.0 2.562342735134644e-05 1.2484715592605724e-07 5.4618137152688266e-09 2.253333515547946e-44 1.0958520211723344e-07
535.0 2.6995416139593143e-05 1.3284751612139297e-07 5.845907430001158e-09 2.8573039123834415e-44 1.1663597998594447e-07
536.0 2.843461236888093e-05 1.413242131568444e-07 6.255267085855917e-09 3.6198584022687196e-44 1.241083865112218e-07
537.0 2.9943976959118748e-05 1.5030331493964067e-07 6.691434042607783e-09 4.581766974886715e-44 1.320256058703629e-07
538.0 3.152658495137094e-05 1.598121801984065e-07 7.156035829710029e-09 5.794056757944469e-44 1.4041197645001957e-07
539.0 3.3185629158911494e-05 1.6987951488507907e-07 7.650790482607286e-09 7.320535884536511e-44 1.4929304160058734e-07
540.0 3.4924423904636836e-05 1.8053543066073146e-07 8.177511070069949e-09 9.2409243654955e-44 1.5869560228121273e-07
541.0 3.674640884200206e-05 1.918115055052341e-07 8.738110418666167e-09 1.1654734563237784e-43 1.6864777163287306e-07
542.0 3.865515286416527e-05 2.0374084652993573e-07 9.33460604239162e-09 1.4686076561940596e-43 1.7917903155153386e-07
543.0 4.0654358097880634e-05 2.163581550318578e-07 9.969125283790359e-09 1.848960373579281e-43 1.90320291297699e-07
544.0 4.274786398702601e-05 2.2969979387208394e-07 1.0643910675051472e-08 2.3257862733406026e-43 2.0210394821757626e-07
545.0 4.493965146134617e-05 2.438038572133291e-07 1.1361325525540546e-08 2.9230371843893877e-43 2.145639506092084e-07
546.0 4.7233847195401126e-05 2.5871024270214235e-07 1.2123859744687539e-08 3.670482463983201e-43 2.2773586281136788e-07
547.0 4.9634727953808194e-05 2.7446072613482316e-07 1.2934135907171453e-08 4.6050904720411585e-43 2.4165693255228777e-07
548.0 5.2146725026927166e-05 2.9109903869027887e-07 1.3794915569541696e-08 5.772730574293779e-43 2.5636616063421e-07
549.0 5.4774428754091856e-05 3.0867094677585054e-07 1.4709105845843996e-08 7.230268284961653e-43 2.719043729970592e-07
550.0 5.7522593134754246e-05 3.2722433455025985e-07 1.5679766250810473e-08 9.048142207343196e-43 2.8831429522056006e-07
551.0 6.039614053155486e-05 3.4680928920970353e-07 1.6710115820389383e-08 1.1313530936126702e-42 3.0564062954345907e-07
552.0 6.340016645715536e-05 3.674781890550251e-07 1.780354051629953e-08 1.4134241770841412e-42 3.239301344185829e-07
553.0 6.65399444543835e-05 3.8928579445880546e-07 1.8963600926275455e-08 1.7643481835561428e-42 3.4323170671143036e-07
554.0 6.982093106014927e-05 4.12289341743365e-07 2.0194040266667053e-08 2.2005707046778638e-42 3.635964665550344e-07
555.0 7.324877086034878e-05 4.365486400771801e-07 2.1498792698860656e-08 2.7423786594017054e-42 3.850778449589359e-07
556.0 7.682930162931718e-05 4.621261714189894e-07 2.288199196737347e-08 3.414777170170526e-42 4.0773167420122474e-07
557.0 8.05685595581931e-05 4.890871936023576e-07 2.4347980370723915e-08 4.248561925874515e-42 4.3161628108863883e-07
558.0 8.447278456669082e-05 5.174998465957196e-07 2.5901318073518126e-08 5.281629560651905e-42 4.567925831188437e-07
559.0 8.85484257015332e-05 5.474352620253505e-07 2.7546792770934255e-08 6.56057759961898e-42 4.83324187625312e-07
560.0 9.280214661821762e-05 5.789676760098313e-07 2.9289429715036663e-08 8.14265640838531e-42 5.112774939509897e-07
561.0 9.724083114568235e-05 6.121745453720657e-07 3.113450211337506e-08 1.0098148708573468e-41 5.407217987124039e-07
562.0 0.0001018715889333098 6.471366672945744e-07 3.30875419104787e-08 1.2513268034342046e-41 5.717294042156433e-07
563.0 0.000106701761177011 6.839383024669706e-07 3.515435096216294e-08 1.5493686540258105e-41 6.043757300708315e-07
564.0 0.00011173892642492682 7.226673017982869e-07 3.734101261392863e-08 1.9168825468810552e-41 6.387394280727492e-07
565.0 0.00011699090646190206 7.634152367586937e-07 3.965390369450022e-08 2.369706910779693e-41 6.749025004081386e-07
566.0 0.00012246577226645504 8.062775333796772e-07 4.2099706933866456e-08 2.92720961214193e-41 7.129504212189186e-07
567.0 0.00012817185004367125 8.513536100039545e-07 4.4685423818546315e-08 3.61305618095409e-41 7.529722616055471e-07
568.0 0.0001341177273296441 8.987470188262817e-07 4.7418387894386466e-08 4.456141241967615e-41 7.950608181105294e-07
569.0 0.00014031225916419905 9.485655912724302e-07 5.030627852764237e-08 5.491716963997542e-41 8.393127447274954e-07
570.0 0.00014676457433155957 1.000921587282557e-06 5.335713513623829e-08 6.762759165775184e-41 8.858286884980705e-07
571.0 0.00015348408166577815 1.0559318485460921e-06 5.6579371902252576e-08 8.321619883407066e-41 9.347134287419012e-07
572.0 0.0001604804764169437 1.1137179557286686e-06 5.998179297645392e-08 1.023202496838431e-40 9.860760199593841e-07
573.0 0.0001677637466791495 1.17440638976501e-06 6.357360818763957e-08 1.2571486950333748e-40 1.0400299384762252e-06
574.0 0.00017534417986958488 1.2381286972106027e-06 6.736444926530834e-08 1.543421732383674e-40 1.0966932328271963e-06
575.0 0.00018323236926810242 1.3050216597826736e-06 7.136438659174401e-08 1.8934639032465998e-40 1.1561886779983824e-06
576.0 0.00019143922059787697 1.3752274680194977e-06 7.558394648882833e-08 2.3211619724227055e-40 1.2186439334688174e-06
577.0 0.00019997595865940557 1.4488938992072001e-06 8.003412905693579e-08 2.8433569944054626e-40 1.2841917051873463e-06
578.0 0.0002088541340024059 1.5261744995272514e-06 8.472642657274193e-08 3.480457850519469e-40 1.3529699114470259e-06
579.0 0.0002180856296366472 1.6072287704919364e-06 8.967284245906753e-08 4.257179068050778e-40 1.4251218527203894e-06
580.0 0.00022768266778133557 1.692222359725426e-06 9.488591083951738e-08 5.20342745518555e-40 1.500796385510408e-06
581.0 0.00023765781663843125 1.7813272560413672e-06 1.0037871668481607e-07 6.355366800230643e-40 1.5801481001773476e-06
582.0 0.00024802399719589817 1.8747219889166419e-06 1.0616491656608342e-07 7.756695480018755e-40 1.6633375028335729e-06
583.0 0.0002587944900506143 1.972591832340131e-06 1.1225876002366741e-07 9.460178459341256e-40 1.7505312012912203e-06
584.0 0.00026998294224925463 2.0751290130762105e-06 1.186751115636134e-07 1.1529483029852602e-39 1.8419020951016515e-06
585.0 0.0002816033741358798 2.1825329233076732e-06 1.2542947328965205e-07 1.4041376953276307e-39 1.937629569658973e-06
586.0 0.00029367018621043276 2.2950103377379577e-06 1.3253800818518728e-07 1.7088358700905277e-39 2.0378996944421075e-06
587.0 0.000306198165985059 2.412775635098457e-06 1.400175640521865e-07 2.0781802521994246e-39 2.1429054253508605e-06
588.0 0.00031920249483638675 2.536051024089004e-06 1.478856981185797e-07 2.5255716487122368e-39 2.2528468111644353e-06
589.0 0.0003326987548439497 2.6650667737149184e-06 1.561607023220679e-07 3.067122985587436e-39 2.367931204093329e-06
590.0 0.00034670293561579095 2.8000614480661804e-06 1.6486162928302205e-07 3.7221947603652935e-39 2.4883734744685175e-06
591.0 0.00036123144108926814 2.941282145478849e-06 1.74008318973039e-07 4.5140335281263485e-39 2.6143962295180857e-06
592.0 0.000376301096297073 3.088984742028427e-06 1.836214260861763e-07 5.4705327246231905e-39 2.746230036189885e-06
593.0 0.0003919291541064736 3.243434139448219e-06 1.9372244812835803e-07 6.625138648326239e-39 2.884113648106127e-06
594.0 0.0004081333019038055 3.4049045172694395e-06 2.0433375422289187e-07 8.017928562950517e-39 3.02829423647243e-06
595.0 0.00042493166823862316 3.5736795893207614e-06 2.1547861465015075e-07 9.696892752392937e-39 3.179027625066737e-06
596.0 0.0004423428294021514 3.7500528643951163e-06 2.2718123111982085e-07 1.1719458083527496e-38 3.3365785291402406e-06
597.0 0.000460385815946915 3.934327911152748e-06 2.3946676778959415e-07 1.4154297356485099e-38 3.5012207982945094e-06
598.0 0.0004790801191249045 4.1268186270782565e-06 2.523613830289871e-07 1.708347661393797e-38 3.6732376631754885e-06
599.0 0.0004984456972542126 4.327849511579175e-06 2.6589226194314726e-07 2.0605001840081027e-38 3.8529219860649e-06
600.0 0.0005185029819892438 4.537755943013409e-06 2.800876496531875e-07 2.4835837332474166e-38 4.0405765151823776e-06
601.0 0.000539272884497348 4.756884459663014e-06 2.949768853433853e-07 2.991548074547847e-38 4.2365141427162916e-06
602.0 0.000560776801526045 4.985593044506401e-06 3.105904370753342e-07 3.601019468902405e-38 4.441058166453908e-06
603.0 0.0005830366213577274 5.2242514137450425e-06 3.2695993737530626e-07 4.331801218255136e-38 4.654542554973901e-06
604.0 0.0006060747296435435 5.4732413089912165e-06 3.441182195978801e-07 5.207465362628148e-38 4.87731221632007e-06
605.0 0.0006299140150936909 5.7329567928857305e-06 3.6209935505999263e-07 6.256051674281695e-38 5.109723269952264e-06
606.0 0.0006545778750404543 6.003804548259084e-06 3.809386909608942e-07 7.510892872660427e-38 5.35214332207733e-06
607.0 0.0006800902208345074 6.286204180441584e-06 4.006728890713855e-07 9.011588225350078e-38 5.604951744010127e-06
608.0 0.0007064754830921424 6.580588522836242e-06 4.2133996520734797e-07 1.0805151481367813e-37 5.868539953667429e-06
609.0 0.0007337586167628829 6.8874039454244335e-06 4.429793294742878e-07 1.294736348870678e-37 6.143311699901735e-06
610.0 0.0007619651060200214 7.207110666168013e-06 4.6563182728784094e-07 1.550436498002322e-37 6.4296833496436325e-06
611.0 0.0007911209689572102 7.540183065086431e-06 4.893397811630584e-07 1.855453098305161e-37 6.728084177656045e-06
612.0 0.0008212527620844046 7.887110000873362e-06 5.14147033270397e-07 2.2190675260197362e-37 7.038956658780124e-06
613.0 0.0008523875846098178 8.248395129847562e-06 5.400989887514376e-07 2.6522641258153154e-37 7.362756762490093e-06
614.0 0.0008845530825025552 8.62455722710062e-06 5.672426597913313e-07 3.168034543137738e-37 7.699954249634662e-06
615.0 0.0009177774523173368 9.016130509569362e-06 5.956267104357418e-07 3.781734969645327e-37 8.051032971122051e-06
616.0 0.0009520894447735426 9.4236649608541e-06 6.253015021455925e-07 4.511505241412765e-37 8.416491168388739e-06
617.0 0.0009875183680798044 9.84772665758752e-06 6.563191400814065e-07 5.37876019522684e-37 8.796841775477114e-06
618.0 0.0010240940909957434 1.0288898097154864e-05 6.887335201082744e-07 6.40876538676005e-37 9.192612722543333e-06
619.0 0.0010618470456081768 1.0747778526414225e-05 7.226003765017897e-07 7.631311241351497e-37 9.604347240480722e-06
620.0 0.001100808229816973 1.1224984271231735e-05 7.579773303456588e-07 9.081501984851702e-37 1.003260416649195e-05
621.0 0.0011410092095291149 1.1721149066675692e-05 7.949239386132092e-07 1.0800678335493537e-36 1.0477958250469108e-05
622.0 0.001182482120525873 1.22369243873615e-05 8.335017439006475e-07 1.2837495981734073e-36 1.0941000461725834e-05
623.0 0.0012252596700167066 1.2772979777923203e-05 8.737743248117921e-07 1.5249185388381228e-36 1.1422338296057683e-05
624.0 0.0012693751378523718 1.333000318316088e-05 9.158073469646241e-07 1.8103022533744943e-36 1.1922596082725426e-05
625.0 0.0013148623773841998 1.3908701277546045e-05 9.596686145980588e-07 2.1478044866259353e-36 1.244241529107436e-05
626.0 0.0013617558159721244 1.450979979392306e-05 1.0054281227673717e-06 2.546705217279042e-36 1.2982454836641754e-05
627.0 0.0014100904551161333 1.5134043850942833e-05 1.0531581100952777e-06 3.017893827812895e-36 1.3543391386334299e-05
628.0 0.0014599018702018012 1.5782198278919233e-05 1.102933112055313e-06 3.574140666842653e-36 1.4125919662395001e-05
629.0 0.0015112262098541413 1.645504794382833e-05 1.1548300147654725e-06 4.230413138870544e-36 1.4730752744905055e-05
630.0 0.0015641001948808956 1.7153398069019472e-05 1.2089281092586894e-06 5.0042434063877037e-36 1.535862237243067e-05
631.0 0.001618561116795384 1.787807455429098e-05 1.2653091462016173e-06 5.916155881516573e-36 1.6010279240499424e-05
632.0 0.00167464683590917 1.8629924291975596e-05 1.324057391031747e-06 6.990163939469857e-36 1.6686493297583346e-05
633.0 0.0017323957789843417 1.9409815479664424e-05 1.3852596794808274e-06 8.254346727461176e-36 1.7388054038251013e-05
634.0 0.001791846936419897 2.02186379290164e-05 1.4490054734386007e-06 9.741518596946646e-36 1.811577079298763e-05
635.0 0.001853039858981965 2.1057303370479408e-05 1.5153869171367607e-06 1.1490005584840218e-35 1.8870473014521185e-05
636.0 0.0019160146540577402 2.1926745753409905e-05 1.584498893608071e-06 1.354454554470641e-35 1.965301056018861e-05
637.0 0.001980811981402794 2.2827921540943893e-05 1.6564390813645426e-06 1.5957331021334976e-35 2.046425396975508e-05
638.0 0.002047473048405611 2.3761809999575637e-05 1.7313080112809596e-06 1.8789216816568776e-35 2.130509473864007e-05
639.0 0.0021160396048255483 2.4729413482622297e-05 1.809209123612914e-06 2.2111117460191725e-35 2.217644558580598e-05
640.0 0.002186553937021194 2.5731757707434042e-05 1.8902488251265498e-06 2.600562353603706e-35 2.307924071617526e-05
641.0 0.002259058861626858 2.676989202551433e-05 1.974536546265532e-06 3.056887008356439e-35 2.4014436076818682e-05
642.0 0.0023335977186977725 2.7844889685432358e-05 2.0621847983318286e-06 3.5912695174724967e-35 2.4983009606799945e-05
643.0 0.0024102143642950893 2.8957848087823395e-05 2.1533092306129025e-06 4.216713233635183e-35 2.598596148003574e-05
644.0 0.0024889531625009943 3.010988903198273e-05 2.2480286874018535e-06 4.948328684574663e-35 2.7024314340718054e-05
645.0 0.0025698589768584075 3.130215895359675e-05 2.3464652648585912e-06 5.80366531778153e-35 2.809911353087903e-05
646.0 0.0026529771612334805 3.253582915319311e-05 2.4487443676618424e-06 6.803093914710381e-35 2.9211427309712773e-05
647.0 0.0027383535500659986 3.381209601447619e-05 2.5549947653692653e-06 7.970247170295581e-35 3.036234706389463e-05
648.0 0.002826034448034947 3.513218121245889e-05 2.665348648457393e-06 9.332527005801287e-35 3.1552987508806815e-05
649.0 0.002916066619087699 3.649733191032808e-05 2.779941683938597e-06 1.092168840280948e-34 3.278448687970422e-05
650.0 0.003008497274865424 3.790882094500153e-05 2.898913070527708e-06 1.277451093388505e-34 3.405800711277063e-05
651.0 0.0031033740624868697 3.9367947000457725e-05 3.0224055932633857e-06 1.4933570742460476e-34 3.537473401522718e-05
652.0 0.003200745051694805 4.087603476842571e-05 3.150565677526035e-06 1.7448127516409964e-34 3.6735877424109436e-05
653.0 0.003300658721367312 4.243443509599478e-05 3.2835434423908394e-06 2.037514303433768e-34 3.814267135330399e-05
654.0 0.003403163945354251 4.40445251191555e-05 3.4214927532106813e-06 2.378045017219955e-34 3.9596374127942085e-05
655.0 0.0035083099776717676 4.570770838219812e-05 3.564571273392623e-06 2.774009387693565e-34 4.109826850606982e-05
656.0 0.00361614643702587 4.7425414942099636e-05 3.712940515269033e-06 3.2341868582012085e-34 4.2649661786798814e-05
657.0 0.0037267232906518276 4.919910145721224e-05 3.866765889976529e-06 3.768707990300932e-34 4.4251885904304485e-05
658.0 0.00384009083749721 5.103025126009798e-05 4.026216756296082e-06 4.389256226016336e-34 4.5906297507516477e-05
659.0 0.003956299690704971 5.292037441341237e-05 4.191466468332591e-06 5.109298838430189e-34 4.761427802449864e-05
660.0 0.004075400759418547 5.4871007748585455e-05 4.362692421976584e-06 5.944351153848132e-34 4.937723371127566e-05
661.0 0.004197445229886887 5.688371488646375e-05 4.5400761000434e-06 6.912278679889467e-34 5.119659568433673e-05
662.0 0.004322484545890533 5.89600862396426e-05 4.723803116028299e-06 8.033642396694046e-34 5.307381993655581e-05
663.0 0.004450570388453093 6.110173899544837e-05 4.914063256353333e-06 9.332093171664766e-34 5.5010387335574175e-05
664.0 0.004581754654876542 6.331031707952483e-05 5.111050521059396e-06 1.0834822052124513e-33 5.7007803604586064e-05
665.0 0.004716089437043394 6.55874910986699e-05 5.314963162790683e-06 1.2573074085631454e-33 5.906759928429031e-05
666.0 0.0048536269990588615 6.793495826334587e-05 5.526003724059828e-06 1.4582734327702562e-33 6.119132967636977e-05
667.0 0.004994419754150882 7.035444228814512e-05 5.744379072608243e-06 1.6904995834256604e-33 6.338057476693266e-05
668.0 0.0051385202409011494 7.284769327062907e-05 5.970300434846645e-06 1.9587120718095682e-33 6.563693913027198e-05
669.0 0.005285981098759767 7.541648754728816e-05 6.203983427224521e-06 2.2683306791250004e-33 6.796205181179542e-05
670.0 0.005436855042859426 7.80626275262353e-05 6.445648085445362e-06 2.625567393851795e-33 7.035756618975627e-05
671.0 0.005591194838143967 8.078794149624129e-05 6.695518891443059e-06 3.0375386193128825e-33 7.282515981541136e-05
672.0 0.005749053272807807 8.359428341145385e-05 6.953824798011727e-06 3.512392753730239e-33 7.536653423099279e-05
673.0 0.005910483131020699 8.648353265081608e-05 7.22079925095209e-06 4.0594551755368813e-33 7.79834147645841e-05
674.0 0.006075537165008643 8.94575937525909e-05 7.496680208711695e-06 4.689392925582671e-33 8.06775503022463e-05
675.0 0.006244268066414874 9.251839612227201e-05 7.781710159318238e-06 5.414401668236712e-33 8.345071303582135e-05
676.0 0.006416728437015414 9.56678937143425e-05 8.076136134585013e-06 6.248417839261476e-33 8.630469818680703e-05
677.0 0.00659297075876949 9.89080646869791e-05 8.380209721452975e-06 7.207359253507804e-33 8.924132370546712e-05
678.0 0.0067730473631881115 0.0001022409110288298 8.694187070334206e-06 8.30939785470301e-33 9.226242994436737e-05
679.0 0.006957010400085618 0.00010566845815820681 9.018328900422748e-06 9.575268747997104e-33 9.536987930662297e-05
680.0 0.007144911805661149 0.00010919275449328372 9.35290050178956e-06 1.1028620168835585e-32 9.856555586756128e-05
681.0 0.007336803269983444 0.00011281587099378482 9.698171734237765e-06 1.269640961581962e-32 0.00010185136497021679
682.0 0.007532736203817954 0.00011653990067262442 1.0054417022720454e-05 1.460935201685195e-32 0.00010522923279324274
683.0 0.0077327617048819925 0.0001203669580781875 1.0421915349312771e-05 1.6802426515387417e-32 0.00010870110589184017
684.0 0.007936930523483227 0.0001242991787459627 1.0800950241559406e-05 1.9315449264728957e-32 0.00011226895071051684
685.0 0.008145293027599112 0.0001283387186198094 1.1191809757152368e-05 2.219372051315414e-32 0.00011593475306790622
686.0 0.00835789916735969 0.00013248775344167538 1.1594786464766334e-05 2.548875526090982e-32 0.00011970051761255444
687.0 0.008574798439011875 0.00013674847811038848 1.2010177421034292e-05 2.925910788402112e-32 0.0001235682672502131
688.0 0.008796039848330427 0.00014112310600839732 1.2438284143493892e-05 3.3571302361188724e-32 0.000127540042541599
689.0 0.009021671873513519 0.00014561386829647156 1.2879412579432104e-05 3.8500881123659404e-32 0.00013161790107060495
690.0 0.009251742427585051 0.00015022301317614754 1.333387307053589e-05 4.413358708878929e-32 0.00013580391678274438
691.0 0.009486298820304134 0.00015495280511936048 1.3801980313225474e-05 5.056669515314354e-32 0.00014010017929330076
692.0 0.00972538771963117 0.00015980552406551142 1.4284053314617013e-05 5.791051132963185e-32 0.00014450879316538174
693.0 0.009969055112736618 0.00016478346458519708 1.4780415343970918e-05 6.629005983523561e-32 0.00014903187715715617
694.0 0.010217346266601184 0.00016988893501087055 1.5291393879573393e-05 7.584698079528317e-32 0.0001536715634384925
695.0 0.01047030568820543 0.0001751242565338754 1.5817320550924886e-05 8.674166385084139e-32 0.00015842999677647047
696.0 0.010727977084359758 0.00018049176226819235 1.635853107618896e-05 9.91556458666023e-32 0.00016330933369004884
697.0 0.010990403321175337 0.00018599379628041822 1.6915365194781205e-05 1.1329430416655397e-31 0.00016831174157343158
698.0 0.011257626383216323 0.00019163271258617183 1.7488166595038274e-05 1.293898803086512e-31 0.00017343939778828468
699.0 0.011529687332338213 0.0001974108741125473 1.807728283685495e-05 1.4770487338292861e-31 0.00017869448872443765
700.0 0.011806626266276628 0.00020333065162725906 1.868306526927002e-05 1.6853584622204524e-31 0.00018407920882962877
