200.0 3.6066305621512586e-130 3.6399426765956076e-139 2.807888600210527e-150 3.963549654313767e-241 1.706781351665351e-136
201.0 3.606630433499089e-130 4.03506730400999e-139 3.535275390964402e-150 1.4791754749938435e-240 1.835038397118382e-136
202.0 3.6066302965854946e-130 4.4685218887197906e-139 4.440952182496675e-150 5.448693315428317e-240 1.9715185365612345e-136
203.0 3.6066301509762154e-130 4.943566865298757e-139 5.566126247264272e-150 1.981463095625651e-239 2.1166527708146778e-136
204.0 3.6066299962197105e-130 5.463699085414457e-139 6.960949257810857e-150 7.115126317130997e-239 2.2708891435558656e-136
205.0 3.606629831846733e-130 6.032665761157044e-139 8.686331802401709e-150 2.5232639760164503e-238 2.4346931539162356e-136
206.0 3.6066296573699047e-130 6.65447901709129e-139 1.081609991549577e-149 8.839039774755849e-238 2.608548169449689e-136
207.0 3.606629472283283e-130 7.33343106578951e-139 1.3439553081274912e-149 3.059054218091033e-237 2.7929558391742237e-136
208.0 3.606629276061937e-130 8.074110021427419e-139 1.666449261241678e-149 1.0461279750270504e-236 2.9884365063898268e-136
209.0 3.6066290681615154e-130 8.881416365826104e-139 2.062080010350175e-149 3.5356757556698784e-236 3.195529620975244e-136
210.0 3.6066288480178223e-130 9.760580081100179e-139 2.546465798070049e-149 1.1811988584068777e-235 3.4147941508664723e-136
211.0 3.6066286150463823e-130 1.0717178462828148e-138 3.138351820734401e-149 3.9012896570973586e-235 3.646808992420783e-136
212.0 3.6066283686420195e-130 1.1757154627390585e-138 3.860194116974752e-149 1.274084490574424e-234 3.892173379370763e-136
213.0 3.6066281081784257e-130 1.2886836726831956e-138 4.73884448927114e-149 4.114926310535788e-234 4.1515072900746376e-136
214.0 3.6066278330077425e-130 1.4112957884286453e-138 5.806352527709028e-149 1.314520468837777e-233 4.42545185277053e-136
215.0 3.6066275424601274e-130 1.5442676862673752e-138 7.1009031296703295e-149 4.154133979609854e-233 4.714669748544939e-136
216.0 3.6066272358433417e-130 1.688359947901132e-138 8.667910535095987e-149 1.2988729422799188e-232 5.0198456117277096e-136
217.0 3.6066269124423242e-130 1.844380077631144e-138 1.0561292858608858e-148 4.018739279472442e-232 5.341686427428878e-136
218.0 3.6066265715187792e-130 2.0131847964629835e-138 1.2844954434796005e-148 1.2305882916151185e-231 5.680921925935602e-136
219.0 3.606626212310755e-130 2.195682414241381e-138 1.5594507042525952e-148 3.729899733630111e-231 6.038304973691267e-136
220.0 3.606625834032239e-130 2.3928352808855014e-138 1.889926528334456e-148 1.119189155902163e-230 6.4146119605819365e-136
221.0 3.6066254358727465e-130 2.6056623177494107e-138 2.2864556106922725e-148 3.3249966915033365e-230 6.810643183259971e-136
222.0 3.6066250169969125e-130 2.835241630084315e-138 2.7614387756789475e-148 9.781797969665154e-230 7.227223224238186e-136
223.0 3.6066245765440945e-130 3.0827132015298173e-138 3.329452931049089e-148 2.8499892381137597e-229 7.6652013264932e-136
224.0 3.6066241136279734e-130 3.349281671509665e-138 4.0076058573213444e-148 8.224719596349095e-229 8.125451763320728e-136
225.0 3.606623627336157e-130 3.6362191963546257e-138 4.8159443421570794e-148 2.3512976987866304e-228 8.60887420319104e-136
226.0 3.6066231167298e-130 3.944868394920185e-138 5.777922985913835e-148 6.659737092272679e-228 9.116394069357622e-136
227.0 3.606622580843205e-130 4.2766453794107353e-138 6.92094191180677e-148 1.8690583139797636e-227 9.648962893977838e-136
228.0 3.6066220186834584e-130 4.6330428720641954e-138 8.276962620876708e-148 5.198252076142066e-227 1.0207558666510032e-135
229.0 3.6066214292300434e-130 5.0156334082916875e-138 9.883212347618286e-148 1.4328873180744537e-226 1.0793186176156642e-135
230.0 3.6066208114344786e-130 5.42607262680702e-138 1.1782988506791939e-147 3.915052288727365e-226 1.1406877348130009e-135
231.0 3.6066201642199525e-130 5.866102647218808e-138 1.4026576186518776e-147 1.0604340119375044e-225 1.2049691573522717e-135
232.0 3.606619486480965e-130 6.3375555354955e-138 1.6672293148951974e-147 2.8477322694456524e-225 1.2722716032571006e-135
233.0 3.6066187770829733e-130 6.842356857649776e-138 1.9787678460189955e-147 7.582844033046593e-225 1.3427066011106118e-135
234.0 3.6066180348620497e-130 7.382529321924483e-138 2.3450842699119728e-147 2.0023028289486404e-224 1.41638852099951e-135
235.0 3.6066172586245414e-130 7.960196509696209e-138 2.775199970496141e-147 5.243707734204043e-224 1.4934346047379208e-135
236.0 3.6066164471467324e-130 8.57758669524683e-138 3.2795202030843284e-147 1.3620840114965342e-223 1.5739649953524615e-135
237.0 3.6066155991745275e-130 9.237036754485694e-138 3.8700304692218934e-147 3.5097070251106046e-223 1.6581027658106883e-135
238.0 3.606614713423122e-130 9.940996162638573e-138 4.5605184451907344e-147 8.971880598632444e-223 1.7459739469758436e-135
239.0 3.606613788576694e-130 1.0692031080850348e-137 5.366824478665041e-147 2.2755433610562452e-222 1.837707554771408e-135
240.0 3.606612823288101e-130 1.1492828531580573e-137 6.307123985326274e-147 5.726884088409844e-222 1.9334356165397365e-135
241.0 3.6066118161785804e-130 1.2346200662601687e-137 7.402245423677315e-147 1.430293771729298e-221 2.0332931965797358e-135
242.0 3.6066107658374536e-130 1.3255089099341494e-137 8.676027904088913e-147 3.545250402793645e-221 2.1374184208493007e-135
243.0 3.6066096708218514e-130 1.4222569385241012e-137 1.0155722899637183e-146 8.722158076816203e-221 2.245952500818874e-135
244.0 3.606608529656433e-130 1.5251855509730959e-137 1.1872444974067767e-146 2.1300816705768525e-220 2.359039756463301e-135
245.0 3.6066073408331242e-130 1.6346304523358947e-137 1.3861676928907413e-146 5.164200104259016e-220 2.4768276383796876e-135
246.0 3.6066061028108507e-130 1.7509421239532678e-137 1.6163835300153231e-146 1.2430339125718336e-219 2.5994667490199776e-135
247.0 3.6066048140152923e-130 1.8744863022273591e-137 1.8824902708058156e-146 2.970803855712965e-219 2.7271108630274116e-135
248.0 3.60660347283864e-130 2.005644465930714e-137 2.1897134184434105e-146 7.050394732439681e-219 2.85991694666686e-135
249.0 3.6066020776393563e-130 2.144814331974795e-137 2.543984527389233e-146 1.6616444596539506e-218 2.9980451763397414e-135
250.0 3.6066006267419548e-130 2.29241035955702e-137 2.952029043199761e-146 3.889413968819444e-218 3.141658956174953e-135
251.0 3.6065991184367793e-130 2.44886426259852e-137 3.421464102805988e-146 9.042473206203308e-218 3.2909249346878475e-135
252.0 3.606597550979795e-130 2.614625530378294e-137 3.9609073107034968e-146 2.088249192547078e-217 3.4460130205001586e-135
253.0 3.6065959225923853e-130 2.790161956262602e-137 4.58009759777502e-146 4.790754607057734e-217 3.60709639711427e-135
254.0 3.606594231461168e-130 2.975960174422177e-137 5.290029367760315e-146 1.0919078302251492e-216 3.774351536736118e-135
255.0 3.6065924757378008e-130 3.172526204423069e-137 6.103101242135541e-146 2.4726457000947287e-216 3.947958213141503e-135
256.0 3.6065906535388165e-130 3.380386003570857e-137 7.033280827825616e-146 5.563710757631504e-216 4.1280995135814664e-135
257.0 3.6065887629454524e-130 3.6000860268813624e-137 8.096287054223023e-146 1.2440169846959352e-215 4.3149618497227545e-135
258.0 3.606586802003496e-130 3.832193794545151e-137 9.309791756923756e-146 2.764261082539719e-215 4.508734967620443e-135
259.0 3.606584768723138e-130 4.0772984667468623e-137 1.0693642325933911e-145 6.104557251232075e-215 4.7096119567201537e-135
260.0 3.6065826610788305e-130 4.336011425694259e-137 1.2270107386383863e-145 1.3399313252159997e-214 4.9177892578878513e-135
261.0 3.6065804770091604e-130 4.60896686470656e-137 1.4064147640580571e-145 2.9234427198715344e-214 5.133466670466326e-135
262.0 3.606578214416729e-130 4.896822384205343e-137 1.610371417209889e-145 6.340452811269066e-214 5.356847358357452e-135
263.0 3.60657587116804e-130 5.200259594446058e-137 1.8420076696180065e-145 1.367064794632987e-213 5.588137855130405e-135
264.0 3.6065734450933967e-130 5.519984724822578e-137 2.1048184436578945e-145 2.9304216728692506e-213 5.827548068156298e-135
265.0 3.6065709339868098e-130 5.85672923957206e-137 2.402706251784305e-145 6.245568069862393e-213 6.075291281770622e-135
266.0 3.60656833560591e-130 6.211250459701973e-137 2.740024698446727e-145 1.3235573694828494e-212 6.331584159464999e-135
267.0 3.60656564767188e-130 6.584332190956325e-137 3.121626179516173e-145 2.789140260659962e-212 6.596646745110762e-135
268.0 3.6065628678693814e-130 6.976785357633161e-137 3.5529141392284474e-145 5.844966789302224e-212 6.870702463217103e-135
269.0 3.606559993846502e-130 7.389448642060677e-137 4.0399002714085516e-145 1.218161284618219e-211 7.153978118227247e-135
270.0 3.6065570232147076e-130 7.823189129534759e-137 4.589267080152159e-145 2.5250218038819705e-211 7.446703892856554e-135
271.0 3.606553953548798e-130 8.278902958516374e-137 5.208436245282348e-145 5.205820860594981e-211 7.749113345477024e-135
272.0 3.606550782386884e-130 8.75751597588282e-137 5.905643269852477e-145 1.0675858769849982e-210 8.061443406553017e-135
273.0 3.6065475072303662e-130 9.259984397023076e-137 6.690018920811997e-145 2.1778668468915515e-210 8.383934374133705e-135
274.0 3.606544125543914e-130 9.787295470563363e-137 7.571678009774755e-145 4.419770816081748e-210 8.716829908408113e-135
275.0 3.6065406347554766e-130 1.0340468147505467e-136 8.561816098716527e-145 8.923449150494364e-210 9.060377025329198e-135
276.0 3.606537032256275e-130 1.092055375455627e-136 9.672814755466556e-145 1.7924812903436635e-209 9.414826089313314e-135
277.0 3.606533315400826e-130 1.1528636671424728e-136 1.0918356026141766e-144 3.5825258341634906e-209 9.780430805022953e-135
278.0 3.6065294815069574e-130 1.2165835011857786e-136 1.2313546836287222e-144 7.124599468109212e-209 1.0157448208239733e-134
279.0 3.60652552785585e-130 1.283330130818529e-136 1.3875054079536317e-144 1.4099095910886127e-208 1.0546138655836178e-134
280.0 3.606521451692069e-130 1.353222319913949e-136 1.5621251202174722e-144 2.776544859358071e-208 1.0946765814854325e-134
281.0 3.6065172502236166e-130 1.4263824120713436e-136 1.7572377144192883e-144 5.441559072426068e-208 1.1359596650700053e-134
282.0 3.6065129206219892e-130 1.5029363999819445e-136 1.975070855233096e-144 1.0613766034438575e-207 1.1784901414462527e-134
283.0 3.606508460022241e-130 1.5830139950506369e-136 2.2180746238370413e-144 2.0604645619084995e-207 1.222295362936795e-134
284.0 3.6065038655230665e-130 1.666748697249242e-136 2.48894169165994e-144 3.981364378683416e-207 1.2674030076377419e-134
285.0 3.6064991341868704e-130 1.7542778651768794e-136 2.790629131809317e-144 7.657573905661872e-207 1.3138410778939466e-134
286.0 3.606494263039867e-130 1.8457427863026553e-136 3.126381984629501e-144 1.4661014330224812e-206 1.3616378986907113e-134
287.0 3.606489249072175e-130 1.9412887473659204e-136 3.499758700848459e-144 2.7942879243406137e-206 1.4108221159630955e-134
288.0 3.606484089237926e-130 2.0410651049089384e-136 3.914658593116346e-144 5.301918888831109e-206 1.4614226948238311e-134
289.0 3.606478780455382e-130 2.145225355917061e-136 4.37535143443134e-144 1.0015438918157645e-205 1.5134689177110849e-134
290.0 3.60647331960705e-130 2.2539272085410074e-136 4.886509349996685e-144 1.8836568489457407e-205 1.566990382457141e-134
291.0 3.6064677035398176e-130 2.3673326528760017e-136 5.453241157470619e-144 3.5273465215994495e-205 1.6220170002792015e-134
292.0 3.6064619290650907e-130 2.48560803177242e-136 6.081129319369432e-144 6.577007982540187e-205 1.678578993693538e-134
293.0 3.606455992958938e-130 2.6089241116524488e-136 6.776269680571891e-144 1.221129219718367e-204 1.7367068943541863e-134
294.0 3.6064498919622438e-130 2.7374561533073063e-136 7.545314173465074e-144 2.2577026131439282e-204 1.7964315408174313e-134
295.0 3.6064436227808633e-130 2.8713839826495163e-136 8.395516683277271e-144 4.156830313953301e-204 1.8577840762333455e-134
296.0 3.6064371820858014e-130 3.010892061394792e-136 9.334782276573995e-144 7.621959651689438e-204 1.9207959459656896e-134
297.0 3.6064305665133775e-130 3.1561695576479297e-136 1.037172000676061e-143 1.39186743770216e-203 1.9854988951414167e-134
298.0 3.606423772665408e-130 3.307410416367431e-136 1.1515699521750894e-143 2.5314761154532519e-203 2.0519249661311666e-134
299.0 3.6064167971093993e-130 3.464813429683193e-136 1.2776911710735144e-143 4.585768580054567e-203 2.1201064959619785e-134
300.0 3.6064096363787376e-130 3.628582307042191e-136 1.4166433639228212e-143 8.274278820109467e-203 2.190076113663678e-134
301.0 3.6064022869728957e-130 3.798925745156689e-136 1.5696298034304994e-143 1.4871166294395285e-202 2.2618667375501935e-134
302.0 3.6063947453576377e-130 3.976057497729873e-136 1.7379567595153156e-143 2.6624023538918517e-202 2.335511572437233e-134
303.0 3.6063870079652363e-130 4.1601964449337794e-136 1.9230414417796346e-143 4.748241739941522e-202 2.411044106797628e-134
304.0 3.6063790711946922e-130 4.3515666626146525e-136 2.1264204837086387e-143 8.436045306589233e-202 2.4884981098558057e-134
305.0 3.6063709314119646e-130 4.5503974912008044e-136 2.3497590003825685e-143 1.4931663484866142e-201 2.567907628622712e-134
306.0 3.606362584950203e-130 4.756923604288419e-136 2.5948602530189973e-143 2.633035643579154e-201 2.649306984872616e-134
307.0 3.606354028109984e-130 4.97138507688069e-136 2.8636759552471124e-143 4.625944035401971e-201 2.732730772063205e-134
308.0 3.6063452571595634e-130 5.194027453256024e-136 3.158317257657262e-143 8.097570422921645e-201 2.818213852200335e-134
309.0 3.6063362683351257e-130 5.4251018144411284e-136 3.4810664488667097e-143 1.4123269463163305e-200 2.905791352648887e-134
310.0 3.6063270578410347e-130 5.664864845265216e-136 3.83438941309873e-143 2.45446667098356e-200 2.9954986628911913e-134
311.0 3.6063176218501068e-130 5.913578900971207e-136 4.220948886086001e-143 4.2504552654374e-200 3.0873714312342625e-134
312.0 3.606307956503869e-130 6.1715120733609274e-136 4.643618552984676e-143 7.334744974386561e-200 3.181445561467498e-134
313.0 3.6062980579128387e-130 6.438938256450666e-136 5.105498033919679e-143 1.261306100989025e-199 3.27775720947206e-134
314.0 3.606287922156802e-130 6.7161372116143694e-136 5.609928804779122e-143 2.1615055224558035e-199 3.3763427797835216e-134
315.0 3.6062775452850937e-130 7.003394632191353e-136 6.160511102934559e-143 3.6915338804598113e-199 3.4772389221089935e-134
316.0 3.6062669233168884e-130 7.301002207536588e-136 6.761121869686709e-143 6.283275822192131e-199 3.580482527800414e-134
317.0 3.6062560522414957e-130 7.609257686490785e-136 7.415933783422748e-143 1.0658794036068906e-198 3.686110726285123e-134
318.0 3.606244928018655e-130 7.928464940248967e-136 8.129435439723069e-143 1.8021313544089184e-198 3.7941608814554175e-134
319.0 3.6062335465788354e-130 8.258934024605272e-136 8.906452736972144e-143 3.036930250480363e-198 3.9046705880181844e-134
320.0 3.6062219038235565e-130 8.600981241553483e-136 9.752171528413162e-143 5.1011324480430885e-198 4.017677667806368e-134
321.0 3.6062099956256805e-130 8.954929200221453e-136 1.0672161604034284e-142 8.54073070028315e-198 4.1332201660532675e-134
322.0 3.606197817829747e-130 9.321106877119668e-136 1.1672402068196249e-142 1.4253882569167297e-197 4.2513363476314675e-134
323.0 3.6061853662522762e-130 9.699849675682866e-136 1.27593081814928e-142 2.3713407081039702e-197 4.372064693257415e-134
324.0 3.6061726366821076e-130 1.0091499485085221e-135 1.3939759737995487e-142 3.9326936917077435e-197 4.495443895663247e-134
325.0 3.6061596248807196e-130 1.0496404738309484e-135 1.5221131051755284e-142 6.501809885930169e-197 4.62151285573719e-134
326.0 3.6061463265825592e-130 1.0914920469450483e-135 1.661132262922834e-142 1.0716151200454083e-196 4.750310678633816e-134
327.0 3.6061327374953862e-130 1.1347408370234508e-135 1.8118794607158226e-142 1.7608246487293818e-196 4.881876669855587e-134
328.0 3.606118853300602e-130 1.1794236845735777e-135 1.9752602038380377e-142 2.884551083744851e-196 5.016250331306974e-134
329.0 3.6061046696535977e-130 1.2255781069272119e-135 2.1522432111018952e-142 4.711261390504966e-196 5.153471357322544e-134
330.0 3.6060901821841055e-130 1.273242303646183e-135 2.3438643389623313e-142 7.671933911787214e-196 5.293579630670269e-134
331.0 3.6060753864965295e-130 1.3224551618424448e-135 2.5512307169937044e-142 1.245641001713418e-195 5.43661521853134e-134
332.0 3.6060602781703184e-130 1.3732562614108702e-135 2.7755251042210783e-142 2.0165680799748234e-195 5.58261836845792e-134
333.0 3.606044852760302e-130 1.4256858801730845e-135 3.0180104761259385e-142 3.255189352188501e-195 5.731629504310023e-134
334.0 3.6060291057970657e-130 1.479784998930705e-135 3.2800348524822206e-142 5.239553564112621e-195 5.883689222172716e-134
335.0 3.6060130327873e-130 1.5355953064264453e-135 3.563036376521943e-142 8.40965393801601e-195 6.038838286255067e-134
336.0 3.6059966292141653e-130 1.5931592042115462e-135 3.868548656279708e-142 1.3459805848850465e-194 6.197117624772032e-134
337.0 3.60597989053766e-130 1.6525198114180102e-135 4.198206379322751e-142 2.1482616942803514e-194 6.358568325810442e-134
338.0 3.6059628121949877e-130 1.713720969434204e-135 4.55375121243723e-142 3.4192751590121176e-194 6.523231633180362e-134
339.0 3.605945389600926e-130 1.7768072464824384e-135 4.937037998213553e-142 5.427377465356057e-194 6.691148942253078e-134
340.0 3.6059276181482037e-130 1.8418239420971368e-135 5.350041260850786e-142 8.591433233962054e-194 6.862361795786869e-134
341.0 3.6059094932078692e-130 1.9088170915022584e-135 5.794862033886387e-142 1.3563482513173627e-193 7.036911879741637e-134
342.0 3.6058910101296724e-130 1.9778334698867142e-135 6.2737350229488824e-142 2.135586006363178e-193 7.214841019083766e-134
343.0 3.6058721642424403e-130 2.0489205965765342e-135 6.789036117030767e-142 3.3536159450980286e-193 7.396191173582195e-134
344.0 3.605852950854458e-130 2.1221267391025728e-135 7.343290262183842e-142 5.252547816523221e-193 7.581004433596897e-134
345.0 3.605833365253857e-130 2.197500917162626e-135 7.939179711952276e-142 8.205348688931199e-193 7.769323015860934e-134
346.0 3.6058134027089825e-130 2.2750929064767922e-135 8.579552669276766e-142 1.278510206459353e-192 7.961189259256999e-134
347.0 3.6057930584688023e-130 2.3549532425351017e-135 9.267432335029767e-142 1.9870151113467962e-192 8.156645620589872e-134
348.0 3.6057723277632687e-130 2.4371332242362898e-135 1.0006026378772718e-141 3.080331964781549e-192 8.355734670355474e-134
349.0 3.605751205803729e-130 2.5216849174168024e-135 1.0798736847764638e-141 4.763242772651176e-192 8.558499088507882e-134
350.0 3.605729687783299e-130 2.6086611582690707e-135 1.1649170530696135e-141 7.347271789880832e-192 8.764981660225203e-134
351.0 3.605707768877259e-130 2.698115556648131e-135 1.2561149793073014e-141 1.1305165718556314e-191 8.975225271675266e-134
352.0 3.605685444243443e-130 2.7901024992658166e-135 1.3538723901630667e-141 1.7352591352020058e-191 9.18927290578242e-134
353.0 3.6056627090226397e-130 2.884677152771609e-135 1.4586180855621848e-141 2.6570355285702932e-191 9.40716763799603e-134
354.0 3.605639558338972e-130 2.9818954667194585e-135 1.5708059743289304e-141 4.05868114548681e-191 9.628952632061987e-134
355.0 3.6056159873003e-130 3.0818141764197893e-135 1.6909163642307913e-141 6.184945688174257e-191 9.854671135797948e-134
356.0 3.6055919909986143e-130 3.18449080567612e-135 1.8194573083460533e-141 9.402838244533266e-191 1.0084366476873577e-133
357.0 3.60556756451043e-130 3.2899836694054526e-135 1.9569660097294255e-141 1.426142081581127e-190 1.0318082058596133e-133
358.0 3.6055427028971813e-130 3.398351876142064e-135 2.1040102863996364e-141 2.1580222593029938e-190 1.0555861355703036e-133
359.0 3.6055174012056206e-130 3.50965533042398e-135 2.2611900987219085e-141 3.2579677816060635e-190 1.0797747910161712e-133
360.0 3.605491654468213e-130 3.623954735061676e-135 2.4291391413086848e-141 4.907312802813408e-190 1.1043785326977865e-133
361.0 3.6054654577035335e-130 3.7413115932885433e-135 2.60852650161165e-141 7.374881529112925e-190 1.1294017270013054e-133
362.0 3.605438805916662e-130 3.861788210792651e-135 2.8000583874296783e-141 1.105831283456883e-189 1.1548487457812315e-133
363.0 3.605411694099587e-130 3.985447697629409e-135 3.0044799256077036e-141 1.654448640923598e-189 1.1807239659442594e-133
364.0 3.6053841172315934e-130 4.112353970014834e-135 3.2225770342539343e-141 2.4697687493356714e-189 1.2070317690343024e-133
365.0 3.6053560702796636e-130 4.242571751999058e-135 3.455178370854207e-141 3.6787965989405935e-189 1.2337765408187702e-133
366.0 3.605327548198875e-130 4.376166577019791e-135 3.703157358714836e-141 5.467761468890486e-189 1.2609626708761615e-133
367.0 3.6052985459328e-130 4.513204789335523e-135 3.967434294218145e-141 8.109150715766008e-189 1.2885945521850698e-133
368.0 3.6052690584138953e-130 4.6537535453383503e-135 4.2489785374276465e-141 1.2000818231549263e-188 1.316676580714674e-133
369.0 3.6052390805639014e-130 4.797880814746058e-135 4.548810788632952e-141 1.7722442644166315e-188 1.3452131550167567e-133
370.0 3.6052086072942373e-130 4.945655381673611e-135 4.868005453478761e-141 2.6116863429698347e-188 1.374208675819372e-133
371.0 3.605177633506398e-130 5.097146845583761e-135 5.20769309937492e-141 3.8407016639932964e-188 1.4036675456221853e-133
372.0 3.6051461540923477e-130 5.2524256221167404e-135 5.569063005939493e-141 5.636370933766678e-188 1.4335941682935636e-133
373.0 3.6051141639349126e-130 5.411562943799244e-135 5.953365812280676e-141 8.25458490970362e-188 1.46399294866952e-133
374.0 3.6050816579081733e-130 5.574630860632456e-135 6.361916263977522e-141 1.2064372996056483e-187 1.4948682921545219e-133
375.0 3.6050486308778613e-130 5.741702240559264e-135 6.796096062673702e-141 1.7596861052235359e-187 1.5262246043242416e-133
376.0 3.6050150777017513e-130 5.912850769810995e-135 7.257356821254575e-141 2.561495508169142e-187 1.558066290530363e-133
377.0 3.6049809932300418e-130 6.088150953133337e-135 7.747223127629887e-141 3.7212331036104033e-187 1.5903977555073989e-133
378.0 3.6049463723057595e-130 6.267678113892141e-135 8.267295720201978e-141 5.395378300688392e-187 1.6232234029816967e-133
379.0 3.604911209765138e-130 6.45150839405891e-135 8.819254778152176e-141 7.807382676439751e-187 1.6565476352825975e-133
380.0 3.6048755004380073e-130 6.639718754076298e-135 9.404863329732893e-141 1.1275720285801423e-186 1.6903748529558276e-133
381.0 3.6048392391481887e-130 6.832386972604155e-135 1.0025970781809912e-140 1.625343028754731e-186 1.7247094543792265e-133
382.0 3.604802420713866e-130 7.029591646145985e-135 1.0684516573950095e-140 2.338375565749871e-186 1.7595558353807811e-133
383.0 3.604765039947983e-130 7.231412188556421e-135 1.138253396040797e-140 3.3578284173023094e-186 1.7949183888590685e-133
384.0 3.6047270916586213e-130 7.437928830430139e-135 1.2122153923417324e-140 4.8126489574959485e-186 1.8308015044061626e-133
385.0 3.6046885706493798e-130 7.649222618372357e-135 1.2905609221248036e-140 6.884900921859256e-186 1.867209567933013e-133
386.0 3.604649471719761e-130 7.865375414151464e-135 1.3735238574543105e-140 9.831173075778983e-186 1.9041469612973615e-133
387.0 3.604609789665546e-130 8.086469893734418e-135 1.4613490994505688e-140 1.4012427269394828e-185 1.9416180619342725e-133
388.0 3.604569519279172e-130 8.312589546204959e-135 1.5542930256556085e-140 1.9935538212705374e-185 1.9796272424892454e-133
389.0 3.6045286553501116e-130 8.543818672565689e-135 1.652623952313731e-140 2.8311002014405157e-185 2.0181788704540453e-133
390.0 3.6044871926652413e-130 8.780242384424033e-135 1.7566226119395742e-140 4.01329656419658e-185 2.0572773078052e-133
391.0 3.6044451260092235e-130 9.021946602563033e-135 1.8665826465519458e-140 5.679001666215463e-185 2.096926910645271e-133
392.0 3.6044024501648705e-130 9.269018055397373e-135 1.982811116956858e-140 8.021829021374823e-185 2.137132028846901e-133
393.0 3.6043591599135172e-130 9.521544277315374e-135 2.1056290284682455e-140 1.1311269240095634e-184 2.1778970056996945e-133
394.0 3.6043152500353874e-130 9.77961360690732e-135 2.2353718734601037e-140 1.5921780214046693e-184 2.2192261775599194e-133
395.0 3.6042707153099606e-130 1.0043315185081368e-134 2.372390191149169e-140 2.2372782889216276e-184 2.2611238735031638e-133
396.0 3.6042255505163377e-130 1.0312738953066918e-134 2.517050145011533e-140 3.1383558510101654e-184 2.3035944149798355e-133
397.0 3.604179750433603e-130 1.0587975650307066e-134 2.6697341182427215e-140 4.394847348922926e-184 2.346642115473699e-133
398.0 3.6041333098411828e-130 1.0869116812240055e-134 2.8308413276745613e-140 6.14398881698778e-184 2.3902712801633264e-133
399.0 3.604086223519207e-130 1.1156254767970973e-134 3.000788456567877e-140 8.574870615975184e-184 2.4344862055865856e-133
400.0 3.604038486248865e-130 1.1449482637834516e-134 3.1800103067046153e-140 1.1947601875910851e-183 2.479291179308193e-133
401.0 3.603990092812758e-130 1.1748894330849272e-134 3.3689604702075534e-140 1.6619399648540922e-183 2.5246904795902926e-133
402.0 3.603941037995256e-130 1.205458454206454e-134 3.5681120215207124e-140 2.3080047823258163e-183 2.5706883750661293e-133
403.0 3.6038913165828425e-130 1.2366648749800869e-134 3.7779582299883292e-140 3.2000014059811625e-183 2.6172891244168834e-133
404.0 3.603840923364473e-130 1.2685183212784389e-134 3.9990132934741116e-140 4.429564003858036e-183 2.664496976051566e-133
405.0 3.6037898531319096e-130 1.3010284967176696e-134 4.231813093468039e-140 6.1217324441995e-183 2.7123161677901374e-133
406.0 3.6037381006800766e-130 1.3342051823500636e-134 4.476915972131246e-140 8.44686223220004e-183 2.7607509265497724e-133
407.0 3.6036856608073938e-130 1.368058236346301e-134 4.734903531734602e-140 1.1636685109780332e-182 2.8098054680343196e-133
408.0 3.6036325283161203e-130 1.4025975936675412e-134 5.006381456950629e-140 1.600593358785529e-182 2.8594839964269954e-133
409.0 3.603578698012696e-130 1.4378332657273775e-134 5.291980360462204e-140 2.1981412572393643e-182 2.909790704086294e-133
410.0 3.6035241647080682e-130 1.47377534004378e-134 5.592356652355874e-140 3.014102360809229e-182 2.9607297712451405e-133
411.0 3.603468923218033e-130 1.5104339798811497e-134 5.908193433771682e-140 4.126607034952974e-182 3.0123053657133445e-133
412.0 3.6034129683635613e-130 1.547819423882511e-134 6.240201415284431e-140 5.6411260816043746e-182 3.064521642583258e-133
413.0 3.603356294971133e-130 1.5859419856920565e-134 6.589119860496364e-140 7.699825528595937e-182 3.1173827439388223e-133
414.0 3.6032988978730568e-130 1.624812053568029e-134 6.955717555323345e-140 1.0494049596537915e-181 3.170892798567819e-133
415.0 3.603240771907798e-130 1.664440089986125e-134 7.340793803461301e-140 1.4280953604745063e-181 3.2250559216774896e-133
416.0 3.603181911920299e-130 1.7048366312335165e-134 7.745179448522917e-140 1.9405634388579952e-181 3.2798762146134684e-133
417.0 3.6031223127622987e-130 1.7460122869935686e-134 8.169737923337056e-140 2.633053297425792e-181 3.3353577645820507e-133
418.0 3.603061969292649e-130 1.787977739921363e-134 8.615366326907492e-140 3.567444354140142e-181 3.3915046443757586e-133
419.0 3.6030008763776293e-130 1.8307437452102017e-134 9.082996529530438e-140 4.826419393401674e-181 3.4483209121023298e-133
420.0 3.6029390288912613e-130 1.874321130149115e-134 9.57359630657267e-140 6.520301769578522e-181 3.5058106109170013e-133
421.0 3.602876421715611e-130 1.9187207936715205e-134 1.008817050141533e-139 8.796088239509674e-181 3.563977768758147e-133
422.0 3.6028130497411007e-130 1.9639537058951976e-134 1.062776221807177e-139 1.1849365978784684e-180 3.622826398086344e-133
423.0 3.6027489078668153e-130 2.0100309076535833e-134 1.119345404398845e-139 1.5940013085209484e-180 3.6823604956267105e-133
424.0 3.6026839910008e-130 2.0569635100186248e-134 1.1786369303543142e-139 2.141285553840713e-180 3.742584042114711e-133
425.0 3.6026182940603594e-130 2.1047626938152168e-134 1.2407673342754084e-139 2.8724808475593303e-180 3.8035010020452696e-133
426.0 3.6025518119723577e-130 2.153439709127362e-134 1.3058574845717541e-139 3.8480489258363455e-180 3.865115323425259e-133
427.0 3.602484539673511e-130 2.203005874796223e-134 1.3740327183293786e-139 5.147888426294191e-180 3.927430937529411e-133
428.0 3.60241647211068e-130 2.2534725779101046e-134 1.4454229794561225e-139 6.8774419182642595e-180 3.9904517586595635e-133
429.0 3.602347604241154e-130 2.3048512732865327e-134 1.5201629601561841e-139 9.175677317861903e-180 4.054181683907262e-133
430.0 3.602277931032946e-130 2.3571534829465724e-134 1.5983922457863013e-139 1.2225505339176657e-179 4.118624592919805e-133
431.0 3.60220744746507e-130 2.4103907955814244e-134 1.680255463146003e-139 1.6267358839485515e-179 4.183784347669578e-133
432.0 3.602136148527823e-130 2.464574866011521e-134 1.765902432254769e-139 2.1616870934090884e-179 4.2496647922268046e-133
433.0 3.6020640292230658e-130 2.519717414638174e-134 1.855488321668821e-139 2.8687859587880248e-179 4.316269752535667e-133
434.0 3.6019910845644975e-130 2.5758302268878966e-134 1.9491738073904567e-139 3.802217355547683e-179 4.383603036193718e-133
435.0 3.6019173095779286e-130 2.6329251526495894e-134 2.0471252354230153e-139 5.0328399001231634e-179 4.451668432234743e-133
436.0 3.601842699301553e-130 2.6910141057046373e-134 2.1495147880244383e-139 6.653199444941518e-179 4.520469710914911e-133
437.0 3.601767248786215e-130 2.750109063150055e-134 2.256520653712493e-139 8.784014752015439e-179 4.590010623502256e-133
438.0 3.601690953095675e-130 2.810222064814882e-134 2.368327201075047e-139 1.1582557271099371e-178 4.660294902069567e-133
439.0 3.60161380730687e-130 2.871365212669798e-134 2.485125156438167e-139 1.5253464897147623e-178 4.731326259290497e-133
440.0 3.601535806510178e-130 2.933550670230274e-134 2.607111785445628e-139 2.0062679669939038e-178 4.8031083882391176e-133
441.0 3.6014569458096745e-130 2.9967906619532207e-134 2.7344910786026488e-139 2.6355390136221756e-178 4.875644962192696e-133
442.0 3.6013772203233786e-130 3.0610974726273146e-134 2.8674739408371206e-139 3.457910125503987e-178 4.948939634437779e-133
443.0 3.6012966251835196e-130 3.1264834467572025e-134 3.0062783851314627e-139 4.531326178028551e-178 5.02299603807965e-133
444.0 3.601215155536774e-130 3.192960987941569e-134 3.151129730277953e-139 5.930726793661275e-178 5.0978177858549694e-133
445.0 3.6011328065445205e-130 3.2605425582452985e-134 3.302260802810542e-139 7.75291541522727e-178 5.173408469947756e-133
446.0 3.601049573383076e-130 3.3292406775658355e-134 3.4599121431660454e-139 1.012279032247511e-177 5.2497716618086194e-133
447.0 3.600965451243944e-130 3.399067922993811e-134 3.624332216127251e-139 1.3201309285131151e-177 5.326910911977203e-133
448.0 3.6008804353340513e-130 3.4700369281681555e-134 3.7957776256007345e-139 1.7195658454623392e-177 5.404829749907934e-133
449.0 3.600794520875978e-130 3.542160382625748e-134 3.9745133337816444e-139 2.2372220650626237e-177 5.483531683798955e-133
450.0 3.6007077031082014e-130 3.615451031145738e-134 4.160812884757701e-139 2.9073094871297333e-177 5.563020200424269e-133
451.0 3.600619977285316e-130 3.689921673088699e-134 4.354958632604748e-139 3.773711571099058e-177 5.643298764969108e-133
452.0 3.6005313386782698e-130 3.765585161730727e-134 4.5572419740253714e-139 4.89265684389534e-177 5.724370820868498e-133
453.0 3.6004417825745814e-130 3.842454403592532e-134 4.7679635855824454e-139 6.336110524625996e-177 5.806239789648915e-133
454.0 3.6003513042785703e-130 3.9205423577638217e-134 4.987433665579093e-139 8.19607560867373e-177 5.888909070773263e-133
455.0 3.6002598991115695e-130 3.9998620352228895e-134 5.215972180636007e-139 1.0590041282005497e-176 5.972382041488814e-133
456.0 3.6001675624121504e-130 4.080426498151671e-134 5.4539091170171e-139 1.366787717970225e-176 6.056662056678392e-133
457.0 3.6000742895363288e-130 4.162248859246395e-134 5.701584736754367e-139 1.762054770446683e-176 6.141752448714667e-133
458.0 3.5999800758577835e-130 4.245342281023829e-134 5.959349838621616e-139 2.2691115020308905e-176 6.227656527317484e-133
459.0 3.5998849167680603e-130 4.3297199751233863e-134 6.22756602400785e-139 2.9188616928069293e-176 6.31437757941433e-133
460.0 3.599788807676783e-130 4.415395201605152e-134 6.506605967739168e-139 3.7505552157547596e-176 6.401918869003871e-133
461.0 3.5996917440118525e-130 4.502381268243891e-134 6.796853693898922e-139 4.813988750934092e-176 6.490283637022473e-133
462.0 3.5995937212196527e-130 4.590691529819293e-134 7.098704856694941e-139 6.172272716141769e-176 6.5794751012138404e-133
463.0 3.5994947347652444e-130 4.680339387402491e-134 7.412567026422162e-139 7.905306466897496e-176 6.6694964560016295e-133
464.0 3.5993947801325644e-130 4.771338287638894e-134 7.738859980568786e-139 1.0114138544595287e-175 6.760350872365009e-133
465.0 3.599293852824618e-130 4.863701722027708e-134 8.078016000113941e-139 1.2926431742979322e-175 6.852041497717343e-133
466.0 3.5991919483636653e-130 4.957443226197918e-134 8.430480171063354e-139 1.6503305933582638e-175 6.94457145578764e-133
467.0 3.5990890622914182e-130 5.052576379181196e-134 8.79671069127064e-139 2.1047897284986146e-175 7.0379438465051335e-133
468.0 3.598985190169219e-130 5.149114802681589e-134 9.177179182589806e-139 2.6816053598076636e-175 7.132161745886687e-133
469.0 3.598880327578221e-130 5.247072160342196e-134 9.57237100840475e-139 3.4129685468229934e-175 7.227228205927065e-133
470.0 3.598774470119574e-130 5.34646215700906e-134 9.982785596581717e-139 4.3393416160862303e-175 7.323146254492233e-133
471.0 3.5986676134146027e-130 5.447298537992198e-134 1.0408936767888461e-138 5.511532467851792e-175 7.419918895215397e-133
472.0 3.598559753104972e-130 5.549595088323967e-134 1.0851353069924693e-138 6.993276288104735e-175 7.517549107395905e-133
473.0 3.5984508848528724e-130 5.65336563201501e-134 1.1310578116607914e-138 8.864445646085182e-175 7.616039845901095e-133
474.0 3.598341004341181e-130 5.758624031307628e-134 1.1787170933256534e-138 1.12250380521607e-174 7.715394041070778e-133
475.0 3.5982301072736287e-130 5.865384185926951e-134 1.2281706307313831e-138 1.4200124494903335e-174 7.815614598624654e-133
476.0 3.5981181893749727e-130 5.973660032329881e-134 1.2794775144753733e-138 1.7945984664829363e-174 7.916704399572437e-133
477.0 3.5980052463911458e-130 6.083465542951888e-134 1.3326984832209868e-138 2.2657706198539137e-174 8.018666300126696e-133
478.0 3.597891274089429e-130 6.194814725451936e-134 1.3878959604868777e-138 2.857858839354733e-174 8.121503131618502e-133
479.0 3.5977762682586004e-130 6.307721621955488e-134 1.4451340920166325e-138 3.6011767937082576e-174 8.225217700415747e-133
480.0 3.597660224709091e-130 6.422200308295704e-134 1.5044787837327098e-138 4.533457827025272e-174 8.3298127878441e-133
481.0 3.59754313927314e-130 6.538264893253127e-134 1.5659977402785406e-138 5.7016268909881155e-174 8.435291150110738e-133
482.0 3.5974250078049385e-130 6.655929517793716e-134 1.629760504152488e-138 7.163985076816726e-174 8.541655518230622e-133
483.0 3.5973058261807823e-130 6.775208354305466e-134 1.6958384954374362e-138 8.99290035486436e-174 8.648908597955434e-133
484.0 3.597185590299213e-130 6.896115605833791e-134 1.7643050521296568e-138 1.127811880507281e-173 8.757053069705183e-133
485.0 3.5970642960811644e-130 7.018665505315535e-134 1.835235471070392e-138 1.4130835738924121e-173 8.866091588502227e-133
486.0 3.596941939470093e-130 7.14287231481204e-134 1.9087070494838037e-138 1.7688696600425722e-173 8.97602678390806e-133
487.0 3.5968185164321257e-130 7.268750324741104e-134 1.9847991271245227e-138 2.212193450548756e-173 9.086861259962515e-133
488.0 3.5966940229561855e-130 7.396313853107968e-134 2.0635931290381947e-138 2.764089607620584e-173 9.198597595125433e-133
489.0 3.5965684550541318e-130 7.525577244735709e-134 2.1451726089383116e-138 3.450526145839942e-173 9.311238342221023e-133
490.0 3.596441808760886e-130 7.6565548704947355e-134 2.2296232932023765e-138 4.30353300078291e-173 9.42478602838453e-133
491.0 3.5963140801345576e-130 7.78926112653169e-134 2.3170331254904837e-138 5.362582240691972e-173 9.539243155011339e-133
492.0 3.5961852652565714e-130 7.923710433498043e-134 2.4074923119894547e-138 6.676274570084262e-173 9.654612197708717e-133
493.0 3.5960553602317916e-130 8.059917235777994e-134 2.5010933672851743e-138 8.304398323555973e-173 9.77089560624969e-133
494.0 3.595924361188641e-130 8.197896000716309e-134 2.5979311608661743e-138 1.032044107060077e-172 9.88809580452953e-133
495.0 3.5957922642792142e-130 8.337661217845812e-134 2.698102964261037e-138 1.2814650721632298e-172 1.0006215190524487e-132
496.0 3.5956590656794037e-130 8.479227398114802e-134 2.80170849881228e-138 1.589776320701065e-172 1.0125256136252917e-132
497.0 3.5955247615890022e-130 8.622609073114426e-134 2.9088499840893404e-138 1.9705538069048724e-172 1.0245220987738682e-132
498.0 3.5953893482318242e-130 8.7678207943062e-134 3.0196321869429673e-138 2.440427246534086e-172 1.036611206497695e-132
499.0 3.5952528218558007e-130 8.914877132249538e-134 3.1341624712034596e-138 3.0197499087293865e-172 1.048793166190212e-132
500.0 3.595115178733104e-130 9.063792675829744e-134 3.25255084802508e-138 3.733411548904148e-172 1.0610682046358167e-132
501.0 3.594976415160233e-130 9.214582031486137e-134 3.3749100268785227e-138 4.611824265265367e-172 1.0734365460071093e-132
502.0 3.5948365274581315e-130 9.367259822440835e-134 3.501355467193938e-138 5.692117089388792e-172 1.0858984118623705e-132
503.0 3.594695511972274e-130 9.521840687927834e-134 3.632005430655993e-138 7.019582334742793e-172 1.0984540211432443e-132
504.0 3.594553365072773e-130 9.678339282422862e-134 3.7669810341531934e-138 8.649425352587341e-172 1.1111035901726506e-132
505.0 3.5944100831544742e-130 9.836770274873917e-134 3.9064063033831004e-138 1.0648879650595784e-171 1.1238473326529085e-132
506.0 3.594265662637036e-130 9.997148347932505e-134 4.0504082271150745e-138 1.3099761633654737e-171 1.1366854596640678e-132
507.0 3.5941200999650423e-130 1.0159488197185812e-133 4.1991168121120614e-138 1.610155390465253e-171 1.1496181796624539e-132
508.0 3.593973391608069e-130 1.0323804530389844e-133 4.3526651387131307e-138 1.977512356036671e-171 1.1626456984794259e-132
509.0 3.5938255340607855e-130 1.0490112066703535e-133 4.5111894170777176e-138 2.426720275921949e-171 1.1757682193203271e-132
510.0 3.5936765238430338e-130 1.0658425535924043e-133 4.674829044093204e-138 2.975578364411617e-171 1.1889859427636559e-132
511.0 3.593526357499909e-130 1.082875967772326e-133 4.843726660946685e-138 3.645660920671634e-171 1.2022990667604296e-132
512.0 3.5933750316018446e-130 1.1001129240885433e-133 5.018028211362104e-138 4.463097674227785e-171 1.2157077866337395e-132
513.0 3.5932225427446834e-130 1.117554898254641e-133 5.197883000503679e-138 5.459511218327782e-171 1.2292122950785233e-132
514.0 3.593068887549756e-130 1.1352033667434065e-133 5.383443754546325e-138 6.673142301206637e-171 1.2428127821615125e-132
515.0 3.592914062663961e-130 1.15305980671104e-133 5.574866680913892e-138 8.150199604581509e-171 1.2565094353213859e-132
516.0 3.592758064759826e-130 1.1711256959215178e-133 5.772311529185824e-138 9.946477581586989e-171 1.2703024393691076e-132
517.0 3.592600890535581e-130 1.1894025126711215e-133 5.975941652672578e-138 1.2129294147235515e-170 1.2841919764884577e-132
518.0 3.5924425367152324e-130 1.2078917357131348e-133 6.185924070660278e-138 1.477980974156227e-170 1.2981782262367403e-132
519.0 3.5922830000486183e-130 1.2265948441827379e-133 6.40242953132497e-138 1.7995800786565453e-170 1.31226136554569e-132
520.0 3.5921222773114793e-130 1.2455133175220692e-133 6.625632575316387e-138 2.1894974146644507e-170 1.3264415687225496e-132
521.0 3.5919603653055187e-130 1.2646486354054973e-133 6.855711600011498e-138 2.661892524604886e-170 1.3407190074513313e-132
522.0 3.591797260858456e-130 1.2840022776650862e-133 7.092848924437532e-138 3.233786142605642e-170 1.3550938507942558e-132
523.0 3.591632960824094e-130 1.3035757242162722e-133 7.337230854864523e-138 3.925623444249785e-170 1.3695662651933679e-132
524.0 3.5914674620823694e-130 1.3233704549837567e-133 7.589047751066903e-138 4.7619452299092665e-170 1.3841364144723249e-132
525.0 3.591300761539401e-130 1.3433879498276197e-133 7.848494093253788e-138 5.7721871571009946e-170 1.3988044598383565e-132
526.0 3.591132856127554e-130 1.3636296884696592e-133 8.115768549667357e-138 6.991630779832873e-170 1.4135705598843928e-132
527.0 3.59096374280548e-130 1.384097150419977e-133 8.391074044848827e-138 8.462534435642424e-170 1.4284348705913674e-132
528.0 3.590793418558165e-130 1.404791814903783e-133 8.674617828571048e-138 1.0235477053055415e-169 1.4433975453306697e-132
529.0 3.5906218803969814e-130 1.425715160788479e-133 8.966611545437062e-138 1.2370953860614086e-169 1.4584587348667843e-132
530.0 3.590449125359728e-130 1.4468686665109646e-133 9.267271305143322e-138 1.4941269911374318e-169 1.473618587360067e-132
531.0 3.5902751505106732e-130 1.4682538100052225e-133 9.576817753406797e-138 1.8032785466027143e-169 1.488877248369696e-132
532.0 3.5900999529405936e-130 1.4898720686301605e-133 9.89547614355454e-138 2.1748576803672625e-169 1.5042348608567736e-132
533.0 3.5899235297668148e-130 1.5117249190977322e-133 1.0223476408774331e-137 2.6211587184350544e-169 1.5196915651875877e-132
534.0 3.5897458781332495e-130 1.533813837401326e-133 1.0561053235024989e-137 3.156835574173372e-169 1.5352474991370214e-132
535.0 3.5895669952104273e-130 1.5561402987444447e-133 1.0908446134604942e-137 3.799342735129923e-169 1.5509027978921173e-132
536.0 3.5893868781955306e-130 1.5787057774696648e-133 1.1265899520376882e-137 4.5694564362160625e-169 1.5666575940557854e-132
537.0 3.5892055243124307e-130 1.6015117469879025e-133 1.1633662780647296e-137 5.491890192083431e-169 1.582512017650671e-132
538.0 3.58902293081171e-130 1.6245596797079678e-133 1.2011990354698457e-137 6.596021294016805e-169 1.5984661961231548e-132
539.0 3.5888390949706935e-130 1.6478510469664195e-133 1.240114180897089e-137 7.916747714124772e-169 1.6145202543474938e-132
540.0 3.5886540140934748e-130 1.6713873189577468e-133 1.2801381913894558e-137 9.495498167334614e-169 1.6306743146301235e-132
541.0 3.5884676855109405e-130 1.6951699646648507e-133 1.3212980721365837e-137 1.1381421935191103e-168 1.6469284967140784e-132
542.0 3.588280106580791e-130 1.719200451789841e-133 1.363621364286824e-137 1.3632789541956928e-168 1.6632829177835533e-132
543.0 3.588091274687567e-130 1.7434802466851829e-133 1.4071361528234727e-137 1.631864059373436e-168 1.67973769246862e-132
544.0 3.58790118724266e-130 1.768010814285135e-133 1.4518710745047788e-137 1.9520721161469136e-168 1.6962929328500434e-132
545.0 3.5877098416843404e-130 1.7927936180375556e-133 1.4978553258676132e-137 2.3335760142829e-168 1.71294874846426e-132
546.0 3.5875172354777645e-130 1.817830119836034e-133 1.5451186712943744e-137 2.787814223047388e-168 1.7297052463084754e-132
547.0 3.587323366114997e-130 1.843121779952346e-133 1.5936914511428975e-137 3.3283044623113124e-168 1.7465625308458756e-132
548.0 3.587128231115015e-130 1.8686700569692922e-133 1.6436045899390564e-137 3.9710115645761453e-168 1.7635207040109906e-132
549.0 3.586931828023727e-130 1.894476407713869e-133 1.694889604631736e-137 4.7347786232352215e-168 1.7805798652151675e-132
550.0 3.5867341544139793e-130 1.9205422871907777e-133 1.7475786129097753e-137 5.641832003826123e-168 1.7977401113521546e-132
551.0 3.5865352078855643e-130 1.946869148516334e-133 1.8017043415806613e-137 6.718372510362845e-168 1.8150015368038353e-132
552.0 3.5863349860652273e-130 1.9734584428527007e-133 1.8573001350105089e-137 7.995266983806504e-168 1.832364233446052e-132
553.0 3.5861334866066686e-130 2.000311619342518e-133 1.914399963624987e-137 9.5088569053765e-168 1.849828290654565e-132
554.0 3.5859307071905547e-130 2.027430125043889e-133 1.9730384324708645e-137 1.1301903230780891e-167 1.867393795311119e-132
555.0 3.5857266455245125e-130 2.0548154048657382e-133 2.0332507898376822e-137 1.3424689746510873e-167 1.8850608318096206e-132
556.0 3.5855212993431324e-130 2.0824689015035705e-133 2.0950729359392814e-137 1.5936310777924618e-167 1.9028294820624402e-132
557.0 3.5853146664079658e-130 2.110392055375584e-133 2.158541431654637e-137 1.890617316172605e-167 1.9206998255068038e-132
558.0 3.5851067445075302e-130 2.138586304559184e-133 2.2236935073276784e-137 2.241574710365354e-167 1.9386719391113087e-132
559.0 3.5848975314572927e-130 2.1670530847278983e-133 2.290567071625606e-137 2.6560605968402737e-167 1.9567458973825458e-132
560.0 3.5846870250996743e-130 2.195793829088654e-133 2.3592007204552867e-137 3.1452801298944935e-167 1.9749217723718108e-132
561.0 3.5844752233040398e-130 2.224809968319475e-133 2.429633745937237e-137 3.722362655754457e-167 1.9931996336819315e-132
562.0 3.5842621239666896e-130 2.254102930507583e-133 2.501906145436781e-137 4.402683135913084e-167 2.011579548474205e-132
563.0 3.5840477250108477e-130 2.283674141087863e-133 2.576058630651806e-137 5.2042357486979585e-167 2.0300615814754e-132
564.0 3.5838320243866585e-130 2.3135250227817888e-133 2.6521326367567833e-137 6.1480678920928564e-167 2.0486457949849023e-132
565.0 3.5836150200711635e-130 2.3436569955367135e-133 2.730170331602382e-137 7.258784067462535e-167 2.0673322488819256e-132
566.0 3.5833967100682967e-130 2.3740714764655806e-133 2.8102146249702596e-137 8.565130566447142e-167 2.0861210006328172e-132
567.0 3.583177092408864e-130 2.4047698797870677e-133 2.8923091778825216e-137 1.0100673538510884e-166 2.1050121052984768e-132
568.0 3.5829561651505264e-130 2.4357536167661184e-133 2.9764984119652774e-137 1.1904584914749283e-166 2.1240056155418465e-132
569.0 3.5827339263777904e-130 2.4670240956549174e-133 3.0628275188657113e-137 1.402255283905987e-166 2.143101581635506e-132
570.0 3.5825103742019787e-130 2.4985827216342734e-133 3.1513424697222635e-137 1.6507835749849147e-166 2.16230005146934e-132
571.0 3.582285506761213e-130 2.5304308967554166e-133 3.242090024687133e-137 1.942248210861322e-166 2.1816010705583002e-132
572.0 3.5820593222203946e-130 2.5625700198822535e-133 3.3351177425008056e-137 2.2838741036615673e-166 2.2010046820502612e-132
573.0 3.58183181877118e-130 2.595001486634028e-133 3.430473990117764e-137 2.6840692854869647e-166 2.2205109267339486e-132
574.0 3.5816029946319596e-130 2.627726689328397e-133 3.5282079523828817e-137 3.1526132790930946e-166 2.2401198430469413e-132
575.0 3.581372848047826e-130 2.660747016924975e-133 3.628369641758071e-137 3.7008745992493793e-166 2.2598314670837743e-132
576.0 3.5811413772905523e-130 2.694063854969302e-133 3.731009908098243e-137 4.3420617556194156e-166 2.2796458326041128e-132
577.0 3.580908580658561e-130 2.7276785855372137e-133 3.836180448476192e-137 5.091512763533473e-166 2.2995629710409845e-132
578.0 3.5806744564769e-130 2.7615925871797148e-133 3.9439338170557813e-137 5.967028893982056e-166 2.3195829115091265e-132
579.0 3.5804390030972074e-130 2.795807234868229e-133 4.05432343501264e-137 6.9892592207078e-166 2.339705680813368e-132
580.0 3.5802022188976812e-130 2.8303238999403263e-133 4.1674036005017925e-137 8.182143464174383e-166 2.359931303457105e-132
581.0 3.579964102283049e-130 2.8651439500458966e-133 4.283229498671655e-137 9.573421704989273e-166 2.3802598016508498e-132
582.0 3.5797246516845294e-130 2.9002687490937434e-133 4.401857211723582e-137 1.119522076063546e-165 2.400691195320837e-132
583.0 3.5794838655598045e-130 2.9356996571986484e-133 4.523343729016335e-137 1.3084728408980305e-165 2.421225502117707e-132
584.0 3.579241742392975e-130 2.9714380306288757e-133 4.647746957214917e-137 1.5284968222385462e-165 2.4418627374252595e-132
585.0 3.578998280694533e-130 3.0074852217541257e-133 4.7751257304827815e-137 1.7845689572636676e-165 2.462602914369262e-132
586.0 3.5787534790013134e-130 3.043842578993931e-133 4.905539820717052e-137 2.0824389407873293e-165 2.4834460438263288e-132
587.0 3.5785073358764632e-130 3.080511446766535e-133 5.039049947825855e-137 2.4287484720375884e-165 2.5043921344328717e-132
588.0 3.5782598499093954e-130 3.117493165438173e-133 5.175717790046943e-137 2.831165725471111e-165 2.5254411925940833e-132
589.0 3.5780110197157507e-130 3.1547890712728707e-133 5.315605994307265e-137 3.298539499013966e-165 2.5465932224930278e-132
590.0 3.577760843937354e-130 3.192400496382642e-133 5.458778186622178e-137 3.841075831530163e-165 2.567848226099739e-132
591.0 3.5775093212421725e-130 3.2303287686781808e-133 5.605298982534179e-137 4.47054026487161e-165 2.5892062031804162e-132
592.0 3.5772564503242665e-130 3.2685752118199973e-133 5.755233997589871e-137 5.200489360365574e-165 2.610667151306655e-132
593.0 3.5770022299037486e-130 3.3071411451699934e-133 5.908649857854696e-137 6.046535571591211e-165 2.63223106586473e-132
594.0 3.576746658726739e-130 3.3460278837435557e-133 6.065614210464687e-137 7.026650132118401e-165 2.6538979400649615e-132
595.0 3.5764897355653063e-130 3.385236738162038e-133 6.226195734214239e-137 8.161509246784522e-165 2.6756677649510877e-132
596.0 3.5762314592174348e-130 3.4247690146057406e-133 6.390464150179294e-137 9.474889587322257e-165 2.6975405294097275e-132
597.0 3.5759718285069647e-130 3.4646260147673707e-133 6.558490232375235e-137 1.0994119898111182e-164 2.7195162201798775e-132
598.0 3.5757108422835407e-130 3.504809035805913e-133 6.730345818448302e-137 1.275059642715611e-164 2.7415948218624526e-132
599.0 3.5754484994225703e-130 3.545319370301013e-133 6.906103820400299e-137 1.4780370924165775e-164 2.763776316929888e-132
600.0 3.5751847988251634e-130 3.5861583062078055e-133 7.085838235345223e-137 1.7124821106428684e-164 2.7860606857357792e-132
601.0 3.5749197394180805e-130 3.627327126812175e-133 7.26962415629734e-137 1.9831414800481853e-164 2.8084479065245525e-132
602.0 3.574653320153676e-130 3.6688271106865474e-133 7.457537782989838e-137 2.2954580441666432e-164 2.830937955441215e-132
603.0 3.574385540009853e-130 3.7106595316460805e-133 7.649656432723145e-137 2.655669827509542e-164 2.853530806541115e-132
604.0 3.5741163979899953e-130 3.752825658705354e-133 7.846058551241973e-137 3.0709228473328176e-164 2.876226431799753e-132
605.0 3.573845893122919e-130 3.795326756035525e-133 8.046823723640648e-137 3.549399449378965e-164 2.8990248011226406e-132
606.0 3.57357402446281e-130 3.838164082921925e-133 8.252032685295345e-137 4.100464237139599e-164 2.9219258823551884e-132
607.0 3.573300791089171e-130 3.8813388937221534e-133 8.461767332822864e-137 4.734829931108374e-164 2.9449296412926446e-132
608.0 3.573026192106754e-130 3.924852437824604e-133 8.676110735064635e-137 5.4647457946637535e-164 2.9680360416900493e-132
609.0 3.572750226645509e-130 3.968705959607481e-133 8.895147144095498e-137 6.3042116006505855e-164 2.9912450452722494e-132
610.0 3.5724728938605153e-130 4.012900698398263e-133 9.118962006256088e-137 7.269220491863021e-164 3.0145566117439246e-132
611.0 3.5721941929319257e-130 4.0574378884336576e-133 9.347641973208137e-137 8.378034514443188e-164 3.037970698799672e-132
612.0 3.5719141230649007e-130 4.102318758819971e-133 9.58127491301161e-137 9.651497081248119e-164 3.061487262134093e-132
613.0 3.571632683489547e-130 4.147544533494015e-133 9.819949921223099e-137 1.111338715866569e-163 3.085106255451953e-132
614.0 3.5713498734608514e-130 4.193116431184399e-133 1.0063757332014214e-136 1.2790820572062034e-163 3.108827630478317e-132
615.0 3.5710656922586185e-130 4.239035665373343e-133 1.031278872930933e-136 1.471470449967603e-163 3.132651336968766e-132
616.0 3.5707801391874015e-130 4.285303444258936e-133 1.0567136957941757e-136 1.692025198085069e-163 3.156577322719609e-132
617.0 3.5704932135764404e-130 4.3319209707178415e-133 1.0826896134827249e-136 1.9447564111496633e-163 3.180605533578136e-132
618.0 3.5702049147795898e-130 4.3788894422685e-133 1.1092161660154304e-136 2.2342288548147816e-163 3.204735913452898e-132
619.0 3.5699152421752557e-130 4.426210051034771e-133 1.1363030228589895e-136 2.565636400361266e-163 3.2289684043240094e-132
620.0 3.569624195166323e-130 4.473883983710016e-133 1.1639599840500002e-136 2.9448861605047735e-163 3.2533029462534585e-132
621.0 3.569331773180096e-130 4.521912421521708e-133 1.1921969813183992e-136 3.378693531376908e-163 3.277739477395481e-132
622.0 3.5690379756682078e-130 4.5702965401964205e-133 1.2210240792121932e-136 3.874689509125177e-163 3.30227793400691e-132
623.0 3.5687428021065754e-130 4.6190375099253395e-133 1.2504514762233637e-136 4.441541815542843e-163 3.3269182504575806e-132
624.0 3.5684462519953096e-130 4.668136495330215e-133 1.2804895059149073e-136 5.089091552527454e-163 3.3516603592407455e-132
625.0 3.5681483248586502e-130 4.7175946554297325e-133 1.3111486380488521e-136 5.828507312167858e-163 3.3765041909834875e-132
626.0 3.5678490202448953e-130 4.767413143606434e-133 1.3424394797152135e-136 6.672458900302278e-163 3.401449674457205e-132
627.0 3.5675483377263213e-130 4.817593107573989e-133 1.3743727764617626e-136 7.635313089160442e-163 3.426496736588051e-132
628.0 3.56724627689912e-130 4.8681356893449905e-133 1.4069594134245068e-136 8.733354102180711e-163 3.451645302467431e-132
629.0 3.566942837383312e-130 4.919042025199186e-133 1.4402104164588334e-136 9.985031854577844e-163 3.476895295362499e-132
630.0 3.5666380188226808e-130 4.97031324565218e-133 1.4741369532711632e-136 1.141124133037029e-162 3.502246636726693e-132
631.0 3.566331820884692e-130 5.021950475424531e-133 1.5087503345510408e-136 1.303563687439921e-162 3.527699246210233e-132
632.0 3.56602424326042e-130 5.0739548334114014e-133 1.544062015103623e-136 1.4884985620852585e-162 3.5532530416707e-132
633.0 3.5657152856644697e-130 5.126327432652535e-133 1.5800835949823251e-136 1.698956477285947e-162 3.578907939183558e-132
634.0 3.565404947834902e-130 5.179069380302804e-133 1.6168268206217306e-136 1.938360799632506e-162 3.6046638530527487e-132
635.0 3.5650932295331516e-130 5.2321817776031455e-133 1.654303585970472e-136 2.2105806801326144e-162 3.6305206958212696e-132
636.0 3.56478013054395e-130 5.285665719851901e-133 1.6925259336241095e-136 2.519987346274334e-162 3.6564783782817315e-132
637.0 3.5644656506752503e-130 5.339522296376722e-133 1.7315060559578923e-136 2.871517278571874e-162 3.6825368094869965e-132
638.0 3.564149789758142e-130 5.393752590506808e-133 1.7712562962592584e-136 3.270743085904947e-162 3.708695896760759e-132
639.0 3.5638325476467757e-130 5.448357679545654e-133 1.8117891498600254e-136 3.723952986974867e-162 3.7349555457081684e-132
640.0 3.563513924218279e-130 5.503338634744203e-133 1.853117265268155e-136 4.23823990845136e-162 3.761315660226442e-132
641.0 3.563193919372678e-130 5.558696521274466e-133 1.8952534452989825e-136 4.821601324961024e-162 3.787776142515493e-132
642.0 3.5628725330328154e-130 5.614432398203588e-133 1.938210648205874e-136 5.483051093168257e-162 3.8143368930885755e-132
643.0 3.5625497651442673e-130 5.670547318468317e-133 1.9820019888101243e-136 6.232744673132538e-162 3.840997810782897e-132
644.0 3.56222561567526e-130 5.7270423288499504e-133 2.026640739630041e-136 7.08211928635097e-162 3.8677587927702784e-132
645.0 3.5619000846165936e-130 5.7839184699496935e-133 2.0721403320091776e-136 8.0440507329953e-162 3.8946197345677843e-132
646.0 3.5615731719815484e-130 5.841176776164455e-133 2.118514357243505e-136 9.133028782591558e-162 3.921580530048371e-132
647.0 3.5612448778058075e-130 5.8988182756630785e-133 2.1657765677074907e-136 1.0365353264693404e-161 3.948641071451526e-132
648.0 3.5609152021473726e-130 5.956843990363031e-133 2.21394087797902e-136 1.1759353221089168e-161 3.975801249393932e-132
649.0 3.5605841450864786e-130 6.015254935907482e-133 2.2630213659629822e-136 1.3335631741082928e-161 4.003060952880099e-132
650.0 3.560251706725506e-130 6.0740521216428124e-133 2.31303227401345e-136 1.5117339388975285e-161 4.0304200693130104e-132
651.0 3.5599178871888993e-130 6.13323655059662e-133 2.3639880100544525e-136 1.7130479450835062e-161 4.057878484504787e-132
652.0 3.5595826866230756e-130 6.192809219456009e-133 2.4159031486990442e-136 1.9404248579098225e-161 4.0854360826872874e-132
653.0 3.5592461051963457e-130 6.2527711185465016e-133 2.4687924323668014e-136 2.1971416801838588e-161 4.1130927465228105e-132
654.0 3.5589081430988224e-130 6.313123231811179e-133 2.522670772399483e-136 2.4868751292435014e-161 4.1408483571146797e-132
655.0 3.5585688005423342e-130 6.373866536790352e-133 2.5775532501748027e-136 2.813748876890555e-161 4.168702794017898e-132
656.0 3.5582280777603353e-130 6.4350020046016385e-133 2.6334551182182802e-136 3.1823861914839523e-161 4.196655935249778e-132
657.0 3.5578859750078256e-130 6.496530599920445e-133 2.6903918013129967e-136 3.5979685790533585e-161 4.224707657300566e-132
658.0 3.557542492561254e-130 6.5584532809608276e-133 2.7483788976071593e-136 4.066301083900728e-161 4.252857835144044e-132
659.0 3.557197630718435e-130 6.6207709994568725e-133 2.8074321797194863e-136 4.593884979289262e-161 4.281106342248175e-132
660.0 3.556851389798456e-130 6.683484700644348e-133 2.8675675958421226e-136 5.18799865612023e-161 4.309453050585667e-132
661.0 3.556503770141593e-130 6.7465953232428825e-133 2.9288012708412257e-136 5.856787602672002e-161 4.337897830644598e-132
662.0 3.556154772109217e-130 6.8101037994385074e-133 2.9911495073549133e-136 6.6093644622936645e-161 4.3664405514390026e-132
663.0 3.5558043960837055e-130 6.874011054866576e-133 3.054628786888598e-136 7.455920259246125e-161 4.395081080519431e-132
664.0 3.555452642468352e-130 6.938318008595158e-133 3.1192557709076317e-136 8.407847996596511e-161 4.423819283983549e-132
665.0 3.5550995116872766e-130 7.00302557310878e-133 3.1850473019270305e-136 9.477879955189884e-161 4.452655026486683e-132
666.0 3.5547450041853325e-130 7.068134654292568e-133 3.2520204045983534e-136 1.0680240160361359e-160 4.481588171252367e-132
667.0 3.5543891204280204e-130 7.133646151416847e-133 3.3201922867935225e-136 1.203081363440151e-160 4.5106185800828955e-132
668.0 3.5540318609013924e-130 7.199560957122036e-133 3.3895803406855315e-136 1.3547334219165329e-160 4.5397461133698296e-132
669.0 3.55367322611196e-130 7.265879957404076e-133 3.460202143825967e-136 1.5249592936051504e-160 4.568970630104544e-132
670.0 3.5533132165866056e-130 7.33260403160011e-133 3.5320754602192215e-136 1.7159669051440725e-160 4.5982919878887025e-132
671.0 3.5529518328724886e-130 7.39973405237466e-133 3.60521824139328e-136 1.9302186236262917e-160 4.627710042944765e-132
672.0 3.5525890755369545e-130 7.467270885706127e-133 3.6796486274670734e-136 2.170459645054389e-160 4.657224650126455e-132
673.0 3.552224945167439e-130 7.535215390873734e-133 3.755384948214263e-136 2.4397494449562744e-160 4.686835662929232e-132
674.0 3.5518594423713767e-130 7.603568420444782e-133 3.832445724123224e-136 2.7414966099868555e-160 4.716542933500722e-132
675.0 3.551492567776112e-130 7.672330820262374e-133 3.9108496674534705e-136 3.0794974013243557e-160 4.746346312651166e-132
676.0 3.551124322028798e-130 7.741503429433482e-133 3.990615683288102e-136 3.457978435740174e-160 4.7762456498638466e-132
677.0 3.550754705796311e-130 7.811087080317337e-133 4.071762870582258e-136 3.8816439086609593e-160 4.8062407933054525e-132
678.0 3.550383719765151e-130 7.88108259851431e-133 4.15431052320769e-136 4.355727825665535e-160 4.8363315898364986e-132
679.0 3.5500113646413507e-130 7.951490802855092e-133 4.2382781309930984e-136 4.886051754999035e-160 4.866517885021688e-132
680.0 3.549637641150379e-130 8.022312505390243e-133 4.323685380760281e-136 5.479088664219914e-160 4.8967995231402436e-132
681.0 3.5492625500370527e-130 8.093548511380162e-133 4.410552157356e-136 6.142033459411622e-160 4.927176347196263e-132
682.0 3.5488860920654326e-130 8.165199619285375e-133 4.498898544679397e-136 6.882880905933681e-160 4.9576481989290185e-132
683.0 3.5485082680187363e-130 8.23726662075722e-133 4.5887448267050325e-136 7.71051167592386e-160 4.9882149188232545e-132
684.0 3.5481290786992405e-130 8.309750300628912e-133 4.6801114885012625e-136 8.634787340213199e-160 5.018876346119478e-132
685.0 3.5477485249281874e-130 8.38265143690689e-133 4.773019217243976e-136 9.666655201528043e-160 5.049632318824188e-132
686.0 3.5473666075456853e-130 8.45597080076267e-133 4.867488903225666e-136 1.0818263952449607e-159 5.080482673720151e-132
687.0 3.546983327410622e-130 8.529709156524861e-133 4.96354164085954e-136 1.2103091236216973e-159 5.1114272463765704e-132
688.0 3.546598685400558e-130 8.603867261671743e-133 5.061198729678841e-136 1.3536084291839136e-159 5.1424658711593215e-132
689.0 3.546212682411642e-130 8.678445866824047e-133 5.160481675331133e-136 1.513381497786297e-159 5.1735983812411126e-132
690.0 3.545825319358508e-130 8.75344571573817e-133 5.261412190567407e-136 1.691465059240639e-159 5.204824608611642e-132
691.0 3.54543659717418e-130 8.828867545299656e-133 5.364012196226173e-136 1.8898942041587251e-159 5.2361443840877014e-132
692.0 3.5450465168099807e-130 8.904712085517181e-133 5.468303822212217e-136 2.11092310552717e-159 5.267557537323343e-132
693.0 3.5446550792354297e-130 8.980980059516646e-133 5.5743094084699255e-136 2.3570478309181e-159 5.299063896819897e-132
694.0 3.5442622854381503e-130 9.057672183535883e-133 5.682051505951462e-136 2.6310314487021663e-159 5.3306632899360916e-132
695.0 3.5438681364237753e-130 9.134789166919476e-133 5.7915528775791115e-136 2.9359316506647875e-159 5.3623555428980635e-132
696.0 3.543472633215847e-130 9.212331712114044e-133 5.902836499202295e-136 3.275131134176132e-159 5.394140480809374e-132
697.0 3.5430757768557174e-130 9.290300514663826e-133 6.015925560548795e-136 3.6523710096684014e-159 5.42601792766101e-132
698.0 3.542677568402467e-130 9.368696263206623e-133 6.130843466170252e-136 4.071787523799283e-159 5.457987706341362e-132
699.0 3.5422780089327855e-130 9.447519639469996e-133 6.247613836381891e-136 4.537952415492282e-159 5.4900496386461335e-132
700.0 3.5418770995408933e-130 9.526771318267933e-133 6.366260508196287e-136 5.055917251235718e-159 5.522203545288302e-132
