200.0 0.025022184007992467 1.6772385699737015e-08 3.9441490246567675e-12 2.74984274285908e-113 1.184135616521441e-08
201.0 0.02682335401507494 1.9297354958413602e-08 4.730523488382869e-12 1.100097394167528e-112 1.3647609719027363e-08
202.0 0.02870164037838712 2.21463617346074e-08 5.657023828099371e-12 4.336081694306209e-112 1.568938631976671e-08
203.0 0.030655600228456717 2.535226968612255e-08 6.745289054842606e-12 1.684202094037805e-111 1.799110483978702e-08
204.0 0.03268331282309227 2.8950044452226565e-08 8.019689310020484e-12 6.447733741535777e-111 2.0578817439879975e-08
205.0 0.03478236530098048 3.297672548450883e-08 9.50756833848362e-12 2.4334376816172872e-110 2.3480199139801696e-08
206.0 0.036949841968716375 3.747137263224169e-08 1.1239491552964465e-11 9.055576919716156e-110 2.6724518951368687e-08
207.0 0.03918231742075668 4.247498526545582e-08 1.3249497154403418e-11 3.3233475826022696e-109 3.034259079666411e-08
208.0 0.04147585375874585 4.8030391888690315e-08 1.5575347345535364e-11 1.203036064536447e-108 3.436670254106629e-08
209.0 0.04382600213827995 5.418210842174839e-08 1.825877624225799e-11 4.296381199723457e-108 3.883052161867793e-08
210.0 0.046227808827491446 6.097616360143758e-08 2.134573065704148e-11 1.5139965134947106e-107 4.376897591728884e-08
211.0 0.04867582591380562 6.845989029057688e-08 2.4886599510567542e-11 5.2652633929639945e-107 4.921810882202299e-08
212.0 0.05116412674279734 7.66816818654207e-08 2.8936427232024276e-11 1.8074338050340022e-106 5.521490759028448e-08
213.0 0.05368632611795446 8.569071328872823e-08 3.3555106146606045e-11 6.125257975942286e-106 6.179710454499296e-08
214.0 0.056235605231819516 9.553662695737798e-08 3.880754253191754e-11 2.0496390971690493e-105 6.90029509247381e-08
215.0 0.05880474123959104 1.0626918393708991e-07 4.476379076579763e-11 6.773163318630944e-105 7.687096361611006e-08
216.0 0.06138614132566879 1.1793788175433533e-07 5.149914979811896e-11 2.2107302137155387e-104 8.543964540945987e-08
217.0 0.06397188105372845 1.3059154050042083e-07 5.909421607079846e-11 7.128164831395453e-104 9.474717986019589e-08
218.0 0.06655374673160473 1.4427785960404448e-07 6.763488699406162e-11 2.270827319295823e-103 1.0483110229555122e-07
219.0 0.06912328146591577 1.5904294823861178e-07 7.72123091742886e-11 7.148589677724655e-103 1.1572794897591608e-07
220.0 0.07167183452746397 1.7493083293545984e-07 8.792276578738476e-11 2.2240826655719803e-102 1.2747288689015974e-07
221.0 0.07419061359923589 1.9198294656456492e-07 9.98674978099847e-11 6.839732851226017e-102 1.4009932712883428e-07
222.0 0.07667073943430427 2.1023760340637085e-07 1.1315245426352484e-10 2.07944457712346e-101 1.53638525227252e-07
223.0 0.07910330241239628 2.2972946556067887e-07 1.2788796719681153e-10 6.250818619735853e-101 1.6811917229336267e-07
224.0 0.0814794204518649 2.504890064083482e-07 1.44188347831415e-10 1.858096006061215e-100 1.8356698112323676e-07
225.0 0.08379029770888603 2.725419772469415e-07 1.6217140111864137e-10 5.46261419379282e-100 2.0000427185037494e-07
226.0 0.08602728347857255 2.959088835516528e-07 1.8195785690184745e-10 1.5885194326852313e-99 2.174495619653515e-07
227.0 0.08818193070341081 3.206044775568771e-07 2.0367071693456104e-10 4.569848023450908e-99 2.3591716577053353e-07
228.0 0.09024605349355813 3.466372740036843e-07 2.2743451816221267e-10 1.30072331535247e-98 2.554168084940501e-07
229.0 0.09221178307079474 3.740090959457335e-07 2.533745139179548e-10 3.663514375762522e-98 2.7595326037058697e-07
230.0 0.09407162156349473 4.027146574460948e-07 2.816157759939671e-10 1.0211645098337098e-97 2.975259959994774e-07
231.0 0.09581849310356241 4.3274118982611485e-07 3.1228222190837494e-10 2.8172966498564737e-97 3.201288842090629e-07
232.0 0.09744579170735837 4.6406811784291245e-07 3.4549557307146773e-10 7.694172523796921e-97 3.437499134879491e-07
233.0 0.09894742546101397 4.966667917762449e-07 3.8137425093945297e-10 2.0803498820277754e-96 3.683709577890527e-07
234.0 0.10031785657511427 5.305002808995364e-07 4.200322196021185e-10 5.569392879223992e-96 3.939675871711817e-07
235.0 0.10155213692441946 5.655232332020526e-07 4.615777845574836e-10 1.4764797249891993e-95 4.205089273205853e-07
236.0 0.10264593874346321 6.016818055235669e-07 5.06112358651835e-10 3.876552831619572e-95 4.479575714936874e-07
237.0 0.1035955802083735 6.389136674728168e-07 5.537292072830244e-10 1.0081200106575127e-94 4.762695478514035e-07
238.0 0.10439804569750359 6.771480816353508e-07 6.045121859502486e-10 2.5970248422781555e-94 5.053943445210209e-07
239.0 0.10505100058789908 7.163060616507775e-07 6.585344840618961e-10 6.628048384810475e-94 5.352749940349554e-07
240.0 0.10555280050986181 7.563006087671279e-07 7.158573895608047e-10 1.6760564090046177e-93 5.658482180663459e-07
241.0 0.1059024950471222 7.970370264783095e-07 7.765290893748897e-10 4.199833161889458e-93 5.97044632622228e-07
242.0 0.10609982593431108 8.384133118361251e-07 8.405835209343975e-10 1.0429471740974245e-92 6.2878901307844e-07
243.0 0.10614521986549054 8.803206210177459e-07 9.080392900021283e-10 2.5669963518792736e-92 6.610006176591416e-07
244.0 0.10603977608670978 9.226438057414503e-07 9.788986698331017e-10 6.262764077028646e-92 6.935935671921798e-07
245.0 0.10578524900092454 9.652620161738338e-07 1.0531466962107297e-09 1.5147093716984627e-91 7.264772782219274e-07
246.0 0.1053840260645149 1.0080493650779607e-06 1.1307503722000134e-09 3.632110480250473e-91 7.595569458474021e-07
247.0 0.10483910130036121 1.050875647128603e-06 1.2116579955198038e-09 8.635723136681716e-91 7.927340719870564e-07
248.0 0.10415404479251568 1.0936071065826373e-06 1.2957986202775204e-09 2.036062833903596e-90 8.259070341646666e-07
249.0 0.10333296856144543 1.1361072458512452e-06 1.3830816634453163e-09 4.7607873287231866e-90 8.589716893727301e-07
250.0 0.10238048924645718 1.1782376669874622e-06 1.4733966649076635e-09 1.1040870509953188e-89 8.918220071105164e-07
251.0 0.10130168804290303 1.2198589376845009e-06 1.566613208198297e-09 2.539838140558714e-89 9.243507253194688e-07
252.0 0.10010206835624139 1.2608314730850908e-06 1.662581007198668e-09 5.7959908324238915e-89 9.564500226560965e-07
253.0 0.09878751164289001 1.3010164245317476e-06 1.7611301621182522e-09 1.3122255353263014e-88 9.88012200354349e-07
254.0 0.0973642319093065 1.3402765663446357e-06 1.8620715860521166e-09 2.947732968633895e-88 1.018930366838467e-06
255.0 0.09583872933616769 1.3784771717967595e-06 1.9651976013471222e-09 6.570612665273183e-88 1.0490991182539028e-06
256.0 0.09421774348412434 1.415486869660812e-06 2.0702827029371997e-09 1.4534509827668926e-87 1.0784152081853973e-06
257.0 0.09250820652195439 1.4511784730240584e-06 2.1770844837664124e-09 3.190876135350813e-87 1.1067782000255294e-06
258.0 0.09071719689742655 1.4854297724985727e-06 2.285344715438173e-09 6.953001013627235e-87 1.1340910957382784e-06
259.0 0.08885189384646162 1.5181242864855984e-06 2.394790575343235e-09 1.5039199343653574e-86 1.160260935124713e-06
260.0 0.08691953310767692 1.549151961771719e-06 2.5051360097548304e-09 3.2292675956382256e-86 1.1851993601325032e-06
261.0 0.08492736417798948 1.5784098184327987e-06 2.6160832207698655e-09 6.884091069275514e-86 1.20882313925185e-06
262.0 0.08288260941091478 1.6058025337799629e-06 2.727324263534827e-09 1.4570965679992574e-85 1.2310546475932596e-06
263.0 0.08079242522362091 1.6312429608948487e-06 2.8385427389579156e-09 3.0624194288878215e-85 1.2518222988435032e-06
264.0 0.07866386564173504 1.6546525781443432e-06 2.949415566074596e-09 6.391615206445507e-85 1.2710609259264048e-06
265.0 0.07650384837354879 1.6759618669348869e-06 3.0596148174324e-09 1.3248318177267765e-84 1.2887121078523682e-06
266.0 0.07431912356769839 1.6951106158397736e-06 3.168809600285504e-09 2.7274021878475824e-84 1.304724440906806e-06
267.0 0.07211624537142128 1.7120481501017128e-06 3.276667966052793e-09 5.577115268729564e-84 1.3190537529965296e-06
268.0 0.06990154637051868 1.7267334863628567e-06 3.3828588303918628e-09 1.132857604386971e-83 1.3316632606333407e-06
269.0 0.06768111495758418 1.739135413293167e-06 3.4870538863705768e-09 2.286015318802238e-83 1.3425236686756955e-06
270.0 0.06546077564228134 1.7492324995646806e-06 3.588929493568043e-09 4.583038192155213e-83 1.3516132135636713e-06
271.0 0.06324607228682304 1.7570130313452778e-06 3.6881685264987467e-09 9.129150061306207e-83 1.3589176513623831e-06
272.0 0.06104225422156537 1.7624748821525163e-06 3.7844621665106866e-09 1.8069300125906376e-82 1.3644301924674341e-06
273.0 0.05885426516994518 1.7656253185083538e-06 3.877511622241742e-09 3.5540015112741604e-82 1.3681513853164553e-06
274.0 0.05668673488905743 1.766480745364905e-06 3.967029764809053e-09 6.946882328351771e-82 1.3700889518894113e-06
275.0 0.05454397341205218 1.7650663957254905e-06 4.052742665131979e-09 1.3495491178386898e-81 1.370257578163209e-06
276.0 0.0524299677613275 1.7614159692634435e-06 4.134391022129794e-09 2.6058164778279463e-81 1.3686786630120657e-06
277.0 0.05034838098707251 1.7555712250391512e-06 4.2117314719600665e-09 5.001322872140073e-81 1.3653800293101354e-06
278.0 0.04830255337417563 1.747581533637804e-06 4.2845377699563914e-09 9.542036127600824e-81 1.3603956011997399e-06
279.0 0.04629550565167018 1.7375033941960556e-06 4.352601838456837e-09 1.8098437662076554e-80 1.353765051636356e-06
280.0 0.04432994403264756 1.7253999218577922e-06 4.415734675263677e-09 3.412819800689978e-80 1.34553342441182e-06
281.0 0.042408266908812636 1.7113403112030948e-06 4.473767119022745e-09 6.398613219698513e-80 1.3357507348938158e-06
282.0 0.040532573022317414 1.6953992811309356e-06 4.526550469326799e-09 1.1928509790517537e-79 1.3244715537027204e-06
283.0 0.03870467093819813 1.677656506557829e-06 4.5739569608315195e-09 2.2112689803033272e-79 1.311754577485792e-06
284.0 0.03692608964313555 1.6581960421152989e-06 4.615880092076546e-09 4.076419253412558e-79 1.2976621908381962e-06
285.0 0.03519809010056449 1.6371057428109797e-06 4.65223481105487e-09 7.473507305970487e-79 1.2822600232776802e-06
286.0 0.033521677597726104 1.6144766863500593e-06 4.682957560811626e-09 1.3627133714589406e-78 1.2656165049956908e-06
287.0 0.03189761472723501 1.590402601517477e-06 4.7080061895079975e-09 2.47140954795616e-78 1.2478024248992486e-06
288.0 0.030326434853708745 1.5649793066942923e-06 4.7273597304254545e-09 4.458311580011991e-78 1.228890494222905e-06
289.0 0.02880845592479742 1.5383041622316144e-06 4.741018058306031e-09 8.000305788706549e-78 1.2089549187344804e-06
290.0 0.027343794495469906 1.5104755400427936e-06 4.749001429234139e-09 1.4281632279805328e-77 1.1880709822901e-06
291.0 0.025932379844346688 1.4815923133999051e-06 4.75134991194757e-09 2.536345736604544e-77 1.1663146442138558e-06
292.0 0.024573968071131255 1.451753369542673e-06 4.7481227190292106e-09 4.481488709584571e-77 1.14376215269212e-06
293.0 0.023268156074574397 1.4210571473293733e-06 4.7393974468698505e-09 7.878489388780327e-77 1.120489676084138e-06
294.0 0.022014395320852656 1.3896012017894171e-06 4.7252692336255014e-09 1.3781408124772259e-76 1.0965729537666182e-06
295.0 0.020812005322497343 1.3574817970728133e-06 4.705849844600283e-09 2.398816775402871e-76 1.0720869678480076e-06
296.0 0.019660186758096138 1.324793528943621e-06 4.681266694597677e-09 4.155046730308546e-76 1.0471056368168557e-06
297.0 0.018558034172704175 1.291628977629404e-06 4.651661816784391e-09 7.162296069856991e-76 1.0217015319256144e-06
298.0 0.017504548208289863 1.258078391527272e-06 4.617190787537557e-09 1.228706011671384e-75 9.959456168649457e-07
299.0 0.016498647322350155 1.2242294019686191e-06 4.578021616561053e-09 2.0978989052201798e-75 9.699070110458782e-07
300.0 0.015539178961253857 1.1901667689773538e-06 4.534333611327479e-09 3.5651939830689467e-75 9.436527765924944e-07
301.0 0.01462493016262532 1.1559721577042837e-06 4.486316224576619e-09 6.030657458208104e-75 9.172477289438166e-07
302.0 0.013754637568338808 1.1217239449982055e-06 4.434167893239081e-09 1.0154290371572451e-74 8.907542707821226e-07
303.0 0.01292699683630452 1.0874970553726227e-06 4.378094876727734e-09 1.7019944286252489e-74 8.642322488386703e-07
304.0 0.012140671445261089 1.0533628254515159e-06 4.318310102079722e-09 2.8399470034276817e-74 8.377388329814195e-07
305.0 0.011394300892211908 1.0193888958248189e-06 4.255032022934233e-09 4.717647457889384e-74 8.113284168602663e-07
306.0 0.010686508286983896 9.856391291154983e-07 4.18848349881193e-09 7.802309546592952e-74 7.850525392747347e-07
307.0 0.010015907352648158 9.521735529530341e-07 4.118890700621987e-09 1.284760911324163e-73 7.589598253352901e-07
308.0 0.009381108844248932 9.190483264620353e-07 4.046482047770618e-09 2.1064036883487373e-73 7.330959464120898e-07
309.0 0.008780726401481885 8.863157288101543e-07 3.971487181694303e-09 3.4387410330898414e-73 7.075035978045633e-07
310.0 0.008213381853634504 8.540241683112569e-07 3.8941359800811405e-09 5.5900287723420556e-73 6.82222493017754e-07
311.0 0.007677709997326814 8.222182105507147e-07 3.814657615497558e-09 9.049053995387519e-73 6.572893734991633e-07
312.0 0.0071723628693773946 7.90938623986324e-07 3.7332796616016705e-09 1.4587620676089693e-72 6.327380326702978e-07
313.0 0.00669601353849911 7.602224414783625e-07 3.650227249598764e-09 2.3419369649390643e-72 6.085993530784426e-07
314.0 0.00624735944054221 7.301030362152381e-07 3.565722277086242e-09 3.744488022859325e-72 5.849013554960955e-07
315.0 0.00582512528270529 7.006102105277483e-07 3.4799826709586e-09 5.962837598881938e-72 5.616692588086064e-07
316.0 0.005428065542507324 6.717702961182236e-07 3.393221705573831e-09 9.457434435591145e-72 5.389255495493769e-07
317.0 0.005054966587445826 6.43606264275034e-07 3.305647376949288e-09 1.4940660600432331e-71 5.166900599699618e-07
318.0 0.00470464844115579 6.16137844693829e-07 3.217461833345318e-09 2.3510312351235927e-71 4.949800535661556e-07
319.0 0.004375966221573445 5.893816515839771e-07 3.1288608622134865e-09 3.685147958868095e-71 4.738103170203362e-07
320.0 0.004067811276115971 5.633513158000262e-07 3.040033433129379e-09 5.754067455225022e-71 4.5319325756337845e-07
321.0 0.0037791120382583885 5.38057621804388e-07 2.9511612960078377e-09 8.95022149129257e-71 4.3313900480701685e-07
322.0 0.0035088346291249637 5.135086483356721e-07 2.8624186335997163e-09 1.3869044152512481e-70 4.1365551614704015e-07
323.0 0.0032559832268549546 4.897099117279996e-07 2.7739717670025625e-09 2.1410562094230242e-70 3.9474868488984485e-07
324.0 0.0030196002255594395 4.666645108981475e-07 2.685978912676386e-09 3.293010056629662e-70 3.7642245030797633e-07
325.0 0.002798766204684864 4.443732730896502e-07 2.5985899892433295e-09 5.046101024612633e-70 3.5867890888445395e-07
326.0 0.00259259972855472 4.2283489953528175e-07 2.511946472166071e-09 7.70426049787543e-70 3.415184260603149e-07
327.0 0.0024002569947816294 4.0204611027000695e-07 2.426181294236669e-09 1.1720122323151208e-69 3.249397478535581e-07
328.0 0.0022209313491553116 3.820017873970877e-07 2.3414187896762148e-09 1.7765332177737957e-69 3.089401117717874e-07
329.0 0.0020538526835118254 3.6269511617748893e-07 2.257774679529673e-09 2.6832933971780075e-69 2.9351535649282694e-07
330.0 0.0018982867320066 3.4411772337992534e-07 2.175356095957344e-09 4.0385929407778833e-69 2.786600298397291e-07
331.0 0.0017535342801331653 3.2625981239165953e-07 2.094261642950647e-09 6.057206140013666e-69 2.643674946255187e-07
332.0 0.0016189302997834385 3.0911029465241956e-07 2.014581490958468e-09 9.053323889260731e-69 2.506300319918624e-07
333.0 0.0014938430226176015 2.926569170315244e-07 1.936397502877389e-09 1.3484973425507013e-68 2.374389419113486e-07
334.0 0.0013776729630241313 2.768863848243172e-07 1.859783388850897e-09 2.0017562453920214e-68 2.247846405674574e-07
335.0 0.0012698519009972647 2.6178448009646043e-07 1.7848048873277555e-09 2.961446601224378e-68 2.1265675436809718e-07
336.0 0.0011698418343462048 2.4733617515390015e-07 1.7115199698488848e-09 4.366572014127037e-68 2.0104421038802754e-07
337.0 0.001077133908782655 2.3352574096294695e-07 1.6399790670684917e-09 6.417022795718438e-68 1.8993532307304624e-07
338.0 0.0009912473336071152 2.2033685038788522e-07 1.5702253135605781e-09 9.399285463447902e-68 1.7931787707360234e-07
339.0 0.0009117282899345269 2.0775267615354056e-07 1.5022948090196393e-09 1.372259710196526e-67 1.691792061080761e-07
340.0 0.0008381488376673693 1.9575598347755383e-07 1.436216893534879e-09 1.9969618199491397e-67 1.595062677865247e-07
341.0 0.0007701058267342468 1.8432921735073385e-07 1.3720144346920596e-09 2.8967218766521976e-67 1.50285714353399e-07
342.0 0.0007072198174697796 1.7345458447512372e-07 1.3097041243437716e-09 4.1885035941695555e-67 1.415039593336574e-07
343.0 0.0006491340144122172 1.6311412989748843e-07 1.249296782980114e-09 6.037225065341885e-67 1.3314724009014582e-07
344.0 0.0005955132172396072 1.5328980840138515e-07 1.1907976697296394e-09 8.674678894438559e-67 1.252016763215266e-07
345.0 0.0005460427920515808 1.4396355074375722e-07 1.1342067961230104e-09 1.242561997189057e-66 1.176533245493623e-07
346.0 0.0005004276657301237 1.3511732484214103e-07 1.0795192418574915e-09 1.7743621390666553e-66 1.1048822866021314e-07
347.0 0.0004583913456782065 1.2673319203641724e-07 1.0267254709099348e-09 2.5260199795269807e-66 1.0369246658404123e-07
348.0 0.00041967496683741404 1.1879335856449129e-07 9.758116464568122e-10 3.58519090407972e-66 9.725219320374934e-08
349.0 0.0003840363675228999 1.112802224044898e-07 9.267599431714676e-10 5.073168800704646e-66 9.115367960241694e-08
350.0 0.0003512491952857425 1.0417641564752747e-07 8.795488555834203e-10 7.157284453366316e-66 8.538334876514516e-08
351.0 0.0003211020437138019 9.74648425740157e-08 8.341535012940176e-10 1.0067681713102292e-65 7.992780786070395e-08
352.0 0.0002933976208154651 9.112871361434099e-08 7.90545917957324e-10 1.4119947778012439e-65 7.477387723560242e-08
353.0 0.0002679519493893234 8.515157538021754e-08 7.486953530425708e-10 1.9745547682414433e-65 6.990861625868638e-08
354.0 0.0002445935995690547 7.95173369574158e-08 7.085685455038139e-10 2.75326308915636e-65 6.531934615896375e-08
355.0 0.00022316295354241105 7.421029265328529e-08 6.701299985872277e-10 3.828058096408176e-65 6.099367000256904e-08
356.0 0.00020351150227528107 6.921514139388801e-08 6.333422431082775e-10 5.3072719863304335e-65 5.691948995689385e-08
357.0 0.00018550117392491302 6.451700296581321e-08 5.981660906299273e-10 7.337292273232975e-65 5.3085021991067696e-08
358.0 0.00016900369349849895 6.010143129686392e-08 5.645608760679378e-10 1.0115362998782984e-64 4.9478808162177495e-08
359.0 0.0001538999732028883 5.5954424967840494e-08 5.324846893392584e-10 1.3906496585410653e-64 4.6089726635898725e-08
360.0 0.0001400795328373797 5.20624351449533e-08 5.018945957565762e-10 1.9065751658393e-64 4.2906999588868606e-08
361.0 0.0001274399495020071 4.841237111872369e-08 4.727468449529304e-10 2.606749504825564e-64 3.9920199137950244e-08
362.0 0.00011588633582797304 4.4991603630957224e-08 4.449970681972127e-10 3.554372779076504e-64 3.711925143882492e-08
363.0 0.00010533084588330024 4.17879661664636e-08 4.1860046403326227e-10 4.8334140343570307e-64 3.4494439093079235e-08
364.0 9.569220786424123e-05 3.8789754380751097e-08 3.935119722420424e-10 6.555130240034142e-64 3.203640199920309e-08
365.0 8.689528265037416e-05 3.598572382899339e-08 3.6968643618779696e-10 8.866532571174907e-64 2.9736136778726493e-08
366.0 7.887064727786885e-05 3.336508615534402e-08 3.4707875366623934e-10 1.1961351096319177e-63 2.758499490425417e-08
367.0 7.155420236969338e-05 3.091750389503049e-08 3.2564401642377504e-10 1.609419591664185e-63 2.5574679651301615e-08
368.0 6.488680255328778e-05 2.863308403491212e-08 3.053376385640437e-10 2.1598796385283183e-63 2.3697241990853644e-08
369.0 5.88139088940045e-05 2.650237047113659e-08 2.861154740992018e-10 2.8911428722507527e-63 2.1945075534296336e-08
370.0 5.328526237616693e-05 2.4516335495452636e-08 2.6793392394061783e-10 3.8600926378527784e-63 2.0310910637039854e-08
371.0 4.825457747193472e-05 2.2666370434554158e-08 2.5075003265586205e-10 5.140701924623328e-63 1.8787807761690974e-08
372.0 4.36792548507384e-05 2.0944275559638173e-08 2.345215753466764e-10 6.828918216528502e-63 1.736915019612903e-08
373.0 3.95201122982457e-05 1.9342249376182607e-08 2.1920713502598238e-10 9.048870792231064e-63 1.6048636216310364e-08
374.0 3.574113293320986e-05 1.7852877396877994e-08 2.0476617089166971e-10 1.196073764548457e-62 1.4820270778148366e-08
375.0 3.230922983243477e-05 1.646912049362522e-08 1.9115907791011593e-10 1.5770689560091935e-62 1.3678356817345079e-08
376.0 2.919402619820445e-05 1.5184302917647215e-08 1.783472381341767e-10 2.074342696501189e-62 1.2617486230676394e-08
377.0 2.6367650228472323e-05 1.3992100070095116e-08 1.6629306418910203e-10 2.721794458247518e-62 1.1632530606990239e-08
378.0 2.380454387728598e-05 1.2886526098966975e-08 1.5496003536442742e-10 3.5627303773494274e-62 1.0718631770991e-08
379.0 2.1481284721360675e-05 1.186192139188965e-08 1.4431272675247788e-10 4.652336782856513e-62 9.871192197912854e-09
380.0 1.9376420177794395e-05 1.0912940028205177e-08 1.3431683187321137e-10 6.060766704381931e-62 9.085865352317952e-09
381.0 1.7470313347585113e-05 1.0034537247967707e-08 1.2493917922210472e-10 7.876981503443655e-62 8.358545999590133e-09
382.0 1.5744999789551096e-05 9.221956989866648e-09 1.1614774317241819e-10 1.021352032473726e-61 7.685360534208552e-09
383.0 1.4184054559241717e-05 8.470719544744517e-09 1.0791164965556605e-10 1.3212406618400707e-61 7.062657364578371e-09
384.0 1.2772468877354998e-05 7.776609366320875e-09 1.0020117703418452e-10 1.7052444599618345e-61 6.486997390108374e-09
385.0 1.1496535821805533e-05 7.1356630759239515e-09 9.298775257146468e-11 2.195821040470013e-61 5.955144602323514e-09
386.0 1.0343744466849059e-05 6.5441576935134105e-09 8.62439448881618e-11 2.8211104270482068e-61 5.464056838123059e-09
387.0 9.302681921380198e-06 5.9985991230092266e-09 7.994345278505392e-11 3.616290290487974e-61 5.01087670980806e-09
388.0 8.362942746660326e-06 5.495710915970383e-09 7.406109079433761e-11 4.625233715288536e-61 4.592922733247028e-09
389.0 7.5150452611208545e-06 5.03242333393105e-09 6.857277180794572e-11 5.90253211637384e-61 4.207680672475263e-09
390.0 6.750354266558697e-06 4.605862726258792e-09 6.345548711501633e-11 7.51595778734281e-61 3.852795116180894e-09
391.0 6.061009755851691e-06 4.213341237190692e-09 5.868728416423088e-11 9.54945443726027e-61 3.526061298872001e-09
392.0 5.439861187275918e-06 3.852346852750022e-09 5.4247242349965936e-11 1.2106760259899503e-60 3.225417177062655e-09
393.0 4.880406934574919e-06 3.520533795545155e-09 5.01154471043866e-11 1.531578690940757e-60 2.948935768560249e-09
394.0 4.3767385450425654e-06 3.2157132729630033e-09 4.6272962560436685e-11 1.9333899599328903e-60 2.6948177608489193e-09
395.0 3.923489460080051e-06 2.9358445820220713e-09 4.270180303380488e-11 2.435426880828803e-60 2.4613843926709897e-09
396.0 3.515787873933943e-06 2.6790265721140716e-09 3.9384903555188754e-11 3.0613493219064746e-60 2.2470706111852e-09
397.0 3.149213426598911e-06 2.4434894650162787e-09 3.630608966746083e-11 3.840072703758918e-60 2.0504185055096594e-09
398.0 2.819757446234427e-06 2.227587029926729e-09 3.345004668627806e-11 4.806858328180362e-60 1.870071016062898e-09
399.0 2.523786474845788e-06 2.029789109805961e-09 3.080228860671179e-11 6.004612859405806e-60 1.704765917852721e-09
400.0 2.2580088284823434e-06 1.848674494028574e-09 2.8349126823199622e-11 7.485433526287833e-60 1.5533300747526288e-09
401.0 2.0194439597906383e-06 1.6829241312176394e-09 2.6077638815186832e-11 9.3124413140101e-60 1.4146739608183582e-09
402.0 1.8053944064770269e-06 1.5313146751665675e-09 2.397563693661395e-11 1.1561950876008593e-59 1.2877864438430408e-09
403.0 1.6134201240824045e-06 1.3927123559167232e-09 2.2031637433657403e-11 1.432603320123823e-59 1.1717298256042308e-09
404.0 1.4413150154951835e-06 1.2660671673592738e-09 2.0234829802092877e-11 1.7715535304197635e-59 1.0656351326238151e-09
405.0 1.287085482843088e-06 1.150407362147432e-09 1.857504658321001e-11 2.186363045539745e-59 9.68697650727167e-10
406.0 1.1489308398477403e-06 1.0448342442379245e-09 1.7042733685483873e-11 2.6929982832793275e-59 8.801726962491177e-10
407.0 1.025225434417181e-06 9.485172490102173e-10 1.5628921308079383e-11 3.310562204856001e-59 7.993716163767315e-10
408.0 9.145023422317339e-07 8.606893006388201e-10 1.4325195531870751e-11 4.0618635892208834e-59 7.256580108429e-10
409.0 8.154385023718677e-07 7.806424362038188e-10 1.3123670633912242e-11 4.9740803934532695e-59 6.584441669788531e-10
410.0 7.268411756754146e-07 7.077236859107847e-10 1.201696217221272e-11 6.079531046280922e-59 5.971876999923926e-10
411.0 6.476356155256483e-07 6.413311987448869e-10 1.0998160879220319e-11 7.4165692671703794e-59 5.413883902550127e-10
412.0 5.768538491953422e-07 5.809106029015062e-10 1.006080739465843e-11 9.03061992211103e-59 4.905852093520655e-10
413.0 5.136244757291844e-07 5.259515904045715e-10 9.198867861164476e-12 1.0975375529338155e-58 4.443535266655087e-10
414.0 4.5716339367257574e-07 4.759847154425057e-10 8.406710399625545e-12 1.3314175323488839e-58 4.0230248831726666e-10
415.0 4.067653787743632e-07 4.3057839611113575e-10 7.679082475112433e-12 1.6121591284108274e-58 3.6407256039542154e-10
416.0 3.6179643813415024e-07 3.893361094488924e-10 7.011089158883529e-12 1.9485248242101807e-58 3.293332285118112e-10
417.0 3.216868731586119e-07 3.518937698770263e-10 6.398172287041088e-12 2.350790810261217e-58 2.9778084589394295e-10
418.0 2.8592498916040665e-07 3.179172814097885e-10 5.836090512017795e-12 2.8309851370336664e-58 2.6913662239092203e-10
419.0 2.54051394505462e-07 2.8710025427453657e-10 5.3209002391666355e-12 3.4031592537236675e-58 2.431447469706707e-10
420.0 2.2565383691272142e-07 2.591618768741435e-10 4.848937437271866e-12 4.083696949451226e-58 2.195706364995579e-10
421.0 2.003625288577882e-07 2.338449343297304e-10 4.416800308758415e-12 4.8916650959823634e-58 1.98199303822163e-10
422.0 1.778459180520282e-07 2.109139651587393e-10 4.021332802750012e-12 5.849210996343169e-58 1.7883383839666293e-10
423.0 1.578068626815808e-07 1.9015354796719502e-10 3.659608951860094e-12 6.982011570630512e-58 1.6129399298645876e-10
424.0 1.3997917451738753e-07 1.7136671036379954e-10 3.3289180116830452e-12 8.319780057905264e-58 1.454148701595206e-10
425.0 1.2412449616724491e-07 1.5437345263497642e-10 3.026750380363779e-12 9.896836379840714e-58 1.310457026015897e-10
426.0 1.1002948165096815e-07 1.39009379050457e-10 2.75078427430738e-12 1.1752747795888927e-57 1.1804872150467726e-10
427.0 9.750325215953897e-08 1.2512442999917058e-10 2.4988731350729487e-12 1.393304697883935e-57 1.0629810754880017e-10
428.0 8.637510132262381e-08 1.1258170848063865e-10 2.26903374170046e-12 1.64900351508354e-57 9.567901924879729e-11
429.0 7.649242657308033e-08 1.0125639479823593e-10 2.059435002160901e-12 1.9483678439817893e-57 8.608669368971959e-11
430.0 6.771886527590637e-08 9.103474361557303e-11 1.8683873972622563e-12 2.298260614100312e-57 7.742561492194316e-11
431.0 5.99326161960865e-08 8.181315784471773e-11 1.6943330501644095e-12 2.7065220092668036e-57 6.960874552978014e-11
432.0 5.302492862808022e-08 7.349733413455157e-11 1.5358363946444654e-12 3.1820924895108454e-57 6.255681712452384e-11
433.0 4.6898743110947144e-08 6.600147501810955e-11 1.3915754153833428e-12 3.7351489210065884e-57 5.619767574353294e-11
434.0 4.146746911875537e-08 5.924756305899037e-11 1.2603334338041967e-12 4.3772548868768867e-57 5.046567836084003e-11
435.0 3.665388645626151e-08 5.3164692608138535e-11 1.1409914133617196e-12 5.121526298261231e-57 4.530113693120187e-11
436.0 3.238915831487955e-08 4.7688455043437114e-11 1.0325207586497792e-12 5.982813468352362e-57 4.0649806598392705e-11
437.0 2.8611945062572895e-08 4.276037361509728e-11 9.339765832436546e-13 6.977900851261067e-57 3.646241489938864e-11
438.0 2.5267608862109236e-08 3.832738425979359e-11 8.444914218123541e-13 8.125725681643292e-57 3.269422898884892e-11
439.0 2.230750014309631e-08 3.4341358975966956e-11 7.632693627178759e-13 9.447616779053601e-57 2.930465809300063e-11
440.0 1.9688317801343116e-08 3.075866857120968e-11 6.895805780400444e-13 1.0967554801879187e-56 2.6256888578203677e-11
441.0 1.737153577167917e-08 2.7539781800993195e-11 6.227562287341823e-13 1.2712455248441326e-56 2.351754918777634e-11
442.0 1.5322889323163324e-08 2.464889811554158e-11 5.621837234183144e-13 1.4712475506185853e-56 2.1056404160488708e-11
443.0 1.3511915064912065e-08 2.205361141926279e-11 5.073023101037395e-13 1.700134724276268e-56 1.8846072096175475e-11
444.0 1.1911539231599993e-08 1.9724602424504442e-11 4.575989810084952e-13 1.9616735413873863e-56 1.686176857786458e-11
445.0 1.0497709345281246e-08 1.7635357349190924e-11 4.126046714306502e-13 2.260062513098548e-56 1.5081070696206852e-11
446.0 9.24906482891128e-09 1.5761910866047732e-11 3.7189073449360047e-13 2.599973758597523e-56 1.3483701750718427e-11
447.0 8.146642581231057e-09 1.4082611360242315e-11 3.3506567441061537e-13 2.986597616844637e-56 1.2051334523897378e-11
448.0 7.173613916249736e-09 1.2577906692445032e-11 3.0177212174068675e-13 3.4256903833498225e-56 1.076741163867699e-11
449.0 6.315049627117623e-09 1.123014879605543e-11 2.7168403492254567e-13 3.923625268213314e-56 9.616981617334275e-12
450.0 5.55771025692304e-09 1.0023415560853828e-11 2.4450411317199844e-13 4.487446660200353e-56 8.586549361026805e-12
451.0 4.889858950980822e-09 8.94334857112328e-12 2.199614066101083e-13 5.124927768209292e-56 7.66393986397542e-12
452.0 4.301094529181083e-09 7.977005374530604e-12 1.9780911024993197e-13 5.844631695988421e-56 6.838174065075502e-12
453.0 3.78220265556227e-09 7.112725059266005e-12 1.778225292092851e-13 6.655975988324448e-56 6.0993558228118754e-12
454.0 3.3250231977271103e-09 6.340006011365892e-12 1.5979720323230638e-13 7.569300667070936e-56 5.438569076955741e-12
455.0 2.922332063182146e-09 5.649394812163971e-12 1.435471792930137e-13 8.59593975325618e-56 4.847784332937442e-12
456.0 2.567735975102638e-09 5.032385317789554e-12 1.2890342171915299e-13 9.748296247103425e-56 4.3197736722988235e-12
457.0 2.255578808163245e-09 4.4813270388568324e-12 1.1571234991291487e-13 1.1039920511069172e-55 3.848033555465808e-12
458.0 1.9808582475649118e-09 3.989342009315174e-12 1.0383449435681461e-13 1.2485591971981403e-55 3.426714741525039e-12
459.0 1.7391516626984804e-09 3.55024939915423e-12 9.314326217757987e-14 1.410140402707529e-55 3.0505587039720316e-12
460.0 1.5265502023727086e-09 3.1584971866022424e-12 8.352380409878491e-14 1.5904852005236076e-55 2.714839971781201e-12
461.0 1.3396002224095765e-09 2.8091002618845594e-12 7.48719751436623e-14 1.7914923999134727e-55 2.4153138718391086e-12
462.0 1.1752512498060187e-09 2.49758438683703e-12 6.709338195421899e-14 2.015219434634233e-55 2.1481691920356854e-12
463.0 1.0308097715770555e-09 2.2199354829335653e-12 6.01025100711388e-14 2.2638919498018624e-55 1.909985324313414e-12
464.0 9.038982117612332e-10 1.9725537648637327e-12 5.382192497200445e-14 2.539913597259909e-55 1.697693483954036e-12
465.0 7.924185277195124e-10 1.7522122779256304e-12 4.818154109365958e-14 2.8458760049280035e-55 1.508541635530293e-12
466.0 6.945199175497921e-10 1.5560194354087617e-12 4.31179534686348e-14 3.1845688812184167e-55 1.3400627874501283e-12
467.0 6.085701848605024e-10 1.3813851870557671e-12 3.8573826986358644e-14 3.5589902111212964e-55 1.1900463460547349e-12
468.0 5.331303559233281e-10 1.2259904818234841e-12 3.4497338648290516e-14 3.972356496006988e-55 1.0565122469727453e-12
469.0 4.669321879164164e-10 1.087759717700329e-12 3.084166852273448e-14 4.428112984602529e-55 9.376876060326333e-13
470.0 4.0885824608902713e-10 9.64835898471295e-13 2.7564535420976038e-14 4.9299438380065844e-55 8.319856546513843e-13
471.0 3.579242626886032e-10 8.555582422309727e-13 2.4627773612471776e-14 5.481782167062491e-55 7.379867453941584e-13
472.0 3.132635218055e-10 7.584420092869341e-13 2.1996947173832138e-14 6.087819875938791e-55 6.544212324657592e-13
473.0 2.741130422868535e-10 6.721603380275057e-13 1.9640998825224214e-14 6.752517241413481e-55 5.801540493787245e-13
474.0 2.39801355891365e-10 5.9552789650021e-13 1.753193034965639e-14 7.480612153191799e-55 5.141708220685093e-13
475.0 2.097377002028057e-10 5.27486174984362e-13 1.564451191595285e-14 8.277128936623806e-55 4.555653703951273e-13
476.0 1.8340246577163471e-10 4.670902608785905e-13 1.3956017836192628e-14 9.147386675481568e-55 4.035284643940365e-13
477.0 1.6033875475895473e-10 4.134969518774378e-13 1.2445986483767058e-14 1.0097006949091799e-54 3.5733771391230983e-13
478.0 1.401449242375387e-10 3.6595407678681423e-13 1.1096002279712519e-14 1.1131920895089119e-54 3.1634848147646325e-13
479.0 1.2246800146429244e-10 3.237909055334028e-13 9.889497823550185e-15 1.2258375506448769e-54 2.7998571847443057e-13
480.0 1.0699787105707178e-10 2.864095410499633e-13 8.811574401191994e-15 1.3482939069320975e-54 2.477366340717624e-13
481.0 9.346214524922016e-11 2.532771958556767e-13 7.848839247310901e-15 1.4812505646563475e-54 2.1914411479452007e-13
482.0 8.16216384037421e-11 2.239192653800725e-13 6.9892580736407736e-15 1.6254298510770938e-54 1.938008204662348e-13
483.0 7.126637587712223e-11 1.9791311847716476e-13 6.222021498675863e-15 1.7815872430165227e-54 1.7134388924701624e-13
484.0 6.221207524735579e-11 1.7488253321109347e-13 5.537424128768638e-15 1.9505114710843875e-54 1.514501909456028e-13
485.0 5.4297044968341164e-11 1.5449271293333655e-13 4.926755146388214e-15 2.1330244899778486e-54 1.3383207361592136e-13
486.0 4.737945177684244e-11 1.3644582397112018e-13 4.382199358798102e-15 2.3299813054489686e-54 1.1823355375551903e-13
487.0 4.133491374449945e-11 1.2047700196485028e-13 3.8967477502903565e-15 2.5422696487696138e-54 1.0442690524218225e-13
488.0 3.6054380810736536e-11 1.0635077907739589e-13 3.4641166638262927e-15 2.77080948982815e-54 9.220960651715069e-14
489.0 3.144226902148472e-11 9.385788899856808e-14 3.078674814048453e-15 3.016552380386525e-54 8.140160948914023e-14
490.0 2.7414818593525837e-11 8.281241092555196e-14 2.7353774035713764e-15 3.280480619492193e-54 7.184289722735157e-14
491.0 2.3898649379570234e-11 7.304921755477395e-14 2.4297066787092074e-15 3.5636062335971624e-54 6.339130076746566e-14
492.0 2.0829490373024406e-11 6.442169560791632e-14 2.1576183197447866e-15 3.8669697645656817e-54 5.5920548301648785e-14
493.0 1.815106260738384e-11 5.679971056864321e-14 1.9154931149137713e-15 4.191638859469673e-54 4.9318522690323147e-14
494.0 1.5814097211624603e-11 5.00677901565984e-14 1.7000934168104754e-15 4.5387066568712456e-54 4.348570564454211e-14
495.0 1.3775472514466258e-11 4.412350363958395e-14 1.5085239252786894e-15 4.9092899651620006e-54 3.833378910684521e-14
496.0 1.1997455977588498e-11 3.8876016408768926e-14 1.3381963823483206e-15 5.304527229480174e-54 3.3784436326570604e-14
497.0 1.044703840822162e-11 3.424480133863925e-14 1.1867978027222042e-15 5.725576284754766e-54 2.9768176902311904e-14
498.0 9.09534937932337e-12 3.0158490344196416e-14 1.0522618979816376e-15 6.173611893511247e-54 2.6223421667128267e-14
499.0 7.91714409255579e-12 2.6553851252101955e-14 9.32743384329344e-16 6.649823068229178e-54 2.3095584737569694e-14
500.0 6.89035307481326e-12 2.337487663768147e-14 8.265948925680331e-16 7.155410179264464e-54 2.033630135036559e-14
501.0 5.995687120257974e-12 2.057197266179339e-14 7.323462253396048e-16 7.69158185058978e-54 1.790273128404424e-14
502.0 5.216290792087847e-12 1.8101237185506247e-14 6.486857306460743e-16 8.25955164694494e-54 1.5756938719396253e-14
503.0 4.537438595052756e-12 1.592381755917034e-14 5.744435825168139e-16 8.86053455730304e-54 1.3865340343365069e-14
504.0 3.946268633234481e-12 1.4005339488273603e-14 5.08576779570269e-16 9.495743280953481e-54 1.2198214356135396e-14
505.0 3.431549188457626e-12 1.2315399282148087e-14 4.501556902982209e-16 1.0166384323881958e-53 1.0729263809906847e-14
506.0 2.9834742024608005e-12 1.0827112603236659e-14 3.983519903347171e-16 1.087365391453019e-53 9.43522839859294e-15
507.0 2.5934841290633894e-12 9.516713563234145e-15 3.5242785189964656e-16 1.1618733749431788e-53 8.295539438056946e-15
508.0 2.2541090484909413e-12 8.36319866612389e-15 3.117262591568688e-16 1.2402786580594148e-53 7.292013333351192e-15
509.0 1.958831311442796e-12 7.348010684462973e-15 2.7566233552235835e-16 1.3226951657883722e-53 6.408579329118437e-15
510.0 1.7019653112517747e-12 6.454758080825578e-15 2.4371558010488044e-16 1.409234004101218e-53 5.631037787412496e-15
511.0 1.478552273833999e-12 5.66896605724549e-15 2.1542292056417e-16 1.5000029797017932e-53 4.946845638900182e-15
512.0 1.2842682116653553e-12 4.977855737267421e-15 1.9037249882127271e-16 1.5951061100386208e-53 4.3449260133356306e-15
513.0 1.1153434138399424e-12 4.370148362795279e-15 1.6819811433814824e-16 1.694643125414635e-53 3.815499377557832e-15
514.0 9.684920429817681e-13 3.835891725795353e-15 1.4857425717695252e-16 1.798708965140646e-53 3.349933797846759e-15
515.0 8.408505845875617e-13 3.3663063570990503e-15 1.312116698243873e-16 1.907393269778475e-53 2.9406122016912553e-15
516.0 7.299240481179754e-13 2.953649264752958e-15 1.1585338289053684e-16 2.0207798716198844e-53 2.5808147450096187e-15
517.0 6.335389543093526e-13 2.5910932558070657e-15 1.0227117532205958e-16 2.1389462856266674e-53 2.2646145973528103e-15
518.0 5.498022619710881e-13 2.2726200911303827e-15 9.02624147631263e-17 2.261963203131227e-53 1.9867856421697636e-15
519.0 4.77065491911121e-13 1.9929259154503056e-15 7.964723820347702e-17 2.3898939906630945e-53 1.7427207540762826e-15
520.0 4.1389339731279767e-13 1.7473375767133879e-15 7.026603711629744e-17 2.522794196308137e-53 1.528359462268627e-15
521.0 3.590366103983368e-13 1.5317386022535052e-15 6.19772149521198e-17 2.6607110660518663e-53 1.3401239406242868e-15
522.0 3.114077658911705e-13 1.3425037360406678e-15 5.465518815525608e-17 2.803683072573994e-53 1.1748623822599765e-15
523.0 2.700606638199442e-13 1.1764410632378382e-15 4.8188604841726595e-17 2.9517394589729513e-53 1.0297989208748593e-15
524.0 2.3417208863104104e-13 1.0307408569702283e-15 4.2478757953141774e-17 3.1048997998938328e-53 9.024893544193019e-16
525.0 2.030259493143185e-13 9.029303790226047e-16 3.7438172108173726e-17 3.2631735825100134e-53 7.907820096973771e-16
526.0 1.7599944710833603e-13 7.908339523884306e-16 3.298934553804294e-17 3.426559809773028e-53 6.927831605109444e-16
527.0 1.5255101405016648e-13 6.925377003330805e-16 2.9063630438381774e-17 3.595046628299071e-53 6.068264778498918e-16
528.0 1.3220979779836533e-13 6.063584149138674e-16 2.560023681813196e-17 3.7686109831894376e-53 5.314460492897151e-16
529.0 1.145664963394921e-13 5.308160786352592e-16 2.2545346496294824e-17 3.947218302004476e-53 4.653525569530091e-16
530.0 9.926537087509745e-14 4.64609616922224e-16 1.985132530689435e-17 4.1308222100178305e-53 4.0741224982007916e-16
531.0 8.59972868044711e-14 4.0659550709368966e-16 1.747602283718304e-17 4.319364278765253e-53 3.5662838745517434e-16
532.0 7.44936516462144e-14 3.557689121692061e-16 1.5382150158525384e-17 4.512773809784054e-53 3.1212486891060803e-16
533.0 6.452113530855385e-14 3.112470457232891e-16 1.3536727026335832e-17 4.710967655300696e-53 2.7313179317528627e-16
534.0 5.5877072615711094e-14 2.722545076382505e-16 1.1910590936833673e-17 4.913850077478878e-53 2.389727264955547e-16
535.0 4.83854606806042e-14 2.3811036046153236e-16 1.047796124475805e-17 5.121312647683052e-53 2.0905347761157755e-16
536.0 4.1893474807121664e-14 2.082167425641457e-16 9.216052277185856e-18 5.333234187034586e-53 1.8285220477809572e-16
537.0 3.626843630527376e-14 1.8204883779473395e-16 8.104730032907533e-18 5.549480749372583e-53 1.599106986928217e-16
538.0 3.139517408227954e-14 1.591460421589183e-16 7.126207642195207e-18 5.769905647530802e-53 1.3982670342141212e-16
539.0 2.717372928408447e-14 1.3910418652283138e-16 6.26477528535245e-18 5.99434952365224e-53 1.2224715333933983e-16
540.0 2.3517358737896196e-14 1.21568690706028e-16 5.506560736494192e-18 6.222640464064178e-53 1.0686221823342019e-16
541.0 2.0350798603755298e-14 1.0622853882685545e-16 4.839317117279493e-18 6.454594159023558e-53 9.34000612203966e-17
542.0 1.760875458436869e-14 9.281097860262299e-17 4.2522348189862374e-18 6.690014107438595e-53 8.16222252268138e-17
543.0 1.523458935700519e-14 8.107685867315296e-17 3.735774884980939e-18 6.928691866450522e-53 7.131957359270676e-17
544.0 1.3179181657965186e-14 7.081652807625957e-17 3.2815214435096133e-18 7.170407345560132e-53 6.230871905458995e-17
545.0 1.1399934737579397e-14 6.184623090351893e-17 2.882051046500872e-18 7.414929144748351e-53 5.4428883056337665e-17
546.0 9.859914772512291e-15 5.4004937037342485e-17 2.5308170071768087e-18 7.662014935848575e-53 4.75391341441115e-17
547.0 8.527102324837542e-15 4.715155683091214e-17 2.222047040661667e-18 7.911411886204677e-53 4.1515960222395476e-17
548.0 7.373742120334377e-15 4.116249374569479e-17 1.9506527002234665e-18 8.162857123440031e-53 3.6251134772523924e-17
549.0 6.375778322134321e-15 3.592949439895576e-17 1.7121492697065415e-18 8.416078239981655e-53 3.164984184191365e-17
550.0 5.512364135532876e-15 3.135776027730308e-17 1.5025849222761348e-18 8.670793835757243e-53 2.7629028771566746e-17
551.0 4.7654360265693965e-15 2.736428961525066e-17 1.3184780887948692e-18 8.926714097328364e-53 2.4115959304531633e-17
552.0 4.119344097804633e-15 2.387642168382522e-17 1.1567620977052982e-18 9.183541411520714e-53 2.1046942963785427e-17
553.0 3.560531263344357e-15 2.0830559041068022e-17 1.0147362537983253e-18 9.440971011454804e-53 1.8366219454163982e-17
554.0 3.0772548222095903e-15 1.8171046214385375e-17 8.900226170997578e-19 9.698691652721475e-53 1.6024979373032947e-17
555.0 2.659344862726175e-15 1.5849185859141654e-17 7.805278265697011e-19 9.95638631729949e-53 1.3980504747221047e-17
556.0 2.297994656485965e-15 1.3822375708513816e-17 6.844093875078783e-19 1.0213732942676854e-52 1.2195414883700513e-17
557.0 1.9855788324128873e-15 1.2053351631781911e-17 6.000459075006221e-19 1.0470405173520217e-52 1.06370047591005e-17
558.0 1.715495671585349e-15 1.0509523883164412e-17 5.26010824331186e-19 1.072607313313114e-52 9.276664705352513e-18
559.0 1.4820303422378198e-15 9.162395178737019e-18 4.610492213093644e-19 1.0980404211830883e-52 8.089371499529154e-18
560.0 1.2802363109672832e-15 7.987050609437331e-18 4.040573716788691e-19 1.1233063869342567e-52 7.053242156447266e-18
561.0 1.1058325286043477e-15 6.961710605309513e-18 3.540646947709648e-19 1.1483716448180886e-52 6.1491427715771694e-18
562.0 9.551143044625336e-16 6.06733922919266e-18 3.1021784296395225e-19 1.173202599499844e-52 5.360345685838721e-18
563.0 8.248760568496827e-16 5.28730101400585e-18 2.717666707925572e-19 1.1977657086832276e-52 4.672229057676375e-18
564.0 7.123443661126213e-16 4.607060381555444e-18 2.38051866180616e-19 1.2220275659152204e-52 4.07201364429897e-18
565.0 6.151199637372674e-16 4.0139184057387155e-18 2.0849404915539533e-19 1.2459549832631136e-52 3.5485322247027554e-18
566.0 5.311274711663755e-16 3.496782320781643e-18 1.8258416590048968e-19 1.269515073557176e-52 3.092027652143654e-18
567.0 4.585718585504342e-16 3.0459637361098702e-18 1.5987502594058431e-19 1.2926753318944242e-52 2.6939760120785508e-18
568.0 3.9590072967945066e-16 2.653002012746677e-18 1.3997384791250807e-19 1.315403716104972e-52 2.346931791170658e-18
569.0 3.4177165752176396e-16 2.310509689804845e-18 1.2253569501737985e-19 1.3376687258875863e-52 2.0443923407217755e-18
570.0 2.950238974496916e-16 2.012037230827389e-18 1.0725769509664223e-19 1.359439480329407e-52 1.7806792500419635e-18
571.0 2.5465389438398813e-16 1.751954694701744e-18 9.387395253198529e-20 1.3806857935322517e-52 1.550834537228807e-18
572.0 2.1979407750374736e-16 1.5253482301657539e-18 8.215107001569506e-20 1.4013782480794619e-52 1.3505298214123237e-18
573.0 1.8969450338014516e-16 1.3279295514245377e-18 7.188420783366447e-20 1.4214882660878983e-52 1.1759868659648288e-18
574.0 1.6370696673622037e-16 1.1559567794047698e-18 6.289361679002928e-20 1.4409881776014485e-52 1.0239080802100924e-18
575.0 1.4127124867394774e-16 1.0061652324884299e-18 5.502158840676556e-20 1.459851286097297e-52 8.914157410938767e-19
576.0 1.2190321615391123e-16 8.757069255255628e-19 4.8129772665275255e-20 1.4780519308885129e-52 7.759988489942134e-19
577.0 1.0518452464207001e-16 7.620976894751178e-19 4.209681941984744e-20 1.4955655462246078e-52 6.754666659179792e-19
578.0 9.075370891625563e-17 6.6317095875111e-19 3.68163047929353e-20 1.5123687169041245e-52 5.879081019985992e-19
579.0 7.829847571794761e-17 5.7703739154761285e-19 3.2194908438207284e-20 1.5284392302330574e-52 5.116562194687273e-19
580.0 6.754903681924278e-17 5.020495920805842e-19 2.815081159836693e-20 1.5437561241778492e-52 4.452572138709783e-19
581.0 5.827234265414112e-17 4.367712945925376e-19 2.4612289452863186e-20 1.558299731580994e-52 3.874433117338274e-19
582.0 5.02670953730015e-17 3.7995044866688567e-19 2.1516474400172757e-20 1.5720517203239426e-52 3.3710909362688123e-19
583.0 4.3359436398917686e-17 3.3049571526290456e-19 1.8808269698924437e-20 1.5849951293398668e-52 2.9329081261298465e-19
584.0 3.739921762426256e-17 2.8745594411223456e-19 1.643939534466448e-20 1.5971144004001978e-52 2.551483316812472e-19
585.0 3.22567775704706e-17 2.500022567676847e-19 1.436755022236818e-20 1.6083954056119284e-52 2.21949350693141e-19
586.0 2.7820154393415284e-17 2.174124065988893e-19 1.2555676482819824e-20 1.6188254705862188e-52 1.930556345173154e-19
587.0 2.3992676765588676e-17 1.8905712819857288e-19 1.0971313773228614e-20 1.6283933932538094e-52 1.6791099007489896e-19
588.0 2.0690881592413142e-17 1.6438822471810495e-19 9.586032435464797e-21 1.6370894583216052e-52 1.460307715938794e-19
589.0 1.7842714385811294e-17 1.4292817322029008e-19 8.374936092343559e-21 1.6449054473817382e-52 1.2699272102687833e-19
590.0 1.5385974064785977e-17 1.2426105577454798e-19 7.31622519411805e-21 1.6518346447036617e-52 1.1042897480424506e-19
591.0 1.3266969102522967e-17 1.080246482094763e-19 6.390814111960905e-21 1.65787183875297e-52 9.601908929681883e-20
592.0 1.1439356398829592e-17 9.390351960790904e-20 5.5819952589318406e-21 1.663013319499376e-52 8.348395592327999e-20
593.0 9.863138117514062e-18 8.162301415257169e-20 4.875144505922298e-21 1.6672568715919059e-52 7.258049308102803e-20
594.0 8.503795070595377e-18 7.094400313510367e-20 4.257462852973512e-21 1.6706017634913495e-52 6.309701629419161e-20
595.0 7.331538124326206e-18 6.165830911552226e-20 3.717749926318587e-21 1.6730487326670245e-52 5.484920040926366e-20
596.0 6.320661605936391e-18 5.3584716615050685e-20 3.2462054083009603e-21 1.674599966976945e-52 4.767655854811028e-20
597.0 5.448984856899494e-18 4.6565494564281424e-20 2.8342549796682316e-21 1.675259082361324e-52 4.143937204348656e-20
598.0 4.697369953554496e-18 4.046336520500105e-20 2.4743977692982876e-21 1.6750310969936372e-52 3.601601390344213e-20
599.0 4.049305238169074e-18 3.51588624273091e-20 2.160072671920151e-21 1.6739224020419276e-52 3.1300615626484943e-20
600.0 3.4905457069773856e-18 3.054802976335661e-20 1.8855412158354777e-21 1.6719407292021083e-52 2.7201033549843835e-20
601.0 3.008802515726599e-18 2.654041458545692e-20 1.6457849452779946e-21 1.6690951151764963e-52 2.3637076472697712e-20
602.0 2.5934749132766673e-18 2.305732058378215e-20 1.4364155305042572e-21 1.6653958632747586e-52 2.053896115487892e-20
603.0 2.2354188218996107e-18 2.0030285427741488e-20 1.2535960370959818e-21 1.6608545023235961e-52 1.78459665372158e-20
604.0 1.926747068189323e-18 1.739975473287556e-20 1.0939719778626947e-21 1.6554837430760917e-52 1.5505261238932725e-20
605.0 1.6606569474887339e-18 1.5113927138678414e-20 9.546109393551567e-22 1.6492974323168823e-52 1.3470882127823398e-20
606.0 1.4312813917792616e-18 1.3127748519260368e-20 8.329497231286381e-22 1.6423105048611622e-52 1.1702844589043726e-20
607.0 1.2335605184695668e-18 1.1402036157079268e-20 7.267480720030364e-22 1.6345389336515878e-52 1.0166367589956116e-20
608.0 1.0631307761981055e-18 9.902716161504473e-21 6.340481658239624e-22 1.6259996781553477e-52 8.831198796573554e-21
609.0 9.162292829256657e-19 8.600159553798978e-21 5.531391715516681e-22 1.6167106312659847e-52 7.671026881322133e-21
610.0 7.896112792845958e-19 7.468604307595482e-21 4.825262205782888e-22 1.606690564915415e-52 6.6629698066168026e-21
611.0 6.804789033286168e-19 6.485652263509328e-21 4.2090326347918315e-22 1.5959590745984524e-52 5.787129304319621e-21
612.0 5.864197375200222e-19 5.6318312583384006e-21 3.67129320249564e-22 1.5845365230125787e-52 5.026203023999594e-21
613.0 5.053537902078091e-19 4.890214049642891e-21 3.202077036092486e-22 1.5724439830109805e-52 4.365146916124722e-21
614.0 4.354877565032299e-19 4.246086698423684e-21 2.792678451886331e-22 1.5597031800652884e-52 3.790881370131028e-21
615.0 3.7527556124572736e-19 3.6866600162164964e-21 2.435494002247858e-22 1.5463364344295685e-52 3.292035459377356e-21
616.0 3.233843230482239e-19 3.2008185057906193e-21 2.123883465807006e-22 1.5323666031922e-52 2.8587243707739317e-21
617.0 2.7866499613269305e-19 2.778901942136509e-21 1.852048291397628e-22 1.5178170223973417e-52 2.4823557298583225e-21
618.0 2.4012704833811583e-19 2.4125153659652582e-21 1.61492531525414e-22 1.502711449411703e-52 2.155461084082084e-21
619.0 2.0691662148478612e-19 2.094363807245535e-21 1.4080938418371523e-22 1.487074005705706e-52 1.8715492883711577e-21
620.0 1.7829769609775237e-19 1.818108531607625e-21 1.2276944161057555e-22 1.4709291202114678e-52 1.6249789566377431e-21
621.0 1.5363584795801843e-19 1.5782420166829563e-21 1.0703578231535023e-22 1.454301473412434e-52 1.4108475087101913e-21
622.0 1.3238424047309074e-19 1.3699792264318198e-21 9.331430334880019e-23 1.4372159423116068e-52 1.2248946609841092e-21
623.0 1.1407154565603763e-19 1.1891630660471713e-21 8.134829720175377e-23 1.4196975464183793e-52 1.0634184869723861e-21
624.0 9.829152862740995e-20 1.0321821740560218e-21 7.091371287896973e-23 1.4017713948838813e-52 9.232024160808344e-22
625.0 8.46940669173918e-20 8.958994469656905e-22 6.181501521473633e-23 1.3834626349082822e-52 8.014517499334558e-22
626.0 7.297740723167376e-20 7.775898997393047e-22 5.388156723604091e-23 1.364796401531986e-52 6.957384593977839e-22
627.0 6.28814894341022e-20 6.748866464952593e-22 4.69644697842743e-23 1.3457977689185167e-52 6.03953185607197e-22
628.0 5.41821908775349e-20 5.857339435405359e-22 4.093380084119905e-23 1.3264917032215304e-52 5.242635077676914e-22
629.0 4.6686364390050996e-20 5.083463741907147e-22 3.56762042150609e-23 1.3069030171256224e-52 4.550776620362866e-22
630.0 4.022756063315759e-20 4.411733744069477e-22 3.1092783554084127e-23 1.2870563261381721e-52 3.9501300156526944e-22
631.0 3.466234057093355e-20 3.8286840238712835e-22 2.709726317903517e-23 1.2669760067007922e-52 3.4286857994506903e-22
632.0 2.9867096750510057e-20 3.3226214587568853e-22 2.3614382061459324e-23 1.2466861561812692e-52 2.976013205047435e-22
633.0 2.573531327695728e-20 2.883392398415753e-22 2.057849150514396e-23 1.226210554798174e-52 2.5830530377613934e-22
634.0 2.217520401300128e-20 2.5021803583109097e-22 1.793233079029399e-23 1.2055726295201602e-52 2.241937662320128e-22
635.0 1.9107676856576504e-20 2.171330240543605e-22 1.5625958278760754e-23 1.1847954199754911e-52 1.9458345633769078e-22
636.0 1.6464579128319465e-20 1.8841956125909712e-22 1.3615818311877352e-23 1.1639015463982209e-52 1.6888104002370131e-22
637.0 1.4187185293620155e-20 1.6350060268730617e-22 1.1863926710636146e-23 1.1429131796294218e-52 1.4657128778017983e-22
638.0 1.2224893585079668e-20 1.4187517577332622e-22 1.0337159855357851e-23 1.1218520131847867e-52 1.2720681046460307e-22
639.0 1.0534102697893118e-20 1.2310836748543866e-22 9.006634217356657e-24 1.1007392373926757e-52 1.103991412742854e-22
640.0 9.077243703656233e-21 1.068226270018371e-22 7.847164872410488e-24 1.0795955155981075e-52 9.581098775064786e-23
641.0 7.821945754407125e-21 9.269021132283166e-23 6.836792974867814e-24 1.0584409624234674e-52 8.314950066430795e-23
642.0 6.7403171033754876e-21 8.042662395687342e-23 5.9563734379520686e-24 1.037295124069578e-52 7.216042662249305e-23
643.0 5.8083255167721404e-21 6.97849164169711e-23 5.189215173119193e-24 1.0161769606330074e-52 6.262302863110402e-23
644.0 5.005264347938313e-21 6.055073930789639e-23 4.520767209170239e-24 9.951048304137045e-53 5.434567397047999e-23
645.0 4.3132924394512766e-21 5.253804460434015e-23 3.9383448576319445e-24 9.740964761768682e-53 4.716200189949231e-23
646.0 3.7170376520846825e-21 4.5585353606280064e-23 3.4308908300957356e-24 9.53169013331781e-53 4.0927595144035743e-23
647.0 3.2032552276660883e-21 3.95525162607685e-23 2.9887668590607433e-24 9.323389199844131e-53 3.5517089075035074e-23
648.0 2.760533406887691e-21 3.431789727873323e-23 2.603571938121896e-24 9.116220288153198e-53 3.082166113216964e-23
649.0 2.379039769737461e-21 2.977593294186922e-23 2.267983790339445e-24 8.910335207325637e-53 2.674685057149124e-23
650.0 2.050302668447422e-21 2.5835009853784535e-23 1.9756206042652773e-24 8.705879202442318e-53 2.321066515456242e-23
651.0 1.767022900620843e-21 2.2415623285995914e-23 1.7209204532634463e-24 8.502990924923574e-53 2.0141937081921458e-23
652.0 1.522911440634683e-21 1.9448778328550313e-23 1.4990361422990516e-24 8.301802418884819e-53 1.747889541571151e-23
653.0 1.3125496253039464e-21 1.6874601886183418e-23 1.3057435132808787e-24 8.102439122865655e-53 1.5167926531989783e-23
654.0 1.1312686879146831e-21 1.464113775928762e-23 1.1373614905970487e-24 7.905019886288296e-53 1.3162497877025764e-23
655.0 9.75045964063065e-22 1.2703300696995437e-23 9.90682367252838e-25 7.709656999974251e-53 1.1422223546910512e-23
656.0 8.4041546277788865e-22 1.1021968479456497e-23 8.629110230317459e-25 7.51645624003221e-53 9.912053029952153e-24
657.0 7.243908153299618e-22 9.56319384041468e-24 7.516119328624106e-25 7.325516924432392e-53 8.601566902087015e-24
658.0 6.243988889909091e-22 8.297520433787204e-24 6.546629691464121e-25 7.136931981555039e-53 7.464365395080384e-24
659.0 5.382225898875684e-22 7.199389126542954e-24 5.702151288773784e-25 6.950788030012536e-53 6.477537607725041e-24
660.0 4.639515832401988e-22 6.2466227057811016e-24 4.966574272943005e-25 6.767165469039719e-53 5.621200737970154e-24
661.0 3.9993983519666316e-22 5.419978656321708e-24 4.3258629661276085e-25 6.586138578734713e-53 4.878100110713204e-24
662.0 3.4476903208004936e-22 4.702761027456688e-24 3.76778912858846e-25 6.407775629455305e-53 4.233261989499448e-24
663.0 2.97217063507826e-22 4.080483590724855e-24 3.2816994754973217e-25 6.232138999665816e-53 3.673692214536644e-24
664.0 2.562308684168788e-22 3.5405775182153914e-24 2.8583130529255244e-25 6.059285301545724e-53 3.1881146251676718e-24
665.0 2.209030400347953e-22 3.072137703358391e-24 2.4895446450003564e-25 5.889265513675068e-53 2.7667440203672224e-24
666.0 1.9045166942591383e-22 2.665702621182633e-24 2.1683508739033363e-25 5.722125120129885e-53 2.401089101720393e-24
667.0 1.64202979265082e-22 2.313063298022848e-24 1.8885960815895146e-25 5.557904255327586e-53 2.083781443402728e-24
668.0 1.4157636155211283e-22 2.0070975450534187e-24 1.6449354547844534e-25 5.396637853982018e-53 1.8084270548386016e-24
669.0 1.2207148645256722e-22 1.741626117446582e-24 1.4327131798978233e-25 5.238355805542285e-53 1.5694775543141415e-24
670.0 1.0525719552360039e-22 1.51128790152432e-24 1.2478736980436814e-25 5.08308311250655e-53 1.3621183648672295e-24
671.0 9.076193228061399e-23 1.311431614786316e-24 1.0868843776699005e-25 4.930840052022648e-53 1.1821716850928783e-24
672.0 7.826549726299654e-23 1.1380218357840946e-24 9.466681379877666e-26 4.781642340207148e-53 1.0260122838792995e-24
673.0 6.749194422566849e-23 9.875574691133008e-25 8.245447444934101e-26 4.63550129863279e-53 8.90494425437867e-25
674.0 5.820345947239645e-23 8.570010010743837e-25 7.181796619042606e-26 4.492424022459343e-53 7.728884544387999e-25
675.0 5.019508822122821e-23 7.437171188120214e-25 6.255394928668887e-26 4.352413549701214e-53 6.708257650704042e-25
676.0 4.329019073852605e-23 6.454194543369571e-25 5.448531555109784e-26 4.215469031154019e-53 5.822510462785889e-25
677.0 3.7336527214760356e-23 5.601243785334051e-25 4.7457806166400414e-26 4.0815859005170733e-53 5.053808416757317e-25
678.0 3.2202884343966e-23 4.861109123461598e-25 4.133706523484133e-26 3.9507560442785054e-53 4.386675895609279e-25
679.0 2.777616862051044e-23 4.218859456693616e-25 3.60060729836313e-26 3.8229679709519804e-53 3.8076841870264962e-25
680.0 2.3958901749714282e-23 3.6615406149763875e-25 3.1362909759037103e-26 3.6982069792756307e-53 3.305180712049885e-25
681.0 2.0667062514105668e-23 3.177913558008068e-25 2.731880822320001e-26 3.5764553250100785e-53 2.8690540682729972e-25
682.0 1.782822714353843e-23 2.758227242079547e-25 2.3796456642948132e-26 3.4576923859929504e-53 2.4905301521475577e-25
683.0 1.5379966876730803e-23 2.394021565576771e-25 2.0728520932350247e-26 3.3418948251335715e-53 2.161995250707163e-25
684.0 1.3268467121641788e-23 2.0779564109301064e-25 1.8056357270433244e-26 3.2290367510527424e-53 1.876842536136965e-25
685.0 1.1447337549903115e-23 1.80366332774652e-25 1.5728890740986106e-26 3.11908987609707e-53 1.629338868026181e-25
686.0 9.876586705865234e-24 1.5656168591291744e-25 1.370163860105935e-26 3.0120236714758217e-53 1.4145092172855404e-25
687.0 8.521738368314504e-24 1.3590229099964734e-25 1.1935859538511389e-26 2.90780551929392e-53 1.2280363808220625e-25
688.0 7.353070053877848e-24 1.179721900529519e-25 1.0397812678680455e-26 2.806400861276116e-53 1.0661739642538614e-25
689.0 6.34495676577058e-24 1.0241047466492509e-25 9.058112191481489e-27 2.70777334399498e-53 9.256708774193333e-26
690.0 5.475305430269628e-24 8.890399686683941e-26 7.8911651725142e-27 2.611884960437677e-53 8.037058195604521e-26
691.0 4.725067478177964e-24 7.71810454204588e-26 6.874682059655312e-27 2.518696187765648e-53 6.978304325062932e-26
692.0 4.077818764429845e-24 6.700585966135666e-26 5.989250230187285e-27 2.428166121141088e-53 6.059199750004961e-26
693.0 3.519397514515947e-24 5.817386995418762e-26 5.217962629038474e-27 2.3402526035107634e-53 5.261305230226172e-26
694.0 3.037592274871932e-24 5.050756851239672e-26 4.546094329057854e-27 2.2549123512552963e-53 4.568618326014077e-26
695.0 2.6218729544576308e-24 4.385292708243413e-26 3.960820839373679e-27 2.172101075629207e-53 3.9672511585880227e-26
696.0 2.26315900114896e-24 3.807628905229674e-26 3.45097277515871e-27 2.0917735999352393e-53 3.445150801553287e-26
697.0 1.9536195805592927e-24 3.306167313950063e-26 3.006822196703668e-27 2.0138839723850112e-53 2.991856662278769e-26
698.0 1.6865013348530414e-24 2.8708434138471776e-26 2.6198965308207347e-27 1.9383855746211998e-53 2.598289958548796e-26
699.0 1.4559799107769668e-24 2.4929233429481023e-26 2.2828165147264538e-27 1.8652312258825716e-53 2.2565710435148376e-26
700.0 1.2570319731518529e-24 2.1648278217065138e-26 1.989155061766998e-27 1.7943732828101616e-53 1.959860893981809e-26
