200.0 3.463302270569715e-07 7.827191371041919e-10 5.45906794874339e-17 3.80603731952876e-118 1.638953485455645e-13
201.0 4.513366967467433e-07 1.0514286454137494e-09 7.959701251117535e-17 1.8510523467879033e-117 2.2963821323809007e-13
202.0 5.862204552844335e-07 1.4072569388533266e-09 1.1554263241903454e-16 8.856287485577943e-117 3.204499488619072e-13
203.0 7.589016989198696e-07 1.8767344246128966e-09 1.6698454068023182e-16 4.169364882646231e-116 4.4538289665213346e-13
204.0 9.792377606467338e-07 2.4939273262125925e-09 2.4028110747324167e-16 1.9318312022050727e-115 6.1657015051265e-13
205.0 1.259454181372124e-06 3.3024153493495556e-09 3.442648766111047e-16 8.81137104018336e-115 8.502077052603373e-13
206.0 1.6146611926744161e-06 4.357742434058502e-09 4.911515142968305e-16 3.95717216921341e-114 1.1678275560745532e-12
207.0 2.063470127663877e-06 5.730441639891645e-09 6.977622403261876e-16 1.7501844995291016e-113 1.597940954653114e-12
208.0 2.6287262217434083e-06 7.509753781880986e-09 9.871604866322212e-16 7.624803739894321e-113 2.17815051258606e-12
209.0 3.338376380115718e-06 9.80818076456148e-09 1.3908333948564994e-15 3.272700410107027e-112 2.957853554388906e-12
210.0 4.226492753268396e-06 1.27670388721881e-08 1.951586679608161e-15 1.3842090843279642e-111 4.001687820046276e-12
211.0 5.3344753566230074e-06 1.6563204790659926e-08 2.7273692702072e-15 5.7703012303545534e-111 5.393905160964199e-12
212.0 6.71245949854331e-06 2.141727815036225e-08 3.796304328693583e-15 2.3712563831252533e-110 7.243900258060624e-12
213.0 8.420956387883142e-06 2.7603419008918215e-08 5.263278489769106e-15 9.607759369977294e-110 9.693170680509747e-12
214.0 1.0532757967221114e-05 3.546115716390295e-08 7.268534785147924e-15 3.838911743128171e-109 1.292404301719982e-11
215.0 1.3135139704299772e-05 4.5409512563235006e-08 9.998830587607991e-15 1.5129128120430928e-108 1.7170568648331196e-11
216.0 1.6332397723620435e-05 5.796381241013692e-08 1.3701864602775998e-14 5.8818691532462455e-108 2.273207339730433e-11
217.0 2.024875921085184e-05 7.375564078904967e-08 1.8704851760833273e-14 2.256249009857379e-107 2.998993931857443e-11
218.0 2.503170740378642e-05 9.355641061697537e-08 2.5438337954901916e-14 8.540869269219449e-107 3.942830581816845e-11
219.0 3.085576460750143e-05 1.1830510515309726e-07 3.44666049724251e-14 3.1910406406306193e-106 5.165950279531473e-11
220.0 3.792677844753149e-05 1.4914079675899568e-07 4.652632767805807e-14 1.1769238371290856e-105 6.745517218898233e-11
221.0 4.648675790333643e-05 1.874406135140107e-07 6.257551956886032e-14 4.285676984638332e-105 8.778419784798128e-11
222.0 5.681930642726442e-05 2.3486388886025537e-07 8.385524933283281e-14 1.5410389869440457e-104 1.1385874856991904e-10
223.0 6.925569953617028e-05 2.934032947210988e-07 1.1196714119846917e-13 5.472651621124788e-104 1.4718994691167483e-10
224.0 8.418165353349819e-05 3.6544382329782607e-07 1.4897029794023146e-13 1.9197190326927743e-103 1.8965490818918598e-10
225.0 0.0001020448303572359 4.538305456171466e-07 1.9750202074042763e-13 6.652697913179763e-103 2.435771509322322e-10
226.0 0.00012336312080863377 5.619461341666907e-07 2.6092755897207563e-13 2.2779367981556805e-102 3.1182266250680484e-10
227.0 0.0001487337444828806 6.937991907839708e-07 3.4352512050428944e-13 7.707821804578093e-102 3.979142118225668e-10
228.0 0.00017884319945800413 8.541244671722009e-07 4.5071352508753304e-13 2.5776807995694045e-101 5.061668345385197e-10
229.0 0.00021447808809806247 1.0484961017015402e-06 5.893312059281763e-13 8.521075429482426e-101 6.418477738714897e-10
230.0 0.0002565368370736017 1.2834550198895526e-06 7.679767738962358e-13 2.7847538835900424e-100 8.113645400420958e-10
231.0 0.00030604231983461736 1.566651654511355e-06 9.974230708538937e-13 8.998388249045789e-100 1.0224851507894012e-09
232.0 0.00036415537819961525 1.907005131667229e-06 1.291118568321228e-12 2.875315861510702e-99 1.2845950303140344e-09
233.0 0.0004321892264382461 2.314880038481785e-06 1.6657921287899537e-12 9.086692271632018e-99 1.6089954695374549e-09
234.0 0.0005116247062167484 2.802281833410226e-06 2.142179551001415e-12 2.8404105639010255e-98 2.009248980458965e-09
235.0 0.0006041263440702876 3.383071878378958e-06 2.7458929761006557e-12 8.783471479438077e-98 2.5015773040814894e-09
236.0 0.000711559144762451 4.073202960469425e-06 3.5084571438920226e-12 2.6872925039806737e-97 3.1053182460393397e-09
237.0 0.000836006034101325 4.890976026897632e-06 4.468539657923885e-12 8.135428271290773e-97 3.84344790638375e-09
238.0 0.0009797858436869857 5.857318678407194e-06 5.673405839861343e-12 2.4373331504120377e-96 4.743175228355835e-09
239.0 0.001145471707861881 6.996085750829949e-06 7.180632415901187e-12 7.227196181522705e-96 5.83661610228972e-09
240.0 0.0013359097201645386 8.334382061489649e-06 9.060118162156604e-12 2.1212701487007388e-95 7.161554511118718e-09
241.0 0.0015542376731014905 9.902907105176182e-06 1.1396433714131315e-11 6.163725338147193e-95 8.76229837768796e-09
242.0 0.001803903681477459 1.1736321153863192e-05 1.4291556980891194e-11 1.773213320920678e-94 1.0690637855212244e-08
243.0 0.002088684466293649 1.387363184609101e-05 1.786804495025947e-11 5.051235855931237e-94 1.3006913774023074e-08
244.0 0.0024127030537675494 1.6358599947514748e-05 2.2272697068919267e-11 1.4249549151553255e-93 1.57812038028986e-08
245.0 0.00278044562289017 1.9240162526546663e-05 2.7680769761337656e-11 3.981242264177023e-93 1.90946335849119e-08
246.0 0.0031967772156522357 2.2572871322172654e-05 3.430080593264082e-11 1.1017844413050096e-92 2.3040819649354614e-08
247.0 0.0036669560071408065 2.6417343589492735e-05 4.23801473893045e-11 3.020515860903394e-92 2.772745026695601e-08
248.0 0.004196645818799795 3.084072219913174e-05 5.221120190413349e-11 8.203843255186945e-92 3.3278009591938104e-08
249.0 0.004791926547695447 3.5917141245745875e-05 6.413854003191026e-11 2.2077506826754053e-91 3.983364940857571e-08
250.0 0.005459302178252605 4.172819289720551e-05 7.856689962476302e-11 5.887396013481951e-91 4.755521156293489e-08
251.0 0.006205706041158078 4.8363390699103784e-05 9.597017816876652e-11 1.555895977345772e-90 5.662540270636435e-08
252.0 0.007038502987328944 5.592062404843809e-05 1.16901494424661e-10 4.075350235857854e-90 6.725112130288996e-08
253.0 0.007965488153480051 6.45065980769229e-05 1.4200440126278843e-10 1.0580808021686785e-89 7.966593496013774e-08
254.0 0.008994882010272634 7.423725275024932e-05 1.7202533089175496e-10 2.723229026789888e-89 9.41327040399502e-08
255.0 0.010135321404398932 8.523815460552222e-05 2.0782735174776876e-10 6.948680522752531e-89 1.1094634520119993e-07
256.0 0.01139584633249333 9.764485422770373e-05 2.5040531300207384e-10 1.757981399142066e-88 1.3043672604168617e-07
257.0 0.012785882217367279 0.00011160320231792422 3.0090244782865903e-10 4.410221316648401e-88 1.5297167936033634e-07
258.0 0.014315217495889829 0.00012726961704529407 3.606285001461279e-10 1.0971869189450215e-87 1.7896012278688493e-07
259.0 0.015993976372226305 0.000144811295306271 4.3107943140364756e-10 2.7071634440932693e-87 2.0885526665384486e-07
260.0 0.017832586640183192 0.00016440636055478693 5.13958754058818e-10 6.625230500515491e-87 2.431578900598793e-07
261.0 0.019841742533360143 0.00018624394001838615 6.112005266473591e-10 1.608343363706667e-86 2.8241966213781973e-07
262.0 0.022032362621025557 0.00021052416438661404 7.249940317565294e-10 3.873343297005775e-86 3.272464826439416e-07
263.0 0.02441554283054099 0.000237458083453972 8.578101428138076e-10 9.254658778237928e-86 3.7830181318413994e-07
264.0 0.027002504742731148 0.00026726749172174325 1.0124293684464008e-09 2.1940139671217745e-85 4.36309967742274e-07
265.0 0.029804539373991235 0.00030018465861212116 1.1919715443614212e-09 5.161309256307474e-85 5.020593287370524e-07
266.0 0.03283294672698993 0.0003364519587208299 1.399927122382914e-09 1.2049207046300037e-84 5.764054526648604e-07
267.0 0.0360989714595856 0.00037632139842718094 1.6401899846543133e-09 2.7917166773697744e-84 6.602740275487328e-07
268.0 0.03961373508772334 0.00042005403618415875 1.917091688301008e-09 6.419989737340822e-84 7.546636429638631e-07
269.0 0.04338816520151871 0.00046791929491615597 2.235437022325391e-09 1.4654901942374022e-83 8.606483324034357e-07
270.0 0.04743292223336968 0.0005201941661466205 2.6005407344960558e-09 3.320872568773085e-83 9.793798472371143e-07
271.0 0.05175832437133606 0.0005771623067439061 3.0182652618326502e-09 7.470970022689201e-83 1.112089621536899e-06
272.0 0.056374271259440514 0.0006391130304974691 3.4950592743770456e-09 1.668751653680274e-82 1.2600903876442272e-06
273.0 0.06129016716782794 0.0007063401980977836 4.03799681868687e-09 3.701097042189259e-82 1.4247774035544726e-06
274.0 0.06651484434869369 0.0007791410104682778 4.654816825300071e-09 8.1513037870912e-82 1.6076292550125454e-06
275.0 0.0720564873182753 0.000857814711770041 5.353962723767915e-09 1.7828508414725416e-81 1.8102081976644358e-06
276.0 0.0779225588197565 0.000942661209740654 6.144621890143714e-09 3.872821144795945e-81 2.0341600076773157e-06
277.0 0.08411972822697152 0.0010339796223239038 7.03676463553478e-09 8.35597714428556e-81 2.2812133129284403e-06
278.0 0.09065380314273416 0.0011320667607593352 8.041182430800736e-09 1.790840865060471e-80 2.5531783811109437e-06
279.0 0.09752966493004409 0.001237215560428308 9.169525052228787e-09 3.8127557655824784e-80 2.8519453459157623e-06
280.0 0.10475120888752847 0.001349713471753032 1.0434336326249196e-08 8.064458632618266e-80 3.179481857723794e-06
281.0 0.11232128974427247 0.0014698408243191217 1.184908814841785e-08 1.6947178977076738e-79 3.5378301509641633e-06
282.0 0.12024167310249993 0.0015978691781036792 1.3428212453107225e-08 3.5386452620257916e-79 3.929103526346458e-06
283.0 0.12851299340136127 0.0017340596762415838 1.5187130815917404e-08 7.342183488088995e-79 4.355482252511951e-06
284.0 0.13713471891129908 0.001878661414130475 1.7142281380797405e-08 1.5138852065947328e-78 4.819208898159023e-06
285.0 0.14610512419723498 0.0020319098398532 1.9311142818313622e-08 3.1022072788837175e-78 5.322583112290241e-06
286.0 0.1554212704113752 0.0021940252008815575 2.1712255040400164e-08 6.318139740508798e-78 5.867955876807848e-06
287.0 0.1650789936936337 0.002365211051811074 2.4365236420132427e-08 1.2790229133750834e-77 6.457723262139965e-06
288.0 0.1750729018715463 0.0025456528374745778 2.7290797292483614e-08 2.573759657293722e-77 7.094319722835858e-06
289.0 0.18539637956157473 0.002735516565171869 3.0510749543136634e-08 5.148584611697243e-77 7.780210975958668e-06
290.0 0.19604160168449972 0.002934947578987323 3.4048012127332205e-08 1.0239230210956775e-76 8.5178865106529e-06
291.0 0.2069995553160292 0.00314406944819431 3.7926612398376246e-08 2.0245825595497864e-76 9.309851782210125e-06
292.0 0.2182600697062088 0.0033629829806513696 4.2171683166073307e-08 3.980350407025202e-76 1.015862014841519e-05
293.0 0.22981185421455952 0.0035917653708326916 4.6809455447785505e-08 7.781322460802071e-76 1.1066704609676597e-05
294.0 0.24164254382599865 0.0038304694907622013 5.186724691885693e-08 1.512725863344436e-75 1.2036609417473282e-05
295.0 0.2537387518360988 0.004079123330650255 5.737344611411497e-08 2.9246233846397174e-75 1.3070821617916967e-05
296.0 0.26608612922329083 0.004337729594473211 6.335749247724994e-08 5.623549332533178e-75 1.417180259865788e-05
297.0 0.2786694301626061 0.004606265454136026 6.984985239972607e-08 1.0754980543028534e-74 1.5341979707998634e-05
298.0 0.2914725830790144 0.004884682464204835 7.688199143436672e-08 2.045948920275278e-74 1.658373801480756e-05
299.0 0.30447876659242457 0.005172906637570024 8.448634291101454e-08 3.871624495128907e-74 1.7899412276819776e-05
300.0 0.3176704896668749 0.005470838680750931 9.269627322106221e-08 7.288396132014959e-74 1.9291279182967545e-05
301.0 0.33102967524851507 0.0057783543859825206 1.0154604407472614e-07 1.3650161455316679e-73 2.0761549932776153e-05
302.0 0.3445377466563646 0.00609530517568194 1.1107077206812237e-07 2.5435321767904064e-73 2.2312363212407846e-05
303.0 0.3581757159799698 0.006421518793454819 1.213063859268708e-07 4.7158135859886225e-73 2.3945778622876283e-05
304.0 0.37192427373659 0.00675680013445059 1.3228958181816947e-07 8.700056100377657e-73 2.566377061123512e-05
305.0 0.38576387904833626 0.007100932206647615 1.4405777714400488e-07 1.5972002148739513e-72 2.7468222950307286e-05
306.0 0.39967484961538763 0.007453677213541568 1.5664906324389893e-07 2.9180596794983246e-72 2.936092380679409e-05
307.0 0.4136374507858069 0.007814777747758406 1.7010215744659294e-07 5.305812139814478e-72 3.134356143155896e-05
308.0 0.427631983052591 0.008183958084281896 1.844563549154085e-07 9.601909553688579e-72 3.3417720499448795e-05
309.0 0.4416388673475422 0.008560925561353568 1.9975148073315953e-07 1.729562709867618e-71 3.558487911956643e-05
310.0 0.45563872754321305 0.008945372036572755 2.16027842667422e-07 3.101077780321143e-71 3.784640653014508e-05
311.0 0.46961246962347064 0.009336975405403354 2.3332618504808232e-07 5.5349167863980975e-71 4.020356148560931e-05
312.0 0.4835413570346953 0.009735401169098401 2.5168764417486903e-07 9.834580355296632e-71 4.265749133680097e-05
313.0 0.49740708178460197 0.010140304039014262 2.7115370565402514e-07 1.7396858963265116e-70 4.520923179892478e-05
314.0 0.5111918309135638 0.010551329564409656 2.9176616404110723e-07 3.0639371825118476e-70 4.78597073956616e-05
315.0 0.5248783480213689 0.010968115771060554 3.1356708514043344e-07 5.372870447461587e-70 5.060973256199805e-05
316.0 0.5384499895919168 0.011390294798407169 3.365987712825836e-07 9.381529079801856e-70 5.346001338289635e-05
317.0 0.5518907759171765 0.01181749452343969 3.6090372986914896e-07 1.631190360776278e-69 5.641114993988488e-05
318.0 0.5651854364792435 0.012249340160119786 3.8652464543936024e-07 2.824373874944042e-69 5.94636392330687e-05
319.0 0.5783194497064629 0.012685455823841688 4.135043554775809e-07 4.870222098956671e-69 6.261787864210702e-05
320.0 0.5912790770722718 0.013125466051177368 4.4188583014251494e-07 8.363858260370411e-69 6.587416988609854e-05
321.0 0.6040513915578112 0.013568997266005951 4.717121560615671e-07 1.430598958653116e-68 6.92327234395042e-05
322.0 0.616624300546123 0.014015679183984199 5.030265242947004e-07 2.437273497816285e-68 7.269366335877269e-05
323.0 0.6289865632609075 0.014465146148249132 5.358722225344727e-07 4.1360642641093235e-68 7.625703247263294e-05
324.0 0.6411278029025627 0.014917038390169416 5.702926315710489e-07 6.991787471309618e-68 7.992279788773692e-05
325.0 0.6530385136705696 0.015371003209913513 6.063312260145583e-07 1.1774110704311641e-67 8.369085676067019e-05
326.0 0.664710062893506 0.015826696072554224 6.440315792324161e-07 1.9752757912018903e-67 8.756104228723086e-05
327.0 0.6761346885149071 0.016283781616347574 6.834373724254669e-07 3.3014719980188605e-67 9.153312986014903e-05
328.0 0.6873054922072446 0.016741934570752095 7.245924077364016e-07 5.4977882955676695e-67 9.56068433473315e-05
329.0 0.6982164284043721 0.017200840582611128 7.675406252543709e-07 9.121976211727044e-67 9.978186144385058e-05
330.0 0.7088622895581373 0.017660196949771594 8.123261237540023e-07 1.5081000095106748e-66 0.00010405782405260074
331.0 0.7192386879352629 0.018119713262194425 8.58993184983292e-07 2.4844549924430354e-66 0.00010843433865048309
332.0 0.7293420342774033 0.01857911195134729 9.075863012940098e-07 4.078600334584449e-66 0.00011291098659924258
333.0 0.7391695136507427 0.019038128749353754 9.581502063907204e-07 6.672509157661854e-66 0.00011748732936264178
334.0 0.7487190588110412 0.019496513059982745 1.0107299089591424e-06 1.0878873958077272e-65 0.00012216291459433753
335.0 0.7579893214072174 0.01995402824412711 1.0653707289231085e-06 1.7677218090415821e-65 0.00012693728206379442
336.0 0.7669796413401754 0.02041045182290098 1.1221183360696628e-06 2.8628415730686485e-65 0.00013180996939052438
337.0 0.7756900145855091 0.020865575601920733 1.1810187907759726e-06 4.621171486126492e-65 0.00013678051756010887
338.0 0.7841210597776126 0.021319205720686407 1.2421185865673804e-06 7.4352559940123635e-65 0.00014184847619852948
339.0 0.7922739838406876 0.021771162631290936 1.3054646942354367e-06 1.1924667463587683e-64 0.0001470134085845638
340.0 0.8001505469377103 0.022221281010915032 1.371104607245407e-06 1.9064276183846074e-64 0.00015227489638305975
341.0 0.8077530269931807 0.022669409612748687 1.4390863881663508e-06 3.0383302956499065e-64 0.00015763254408498575
342.0 0.8150841840290761 0.023115411060105485 1.509458715862236e-06 4.8273294243517556e-64 0.00016308598314312116
343.0 0.8221472245363749 0.023559161588569726 1.5822709331898963e-06 7.64632220954658e-64 0.00016863487579511975
344.0 0.8289457660868841 0.024000550741041533 1.657573094958438e-06 1.207502727653958e-63 0.0001742789185684043
345.0 0.8354838023721222 0.024439481020522767 1.735416015914813e-06 1.9012070797494304e-63 0.00018001784546390845
346.0 0.8417656688383858 0.024875867505435866 1.8158513185322847e-06 2.984641407812245e-63 0.00018585143081815487
347.0 0.8477960090689958 0.02530963743216441 1.8989314803905394e-06 4.6718806488438844e-63 0.00019177949184534507
348.0 0.8535797420474415 0.025740729749382674 1.9847098809497993e-06 7.291943930219619e-63 0.0001978018908632311
349.0 0.8591220304180477 0.026169094648587583 2.07324084753538e-06 1.1349110264810984e-62 0.0002039185372084192
350.0 0.8644282498442638 0.026594693075068197 2.1645797003634094e-06 1.7614158143843976e-62 0.00021012938884843257
351.0 0.8695039595489494 0.027017496223351752 2.2587827964534143e-06 2.7262016185805816e-62 0.00021643445369937556
352.0 0.8743548741058946 0.02743748502095358 2.3559075722882293e-06 4.207888641875148e-62 0.00022283379065935022
353.0 0.8789868365376393 0.027854649604030578 2.4560125850965064e-06 6.4773092834831e-62 0.00022932751036889814
354.0 0.8834057927613798 0.028268988788310075 2.5591575526482764e-06 9.944040098523253e-62 0.0002359157757107347
355.0 0.8876177674122643 0.028680509538421155 2.665403391468093e-06 1.522588013432311e-61 0.00024259880206179408
356.0 0.8916288410618989 0.02908922643851521 2.774812253384694e-06 2.325233078949592e-61 0.0002493768573112439
357.0 0.8954451288394337 0.02949516116681874 2.8874475603497008e-06 3.541833448233131e-61 0.00025625026165859656
358.0 0.8990727604530095 0.02989834197652308 3.003374037471426e-06 5.381212177105954e-61 0.000263219387206404
359.0 0.9025178616006372 0.030298803185172245 3.1226577442219326e-06 8.155207112398535e-61 0.00027028465736216636
360.0 0.905786536751972 0.03069658467448352 3.245366103787928e-06 1.232835433944327e-60 0.0002774465460642135
361.0 0.9088848532755589 0.031091731402308233 3.3715679305472447e-06 1.859099246725772e-60 0.0002847055768462586
362.0 0.9118188268801637 0.03148429292822212 3.5013334556631283e-06 2.7966575994976056e-60 0.00029206232175518743
363.0 0.9145944083336788 0.03187432295402937 3.6347343507986017e-06 4.196884029472451e-60 0.0002995174001364285
364.0 0.9172174714186595 0.0322618788802651 3.771843749962136e-06 6.283144801208921e-60 0.00030707147730093544
365.0 0.9196938020800051 0.032647021379597005 3.9127362695044776e-06 9.384278182809892e-60 0.0003147252630874581
366.0 0.9220290887171704 0.03302981398784629 4.05748802629354e-06 1.3983292938258878e-59 0.00032247951033329616
367.0 0.9242289135711675 0.03341032271319218 4.206176654102038e-06 2.078804698288353e-59 0.00033033501326631346
368.0 0.9262987451546583 0.03378861566396352 4.358881318247806e-06 3.083360128911921e-59 0.0003382926058303942
369.0 0.9282439316724026 0.03416476269528733 4.515682728532779e-06 4.56301218067527e-59 0.0003463531599560056
370.0 0.9300696953784697 0.034538835074730774 4.676663150531239e-06 6.737613786107935e-59 0.0003545175837869238
371.0 0.9317811278164083 0.034910905166958786 4.841906415281945e-06 9.926538140095446e-59 0.00036278681987357575
372.0 0.9333831858886359 0.03528104613732013 5.01149792744237e-06 1.459273392574499e-58 0.000371161843342826
373.0 0.9348806887017671 0.035649331674183216 5.185524671966294e-06 2.140584645704513e-58 0.0003796436600534245
374.0 0.9362783151353653 0.03601583572975334 5.36407521936812e-06 3.1332468703265305e-58 0.00038823330474567773
375.0 0.937580602082597 0.03638063227903099 5.547239729639025e-06 4.576491822830447e-58 0.00039693183919328837
376.0 0.9387919433125628 0.0367437950965052 5.735109954882134e-06 6.670461271506102e-58 0.00040574035036471687
377.0 0.9399165889054677 0.037105397550115826 5.927779240733447e-06 9.702266757677755e-58 0.0004146599486007434
378.0 0.9409586452134523 0.03746551241197511 6.125342526637171e-06 1.408294973603898e-57 0.00042369176581439564
379.0 0.9419220753015963 0.03782421168529398 6.327896345042995e-06 2.0399798123585343e-57 0.0004328369537187556
380.0 0.9428106998254728 0.03818156644692754 6.5355388195931245e-06 2.949025488508833e-57 0.00044209668208764017
381.0 0.9436281983035341 0.038537646704927556 6.748369662366336e-06 4.254612791585815e-57 0.0004514721370536096
382.0 0.9443781107445907 0.03889252127046907 6.9664901702449304e-06 6.126024234517853e-57 0.00046096451944721426
383.0 0.9450638395926406 0.03924625764350263 7.190003220469646e-06 8.803242878750267e-57 0.00047057504318091857
384.0 0.9456886519533476 0.03959892191147755 7.419013265446297e-06 1.2625830996944849e-56 0.0004803049336806745
385.0 0.9462556820684667 0.03995057866047227 7.653626326865674e-06 1.8073341122542798e-56 0.0004901554263676441
386.0 0.9467679340065545 0.04030129089807105 7.893949989197041e-06 2.582176018733773e-56 0.000500127765192176
387.0 0.9472282845402634 0.040651119987328524 8.140093392613518e-06 3.6822203287267887e-56 0.0005102232012217439
388.0 0.9476394861824878 0.04100012559116866 8.392167225404927e-06 5.241042817350727e-56 0.0005204429912841613
389.0 0.9480041703555129 0.041348365626576775 8.650283715932507e-06 7.445896687979729e-56 0.000530788396667075
390.0 0.9483248506691945 0.041695896227953555 8.914556624176489e-06 1.0558808123046031e-55 0.0005412606818743886
391.0 0.9486039262859614 0.04204277171901458 9.185101232925911e-06 1.494577692162297e-55 0.0005518611134399901
392.0 0.9488436853521834 0.04238904459263629 9.462034338657467e-06 2.111712528538045e-55 0.0005625909587988787
393.0 0.9490463084770981 0.04273476549806564 9.74547424214739e-06 2.9783153787484614e-55 0.000573451485215534
394.0 0.9492138722420763 0.04307998323493027 1.0035540738857994e-05 4.193077908436049e-55 0.0005844439587691312
395.0 0.9493483527245267 0.043424744753507535 1.0332355109138675e-05 5.8928882593421916e-55 0.0005955696433950373
396.0 0.949451629022185 0.043769095160728966 1.0636040108277076e-05 8.267288030201206e-55 0.0006068297999817695
397.0 0.9495254867648877 0.04411307773142163 1.0946719956435653e-05 1.1578278158133984e-54 0.0006182256855225064
398.0 0.9495716216022473 0.044456733924306956 1.1264520328504605e-05 1.6187407408385356e-54 0.0006297585523200266
399.0 0.9495916426568303 0.04480010340230211 1.1589568343900593e-05 2.2592759908620612e-54 0.0006414296472438542
400.0 0.949587075933622 0.04514322405669045 1.1921992556338689e-05 3.147937618605616e-54 0.0006532402110382791
401.0 0.9495593676776044 0.045486132034749154 1.2261922943601236e-05 4.378787459189004e-54 0.0006651914776797856
402.0 0.9495098876723003 0.0458288617704465 1.2609490897326453e-05 6.08076918714618e-54 0.0006772846737823744
403.0 0.9494399324730547 0.04617144601784126 1.296482921283691e-05 8.430357222007519e-54 0.0006895210180491869
404.0 0.949350728569713 0.04651391588683855 1.3328072079025122e-05 1.166868877881242e-53 0.0007019017207687463
405.0 0.9492434354741405 0.04685630088097886 1.3699355068312938e-05 1.612473138891637e-53 0.0007144279833541463
406.0 0.9491191487287944 0.04719862893695625 1.4078815126697825e-05 2.224656306112303e-53 0.0007271009979234246
407.0 0.9489789028332343 0.04754092646558275 1.44665905638983e-05 3.064354027376803e-53 0.0007399219469193722
408.0 0.9488236740860881 0.04788321839393441 1.486282104360866e-05 4.214305591559072e-53 0.0007528920027670002
409.0 0.948654383340582 0.04822552820843497 1.5267647573871094e-05 5.78668183389998e-53 0.0007660123275668825
410.0 0.9484718986722496 0.04856787799864935 1.5681212497571945e-05 7.933320988790532e-53 0.0007792840728225922
411.0 0.948277037957939 0.04891028850157854 1.61036594830676e-05 1.0859443439925648e-52 0.0007927083792004775
412.0 0.9480705713656593 0.04925277914626179 1.653513351494281e-05 1.4842000276646573e-52 0.0008062863763199966
413.0 0.9478532237551971 0.04959536809851193 1.697578088490497e-05 2.0254184854874836e-52 0.0008200191825729258
414.0 0.9476256769898035 0.04993807230561954 1.742574918281404e-05 2.7598129200865853e-52 0.0008339079049696922
415.0 0.947388572159554 0.05028090754088195 1.7885187287848745e-05 3.754845457499854e-52 0.0008479536390112024
416.0 0.9471425117172683 0.05062388844782212 1.8354245359807633e-05 5.101019528173399e-52 0.0008621574685845173
417.0 0.9468880615281302 0.050967028583979244 1.8833074830542398e-05 6.919572848994866e-52 0.0008765204658807943
418.0 0.9466257528343625 0.05131034046416191 1.932182839552011e-05 9.372680032188247e-52 0.000891043691333935
419.0 0.9463560841365035 0.05165383560307006 1.9820660005511056e-05 1.2676964325726595e-51 0.0009057281935784761
420.0 0.9460795229929965 0.05199752455719931 2.0329724858396262e-05 1.7121366580082125e-51 0.0009205750094252412
421.0 0.9457965077399424 0.05234141696595397 2.084917939108968e-05 2.3090743519699065e-51 0.0009355851638533713
422.0 0.9455074491329868 0.05268552159190419 2.1379181271569295e-05 3.10969890631683e-51 0.0009507596700174094
423.0 0.9452127319134064 0.053029846360130875 2.191988939100925e-05 4.1820020490762663e-51 0.0009660995292681101
424.0 0.9449127163005473 0.05337439839661179 2.2471463856007524e-05 5.616168262631005e-51 0.0009816057311857935
425.0 0.944607739412816 0.05371918406560865 2.3034065980900177e-05 7.53165453135338e-51 0.0009972792536250212
426.0 0.9442981166194871 0.05406420900602344 2.3607858280154914e-05 1.0086476317289903e-50 0.0010131210627694913
427.0 0.9439841428256109 0.054409478166698486 2.4193004460836418e-05 1.3489370988105943e-50 0.0010291321131961019
428.0 0.9436660936923305 0.05475499584064047 2.4789669415134204e-05 1.8015709177017452e-50 0.0010453133479471457
429.0 0.943344226794923 0.05510076569815501 2.539801921294496e-05 2.4028281486626625e-50 0.001061665698609692
430.0 0.9430187827208855 0.05544679081888363 2.601822109450156e-05 3.20044188255962e-50 0.001078190085401274
431.0 0.9426899861103594 0.05579307372273881 2.6650443463038854e-05 4.257133022485523e-50 0.001094887417261001
432.0 0.9423580466411849 0.05613961639973799 2.729485587748916e-05 5.655208861627831e-50 0.0011117585919453304
433.0 0.9420231599608359 0.056486420338741405 2.7951629045197984e-05 7.502539633454737e-50 0.0011288044961277465
434.0 0.941685508567466 0.05683348655510096 2.8620934814651835e-05 9.940316064318823e-50 0.0011460260055016394
435.0 0.9413452626422419 0.05718081561723203 2.9302946168210497e-05 1.3153105944491961e-49 0.0011634239848857717
436.0 0.9410025808351152 0.057528407672122146 2.9997837214834905e-05 1.7381874699066554e-49 0.0011809992883317097
437.0 0.9406576110061168 0.057876262469792425 3.070578318280291e-05 2.294082254886918e-49 0.0011987527592326674
438.0 0.9403104909242219 0.05822437938673123 3.142696041240611e-05 3.0239130051911634e-49 0.0012166852304332833
439.0 0.939961348925778 0.05857275744831996 3.216154634861885e-05 3.980900842679734e-49 0.0012347975243398239
440.0 0.9396103045344162 0.05892139535027395 3.290971953373402e-05 5.234183850226448e-49 0.0012530904530304334
441.0 0.9392574690443333 0.05927029147912137 3.367165959995726e-05 6.87346743484625e-49 0.0012715648183650053
442.0 0.9389029460687499 0.05961944393174515 3.444754726195373e-05 9.015001221630231e-49 0.0012902214120943441
443.0 0.9385468320553062 0.05996885053401441 3.523756430934181e-05 1.1809251700229641e-48 0.001309061015968317
444.0 0.938189216770077 0.06031850885853055 3.60418935991263e-05 1.5450740056082615e-48 0.0013280844018426776
445.0 0.9378301837518533 0.060668416241516816 3.6860719048067036e-05 2.0190641331698074e-48 0.001347292331784353
446.0 0.9374698107382431 0.06101856979887737 3.7694225624977084e-05 2.635290110388087e-48 0.001366685558174951
447.0 0.9371081700651143 0.06136896644145467 3.854259934294516e-05 3.435482776536861e-48 0.0013862648238122943
448.0 0.9367453290408169 0.06171960288951306 3.940602725147886e-05 4.473337292482296e-48 0.00140603086200984
449.0 0.9363813502965793 0.06207047568647635 4.028469742856352e-05 5.817863268929351e-48 0.0014259843966938188
450.0 0.9360162921144034 0.062421581211947366 4.117879897263302e-05 7.557650524709714e-48 0.0014461261424979868
451.0 0.9356502087337288 0.06277291569403727 4.208852199444957e-05 9.80629458669454e-48 0.0014664568048558977
452.0 0.935283150638082 0.06312447522103243 4.3014057608888924e-05 1.2709289484004974e-47 0.001486977080090622
453.0 0.934915164822865 0.0634762557524252 4.395559792662739e-05 1.6452774890393314e-47 0.0015076876555018277
454.0 0.9345462950453877 0.06382825312933664 4.49133360457304e-05 2.1274624187076992e-47 0.0015285892094502426
455.0 0.9341765820581974 0.06418046308435553 4.588746604313754e-05 2.7478484459192455e-47 0.0015496824114393977
456.0 0.9338060638266967 0.06453288125082104 4.687818296604404e-05 3.545153487659626e-47 0.0015709679221946947
457.0 0.9334347757320093 0.06488550317157366 4.788568282317732e-05 4.568692385765333e-47 0.0015924463937397985
458.0 0.9330627507599852 0.06523832430719796 4.891016257596532e-05 5.881208715749862e-47 0.0016141184694703245
459.0 0.9326900196772065 0.06559134004378234 4.995182012959823e-05 7.562445002112111e-47 0.001635984784224899
460.0 0.932316611194801 0.06594454570021817 5.1010854323980755e-05 9.713639092922657e-47 0.0016580459643535986
461.0 0.9319425521208305 0.06629793653506075 5.208746492457527e-05 1.2463180965119093e-46 0.0016803026277838068
462.0 0.9315678675019783 0.06665150775297381 5.3181852613135934e-05 1.597372197290252e-46 0.00170275538408356
463.0 0.9311925807552219 0.06700525451077917 5.429421897833337e-05 2.0451100148786093e-46 0.0017254048345224243
464.0 0.9308167137901409 0.06735917192313046 5.542476650626928e-05 2.6155533854921172e-46 0.001748251572129955
465.0 0.9304402871224644 0.0677132550678323 5.657369857088407e-05 3.3415645829995168e-46 0.0017712961817518541
466.0 0.9300633199794391 0.06806749899082137 5.774121942425416e-05 4.264601534853555e-46 0.0017945392401038144
467.0 0.9296858303975611 0.06842189871083 5.8927534186783966e-05 5.4369123761157154e-46 0.0018179813158232254
468.0 0.9293078353131741 0.06877644922374737 6.013284883729047e-05 6.924276540215197e-46 0.0018416229695187348
469.0 0.928929350646425 0.06913114550669608 6.135737020298223e-05 8.809425063907042e-46 0.0018654647538177795
470.0 0.9285503913790227 0.06948598252183993 6.260130594933633e-05 1.1196304156871132e-45 0.0018895072134121954
471.0 0.9281709716262216 0.06984095521993754 6.386486456987093e-05 1.421538467950219e-45 0.0019137508851019272
472.0 0.927791104703435 0.07019605854365661 6.514825537581791e-05 1.8030267601472177e-45 0.0019381962978369672
473.0 0.9274108031878444 0.07055128743066338 6.645168848569706e-05 2.284589374571101e-45 0.0019628439727576133
474.0 0.9270300789753618 0.07090663681649874 6.777537481479164e-05 2.891873755000381e-45 0.001987694423233078
475.0 0.9266489433332638 0.07126210163725526 6.911952606452979e-05 3.6569452108701185e-45 0.0020127481548985944
476.0 0.9262674069488157 0.07161767683206621 7.048435471177223e-05 4.619853991934111e-45 0.002038005665691057
477.0 0.9258854799741616 0.07197335734541814 7.187007399800835e-05 5.830575483398653e-45 0.002063467445883297
478.0 0.9255031720677561 0.07232913812929748 7.327689791846394e-05 7.351410088994638e-45 0.002089133978117069
479.0 0.9251204924325854 0.0726850141451818 7.47050412111221e-05 9.259948924908299e-45 0.0021150057374348364
480.0 0.9247374498514118 0.07304098036588519 7.615471934565856e-05 1.1652735300513992e-44 0.0021410831913104005
481.0 0.9243540527192617 0.07339703177726689 7.762614851229693e-05 1.464978103040294e-44 0.0021673667996785035
482.0 0.9239703090733588 0.07375316337981178 7.911954561058235e-05 1.8400132014599583e-44 0.002193857014963422
483.0 0.9235862266206909 0.07410937019009083 8.06351282380785e-05 2.308872057715241e-44 0.0022205542821066423
484.0 0.923201812763395 0.07446564724211012 8.217311467899076e-05 2.894479437892468e-44 0.002247459038593727
485.0 0.9228170746221132 0.07482198958855357 8.373372389271508e-05 3.625227525892778e-44 0.0022745717144803394
486.0 0.9224320190574821 0.07517839230192915 8.53171755023192e-05 4.536247844475828e-44 0.0023018927324176207
487.0 0.9220466526898928 0.07553485047562261 8.692368978295551e-05 5.670971601325929e-44 0.002329422507676864
488.0 0.9216609819176571 0.07589135922486558 8.855348765020817e-05 7.083042164854768e-44 0.002357161448173592
489.0 0.9212750129337015 0.07624791368762487 9.020679064838109e-05 8.838657068155047e-44 0.0023851099544911457
490.0 0.9208887517408999 0.07660450902541645 9.188382093872324e-05 1.1019433495386308e-43 0.0024132684199037317
491.0 0.9205022041661554 0.07696114042405015 9.358480128759786e-05 1.3725911204047417e-43 0.0024416372303990496
492.0 0.9201153758733277 0.0773178030943108 9.530995505459868e-05 1.7081830974713003e-43 0.002470216764700576
493.0 0.9197282723750958 0.07767449227257765 9.705950618061127e-05 2.1239355788856567e-43 0.0024990073942894454
494.0 0.9193408990438412 0.07803120322138918 9.883367917582775e-05 2.638543700968953e-43 0.002528009483426097
495.0 0.9189532611216275 0.078387931229955 0.00010063269910771274 3.2749570067666746e-43 0.0025572233891716363
496.0 0.9185653637293538 0.07874467161461986 0.0001024567915889253 4.061323494799026e-43 0.0025866494614090038
497.0 0.918177211875141 0.07910141971928204 0.00010430618276519892 5.032137783065226e-43 0.0026162880428639555
498.0 0.9177888104620208 0.0794581709157707 0.00010618109930318264 6.229636355565031e-43 0.0026461394691259335
499.0 0.9174001642949736 0.07981492060418367 0.000108081768378243 7.705491657101558e-43 0.0026762040686687948
500.0 0.9170112780873829 0.08017166421318968 0.00011000841766223393 9.52286735161914e-43 0.0027064821628715054
501.0 0.9166221564669377 0.08052839720029698 0.00011196127531123194 1.1758909698120162e-42 0.0027369740660387683
502.0 0.9162328039810419 0.08088511505209103 0.00011394056995324315 1.4507765128020393e-42 0.002767680085421653
503.0 0.9158432251017622 0.08124181328444309 0.00011594653067588067 1.7884232205222124e-42 0.0027986005212382163
504.0 0.9154534242303604 0.08159848744269275 0.00011797938701401836 2.2028177780275264e-42 0.0028297356666941768
505.0 0.9150634057014357 0.0819551331018054 0.00012003936893742047 2.7109872982069855e-42 0.00286108580800364
506.0 0.9146731737867196 0.08231174586650676 0.0001221267068383507 3.333643551688258e-42 0.0028926512244099025
507.0 0.9142827326985453 0.08266832137139644 0.00012424163151916146 4.095960150241455e-42 0.002924432188206339
508.0 0.9138920865930215 0.08302485528104209 0.0001263843741798691 5.028509386134371e-42 0.002956428964757441
509.0 0.9135012395729389 0.08338134329005485 0.000128555166405711 6.168390644291054e-42 0.002988641812519938
510.0 0.9131101956904246 0.0837377811231486 0.0001307542401546938 7.56058850760036e-42 0.003021070983064102
511.0 0.9127189589493739 0.08409416453518377 0.00013298182774512988 9.259606050344419e-42 0.0030537167210952093
512.0 0.912327533307675 0.084450489311196 0.0001352381618431639 1.1331427574995803e-41 0.0030865792644751322
513.0 0.9119359226792416 0.08480675126641277 0.00013752347545029702 1.385587544616821e-41 0.00311965884424418
514.0 0.9115441309358786 0.08516294624625673 0.0001398380018909029 1.6929438009503287e-41 0.0031529556846430747
515.0 0.9111521619089857 0.08551907012633876 0.00014218197479974376 2.0668660202237488e-41 0.003186470003135161
516.0 0.9107600193911178 0.08587511881243946 0.00014455562810948504 2.521420577671173e-41 0.003220202010428814
517.0 0.9103677071374171 0.0862310882404823 0.00014695919603821233 3.07357205502667e-41 0.00325415191050008
518.0 0.9099752288669232 0.08658697437649682 0.00014939291307694953 3.743765033047711e-41 0.0032883199006155032
519.0 0.9095825882637724 0.08694277321657415 0.00015185701397718522 4.5566195806683094e-41 0.0033227061713552255
520.0 0.909189788978303 0.08729848078681529 0.00015435173373840323 5.541762052424413e-41 0.003357310906636297
521.0 0.9087968346280662 0.08765409314327167 0.00015687730759562297 6.73481679766606e-41 0.0033921342837362196
522.0 0.9084037287987534 0.08800960637188 0.00015943397100695047 8.178589092688954e-41 0.0034271764733167474
523.0 0.908010475045053 0.08836501658839074 0.00016202195964114006 9.924475154731218e-41 0.0034624376394479114
524.0 0.9076170768914333 0.08872031993829153 0.00016464150936517128 1.2034141630177543e-40 0.0034979179396323005
525.0 0.9072235378328692 0.08907551259672539 0.00016729285623184049 1.458152463803654e-40 0.003533617524829594
526.0 0.9068298613355079 0.08943059076840419 0.00016997623646736846 1.7655207491882653e-40 0.003569536539481316
527.0 0.9064360508372843 0.08978555068751819 0.00017269188645902887 2.136124684992055e-40 0.0036056751215358734
528.0 0.90604210974849 0.0901403886176414 0.00017544004274279312 2.5826529522704607e-40 0.0036420334024737985
529.0 0.9056480414523006 0.09049510085163362 0.0001782209419910014 3.1202756814714314e-40 0.0036786115073332904
530.0 0.905253849305265 0.09084968371153904 0.0001810348210000529 3.767117045398992e-40 0.0037154095547359514
531.0 0.9048595366377541 0.09120413354848154 0.00018388191667812132 4.544815429746779e-40 0.003752427656912788
532.0 0.9044651067543875 0.09155844674255775 0.00018676246603289832 5.4791869581173344e-40 0.0037896659197304695
533.0 0.9040705629344215 0.091912619702727 0.00018967670615936246 6.601010908636185e-40 0.003827124442717802
534.0 0.9036759084321178 0.09226664886669951 0.00019262487422757671 7.946958787916895e-40 0.0038648033190924564
535.0 0.9032811464770846 0.09262053070082187 0.0001956072074705175 9.560692602274043e-40 0.0039027026357879315
536.0 0.9028862802745983 0.09297426169996069 0.0001986239431719339 1.1494162274995637e-39 0.003940822473480733
537.0 0.9024913130059048 0.0933278383873848 0.00020167531865424046 1.3809137305635626e-39 0.003979162906617817
538.0 0.902096247828502 0.09368125731464536 0.00020476157126644387 1.6579013772374324e-39 0.004017724003444229
539.0 0.9017010878764087 0.09403451506145444 0.000207882938372103 1.9890944780090986e-39 0.004056505826030964
540.0 0.9013058362604166 0.09438760823556276 0.00021103965733732988 2.3848350615044425e-39 0.00409550843030309
541.0 0.9009104960683311 0.0947405334726355 0.00021423196551882386 2.8573874367036547e-39 0.004134731866068039
542.0 0.9005150703651986 0.09509328743612733 0.0002174601002519466 3.421285983536937e-39 0.004174176177044126
543.0 0.9001195621935232 0.09544586681715632 0.0002207242988388385 4.093744139244242e-39 0.0042138414008893
544.0 0.8997239745734735 0.09579826833437674 0.00022402479853657318 4.8951350422877936e-39 0.004253727569230056
545.0 0.899328310503083 0.09615048873385139 0.00022736183654535762 5.849556031460712e-39 0.00429383470769059
546.0 0.8989325729584372 0.09650252478892275 0.00023073564999677418 6.98549121289552e-39 0.004334162835922136
547.0 0.8985367648938596 0.09685437330008329 0.00023414647594206605 8.336588645438371e-39 0.004374711967632464
548.0 0.8981408892420852 0.09720603109484577 0.00023759455134047088 9.942571405345082e-39 0.0044154821106156174
549.0 0.8977449489144325 0.09755749502761271 0.0002410801130476004 1.185030493199921e-38 0.004456473266781818
550.0 0.8973489468009685 0.09790876197954468 0.0002446033978038647 1.4115046693469092e-38 0.004497685432187503
551.0 0.8969528857706666 0.09825982885842918 0.0002481646422229501 1.6801908420146047e-38 0.004539118597065612
552.0 0.8965567686715642 0.09861069259854834 0.0002517640827803428 1.9987566023587374e-38 0.004580772745855986
553.0 0.8961605983309122 0.09896135016054686 0.0002554019558019048 2.376225794603243e-38 0.004622647857235959
554.0 0.8957643775553239 0.09931179853129896 0.00025907849745250143 2.823211918850102e-38 0.0046647439041511
555.0 0.8953681091309192 0.09966203472377562 0.00026279394372468004 3.3521905773284103e-38 0.004707060853846116
556.0 0.8949717958234638 0.10001205577691147 0.0002665485304274047 3.9778173060449867e-38 0.004749598667895905
557.0 0.8945754403785093 0.10036185875547116 0.0002703424931748418 4.717298132988737e-38 0.004792357302236754
558.0 0.8941790455215294 0.10071144074991606 0.00027417606737520237 5.59082135573908e-38 0.004835336707197677
559.0 0.8937826139580513 0.10106079887627074 0.00027804948821964277 6.622060358053954e-38 0.004878536827531912
560.0 0.8933861483737885 0.1014099302759887 0.00028196299067121685 7.838758812493312e-38 0.0049219576024485115
561.0 0.8929896514347703 0.10175883211581886 0.00028591680945388965 9.273411373763121e-38 0.004965598965644087
562.0 0.8925931257874681 0.10210750158767212 0.0002899111790416096 1.0964054988777806e-37 0.005009460845334706
563.0 0.892196574058922 0.10245593590848649 0.0002939463336474363 1.2955188272693086e-37 0.005053543164287823
564.0 0.8917999988568652 0.10280413232009407 0.0002980225072127325 1.5298839068995373e-37 0.005097845839854421
565.0 0.891403402769847 0.10315208808908706 0.0003021399333964149 1.805580337583015e-37 0.005142368784001228
566.0 0.8910067883673543 0.10349980050668361 0.00030629884556426356 2.129708233675214e-37 0.005187111903342991
567.0 0.890610158199932 0.1038472668885945 0.0003104994767782991 2.5105548026406527e-37 0.00523207509917494
568.0 0.8902135147993019 0.10419448457488925 0.0003147420597862173 2.957787338361277e-37 0.0052772582675052766
569.0 0.8898168606784813 0.1045414509298628 0.0003190268270108895 3.4826766939305936e-37 0.005322661299087798
570.0 0.8894201983319014 0.10488816334190207 0.0003233540105399277 4.098355904951665e-37 0.005368284079454596
571.0 0.8890235302355214 0.10523461922335245 0.0003277238421153115 4.820119328162349e-37 0.00541412648894882
572.0 0.8886268588469458 0.1055808160103851 0.000332136553123084 5.665768453774904e-37 0.005460188402757571
573.0 0.8882301866055379 0.105926751162864 0.00033659237458311114 6.656011457087852e-37 0.005506469690944833
574.0 0.8878335159325345 0.10627242216421269 0.0003410915371389061 7.814924591441042e-37 0.0055529702184844605
575.0 0.8874368492311586 0.10661782652128231 0.00034563427104752583 9.170484708252966e-37 0.005599689845293289
576.0 0.8870401888867315 0.10696296176421916 0.00035022080616952967 1.0755183540887071e-36 0.005646628426264274
577.0 0.8866435372667854 0.10730782544633213 0.0003548513719590081 1.2606735930320997e-36 0.005693785811299673
578.0 0.886246896721173 0.10765241514396154 0.0003595261974536826 1.476889592789287e-36 0.005741161845344341
579.0 0.8858502695821804 0.107996728456347 0.0003642455112650705 1.7292396713050913e-36 0.005788756368419021
580.0 0.8854536581646338 0.1083407630054961 0.0003690095415687206 2.023603254514409e-36 0.005836569215653696
581.0 0.8850570647660109 0.10868451643605335 0.0003738185160945217 2.3667903565238342e-36 0.005884600217321021
582.0 0.8846604916665491 0.10902798641516967 0.0003786726621170783 2.7666847218985857e-36 0.0059328491988697545
583.0 0.8842639411293532 0.10937117063237095 0.00038357220644615807 3.2324083432410215e-36 0.005981315980958232
584.0 0.8838674154005033 0.10971406679942887 0.00038851737541721284 3.774510449290399e-36 0.006030000379487913
585.0 0.8834709167091613 0.1100566726502303 0.00039350839488196734 4.4051844928477865e-36 0.006078902205636893
586.0 0.8830744472676783 0.11039898594064756 0.0003985454901990842 5.1385171607786653e-36 0.006128021265893495
587.0 0.8826780092716987 0.11074100444840969 0.0004036288862249004 5.9907739878776835e-36 0.00617735736208987
588.0 0.8822816049002683 0.1110827259729725 0.0004087588073042331 6.980726791181844e-36 0.006226910291435581
589.0 0.8818852363159364 0.11142414833539106 0.00041393547726126657 8.13002886116454e-36 0.006276679846551283
590.0 0.881488905664863 0.11176526937819038 0.0004191591193905037 9.463644662132043e-36 0.00632666581550232
591.0 0.8810926150769197 0.11210608696523787 0.0004244299564477989 1.1010341718452094e-35 0.006376867981832395
592.0 0.8806963666657958 0.1124465989816157 0.0004297482106414615 1.280325340986644e-35 0.006427286124597243
593.0 0.8803001625290988 0.11278680333349336 0.0004351141036234327 1.4880522583719348e-35 0.006477920018398244
594.0 0.8799040047484591 0.11312669794800091 0.0004405278564805434 1.7286037231997402e-35 0.0065287694334161435
595.0 0.8795078953896309 0.1134662807731025 0.0004459896897258406 2.0070270996340161e-35 0.006579834135444671
596.0 0.8791118365025927 0.11380554977746982 0.0004514998232899903 2.3291242976741932e-35 0.006631113885924178
597.0 0.8787158301216501 0.11414450295035683 0.0004570584765127616 2.7015613254311476e-35 0.006682608441975311
598.0 0.8783198782655346 0.11448313830147398 0.0004626658681345799 3.131993272297343e-35 0.006734317556432613
599.0 0.8779239829375044 0.11482145386086351 0.00046832221628816 3.629206829054568e-35 0.006786240977878136
600.0 0.8775281461254446 0.11515944767877469 0.0004740277384902164 4.2032827291032385e-35 0.006838378450675055
601.0 0.8771323698019646 0.11549711782553954 0.0004797826516332443 4.865780808635412e-35 0.0068907297150011875
602.0 0.8767366559244978 0.11583446239144941 0.00048558717197738714 5.629950737072126e-35 0.006943294506882599
603.0 0.8763410064353996 0.11617147948663113 0.0004914415151423721 6.510971867330855e-35 0.006996072558227071
604.0 0.875945423262044 0.11650816724092446 0.000497345896099526 7.526226103953418e-35 0.007049063596857613
605.0 0.8755499083169225 0.11684452380375927 0.0005033005291638711 8.695608191903092e-35 0.007102267346545913
606.0 0.8751544634977388 0.11718054734403371 0.0005093056279862938 1.004187839675438e-34 0.007155683527045752
607.0 0.8747590906875061 0.11751623604999228 0.0005153614055457941 1.15910631856824e-34 0.007209311854126392
608.0 0.8743637917546425 0.11785158812910465 0.0005214680741418121 1.337291023657482e-34 0.007263152039605913
609.0 0.8739685685530659 0.11818660180794506 0.0005276258453866299 1.54214049092632e-34 0.007317203791384511
610.0 0.8735734229222898 0.1185212753320716 0.0005338349301978554 1.777535621884433e-34 0.007371466813477749
611.0 0.8731783566875151 0.11885560696590652 0.0005400955387909812 2.0479061368129257e-34 0.007425940806049764
612.0 0.872783371659727 0.11918959499261678 0.0005464078806720209 2.3583059037566594e-34 0.007480625465446415
613.0 0.8723884696357854 0.1195232377139951 0.0005527721646302296 2.7144982911137377e-34 0.007535520484228414
614.0 0.8719936523985198 0.11985653345034074 0.0005591885987308909 3.1230528352009585e-34 0.007590625551204314
615.0 0.8715989217168204 0.12018948054034251 0.0005656573903081958 3.5914546750293875e-34 0.00764594035146356
616.0 0.87120427934573 0.12052207734095999 0.0005721787459581883 4.1282283867188124e-34 0.007701464566409375
617.0 0.8708097270265359 0.12085432222730688 0.0005787528715317966 4.743078051757477e-34 0.0077571978737916445
618.0 0.8704152664868605 0.12118621359253447 0.0005853799721279409 5.447045619162451e-34 0.00781313994773974
619.0 0.8700208994407508 0.12151774984771499 0.0005920602520867165 6.252689874284296e-34 0.00786929045879523
620.0 0.8696266275887699 0.12184892942172576 0.0005987939149826575 7.174288609597689e-34 0.007925649073944553
621.0 0.8692324526180858 0.12217975076113419 0.0006055811636180813 8.228066908745237e-34 0.00798221545665164
622.0 0.868838376202559 0.12251021233008279 0.0006124222000165072 9.432454808125501e-34 0.008038989266890425
623.0 0.8684444000028333 0.12284031261017456 0.0006193172254161526 1.0808377994653277e-33 0.008095970161177298
624.0 0.868050525666421 0.12317005010035947 0.0006262664402635141 1.2379585638612009e-33 0.00815315779260351
625.0 0.8676567548277931 0.1234994233168206 0.0006332700442070171 1.4173019951926923e-33 0.008210551810867425
626.0 0.8672630891084653 0.12382843079286174 0.0006403282360907542 1.621923261043211e-33 0.00826815186230682
627.0 0.8668695301170829 0.12415707107879442 0.0006474412139482915 1.855285379010631e-33 0.008325957589930951
628.0 0.8664760794495094 0.12448534274182606 0.0006546091749965587 2.1213120248820523e-33 0.008383968633452647
629.0 0.8660827386889111 0.1248132443659486 0.0006618323156298157 2.4244469644635006e-33 0.008442184629320271
630.0 0.8656895094058409 0.12514077455182754 0.0006691108314136996 2.7697209127661232e-33 0.008500605210749645
631.0 0.8652963931583254 0.12546793191669114 0.0006764449170793413 3.162826718446288e-33 0.008559230007755785
632.0 0.8649033914919461 0.1257947150942206 0.0006838347665175707 3.610203876239908e-33 0.008618058647184667
633.0 0.8645105059399258 0.12612112273444034 0.0006912805727731884 4.119133486774404e-33 0.008677090752744799
634.0 0.8641177380232105 0.12644715350360905 0.0006987825280393246 4.6978449128714875e-33 0.008736325945038785
635.0 0.8637250892505516 0.12677280608411143 0.0007063408236518703 5.355635525674919e-33 0.008795763841594768
636.0 0.8633325611185891 0.12709807917434943 0.0007139556500839804 6.103005094211756e-33 0.008855404056897678
637.0 0.8629401551119329 0.1274229714886352 0.0007216271969406665 6.951806550044852e-33 0.008915246202420577
638.0 0.8625478727032445 0.12774748175708403 0.0007293556529534557 7.91541505638459e-33 0.008975289886655743
639.0 0.8621557153533167 0.1280716087255074 0.0007371412059751286 9.008917530503608e-33 0.009035534715145715
640.0 0.8617636845111556 0.12839535115530706 0.0007449840429745363 1.024932501182938e-32 0.00909598029051423
641.0 0.861371781614059 0.12871870782336955 0.000752884350031489 1.165581053821954e-32 0.009156626212497056
642.0 0.8609800080876968 0.12904167752196105 0.00076084231233173 1.3249975492451276e-32 0.00921747207797275
643.0 0.8605883653461889 0.12936425905862248 0.0007688581141619715 1.5056147712940334e-32 0.009278517480993237
644.0 0.860196854792185 0.12968645125606612 0.0007769319389050198 1.710171503055504e-32 0.009339762012814383
645.0 0.8598054778169415 0.13000825295207113 0.0007850639690349657 1.94174983008015e-32 0.009401205261926353
646.0 0.8594142358003998 0.130329662999381 0.0007932543861124577 2.20381684517435e-32 0.009462846814083953
647.0 0.8590231301112624 0.13065068026560073 0.0008015033707800436 2.500271256727506e-32 0.00952468625233679
648.0 0.8586321621070705 0.13097130363309475 0.0008098111027575941 2.8354954577732343e-32 0.00958672315705939
649.0 0.8582413331342799 0.1312915319988855 0.0008181777608377963 3.2144136740733733e-32 0.009648957105981142
650.0 0.8578506445283364 0.1316113642745519 0.0008266035228817197 3.6425568770567595e-32 0.009711387674216148
651.0 0.8574600976137509 0.1319307993861293 0.0008350885658144648 4.12613522209142e-32 0.009774014434293
652.0 0.8570696937041753 0.13224983627400855 0.0008436330656208723 4.6721188550405007e-32 0.009836836956184335
653.0 0.8566794341024749 0.13256847389283744 0.0008522371973413243 5.288328021135913e-32 0.009899854807336446
654.0 0.8562893201008047 0.13288671121142068 0.0008609011350675994 5.983533510761894e-32 0.00996306755269858
655.0 0.8558993529806799 0.13320454721262148 0.0008696250519388121 6.767568587724685e-32 0.01002647475475225
656.0 0.8555095340130516 0.13352198089326398 0.0008784091201374281 7.651453668028147e-32 0.010090075973540414
657.0 0.8551198644583776 0.13383901126403475 0.0008872535108853416 8.647535152215895e-32 0.010153870766696462
658.0 0.8547303455666952 0.13415563734938626 0.0008961583944400298 9.769639963227659e-32 0.010217858689473145
659.0 0.8543409785776929 0.13447185818744037 0.0009051239400907889 1.1033247505808908e-31 0.010282039294771417
660.0 0.8539517647207806 0.1347876728298915 0.0009141503161550217 1.2455680944302666e-31 0.010346412133169015
661.0 0.8535627052151616 0.13510308034191135 0.0009232376899746173 1.4056319894772125e-31 0.010410976752949068
662.0 0.8531738012699017 0.13541807980205425 0.000932386227912389 1.5856836846639086e-31 0.010475732700128516
663.0 0.8527850540840007 0.13573267030216163 0.0009415960953485872 1.7881459870318256e-31 0.010540679518486371
664.0 0.8523964648464596 0.13604685094726837 0.0009508674566774849 2.015726443283388e-31 0.010605816749591929
665.0 0.8520080347363518 0.13636062085550935 0.0009602004753040324 2.271449743542012e-31 0.010671143932832812
666.0 0.8516197649228892 0.13667397915802543 0.0009695953136405753 2.5586936908211295e-31 0.010736660605442842
667.0 0.8512316565654929 0.13698692499887188 0.000979052133103657 2.881229115007276e-31 0.010802366302529903
668.0 0.8508437108138592 0.13729945753492492 0.0009885710941108731 3.2432641489451227e-31 0.010868260557103515
669.0 0.8504559288080269 0.13761157593579135 0.0009981523560778104 3.649493326814234e-31 0.010934342900102473
670.0 0.8500683116784453 0.1379232793837163 0.0010077960774150462 4.105152011769902e-31 0.01100061286042218
671.0 0.8496808605460385 0.13823456707349321 0.001017502415525214 4.616076711174592e-31 0.01106706996494194
672.0 0.849293576522274 0.13854543821237292 0.001027271526800147 5.1887718941062546e-31 0.011133713738552108
673.0 0.8489064607092255 0.1388558920199746 0.0010371035666180803 5.83048398765609e-31 0.011200543704181129
674.0 0.8485195141996403 0.1391659277281959 0.0010469986893409213 6.549283296337102e-31 0.011267559382822357
675.0 0.8481327380770025 0.13947554458112452 0.0010569570483115933 7.3541546632652e-31 0.01133476029356086
676.0 0.847746133415598 0.13978474183495007 0.0010669787958514458 8.255097773255253e-31 0.011402145953600071
677.0 0.8473597012805782 0.14009351875787562 0.0010770640832577162 9.263238087247384e-31 0.011469715878288166
678.0 0.8469734427280232 0.14040187463003087 0.0010872130608010795 1.039094949526812e-30 0.01153746958114451
679.0 0.8465873588050051 0.14070980874338546 0.0010974258777232504 1.1651989882198844e-30 0.011605406573885878
680.0 0.8462014505496503 0.14101732040166196 0.0011077026822346513 1.3061650917839754e-30 0.011673526366452473
681.0 0.8458157189912032 0.14132440892025047 0.0011180436215121508 1.463692351101508e-30 0.01174182846703395
682.0 0.8454301651500845 0.14163107362612318 0.0011284488416968604 1.6396680507785054e-30 0.01181031238209519
683.0 0.8450447900379567 0.1419373138577489 0.0011389184878920007 1.836187836728436e-30 0.011878977616402001
684.0 0.8446595946577826 0.14224312896500962 0.0011494527041608328 2.055577971648778e-30 0.011947823673046686
685.0 0.8442745800038867 0.1425485183091152 0.0011600516335246408 2.300419886857024e-30 0.012016850053473391
686.0 0.8438897470620145 0.1428534812625213 0.001170715417960801 2.5735772589907686e-30 0.012086056257503489
687.0 0.8435050968093937 0.14315801720884463 0.0011814441984008826 2.8782258619611094e-30 0.012155441783360579
688.0 0.8431206302147934 0.1434621255427821 0.0011922381147288425 3.217886468450835e-30 0.012225006127695644
689.0 0.8427363482385815 0.1437658056700274 0.001203097305779262 3.596461101337332e-30 0.012294748785611804
690.0 0.8423522518327848 0.14406905700719025 0.001214021909335649 4.018272963896586e-30 0.012364669250689126
691.0 0.8419683419411478 0.14437187898171425 0.0012250120621288044 4.488110408709511e-30 0.01243476701500914
692.0 0.8415846194991882 0.14467427103179725 0.0012360678998352547 5.011275339077171e-30 0.012505041569179405
693.0 0.8412010854342564 0.14497623260631007 0.0012471895570757249 5.59363647369729e-30 0.012575492402357702
694.0 0.8408177406655923 0.14527776316471755 0.0012583771674137025 6.241687945632376e-30 0.012646119002276345
695.0 0.8404345861043812 0.14557886217699872 0.001269630863354031 6.96261375048565e-30 0.012716920855266147
696.0 0.8400516226538105 0.14587952912356772 0.001280950776341581 7.764358606522594e-30 0.012787897446280339
697.0 0.8396688512091255 0.1461797634951959 0.0012923370367599783 8.655705841548156e-30 0.01285904825891838
698.0 0.8392862726576862 0.1464795647929339 0.0013037897739303836 9.646362978058454e-30 0.012930372775449573
699.0 0.8389038878790198 0.14677893252803337 0.0013153091161103344 1.0747055749905428e-29 0.013001870476836536
700.0 0.838521697744878 0.14707786622187075 0.0013268951904926508 1.1969631350882628e-29 0.013073540842758621
