200.0 0.0 0.0 0.0 0.0 0.0
201.0 0.0 0.0 0.0 0.0 0.0
202.0 0.0 0.0 0.0 0.0 0.0
203.0 0.0 0.0 0.0 0.0 0.0
204.0 0.0 0.0 0.0 0.0 0.0
205.0 0.0 0.0 0.0 0.0 0.0
206.0 0.0 0.0 0.0 0.0 0.0
207.0 0.0 0.0 0.0 0.0 0.0
208.0 0.0 0.0 0.0 0.0 0.0
209.0 0.0 0.0 0.0 0.0 0.0
210.0 0.0 0.0 0.0 0.0 0.0
211.0 0.0 0.0 0.0 0.0 0.0
212.0 0.0 0.0 0.0 0.0 0.0
213.0 0.0 0.0 0.0 0.0 0.0
214.0 0.0 0.0 0.0 0.0 0.0
215.0 0.0 0.0 0.0 0.0 0.0
216.0 0.0 0.0 0.0 0.0 0.0
217.0 0.0 0.0 0.0 0.0 0.0
218.0 0.0 0.0 0.0 0.0 0.0
219.0 0.0 0.0 0.0 0.0 0.0
220.0 0.0 0.0 0.0 0.0 0.0
221.0 0.0 0.0 0.0 0.0 0.0
222.0 0.0 0.0 0.0 0.0 0.0
223.0 0.0 0.0 0.0 0.0 0.0
224.0 0.0 0.0 0.0 0.0 0.0
225.0 0.0 0.0 0.0 0.0 0.0
226.0 0.0 0.0 0.0 0.0 0.0
227.0 0.0 0.0 0.0 0.0 0.0
228.0 0.0 0.0 0.0 0.0 0.0
229.0 0.0 0.0 0.0 0.0 0.0
230.0 0.0 0.0 0.0 0.0 0.0
231.0 0.0 0.0 0.0 0.0 0.0
232.0 0.0 0.0 0.0 0.0 0.0
233.0 0.0 0.0 0.0 0.0 0.0
234.0 0.0 0.0 0.0 0.0 0.0
235.0 0.0 0.0 0.0 0.0 0.0
236.0 0.0 0.0 0.0 0.0 0.0
237.0 0.0 0.0 0.0 0.0 0.0
238.0 0.0 0.0 0.0 0.0 0.0
239.0 0.0 0.0 0.0 0.0 0.0
240.0 0.0 0.0 0.0 0.0 0.0
241.0 0.0 0.0 0.0 0.0 0.0
242.0 0.0 0.0 0.0 0.0 0.0
243.0 0.0 0.0 0.0 0.0 0.0
244.0 0.0 0.0 0.0 0.0 0.0
245.0 0.0 0.0 0.0 0.0 0.0
246.0 0.0 0.0 0.0 0.0 0.0
247.0 0.0 0.0 0.0 0.0 0.0
248.0 0.0 0.0 0.0 0.0 0.0
249.0 0.0 0.0 0.0 0.0 0.0
250.0 0.0 0.0 0.0 0.0 0.0
251.0 0.0 0.0 0.0 0.0 0.0
252.0 0.0 0.0 0.0 0.0 0.0
253.0 0.0 0.0 0.0 0.0 0.0
254.0 0.0 0.0 0.0 0.0 0.0
255.0 0.0 0.0 0.0 0.0 0.0
256.0 0.0 0.0 0.0 0.0 0.0
257.0 0.0 0.0 0.0 0.0 0.0
258.0 0.0 0.0 0.0 0.0 0.0
259.0 0.0 0.0 0.0 0.0 0.0
260.0 0.0 0.0 0.0 0.0 0.0
261.0 0.0 0.0 0.0 0.0 0.0
262.0 0.0 0.0 0.0 0.0 0.0
263.0 0.0 0.0 0.0 0.0 0.0
264.0 0.0 0.0 0.0 0.0 0.0
265.0 0.0 0.0 0.0 0.0 0.0
266.0 0.0 0.0 0.0 0.0 0.0
267.0 0.0 0.0 0.0 0.0 0.0
268.0 0.0 0.0 0.0 0.0 0.0
269.0 0.0 0.0 0.0 0.0 0.0
270.0 0.0 0.0 0.0 0.0 0.0
271.0 0.0 0.0 0.0 0.0 0.0
272.0 0.0 0.0 0.0 0.0 0.0
273.0 0.0 0.0 0.0 0.0 0.0
274.0 0.0 0.0 0.0 0.0 0.0
275.0 0.0 0.0 0.0 0.0 0.0
276.0 0.0 0.0 0.0 0.0 0.0
277.0 0.0 0.0 0.0 0.0 0.0
278.0 0.0 0.0 0.0 0.0 0.0
279.0 0.0 0.0 0.0 0.0 0.0
280.0 0.0 0.0 0.0 0.0 0.0
281.0 0.0 0.0 0.0 0.0 0.0
282.0 0.0 0.0 0.0 0.0 0.0
283.0 0.0 0.0 0.0 0.0 0.0
284.0 0.0 0.0 0.0 0.0 0.0
285.0 1.0949552542255998e-16 1.5227736655262798e-18 1.4472344765587368e-23 2.324886398320389e-93 3.988902084629924e-21
286.0 1.0947276701431485e-16 1.5453869924232904e-18 1.529327762604073e-23 4.450254704171951e-93 4.1331624999061234e-21
287.0 1.0944983454285371e-16 1.5681701983238735e-18 1.615451509069777e-23 8.480112648688886e-93 4.2815668229507416e-21
288.0 1.0942672854124313e-16 1.5911226639229495e-18 1.705770930323542e-23 1.6086904160400864e-92 4.4341996402455015e-21
289.0 2.1880689910629205e-16 3.2284875168253135e-18 3.600913088340645e-23 6.0764176535480446e-92 9.182292782998264e-21
290.0 2.1875999626519004e-16 3.27506567943206e-18 3.799368573717e-23 1.142580933567443e-91 9.504986723463761e-21
291.0 3.280691245313012e-16 4.9829677641575375e-18 6.010906886721118e-23 3.2087171725504004e-91 1.4754983019373374e-20
292.0 3.279977407822804e-16 5.053837018505865e-18 6.33749307515441e-23 5.981606909515973e-91 1.5266211829908304e-20
293.0 5.465430748368577e-16 8.542007097835245e-18 1.1132316824695276e-22 1.850569422782384e-90 2.6319054716981094e-20
294.0 6.557068773412686e-16 1.0394134860404697e-17 1.4074388547217845e-22 4.1048431969877085e-90 3.266182953524573e-20
295.0 8.740813970545443e-16 1.405179852825818e-17 1.9764053212357862e-22 1.0074767355817768e-89 4.502647679066182e-20
296.0 1.0923570080377519e-15 1.780757732590901e-17 2.600999951453508e-22 2.3086222274606796e-89 5.817916150067591e-20
297.0 1.4197437630111395e-15 2.3467649987540127e-17 3.5586570164475465e-22 5.479365475560466e-89 7.81631483222423e-20
298.0 1.8561662317933477e-15 3.1106811307299685e-17 4.8960267489313475e-22 1.302908581545574e-88 1.0560915944416219e-19
299.0 2.401547987273288e-15 4.080082057228751e-17 6.663781814435263e-22 3.053707855497506e-88 1.411799515869453e-19
300.0 3.055811611946927e-15 5.262639405145336e-17 8.916860624673382e-22 7.011027544936854e-88 1.855712659946497e-19
301.0 3.927989524702136e-15 6.856580299369339e-17 1.2049427203196186e-21 1.6197246112972856e-87 2.463560120140343e-19
302.0 5.017925925556289e-15 8.877340773850687e-17 1.6176599288207156e-21 3.704457980661559e-87 3.2496232099537787e-19
303.0 6.325463058113759e-15 1.1340545462119837e-16 2.142297840584543e-21 8.328232009115371e-87 4.228877931111461e-19
304.0 8.177542940949229e-15 1.4856256271676983e-16 2.9086666624089966e-21 1.912891611906274e-86 5.642723560137434e-19
305.0 1.035575437920824e-14 1.9062310856283633e-16 3.867202290163375e-21 4.287652115189554e-86 7.373789656212754e-19
306.0 1.3295781241198535e-14 2.4795771304880093e-16 5.211165222264632e-21 9.707361667792544e-86 9.76735014350532e-19
307.0 1.688810628707509e-14 3.190639458861634e-16 6.944978771050423e-21 2.166271917260226e-85 1.2797037499047419e-18
308.0 2.135009859781699e-14 4.085950512226572e-16 9.209230180413268e-21 4.7938817446533365e-85 1.6684243832383739e-18
309.0 2.711671361085309e-14 5.256425189324956e-16 1.2264780337194363e-20 1.061954917083504e-84 2.1849186004789684e-18
310.0 3.440471949842418e-14 6.7545403216004e-16 1.631199650411076e-20 2.3415856626152592e-84 2.857735574220871e-18
311.0 4.343065769198059e-14 8.635013099964068e-16 2.1578451018398007e-20 5.118796706918594e-84 3.7181021157295225e-18
312.0 5.4846126528140746e-14 1.1042468995765092e-15 2.8547904284005334e-20 1.115496390682181e-83 4.8384654863418056e-18
313.0 6.908446671493696e-14 1.4083786148545097e-15 3.766031855774678e-20 2.4162356508478377e-83 6.279073587402578e-18
314.0 8.690486123806183e-14 1.7937724670469693e-15 4.960153207972796e-20 5.208828067781728e-83 8.13636090913489e-18
315.0 1.0906569751223984e-13 2.2790903863251298e-15 6.515683679207309e-20 1.116441295786583e-82 1.0516314501427123e-17
316.0 1.368681155614671e-13 2.8952887266820987e-15 8.555973705314393e-20 2.3846823865866045e-82 1.3588952420917045e-17
317.0 1.713945135118318e-13 3.670026413120641e-15 1.120818138384892e-19 5.065804512963926e-82 1.7518976620911223e-17
318.0 2.1437805672560498e-13 4.64624452472747e-15 1.466110005983614e-19 1.0713011052600027e-81 2.2554897210423562e-17
319.0 2.6776730691804865e-13 5.873484532989597e-15 1.9145637886001388e-19 2.254958321378104e-81 2.899266268396924e-17
320.0 3.3383451445947064e-13 7.41060145057946e-15 2.4948750475423245e-19 4.722210999218743e-81 3.7192372218268815e-17
321.0 4.157180191834585e-13 9.338405216122895e-15 3.2463999898575725e-19 9.845615350763959e-81 4.7647089392049424e-17
322.0 5.168783630781954e-13 1.1748484948826653e-14 4.2165630876383326e-19 2.043017011832667e-80 6.093464316888258e-17
323.0 6.417488972218454e-13 1.4758648484738876e-14 5.467452374187956e-19 4.2199863007722404e-80 7.780431149595626e-17
324.0 7.957344336851133e-13 1.8514251046237242e-14 7.078175087143263e-19 8.67784241884574e-80 9.919601369306629e-17
325.0 9.85318333461588e-13 2.3192095028663016e-14 9.148453891094145e-19 1.7765027474347294e-79 1.2627453631470607e-16
326.0 1.2182778261394785e-12 2.9007102438481763e-14 1.1803783876793007e-18 3.6202772174925164e-79 1.60481512477546e-16
327.0 1.5043325437060808e-12 3.622979716346025e-14 1.5205802902714633e-18 7.34544736887081e-79 2.036521249609887e-16
328.0 1.855141762165125e-12 4.5189020535679185e-14 1.9557848022175458e-18 1.4839364419882778e-78 2.5805737019912045e-16
329.0 2.284518280703866e-12 5.628002028575871e-14 2.5113424981758935e-18 2.98465068481132e-78 3.26479694945129e-16
330.0 2.8096166773950627e-12 6.99972118803059e-14 3.2197015674308144e-18 5.977441599470687e-78 4.1243920318270793e-16
331.0 3.4507119331771455e-12 8.693346427052922e-14 4.1212160631249084e-18 1.1919740461231094e-77 5.202385141732983e-16
332.0 4.232710319490142e-12 1.078232093963198e-13 5.267144525847966e-18 2.3670010658819925e-77 6.552748582987223e-16
333.0 5.185034422234517e-12 1.3354629902522445e-13 6.721112965373719e-18 4.680548781601796e-77 8.241355138052097e-16
334.0 6.3434556320284176e-12 1.651824728111747e-13 8.563319255727076e-18 9.21702920038916e-77 1.0350144282944346e-15
335.0 7.750733713064202e-12 2.0403764941709989e-13 1.0893827383011328e-17 1.8075638579209898e-76 1.2979827601133577e-15
336.0 9.458228285378515e-12 2.516973102589777e-13 1.3837722429256381e-17 3.530394769754505e-76 1.6254522461716754e-15
337.0 1.1527291216028256e-11 3.1007691452869666e-13 1.755075774715343e-17 6.86738110303648e-76 2.0326532879722033e-15
338.0 1.403141289075659e-11 3.814954007927943e-13 2.222702544470991e-17 1.3304979569104912e-75 2.5383000655928205e-15
339.0 1.7058148508581845e-11 4.687465863371394e-13 2.8107461662475e-17 2.567454601036545e-75 3.165289543184823e-15
340.0 2.0712444814608932e-11 5.752130751018844e-13 3.549198162934872e-17 4.934918433782119e-75 3.941739963879507e-15
341.0 2.5118665100460466e-11 7.049497668952724e-13 4.475121457550043e-17 9.448284142630312e-75 4.9018932167217424e-15
342.0 3.0425308789566633e-11 8.628477071227099e-13 5.634479043403076e-17 1.8019364286870247e-74 6.0876428393591735e-15
343.0 3.680853534812445e-11 1.054772437617926e-12 7.084020213955409e-17 3.4233518393492057e-74 7.549989346654555e-15
344.0 4.447783900581435e-11 1.2877713785186723e-12 8.893859197322141e-17 6.478965707636565e-74 9.351093882516379e-15
345.0 5.368106579135397e-11 1.5702726789488323e-12 1.1150303699628123e-16 1.2215535722086974e-73 1.1566411914305122e-14
346.0 6.471233189110577e-11 1.912379482418648e-12 1.3959701320668153e-16 2.2944996750083135e-73 1.428768114306455e-14
347.0 7.791906483703709e-11 2.32615305920628e-12 1.7452661201381013e-16 4.2938226565600645e-73 1.7626030907979124e-14
348.0 9.371204806136557e-11 2.8260001785219286e-12 2.1789555045590275e-16 8.005614079012949e-73 2.1716096798105428e-14
349.0 1.1257598485032462e-10 3.4290956329831063e-12 2.716693577624198e-16 1.487142943609918e-72 2.672068616876794e-14
350.0 1.3508219556569137e-10 4.155890939037592e-12 3.382538440347062e-16 2.7525235964238957e-72 3.283643171499427e-14
351.0 1.619035509688152e-10 5.030717259891847e-12 4.2059032807945555e-16 5.076247415067462e-72 4.0300571631786614e-14
352.0 1.938312060662905e-10 6.082474028037626e-12 5.222689546784965e-16 9.328250514773524e-72 4.9398869583695007e-14
353.0 2.3179463640424474e-10 7.345455140792007e-12 6.476667459653318e-16 1.7081092546924756e-71 6.04751796885108e-14
354.0 2.768848617138504e-10 8.860316646752932e-12 8.021138087107547e-16 3.1167490524938338e-71 7.394281027929233e-14
355.0 3.303803119020667e-10 1.0675175773507007e-11 9.920901047140167e-16 5.667226606365074e-71 9.029772818305556e-14
356.0 3.937782311448685e-10 1.2846942140957341e-11 1.2254658110830182e-15 1.0269140326795933e-70 1.1013459102953208e-13
357.0 4.688295657702344e-10 1.5442826318219112e-11 1.5117853035368008e-15 1.8544031164899946e-70 1.341653385926802e-13
358.0 5.57580120370949e-10 1.8542126790452172e-11 1.862609714133171e-15 3.337279323133464e-70 1.632414016509234e-13
359.0 6.624174305705046e-10 2.2238291572077903e-11 2.291924633834992e-15 5.985644795532905e-70 1.9837975055135358e-13
360.0 7.861247343508587e-10 2.6641315026870168e-11 2.8166267246144426e-15 1.0699678000106902e-69 2.407935904008879e-13
361.0 9.319433128512348e-10 3.1880530367429214e-11 3.4571047975694947e-15 1.9062646986235594e-69 2.91928573258862e-13
362.0 1.1036437171033003e-09 3.810783573811743e-11 4.237930338692224e-15 3.3850075229696674e-69 3.5350525444905945e-13
363.0 1.3056075753090968e-09 4.550143443633051e-11 5.188678893505212e-15 5.991162346549001e-69 4.2756896717472194e-13
364.0 1.5429212417844565e-09 5.427015923197306e-11 6.344905133029422e-15 1.056935555751953e-68 5.16548277630321e-13
365.0 1.821482866645807e-09 6.465846562787024e-11 7.749298799760806e-15 1.8585861823976175e-68 6.233234073317479e-13
366.0 2.1481247823010502e-09 7.695219473043202e-11 9.45305380256233e-15 3.2577993977002586e-68 7.513062618176818e-13
367.0 2.5307538472476514e-09 9.148523867045835e-11 1.1517490519141084e-14 5.692251032854794e-68 9.045341402208287e-13
368.0 2.97850991756983e-09 1.0864715879461487e-10 1.4015965479628564e-14 9.914532186773266e-68 1.0877785236966253e-12
369.0 3.501948074637114e-09 1.2889200872623646e-10 1.7036132311003816e-14 1.7214690207423784e-67 1.3066724599719512e-12
370.0 4.113245406917164e-09 1.5274845039822e-10 2.0682604023340026e-14 2.979718519697913e-67 1.56785865664567e-12
371.0 4.826435173422309e-09 1.8083133002348127e-10 2.508008236215362e-14 5.141743205504646e-67 1.879161334803132e-12
372.0 5.657674162329857e-09 2.1385500207082098e-10 3.037704424862356e-14 8.845341863624732e-67 2.2497863716327692e-12
373.0 6.625545086751809e-09 2.526485541677697e-10 3.675006653553483e-14 1.5170427899006712e-66 2.690553155051695e-12
374.0 7.751399380290176e-09 2.9817322717324755e-10 4.440889921201315e-14 2.593998756174741e-66 3.214163298632594e-12
375.0 9.059745312352736e-09 3.5154232288750285e-10 5.360240924936138e-14 4.4222171669093623e-66 3.835511700505662e-12
376.0 1.0578686756014586e-08 4.1404392242818656e-10 6.462553514245435e-14 7.516545152741675e-66 4.572046129453091e-12
377.0 1.2340419420185172e-08 4.871668123810438e-10 7.782741886288247e-14 1.2738368758411758e-65 5.444182752901971e-12
378.0 1.4381789630422699e-08 5.726299669448144e-10 9.362089192813998e-14 2.1524646328488183e-65 6.4757849615194155e-12
379.0 1.6744925421572187e-08 6.72416137605872e-10 1.1249354394763126e-13 3.6265536943190255e-65 7.694715624326307e-12
380.0 1.9477946904189126e-08 7.888100168036833e-10 1.3502061245366278e-13 6.09252333420787e-65 9.13347260676536e-12
381.0 2.263576508459871e-08 9.244415536694255e-10 1.6187997630420644e-13 1.0205970513535528e-64 1.0829919299740987e-11
382.0 2.6280979889815945e-08 1.0823350919977802e-09 1.9386958039767991e-13 1.704803593816366e-64 1.2828123743739897e-11
383.0 3.04848887558694e-08 1.265965057833627e-09 2.3192766366432746e-13 2.839658746918912e-64 1.5179321482496017e-11
384.0 3.532861699755914e-08 1.4793189522124632e-09 2.771562052831874e-13 4.716701915008064e-64 1.794301857064018e-11
385.0 4.0904384976600934e-08 1.7269685990088416e-09 3.3084808226124834e-13 7.81267597224777e-64 2.1188254547317368e-11
386.0 4.7316926720927836e-08 2.0141506272957723e-09 3.945184873307291e-13 1.290502445957546e-63 2.4995046797324e-11
387.0 5.468507534828025e-08 2.346857242103975e-09 4.699412251326063e-13 2.1258074680817294e-63 2.9456039962735955e-11
388.0 6.314353474841355e-08 2.7319385617672885e-09 5.591906104995375e-13 3.4922349066360017e-63 3.467838833637558e-11
389.0 7.28448566004815e-08 3.1772178424096195e-09 6.646897730463337e-13 5.721443992113229e-63 4.078590142268325e-11
390.0 8.396164450718051e-08 3.691621087467352e-09 7.892662874858389e-13 9.348430481613226e-63 4.792148695163133e-11
391.0 9.668900823558635e-08 4.2853226603251904e-09 9.362161637177813e-13 1.5233885374267464e-62 5.6249929252573794e-11
392.0 1.1124729555098609e-07 4.969908789739818e-09 1.1093773893805303e-12 2.475879972724861e-62 6.596104672876767e-11
393.0 1.278851274531656e-07 5.758560866403865e-09 1.3132143336066055e-12 4.013315666525891e-62 7.727327488652823e-11
394.0 1.4688276912476712e-07 6.66626080426831e-09 1.5529145290577354e-12 6.488431241446331e-62 9.043772912787601e-11
395.0 1.6855586975659645e-07 7.710020878931851e-09 1.834499524918055e-12 1.0462765359851844e-61 1.0574280658409257e-10
396.0 1.9325960643286496e-07 8.909140651426956e-09 2.1649517073836784e-12 1.6827953969906642e-61 1.2351939238546577e-10
397.0 2.213932724506449e-07 1.0285493936664969e-08 2.5523592442086406e-12 2.6996146248866522e-61 1.4414674438829639e-10
398.0 2.5340535148774615e-07 1.1863848950200716e-08 3.006081551141014e-12 4.319817031890467e-61 1.680591370599284e-10
399.0 2.897991256838083e-07 1.3672225210624828e-08 3.536938008129568e-12 6.894923853777617e-61 1.9575335608352562e-10
400.0 3.3113886470146504e-07 1.5742290877747036e-08 4.157422926384975e-12 1.097745025806315e-60 2.2779714187652013e-10
401.0 3.780566515785774e-07 1.810980477437283e-08 4.881950184231489e-12 1.7433662192644654e-60 2.648386938936593e-10
402.0 4.3125990301743064e-07 2.081510760353777e-08 5.727131325415918e-12 2.7618374110339926e-60 3.0761735767346224e-10
403.0 4.915396459114387e-07 2.3903667257510142e-08 6.712091352615391e-12 4.3645255082317896e-60 3.569756289664074e-10
404.0 5.597796177413123e-07 2.7426683596708317e-08 7.858826953096375e-12 6.880380398492848e-60 4.1387262380453934e-10
405.0 6.369662631200748e-07 3.144175852096271e-08 9.192612431035416e-12 1.082010105393332e-59 4.793991781446442e-10
406.0 7.241997040304584e-07 3.601363764767351e-08 1.0742459217591364e-11 1.697463843832303e-59 5.547947570140727e-10
407.0 8.227057661201922e-07 4.121503040073825e-08 1.2541635475231014e-11 2.656604609680727e-59 6.414663702133122e-10
408.0 9.33849150864517e-07 4.7127515953800654e-08 1.4628253057022586e-11 4.147794585702917e-59 7.410097120035145e-10
409.0 1.05914784797163e-06 5.384254299167796e-08 1.704592985119778e-11 6.460679167147535e-59 8.552327618043863e-10
410.0 1.2002888887491914e-06 6.146253188261249e-08 1.9844536405663842e-11 1.0039598481574526e-58 9.861821052343005e-10
411.0 1.359145550316803e-06 7.010208865205077e-08 2.308103671619129e-11 1.5564612069565478e-58 1.1361722610191078e-09
412.0 1.5377961239881818e-06 7.988934068237738e-08 2.6820434044565434e-11 2.4074126111499875e-58 1.3078183225783847e-09
413.0 1.7385443700522064e-06 9.096740489707275e-08 3.113683378927219e-11 3.7150054636026384e-58 1.504072252398831e-09
414.0 1.9639417900543653e-06 1.0349600005279095e-07 3.611463669056156e-11 5.7196760895160236e-58 1.7282631986388073e-09
415.0 2.2168118531483864e-06 1.1765321548011364e-07 4.1849876957144286e-11 8.786031583589975e-58 1.9841422338412625e-09
416.0 2.5002763214821023e-06 1.3363744950899696e-07 4.8451721366191425e-11 1.3465722617165074e-57 2.2759319504964806e-09
417.0 2.817783829627759e-06 1.5166953183076542e-07 5.604414700722826e-11 2.0591515802155645e-57 2.608381386824907e-09
418.0 3.173140880549828e-06 1.719950449628757e-07 6.476781704408304e-11 3.141773196154908e-57 2.9868267949207826e-09
419.0 3.5705454271098137e-06 1.948868608727845e-07 7.478217568554021e-11 4.7829435200554436e-57 3.4172588035262133e-09
420.0 4.014623221316182e-06 2.2064791010156565e-07 8.626778565219053e-11 7.265333852234043e-57 3.9063965765902066e-09
421.0 4.510467119434707e-06 2.4961420165707714e-07 9.942893354028219e-11 1.101188665390377e-56 4.461769613714709e-09
422.0 5.063679540528422e-06 2.821581130974996e-07 1.1449653082835449e-10 1.6654039842371856e-56 5.091807889447486e-09
423.0 5.680418286883134e-06 3.186919714939759e-07 1.317313408285233e-10 2.51324597239258e-56 5.805941083648583e-09
424.0 6.367445942049134e-06 3.596719470666126e-07 1.5142756455012906e-10 3.784545090446279e-56 6.614707709937436e-09
425.0 7.1321830743010816e-06 4.056022826958432e-07 1.7391682141354437e-10 5.686713831435798e-56 7.529875011904322e-09
426.0 7.98276547862845e-06 4.570398835779388e-07 1.9957256377660806e-10 8.52675373693567e-56 8.564570555854019e-09
427.0 8.928105704358339e-06 5.145992928834629e-07 2.2881496768136197e-10 1.2758109443090858e-55 9.733426520133689e-09
428.0 9.977959121166572e-06 5.789580804369601e-07 2.621163457125201e-10 1.904911185308666e-55 1.1052737747327583e-08
429.0 1.1142994786576245e-05 6.508626728940351e-07 3.00007131692272e-10 2.8382748071248173e-55 1.2540634700111882e-08
430.0 1.2434871387086787e-05 7.311346553142757e-07 3.4308249099495894e-10 4.2201792711539154e-55 1.4217272538425367e-08
431.0 1.3866318532197601e-05 8.206775753734491e-07 3.9200961453679655e-10 6.2619486144420274e-55 1.6105037613986962e-08
432.0 1.5451223690296316e-05 9.204842829872528e-07 4.4753575911053555e-10 9.272473180210307e-55 1.8228772763158594e-08
433.0 1.720472506284953e-05 1.0316448395525659e-06 5.104971015801605e-10 1.3702331020405807e-54 2.0616022865503312e-08
434.0 1.91433106973175e-05 1.1553550322667702e-06 5.81828479486788e-10 2.0207442624690065e-54 2.3297302221309275e-08
435.0 2.128492415133029e-05 1.292925530753471e-06 6.625740961931374e-10 2.9740720381074756e-54 2.63063854006385e-08
436.0 2.3649077021234673e-05 1.4457917243325748e-06 7.538992742554411e-10 4.368375835556853e-54 2.968062330604152e-08
437.0 2.6256968655054697e-05 1.6155242797808783e-06 8.571033467718564e-10 6.403567584411041e-54 3.3461286291689615e-08
438.0 2.9131613375662337e-05 1.8038404608939213e-06 9.736337828227428e-10 9.368337947849753e-54 3.7693936284836606e-08
439.0 3.229797553952202e-05 2.0126162522641926e-06 1.105101649624232e-09 1.3678757981812004e-53 4.242882995451671e-08
440.0 3.578311276125475e-05 2.2438993311318013e-06 1.2532985210292987e-09 1.993330533114979e-53 4.7721355081411213e-08
441.0 3.961632763422366e-05 2.4999229323157796e-06 1.4202149492164392e-09 2.89911495895896e-53 5.363250238909992e-08
442.0 4.382932827551834e-05 2.783120652277705e-06 1.6080606238933336e-09 4.208331112405499e-53 6.022937520386167e-08
443.0 4.845639802397507e-05 3.096142239543819e-06 1.8192863512518544e-09 6.0970191492576635e-53 6.758573942284859e-08
444.0 5.3534574614807545e-05 3.4418704195491717e-06 2.0566079929846843e-09 8.816438961364237e-53 7.578261637879498e-08
445.0 5.910383914906078e-05 3.823438802771195e-06 2.3230325140741336e-09 1.2724525593866106e-52 8.49089212995679e-08
446.0 6.520731517054037e-05 4.244250925795385e-06 2.6218862967989872e-09 1.833021083191603e-52 9.506215017287965e-08
447.0 7.189147815347491e-05 4.708000475463378e-06 2.956845887331177e-09 2.635575516953157e-52 1.0634911793492043e-07
448.0 7.920637569178362e-05 5.218692746533518e-06 3.3319713504173743e-09 3.782424349499801e-52 1.1888675100694434e-07
449.0 8.720585867076339e-05 5.7806673836759835e-06 3.7517424171648514e-09 5.418217287597466e-52 1.3280293731331617e-07
450.0 9.594782368439366e-05 6.398622458478492e-06 4.221097620465752e-09 7.747088657773957e-52 1.4823743701336163e-07
451.0 0.00010549446694504417 7.07763993201142e-06 4.745476622420985e-09 1.1056587285215022e-51 1.6534285727951098e-07
452.0 0.00011591254991279156 7.823212553102068e-06 5.330865948071981e-09 1.5751017760405494e-51 1.8428569454885606e-07
453.0 0.0001272736768473686 8.641272241685972e-06 5.983848349712446e-09 2.2397809271167e-51 2.0524744776116982e-07
454.0 0.00013965458446332942 9.538220005852997e-06 6.711656036284139e-09 3.1791884641899297e-51 2.2842580618281212e-07
455.0 0.0001531374438383581 1.052095743980876e-05 7.522228012377821e-09 4.5044855024749815e-51 2.540359154863806e-07
456.0 0.00016781017469648133 1.1596919848635025e-05 8.424271781603487e-09 6.370839183160527e-51 2.82311725826387e-07
457.0 0.000183766772152838 1.277411104380813e-05 9.427329679086578e-09 8.994456543928751e-51 3.135074257057755e-07
458.0 0.00020110764597001485 1.40611398512723e-05 1.0541850107778338e-08 1.2676061061481953e-50 3.4789896547418936e-07
459.0 0.00021993997233976363 1.5467258371597293e-05 1.1779263963205002e-08 1.7833191194231553e-50 3.857856743392918e-07
460.0 0.00024037805815615472 1.7002402028527365e-05 1.3152066540540213e-08 2.5044557554264037e-50 4.2749197478547455e-07
461.0 0.0002625437177068131 1.8677231439420767e-05 1.4673905227420244e-08 3.5110853749394065e-50 4.7336919831265586e-07
462.0 0.00028656666165493606 2.050317613708078e-05 1.6359673294483657e-08 4.913797845189259e-50 5.237975063912967e-07
463.0 0.0003125848981378699 2.2492480168782205e-05 1.8225610104252718e-08 6.865073013823867e-50 5.791879205141055e-07
464.0 0.00034074514575053213 2.4658249593654155e-05 2.0289408066673214e-08 9.574786382260264e-50 6.399844651783133e-07
465.0 0.0003712032581263435 2.701450189485526e-05 2.2570326676972198e-08 1.3331319350811343e-49 7.066664275753772e-07
466.0 0.00040412465976859214 2.9576217317733585e-05 2.5089313978070004e-08 1.8530250653895357e-49 7.797507376856602e-07
467.0 0.00043968479271614135 3.235939213901031e-05 2.7869135795164004e-08 2.5713285208251496e-49 8.597944723624881e-07
468.0 0.00047806957357453375 3.53810938667993e-05 3.0934513095735885e-08 3.562098378065725e-49 9.47397486890001e-07
469.0 0.0005194758603594466 3.865951836351662e-05 3.4312267831140186e-08 4.92640657888636e-49 1.0432051773209235e-06
470.0 0.0005641119285400003 4.2214048877495746e-05 3.803147761938524e-08 6.801966580481355e-49 1.1479113767484383e-06
471.0 0.0006121979555926873 4.60653169613501e-05 4.212363963007426e-08 9.37610602441835e-49 1.2622613884599074e-06
472.0 0.0006639665132998579 5.0235265247043306e-05 4.662284403263087e-08 1.290322126664441e-48 1.3870551586899037e-06
473.0 0.0007196630669526148 5.474721203945552e-05 5.156595736798866e-08 1.7728223462350373e-48 1.5231505914408498e-06
474.0 0.0007795464805394832 5.962591768142834e-05 5.69928162012954e-08 2.4317981250044878e-48 1.67146700755595e-06
475.0 0.0008438895269145437 6.489765263345411e-05 6.29464314083567e-08 3.330341858323048e-48 1.8329887498988131e-06
476.0 0.0009129794018717929 7.05902672026117e-05 6.947320344353759e-08 4.55357869946523e-48 2.0087689361791e-06
477.0 0.000987118240957639 7.673326284435023e-05 7.662314892808252e-08 6.216176340840585e-48 2.1999333605604387e-06
478.0 0.0010666236377751322 8.335786495063823e-05 8.44501388882836e-08 8.472351050274107e-48 2.4076845447869805e-06
479.0 0.001151829162456855 9.04970970277261e-05 9.301214896153864e-08 1.152917841709967e-47 2.6333059391380133e-06
480.0 0.001243084878890823 9.818585615493632e-05 1.0237152187355859e-07 1.5664272115413707e-47 2.8781662730247674e-06
481.0 0.001340757859207571 0.00010646098960499293 1.1259524247413669e-07 2.124922695410976e-47 3.1437240545502088e-06
482.0 0.0014452326939626758 0.00011536137249537094 1.2375522560087613e-07 2.878065680205458e-47 3.431532217831004e-06
483.0 0.0015569119963508486 0.00012492798632687352 1.3592861701770747e-07 3.89212236073378e-47 3.7432429162674424e-06
484.0 0.001676216898737806 0.0001352039982558648 1.4919810765378664e-07 5.255378921236921e-47 4.080612459409589e-06
485.0 0.0018035875396902365 0.0001462348409320537 1.6365226133966538e-07 7.085277650415941e-47 4.4455063903628974e-06
486.0 0.0019394835396413475 0.00015806829272391648 1.7938585621140354e-07 9.537806412101748e-47 4.839904700083718e-06
487.0 0.0020843844632418697 0.0001707545581401701 1.965002399202729e-07 1.2819834075429538e-46 5.265907174179141e-06
488.0 0.002238790266382099 0.00018434634824360613 2.1510369875155e-07 1.7205291496724747e-46 5.72573886710726e-06
489.0 0.002403221725829766 0.00019889896084317182 2.353118407208637e-07 2.3056364706678134e-46 6.2217556979790346e-06
490.0 0.002578220849341368 0.0002144703602357139 2.572479926739492e-07 3.0851210998100197e-46 6.756450161314922e-06
491.0 0.0027643512640821697 0.00023112125625939986 2.8104361137581036e-07 4.122015114777405e-46 7.332457145388186e-06
492.0 0.0029621985811283842 0.0002489151824080178 3.0683870852845114e-07 5.4992859377382915e-46 7.9525598499323e-06
493.0 0.003172370733796028 0.0002679185727450335 3.347822896092189e-07 7.325980154470056e-46 8.619695794183976e-06
494.0 0.0033954982875038058 0.0002882008373451612 3.6503280637057813e-07 9.745210538834944e-46 9.336962905375265e-06
495.0 0.0036322347188495 0.00030983443598068383 3.9775862278831494e-07 1.2944523999184048e-45 1.010762567692095e-05
496.0 0.003883256661579292 0.0003328949497615099 4.3313849419099435e-07 1.7169340515928297e-45 1.0935121384727664e-05
497.0 0.004149264117098443 0.0003574611504270184 4.713620592426614e-07 2.2740347359445447e-45 1.1823066349119258e-05
498.0 0.004430980627176027 0.0003836150669797157 5.126303443902421e-07 3.0075980106975153e-45 1.2775262229009346e-05
499.0 0.004729153406543318 0.0004114420493464128 5.571562803283381e-07 3.972143622546395e-45 1.3795702334189632e-05
500.0 0.005044553433019228 0.0004410308287385886 6.051652299593137e-07 5.238606584096931e-45 1.4888577940496989e-05
501.0 0.0053779754929269095 0.0004724735743865931 6.568955272710195e-07 6.899148982366084e-45 1.6058284592059098e-05
502.0 0.005730238179519638 0.0005058659463102141 7.125990264760392e-07 9.073343507771439e-45 1.730942837373839e-05
503.0 0.006102183842223853 0.0005413071437878587 7.725416606905137e-07 1.1916108543704063e-44 1.8646832136189633e-05
504.0 0.006494678484552969 0.0005788999491827415 8.370040093573133e-07 1.5627876688946778e-44 2.007554165511124e-05
505.0 0.0069086116086306704 0.000618750766784287 9.062818735474013e-07 2.0467607165304972e-44 2.160083170554811e-05
506.0 0.007344896004289092 0.0006609696563178495 9.806868581926385e-07 2.67694143703274e-44 2.322821203120183e-05
507.0 0.007804467480898641 0.0007056703607857258 1.0605469602418863e-06 3.4963788172248183e-44 2.4963433188314377e-05
508.0 0.008288284540055148 0.0007529703282928412 1.1462071616405578e-06 4.560463671372156e-44 2.681249224262345e-05
509.0 0.008797327987470236 0.000802990727523686 1.2380300259730018e-06 5.94037022632178e-44 2.8781638297608597e-05
510.0 0.009332600482507976 0.0008558564565398807 1.3363962975300896e-06 7.727430083148212e-44 3.0877377831616894e-05
511.0 0.009895126023876245 0.0009116961445679616 1.4417055014811527e-06 1.003868363872643e-43 3.3106479820730116e-05
512.0 0.010485949370220933 0.0009706421464635805 1.554376543770184e-06 1.3023916467032683e-43 3.547598062410437e-05
513.0 0.011106135394489076 0.0010328305295445928 1.674848309280733e-06 1.687456595220095e-43 3.799318860803097e-05
514.0 0.011756768371034636 0.0010984010524911656 1.8035802567361349e-06 2.1834980290550597e-43 4.0665688484470204e-05
515.0 0.012438951194705065 0.00116749713603198 1.9410530087481276e-06 2.8216632332510032e-43 4.3501345339889784e-05
516.0 0.013153804531276398 0.001240265825144741 2.0877689353549528e-06 3.641604013535608e-43 4.650830832991767e-05
517.0 0.013902465898794136 0.0013168577425146457 2.24425272932825e-06 4.693733130852905e-43 4.9695014015248026e-05
518.0 0.014686088679581003 0.0013974270330119123 2.4110519714706132e-06 6.042061753627556e-43 5.307018931427713e-05
519.0 0.015505841062928852 0.001482131298972844 2.5887376840797242e-06 7.767762918256644e-43 5.664285404824191e-05
520.0 0.01636290491858425 0.0015711315260774463 2.7779048706852524e-06 9.973640998227594e-43 6.04223230544075e-05
521.0 0.017258474601513325 0.001664591999652987 2.9791730401447844e-06 1.2789730357713485e-42 6.44182078437184e-05
522.0 0.01819375568850724 0.0017626802112416342 3.1931867131201764e-06 1.6380299542125473e-42 6.864041777919475e-05
523.0 0.019169963647549613 0.0018655667553070024 3.4206159089423466e-06 2.0952602769011784e-42 7.309916075233672e-05
524.0 0.020188322440975095 0.0019734252159679774 3.662156610821996e-06 2.6767800839808e-42 7.780494333494693e-05
525.0 0.021250063063800312 0.0020864320436860847 3.918531207360271e-06 3.415457218678527e-42 8.276857038492316e-05
526.0 0.02235642201877149 0.00220476642185339 4.190488908283803e-06 4.3526055586238726e-42 8.800114408511344e-05
527.0 0.02350863972990735 0.0023286101232563423 4.478806132317157e-06 5.5400913932376954e-42 9.351406239522237e-05
528.0 0.024707958896655866 0.0024581473564308383 4.784286865121288e-06 7.042948920634516e-42 9.931901689817713e-05
529.0 0.02595562279085555 0.0025935646019382952 5.107762985200491e-06 8.94262394272707e-42 0.0001054279900228463
530.0 0.027252873499081908 0.002735050438639185 5.4500945557201995e-06 1.1340991742071438e-41 0.00011185325162683096
531.0 0.02860095011314144 0.0028827953600677925 5.812170080189157e-06 1.436532788974306e-41 0.00011860735492419295
532.0 0.03000108687159317 0.003036991581033468 6.194906719964265e-06 1.817445058837601e-41 0.00012570313174394698
533.0 0.031454511255695025 0.003197832834636329 6.599250471631155e-06 2.2966301573931845e-41 0.00013315368710787754
534.0 0.032962442042938654 0.0033655141598734036 7.026176302266441e-06 2.8987291353027135e-41 0.00014097239311599015
535.0 0.03452608732209811 0.003540231680100467 7.4766882407527154e-06 3.654380576116953e-41 0.00014917288213190326
536.0 0.036146642473366464 0.0037221823725924635 7.951819423264022e-06 4.60163570276828e-41 0.0001577690392599527
537.0 0.03782528811778294 0.003911563829523106 8.452632091199331e-06 5.787696676037423e-41 0.00016677499410947658
538.0 0.03956318804012547 0.004108574010696147 8.980217539876035e-06 7.271049413797943e-41 0.00017620511184279815
539.0 0.04136148708960524 0.004313410988392572 9.53569601637818e-06 9.124077444104735e-41 0.00018607398350536903
540.0 0.043221309062959574 0.0045262726847406 1.0120216565070979e-05 1.1436261600738576e-40 0.00019639641563903225
541.0 0.04514375457467414 0.004747356602045811 1.0734956819393418e-05 1.4318092388783017e-40 0.00020718741918143076
542.0 0.04712989891903919 0.004976859546532939 1.138112273861447e-05 1.7905848317655528e-40 0.00021846219765602476
543.0 0.04918078992913035 0.0052149773460085065 1.2059948288418185e-05 2.236742528349733e-40 0.00023023613466057857
544.0 0.05129744583769713 0.005461904561960255 1.2772695064259867e-05 2.790944020570448e-40 0.00024252478066324855
545.0 0.05348085314509572 0.00571783419664365 1.3520651856583406e-05 3.4785877796681106e-40 0.0002553438391179483
546.0 0.05573196449951922 0.005982957395736604 1.430513415714025e-05 4.330860400436249e-40 0.00026870915191312835
547.0 0.058051696594746766 0.006257463147158977 1.5127483605775027e-05 5.386013500931891e-40 0.00028263668416996445
548.0 0.060440928090761625 0.006541537976686307 1.598906737721798e-05 6.6909128684124266e-40 0.00029714250840864355
549.0 0.06290049756258692 0.0068353656410060455 1.68912775075765e-05 8.302915849233857e-40 0.00031224278810357454
550.0 0.06543120148252894 0.007139126818866673 1.783553016033759e-05 1.02921440697977e-39 0.0003279537606497787
551.0 0.06803379224136669 0.007452998801027148 1.8823264831956945e-05 1.2744231774587921e-39 0.0003442917197666983
552.0 0.07070897621357922 0.0077771551796845815 1.985594349717107e-05 1.5763645760248764e-39 0.0003612729973657673
553.0 0.07345741187190204 0.008111765538098926 2.093504969440999e-05 1.947769152313859e-39 0.0003789139449114231
554.0 0.07627970795637604 0.008456995141138067 2.2062087551849495e-05 2.4041342351275316e-39 0.00039723091430698797
555.0 0.07917642170297821 0.008813004627477439 2.323858075482518e-05 2.964305430052968e-39 0.0004162402383388963
556.0 0.08214805713670524 0.009179949704182263 2.4466071455479035e-05 3.6511761025463084e-39 0.00043595821071404394
557.0 0.0851950634340269 0.00955798084442317 2.5746119125736877e-05 4.4925279136564013e-39 0.0004564010657277046
558.0 0.08831783335932761 0.009947242989060544 2.708029935485206e-05 5.5220398119477674e-39 0.0004775849576003536
559.0 0.09151670177997107 0.010347875252851345 2.847020259298187e-05 6.780498003571991e-39 0.0004995259395242596
560.0 0.09479194426417438 0.010760010635998088 2.9917432842358237e-05 8.31724545770865e-39 0.0005222399424607168
561.0 0.09814377576601302 0.01118377574179067 3.142360629789019e-05 1.0191916613930482e-38 0.0005457427537319206
562.0 0.10157234940138916 0.011619290501051205 3.299034993912172e-05 1.2476511324167972e-38 0.0005700499954511962
563.0 0.10507775531876175 0.012066667904102137 3.46193000756945e-05 1.5257871897372172e-38 0.000595177102837393
564.0 0.10866001966808274 0.012526013740951475 3.6312100848594375e-05 1.8640638666368537e-38 0.0006211393024596111
565.0 0.1123191036712181 0.01299742635038178 3.8070402689643844e-05 2.2750773049950004e-38 0.0006479515904596538
566.0 0.11605490279683653 0.013480996378607654 3.9895860741846494e-05 2.773975297064698e-38 0.0006756287108001129
567.0 0.11986724604237345 0.013976806548133677 4.179013324330107e-05 3.378956409381458e-38 0.0007041851335858994
568.0 0.12375589532575838 0.014484931437463561 4.37548798776642e-05 4.111863212103852e-38 0.0007336350335094781
569.0 0.12772054498862556 0.015005437272207706 4.579176009404219e-05 4.998886681342889e-38 0.0007639922684663504
570.0 0.13176082141333662 0.015538381728214392 4.7902431399628154e-05 6.07140181315198e-38 0.0007952703583926523
571.0 0.13587628275495445 0.016083813747217828 5.008854762820866e-05 7.366957954110627e-38 0.0008274824643714536
572.0 0.14006641878960696 0.01664177336553602 5.235175718798196e-05 8.930451393750455e-38 0.0008606413680576381
573.0 0.14433065088001684 0.01721229155627801 5.4693701292101505e-05 1.0815512469100197e-37 0.000894759451468746
574.0 0.14866833205904553 0.017795390085531326 5.711601217558734e-05 1.308614490585467e-37 0.0009298486771909285
575.0 0.1530787472311482 0.01839108138289007 5.9620311302088635e-05 1.581866148400272e-37 0.0009659205690445674
576.0 0.15756111349199323 0.01899936842672626 6.220820756429206e-05 1.9103967506136443e-37 0.0010029861932573014
577.0 0.16211458056582972 0.01962024464452732 6.488129548169757e-05 2.305025212215827e-37 0.0010410561401890425
578.0 0.16673823135984078 0.02025369382857965 6.76411533995093e-05 2.778615750605178e-37 0.0010801405066521632
579.0 0.1714310826345318 0.020899690067251904 7.048934169246391e-05 3.346450739651917e-37 0.0011202488788694227
580.0 0.17619208578883763 0.021558197692084394 7.342740097741742e-05 4.026668984134246e-37 0.0011613903161104121
581.0 0.1810201277584808 0.02222917124086736 7.645685033857801e-05 4.840780439719487e-37 0.0012035733350466598
582.0 0.1859140320253912 0.022912555436796853 7.957918556908991e-05 5.8142701842854705e-37 0.0012468058948610044
583.0 0.19087255973629436 0.023608285183825968 8.279587743289718e-05 6.977306501940854e-37 0.0012910953831488364
584.0 0.19589441092786303 0.024316285578234134 8.610836995060808e-05 8.365570312033311e-37 0.00133644860264401
585.0 0.20097822585552094 0.02503647193638938 8.95180787130165e-05 1.0021225907884152e-36 0.0013828717587998523
586.0 0.2061225864232702 0.0257687498387039 9.30263892261217e-05 1.1994056116528106e-36 0.0014303704482572241
587.0 0.21132601771095005 0.02651301518965278 9.663465529111061e-05 1.4342788611094157e-36 0.0014789496482244895
588.0 0.2165869895954776 0.027269154293730384 0.00010034419742285034 1.7136644269733817e-36 0.0015286137067944219
589.0 0.2219039184626136 0.02803704394720682 0.00010415630131045801 2.0457143256452427e-36 0.001579366334222276
590.0 0.22727516900489053 0.02881655154541766 0.00010807221632309098 2.440020998750983e-36 0.001631210595181821
591.0 0.23269905610186503 0.029607535205373434 0.00011209315406432762 2.9078624441984645e-36 0.001684148902018727
592.0 0.23817384677845235 0.030409843903407986 0.00011622028697828706 3.462487448939829e-36 0.0017381830090165509
593.0 0.24369776223644082 0.031223317627486313 0.00012045474701027366 4.119447216893312e-36 0.00179331400768441
594.0 0.24926897995502836 0.03204778754386976 0.00012479762432502156 4.8969806308773706e-36 0.0018495423230792617
595.0 0.25488563585523744 0.032883076177694655 0.00012924996608505848 5.8164614684019626e-36 0.0019068677111668646
596.0 0.26054582652363084 0.0337289976070748 0.0001338127752918918 6.902917126312678e-36 0.0019652892572279055
597.0 0.26624761148996307 0.03458535767022 0.00013848700969222005 8.185629819484686e-36 0.0020248053753080474
598.0 0.27198901555402577 0.03545195418512385 0.00014327358075155508 9.698832827696158e-36 0.002085413808713264
599.0 0.27776803115629645 0.03632857718127284 0.00014817335269718402 1.1482516199095948e-35 0.002147111631544954
600.0 0.2835826207873284 0.037215009142851724 0.00015318714163241142 1.358335840841297e-35 0.002209895251269585
601.0 0.28943071943046195 0.038111025262855217 0.00015831571472367016 1.6055802847091868e-35 0.0022737604123126143
602.0 0.29531023703280107 0.0390163937075443 0.00016355978946211512 1.8963300729049703e-35 0.002338702200666996
603.0 0.3012190609989289 0.03993087589060448 0.0001689200330008619 2.237974507258684e-35 0.0024047150495004003
604.0 0.3071550587023082 0.04085422675640704 0.00017439706156909993 2.6391123914521474e-35 0.0024717927457466554
605.0 0.3131160800090596 0.041786195071721 0.00017999143996396075 3.1097424880979093e-35 0.002539928437662335
606.0 0.319099959808784 0.04272652372520189 0.0001857036811207828 3.6614827741403595e-35 0.0026091146433267053
607.0 0.3251045205474991 0.04367495003401757 0.00019153424576241862 4.307822667673439e-35 0.0026793432600638626
608.0 0.3311275747574351 0.044631206056909956 0.00019748354212780885 5.064412977577289e-35 0.002750605574760701
609.0 0.3371669275788936 0.045595018913034746 0.00020355192578006844 5.949398982179332e-35 0.002822892275055482
610.0 0.3432203792689991 0.04656611110585234 0.00020973969949386443 6.983802784046036e-35 0.0028961934613660253
611.0 0.3492857276927698 0.04754420085140675 0.00021604711322195303 8.191961925817387e-35 0.0029704986597288755
612.0 0.3553607707919296 0.04852900241031096 0.00022247436414049384 9.602032198762558e-35 0.0030457968354181456
613.0 0.36144330902655036 0.04952022642269603 0.00022902159677228685 1.1246563644939988e-34 0.003122076407307374
614.0 0.3675311477855352 0.050517580245488844 0.00023568890318736256 1.3163159960615175e-34 0.0031993252629427833
615.0 0.3736220997615222 0.05152076829131164 0.00024247632327984383 1.5395232869720973e-34 0.0032775307742903517
616.0 0.37971398728615924 0.05252949236832864 0.00024938384511993263 1.7992864570478556e-34 0.0033566798141195426
617.0 0.3858046446218419 0.053543452020373306 0.0002564114053797095 2.1013793086812746e-34 0.0034367587729854277
618.0 0.391891920206195 0.054562344866699725 0.0002635588898312719 2.4524537302293967e-34 0.003517753576770104
619.0 0.39797367884576945 0.055585866940715364 0.00027082613391559156 2.86016806441105e-34 0.0035996497047435898
620.0 0.4040478038556089 0.056613713027065506 0.0002782129233803251 3.3333334847067534e-34 0.003682432208103757
621.0 0.4101121991415104 0.05764557699645165 0.00028571899498465496 3.882080799520748e-34 0.003766085728954118
622.0 0.4161647912220139 0.05868115213758364 0.00029334403726910963 4.518050414729216e-34 0.003850594519677951
623.0 0.42220353118745985 0.05972013148569781 0.00030108769138826463 5.254608534221145e-34 0.003935942462667975
624.0 0.42822639659335265 0.06076220814705047 0.00030894955200390015 6.107093069578805e-34 0.00402211309036786
625.0 0.4342313932860039 0.06180707561888872 0.00031692916823644124 7.0930931691035345e-34 0.004109089605586599
626.0 0.4402165571580634 0.06285442810434377 0.00032502604467202613 8.232766768443945e-34 0.004196854902041755
627.0 0.44617995583211273 0.06390396082176163 0.00033323964242268556 9.549201116240906e-34 0.004285391585090884
628.0 0.45211969027067767 0.06495537030800766 0.0003415693802370386 1.1068821845220076e-33 0.0043746819926107
629.0 0.4580338963110499 0.0660083547152798 0.00035001463565870086 1.2821856849540428e-33 0.004464708215982286
630.0 0.4639207461236899 0.0670626141010143 0.0003585747462296689 1.4842862001258967e-33 0.004555452121142793
631.0 0.46977844959312687 0.0681178507104841 0.00036724901073583854 1.7171316601704e-33 0.0046468953696641125
632.0 0.47560525562045275 0.0691737692517141 0.0003760366904917732 1.9852297427567895e-33 0.004739019439819695
633.0 0.4813994533467328 0.07023007716236451 0.0003849370106617929 2.293724130789468e-33 0.004831805647601468
634.0 0.4871593732967714 0.07128648486825094 0.00039394916161439476 2.6484807369368304e-33 0.004925235167649228
635.0 0.4928833884431792 0.07234270603324033 0.0004030723003072214 3.0561851427191658e-33 0.005019289054058765
636.0 0.4985699151903062 0.07339845780020564 0.0004123055516993469 3.5244526492603815e-33 0.005113948261030444
637.0 0.5042174142783382 0.07445346102283103 0.0004216480101880897 4.061952503267349e-33 0.0052091936633267425
638.0 0.5098243916076961 0.07550744048803407 0.00043109874106728033 4.67854804719002e-33 0.005305006076504765
639.0 0.5153893989842607 0.07656012512883092 0.00044065678200412236 5.385454748904905e-33 0.005401366276893473
640.0 0.5209110347858867 0.07761124822746288 0.0004503211445316081 6.195418295907316e-33 0.005498255021284158
641.0 0.5263879445510079 0.07866054760865568 0.00046009081555363165 7.122915194403693e-33 0.0055956530663060396
642.0 0.5318188214901997 0.07970776582289421 0.0004699647588599114 8.184378597617472e-33 0.005693541187459237
643.0 0.5372024069217654 0.08075265031963 0.0004799419166479086 9.39845240309232e-33 0.0057919001977794
644.0 0.5425374906324801 0.08179495361035212 0.0004900212110489413 1.078627700915118e-32 0.005890710966109095
645.0 0.5478229111647803 0.08283443342147943 0.0005002015456557465 1.2371810509617406e-32 0.00598995443495262
646.0 0.5530575560318474 0.08387085283706261 0.0005104818070488555 1.4182189537491196e-32 0.006089611637892989
647.0 0.5582403618621096 0.08490398043129889 0.000520860866319164 1.6248134446952714e-32 0.006189663716550768
648.0 0.5633703144747257 0.08593359039087617 0.0005313375805841055 1.860440405373687e-32 0.006290091937065364
649.0 0.5684464488879162 0.08695946262721395 0.0005419107944950775 2.129030574198508e-32 0.00639087770608298
650.0 0.5734678492618507 0.08798138287865116 0.0005525793417336421 2.4350267397050412e-32 0.006492002586234369
651.0 0.5784336487780242 0.08899914280267318 0.0005633420464942247 2.7834478344914977e-32 0.006593448311088511
652.0 0.5833430294571218 0.09001254005828427 0.0005741977249511058 3.1799607277022397e-32 0.00669519679956966
653.0 0.5881952219173686 0.09102137837864448 0.0005851451867075564 3.6309606022266134e-32 0.006797230169826211
654.0 0.5929895050755939 0.09202546763412525 0.0005961832362251753 4.143660900421164e-32 0.006899530752542768
655.0 0.5977252057929402 0.0930246238859078 0.0006073106742312915 4.7261939300786985e-32 0.007002081103684734
656.0 0.6024016984676496 0.09401866943032827 0.0006185262991028076 5.387723341603771e-32 0.007104864016671073
657.0 0.6070184045770102 0.09500743283412909 0.0006298289082245802 6.138569819035245e-32 0.007207862533967878
658.0 0.6115747921708057 0.09599074896082621 0.0006412172993207691 6.990351472935192e-32 0.0073110599580994825
659.0 0.6160703753185045 0.09696845898839129 0.0006526902717575621 7.956140583589613e-32 0.007414439862073629
660.0 0.6205047135125704 0.09794041041847924 0.000664246627815879 9.050638519935165e-32 0.007517986099219772
661.0 0.624877411030118 0.0989064570774173 0.0006758851739326415 1.029037085476017e-31 0.007621682812439261
662.0 0.6291881162553095 0.09986645910920505 0.0006876047219094155 1.1693904911818107e-31 0.007725514442868925
663.0 0.633436520964793 0.1008202829607677 0.0006994040900872684 1.328209221747248e-31 0.007829465737959774
664.0 0.6376223595784749 0.10176780135971564 0.0007112821044867797 1.5078338590512502e-31 0.00793352175897378
665.0 0.6417454083779811 0.10270889328487719 0.0007232375999123038 1.7108904891143452e-31 0.008037667887903341
666.0 0.6458054846949761 0.10364344392985254 0.0007352694210195161 1.9403241766427732e-31 0.008141889833817207
667.0 0.6498024460718174 0.104571344659895 0.0007473764233457394 2.199436207740493e-31 0.008246173638641737
668.0 0.6537361893964976 0.10549249296234678 0.0007595574743020617 2.4919255075759837e-31 0.008350505682380813
669.0 0.6576066500143666 0.106406792390956 0.0007718114541270288 2.8219346818591347e-31 0.008454872687786117
670.0 0.6614138008185435 0.10731415250430959 0.0007841372568011308 3.1941011772118605e-31 0.008559261724482977
671.0 0.6651576513213767 0.10821448879870352 0.0007965337909219712 3.613614106302246e-31 0.008663660212564324
672.0 0.6688382467088961 0.10910772263570621 0.0008089999805396638 4.0862773393829e-31 0.008768055925660993
673.0 0.6724556668803124 0.10999378116470251 0.0008215347659522562 4.6185795250970815e-31 0.008872436993499433
674.0 0.6760100254746487 0.1108725972407114 0.0008341371044611623 5.2177717706040385e-31 0.008976791903959358
675.0 0.6795014688863613 0.11174410933774699 0.0008468059710864673 5.891953784777133e-31 0.009081109504642353
676.0 0.6829301752718732 0.11260826145800445 0.0008595403592421657 6.650169369055516e-31 0.009185379003964328
677.0 0.6862963535488737 0.11346500303715172 0.0008723392813714559 7.502512229134062e-31 0.009289589971784994
678.0 0.6896002423901325 0.11431428884599527 0.0008852017695422554 8.460243177779909e-31 0.00939373233958755
679.0 0.6928421092135639 0.11515607888879334 0.0008981268760031812 9.535919905434365e-31 0.0094977964002225
680.0 0.6960222491702037 0.11599033829848186 0.0009111136737003175 1.074354061176058e-30 0.009601772807229658
681.0 0.6991409841317185 0.11681703722908104 0.000924161256755179 1.2098702918830717e-30 0.00970565257375327
682.0 0.7021986616789082 0.11763615074552637 0.0009372687409041999 1.3618779626226534e-30 0.009809427071063685
683.0 0.7051956540927811 0.11844765871119295 0.0009504352639003728 1.532311302103592e-30 0.00991308802670193
684.0 0.7081323573495489 0.11925154567335274 0.0009636599858775124 1.7233229622747665e-30 0.010016627522261392
685.0 0.7110091901208501 0.12004780074679562 0.0009769420896776578 1.937307742564724e-30 0.01012003799082104
686.0 0.7138265927806083 0.12083641749587513 0.0009902807811424598 2.1769287900923347e-30 0.010223312214047403
687.0 0.7165850264196244 0.12161739381518168 0.0010036752893690165 2.4451465238758457e-30 0.010326443318978465
688.0 0.7192849718690767 0.12239073180907607 0.0010171248669309692 2.745250554891392e-30 0.010429424774505494
689.0 0.7219269287340837 0.12315643767030345 0.0010306287900656499 3.0808948998424068e-30 0.010532250387568469
690.0 0.7245114144383221 0.12391452155789459 0.0010441863588280492 3.4561368148985524e-30 0.010634914299080103
691.0 0.7270389632805808 0.12466499747453903 0.0010577968972123018 3.875479606648949e-30 0.010737410979592067
692.0 0.7295101255043365 0.1254078831436589 0.0010714597532418047 4.343919811322669e-30 0.010839735224721288
693.0 0.7319254663810124 0.12614319988633532 0.0010851742990285543 4.866999170196274e-30 0.010941882150348102
694.0 0.7342855653077933 0.1268709724982872 0.0010989399308027733 5.450861869310056e-30 0.011043847187602646
695.0 0.7365910149207398 0.12759122912707432 0.0011127560689137201 6.1023175554252545e-30 0.011145626077653853
696.0 0.738842420223776 0.12830400114967588 0.0011266221578025131 6.828910687900136e-30 0.011247214866314087
697.0 0.7410403977342749 0.12900932305062138 0.0011405376659480643 7.638996838164505e-30 0.011348609898475115
698.0 0.7431855746457082 0.12970723230080805 0.001154502085786946 8.541826605108127e-30 0.01144980781238768
699.0 0.745278588007885 0.13039776923715113 0.0011685149336081947 9.547637876350639e-30 0.011550805533798596
700.0 0.7473200839252844 0.13108097694321302 0.0011825757494241074 1.0667757232464485e-29 0.011651600269959365
