200.0 0.05280304634664456 0.003075479980228656 8.323137727725997e-12 5.802853729746095e-113 2.498821358676062e-08
201.0 0.054469563840609046 0.0032177391791508914 9.606164501469837e-12 2.2339423029953406e-112 2.7713885013950615e-08
202.0 0.05602104380735295 0.0033560647453600044 1.1041612100046916e-11 8.46334283847785e-112 3.062319040802944e-08
203.0 0.05744698397227967 0.0034895436654822985 1.2640317244946153e-11 3.156106224677904e-111 3.3714385093508864e-08
204.0 0.05873791535440845 0.003617288618535139 1.441285448664225e-11 1.1587761644238953e-110 3.6983914189489755e-08
205.0 0.0598855120310316 0.003738448915930934 1.6369375492243084e-11 4.1896995876571334e-110 4.042634064446374e-08
206.0 0.06088268259561589 0.0038522209016210998 1.8519440416946754e-11 1.4920978979830176e-109 4.40342994217473e-08
207.0 0.06172364194981958 0.003957857621270411 2.087184404106531e-11 5.235247166740439e-109 4.779847986150632e-08
208.0 0.06240396253281495 0.004054677588222432 2.3434439658313568e-11 1.8100704552977882e-108 5.170763765885999e-08
209.0 0.06292060456142469 0.004142072496922262 2.6213963940625596e-11 6.168276578365284e-108 5.5748637258168514e-08
210.0 0.06327192531907636 0.004219513760619751 2.9215866169504896e-11 2.0722045185540228e-107 5.990652479042516e-08
211.0 0.06345766797707167 0.004286557778709716 3.244414530564828e-11 6.864215037546476e-107 6.416463099399582e-08
212.0 0.06347893084636082 0.004342849869064147 3.590119836181911e-11 2.2424689489160483e-106 6.850470287964579e-08
213.0 0.06333811833165909 0.004388126831251331 3.958768344616413e-11 7.226464214365825e-106 7.290706224942565e-08
214.0 0.06303887518396736 0.004422218136719244 4.350240065491159e-11 2.2976002958622155e-105 7.73507885749352e-08
215.0 0.06258600591609911 0.004445045771006625 4.764219371837027e-11 7.208691520355541e-105 8.181392320140005e-08
216.0 0.061985381454524265 0.004456622780076084 5.200187494901663e-11 2.2323109521285203e-104 8.62736913849661e-08
217.0 0.06124383524770516 0.004457050597288171 5.657417561463651e-11 6.824188148943378e-104 9.070673830380246e-08
218.0 0.06036905113623905 0.0044465152488263665 6.134972337476703e-11 2.059804252839136e-103 9.50893749178386e-08
219.0 0.05936944531545417 0.004425282553140778 6.63170478887527e-11 6.13986771104851e-103 9.93978293924489e-08
220.0 0.05825404469034507 0.0043936924439474745 7.146261514367138e-11 1.807708869871401e-102 1.0360849974980296e-07
221.0 0.05703236384088063 0.004352152556371844 7.677089047604342e-11 5.257890636310408e-102 1.0769820346595068e-07
222.0 0.05571428268907784 0.004301131221971843 8.222442968875718e-11 1.5110688100953703e-101 1.1164441988692043e-07
223.0 0.054309926794656724 0.004241150020732787 8.780399710958022e-11 4.291622363307694e-101 1.1542552158479745e-07
224.0 0.05282955201128886 0.004172776036933609 9.348870891492947e-11 1.2047505867100496e-100 1.1902099110455019e-07
225.0 0.051283435017889296 0.004096613961341046 9.925619956528582e-11 3.343365851359955e-100 1.2241161995121085e-07
226.0 0.04968177100700794 0.004013298174900446 1.0508280877862615e-10 9.173887109257278e-100 1.255796871213262e-07
227.0 0.04803457957216249 0.003923484939368052 1.1094378611438303e-10 2.489293744921959e-99 1.2850911497683304e-07
228.0 0.04635161959503588 0.0038278448086581174 1.1681350996016304e-10 6.680694609644641e-99 1.3118560077909024e-07
229.0 0.044642313697706666 0.0037270553615139546 1.226657175108e-10 1.7736101889851347e-98 1.3359672273022551e-07
230.0 0.04291568259994778 0.003621794341937778 1.284737422064919e-10 4.6585751641131487e-98 1.3573201989431677e-07
231.0 0.041180289511550214 0.003512733279080002 1.3421075505328454e-10 1.210800628596994e-97 1.3758304587915312e-07
232.0 0.03944419449804326 0.0034005316434079 1.3985000628215762e-10 3.114454018102341e-97 1.3914339663864968e-07
233.0 0.037714918587802716 0.003285831581333919 1.4536506390793276e-10 7.929486398384004e-97 1.4040871319687858e-07
234.0 0.035999417240950446 0.003169253256403492 1.507300459193644e-10 1.998596310596406e-96 1.4137666048881818e-07
235.0 0.03430406267672225 0.003051390811913885 1.559198430597972e-10 4.987512282940439e-96 1.4204688385496586e-07
236.0 0.032634634456024526 0.0029328089576611256 1.6091032943406005e-10 1.232487969402765e-95 1.4242094501216627e-07
237.0 0.03099631763943384 0.0028140401725784757 1.6567855849306993e-10 3.016345678662839e-95 1.4250223955016178e-07
238.0 0.029393707786665942 0.002695582505435203 1.7020294229248364e-10 7.312032406221728e-95 1.4229589817158512e-07
239.0 0.027830822030124942 0.00257789794758014 1.7446341228603155e-10 1.7559474347926008e-94 1.4180867400399657e-07
240.0 0.026311115440694175 0.00246141134496102 1.7844156028857385e-10 4.1779008656729724e-94 1.4104881836899932e-07
241.0 0.024837501906259496 0.0023465098112987 1.8212075861888658e-10 9.849943961942177e-94 1.4002594739886213e-07
242.0 0.02341237876048251 0.0022335426003053938 1.8548625880046666e-10 2.301405685836043e-93 1.3875090185102494e-07
243.0 0.022037654428554144 0.002122821392107073 1.8852526855165965e-10 5.329545559730531e-93 1.3723560238974957e-07
244.0 0.020714778396016723 0.002014620947482253 1.9122700712954153e-10 1.2234255369994334e-92 1.354929024891582e-07
245.0 0.01944477285381646 0.001909180083023461 1.9358273939862744e-10 2.7842426000213168e-92 1.335364409678777e-07
246.0 0.01822826542561675 0.0018067029207522337 1.9558578927283132e-10 6.282458201837795e-92 1.31380495999472e-07
247.0 0.017065522440066434 0.0017073603669322695 1.972315334236644e-10 1.4057076524628219e-91 1.2903984226020585e-07
248.0 0.015956482269482788 0.0016112917766996642 1.9851737635794903e-10 3.1192644100817645e-91 1.2652961268227776e-07
249.0 0.014900788315757071 0.001518606763534196 1.9944270814351938e-10 6.865135608628108e-91 1.2386516608163e-07
250.0 0.013897821282921637 0.0014293871154080295 2.0000884620160264e-10 1.4987625697492858e-90 1.2106196172946426e-07
251.0 0.012946730432637813 0.001343688782553545 2.002189626905649e-10 3.2460070886893197e-90 1.1813544173968782e-07
252.0 0.012046463573026852 0.0012615439050882955 2.000779990793895e-10 6.974999975416455e-90 1.151009219544162e-07
253.0 0.011195795582060283 0.0011829628521266445 1.9959256955224396e-10 1.4871726807110313e-89 1.1197349182896449e-07
254.0 0.010393355313681083 0.0011079362474160361 1.9877085490056093e-10 3.14662125013237e-89 1.0876792364896527e-07
255.0 0.009637650777607283 0.0010364369598916902 1.976224885488701e-10 6.60748224662956e-89 1.0549859125700243e-07
256.0 0.00892709252219256 0.0009684220407905948 1.9615843632817863e-10 1.377138840288406e-88 1.0217939832567479e-07
257.0 0.008260015183724042 0.0009038345920579128 1.943908715589773e-10 2.849118615344179e-88 9.88237160889723e-08
258.0 0.0076346971951687615 0.0008426055536815954 1.9233304693792333e-10 5.85159805993204e-88 9.54443303345115e-08
259.0 0.007049378672775902 0.0007846554002790706 1.8999916464089656e-10 1.1931879729201606e-87 9.205339736547323e-08
260.0 0.006502277520304706 0.0007298957397174016 1.874042459633964e-10 2.4157509070089922e-87 8.866240856266682e-08
261.0 0.005991603808215492 0.0006782308087644664 1.8456400171943316e-10 4.856708631664245e-87 8.528216311318767e-08
262.0 0.005515572499241652 0.0006295588627433115 1.8149470451501261e-10 9.696511507440236e-87 8.192274842199691e-08
263.0 0.005072414602639207 0.0005837734578948082 1.7821306390362034e-10 1.922687799939324e-86 7.85935276851513e-08
264.0 0.0046603868474372435 0.0005407646266554615 1.7473610532137513e-10 3.78666865644025e-86 7.530313407756104e-08
265.0 0.004277779970491693 0.0005004199473359468 1.7108105358994224e-10 7.40791363392536e-86 7.205947099266513e-08
266.0 0.003922925718399202 0.00046262551075555654 1.6726522166729687e-10 1.439655861573676e-85 6.886971776510469e-08
267.0 0.0035942026636761977 0.00042726678726448796 1.6330590522168933e-10 2.7795793376731556e-85 6.574034030938313e-08
268.0 0.0032900409353242756 0.00039422939828427097 1.5922028350300492e-10 5.331996337492286e-85 6.267710611619451e-08
269.0 0.003008925962272833 0.00036339979703505176 1.5502532688949255e-10 1.0163028264543504e-84 5.96851030627327e-08
270.0 0.0027494013254511255 0.0003346658635127905 1.5073771139664318e-10 1.9249101704755686e-84 5.676876151264168e-08
271.0 0.0025100708106336814 0.00030791741904784796 1.4637374034989838e-10 3.6231203403208907e-84 5.393187920461985e-08
272.0 0.002289599749908925 0.0002830466659330265 1.4194927334320938e-10 6.777512655272913e-84 5.117764845482983e-08
273.0 0.002086715734844624 0.0002599485576721965 1.3747966253271096e-10 1.2600940397136337e-83 4.850868522689903e-08
274.0 0.0019002087792932899 0.00023852110538131463 1.3297969624747424e-10 2.328680036852787e-83 4.592705965316695e-08
275.0 0.0017289310044576198 0.00021866562578847927 1.284635498389748e-10 4.277791231385012e-83 4.3434327621901925e-08
276.0 0.0015717959134117178 0.00020028693613821056 1.2394474363615686e-10 7.811966830870271e-83 4.103156307646962e-08
277.0 0.0014277773168585772 0.000183293501120153 1.1943610782455903e-10 1.418273082695759e-82 3.87193907037697e-08
278.0 0.0012959079665698203 0.0001675975367229681 1.1494975402530759e-10 2.560030427225005e-82 3.649801872014123e-08
279.0 0.001175277947762663 0.00015311507566894775 1.104970533126685e-10 4.5945485147602986e-82 3.4367271493071864e-08
280.0 0.0010650328766734856 0.00013976599882178868 1.0608862037721951e-10 8.199345542191963e-82 3.232662176623236e-08
281.0 0.0009643719448217587 0.00012747403668518666 1.0173430351512557e-10 1.4550566492403823e-81 3.037522228334581e-08
282.0 0.0008725458469510939 0.00011616674482933124 9.744318010235727e-11 2.5678536796321204e-81 2.8511936633084174e-08
283.0 0.0007888546254019239 0.00010577545680035482 9.322355719552974e-11 4.506871446873702e-81 2.6735369162396686e-08
284.0 0.0007126454597263318 9.62352177887238e-05 8.90829768884293e-11 7.867179278825972e-81 2.504389382944798e-08
285.0 0.0006433104266981909 8.748470205879419e-05 8.502822604434121e-11 1.3659221736746493e-80 2.343568188944341e-08
286.0 0.0005802842525080591 7.946611687689483e-05 8.106535001956086e-11 2.3589544641209386e-80 2.190872832728112e-08
287.0 0.0005230420758484709 7.212509542020123e-05 7.719966999178712e-11 4.052501076611918e-80 2.0460876969926106e-08
288.0 0.000471097237790527 6.541058090576023e-05 7.343580350900518e-11 6.925635277225193e-80 1.9089844228908653e-08
289.0 0.0004239991118099141 5.9274703948585725e-05 6.97776878790027e-11 1.1774746128269435e-79 1.7793241439240763e-08
290.0 0.000381330985031391 5.3672654941029135e-05 6.62286060270589e-11 1.991687330014322e-79 1.6568595775504143e-08
291.0 0.0003427079997091346 4.856255304273309e-05 6.279121445911962e-11 3.3518943466811345e-79 1.5413369738880256e-08
292.0 0.0003077751621310271 4.390531318150505e-05 5.946757297955402e-11 5.6128131614247e-79 1.4324979220498539e-08
293.0 0.0002762054245147965 3.966451229058176e-05 5.6259175826461525e-11 9.352187165966451e-79 1.3300810156824041e-08
294.0 0.00024769784403492286 3.580625584642079e-05 5.316698390279728e-11 1.5506331336922873e-78 1.2338233801848444e-08
295.0 0.0002219758218685707 3.229904562327653e-05 5.019145779844958e-11 2.558520031976774e-78 1.143462064875588e-08
296.0 0.00019878542405939978 2.911364944561455e-05 4.7332591316180286e-11 4.2011947110872294e-78 1.0587353040474544e-08
297.0 0.00017789378505837425 2.62229735967133e-05 4.458994523333772e-11 6.865640755471888e-78 9.793836514296208e-09
298.0 0.00015908759399363748 2.3601938430519924e-05 4.1962681050578236e-11 1.116691963690594e-77 9.051509930460105e-09
299.0 0.00014217166303747114 2.1227357633790165e-05 3.944959449895462e-11 1.8077953326246202e-77 8.357854438484544e-09
300.0 0.00012696757666240407 1.9077821495699913e-05 3.704914859688847e-11 2.913049920400188e-77 7.710401338027339e-09
301.0 0.00011331242010085681 1.7133584462019438e-05 3.475950606886597e-11 4.672489945525827e-77 7.106738893307723e-09
302.0 0.00010105758493226893 1.537645717986868e-05 3.257856095797279e-11 7.460524179962358e-77 6.544518161681909e-09
303.0 9.006764940802314e-05 1.3789703176261694e-05 3.0503969284245814e-11 1.1858488048926482e-76 6.021457897854715e-09
304.0 8.021933087951393e-05 1.2357940258597107e-05 2.8533178620388164e-11 1.8764913404948004e-76 5.535348595549538e-09
305.0 7.140050750945811e-05 1.106704667723509e-05 2.6663456475347064e-11 2.9562359808686573e-76 5.084055728268796e-09
306.0 6.350930631364055e-05 9.904072048752027e-06 2.4891917394540514e-11 4.636867849079885e-76 4.665522250127985e-09
307.0 5.6453254492737664e-05 8.857153002796075e-06 2.3215548702984472e-11 7.241374359371268e-76 4.277770416685079e-09
308.0 5.014849096566413e-05 7.915433485172143e-06 2.1631234834222145e-11 1.126017916314406e-75 3.918902984283095e-09
309.0 4.4519035001092226e-05 7.0689896243075255e-06 2.01357802036058e-11 1.7434711595840456e-75 3.5871038447051885e-09
310.0 3.949610885748677e-05 6.308759047128155e-06 1.8725930599108964e-11 2.688105689512119e-75 3.2806381499639798e-09
311.0 3.501751137977939e-05 5.626474513184498e-06 1.739839307647163e-11 4.127211777600986e-75 2.997851979864938e-09
312.0 3.102703955827958e-05 5.014601722132679e-06 1.6149854357925232e-11 6.310482222123007e-75 2.7371716026121115e-09
313.0 2.7473955129436147e-05 4.4662811390804065e-06 1.4976997745168894e-11 9.609041367787594e-75 2.4971023762339755e-09
314.0 2.4312493385036277e-05 3.975273674429082e-06 1.387651856750086e-11 1.4572211052132724e-74 2.2762273360028377e-09
315.0 2.1501411453866163e-05 3.5359100493990586e-06 1.2845138195183191e-11 2.2009728276024515e-74 2.0732055103582707e-09
316.0 1.9003573425071885e-05 3.143043675076943e-06 1.1879616656145589e-11 3.311033153563236e-74 1.8867700051348416e-09
317.0 1.678556979354486e-05 2.792006871331275e-06 1.0976763901157126e-11 4.961209870171281e-74 1.7157258931831903e-09
318.0 1.4817368822485367e-05 2.4785702520113667e-06 1.0133449768509246e-11 7.404612131964404e-74 1.5589479437620793e-09
319.0 1.3071997535525422e-05 2.1989051042845397e-06 9.346612704233869e-12 1.100836766035393e-73 1.415378223410814e-09
320.0 1.1525250168856466e-05 1.949548592542271e-06 8.613267297876675e-12 1.630288683728331e-73 1.2840235973887471e-09
321.0 1.0155422031667082e-05 1.7273716208477958e-06 7.930510696976595e-12 2.4051490297403598e-73 1.1639531582182694e-09
322.0 8.943066839774757e-06 1.5295491922236672e-06 7.295527965671853e-12 3.5348428173327037e-73 1.0542956053950748e-09
323.0 7.870775701903724e-06 1.3535331080505368e-06 6.705596454371207e-12 5.175632678493381e-73 9.542365979540252e-10
324.0 6.922976049873757e-06 1.1970268563223832e-06 6.158089248214802e-12 7.549817211255808e-73 8.630160993030489e-10
325.0 6.085748912544983e-06 1.0579625433699715e-06 5.650477762206845e-12 1.097244341871931e-72 7.799257315750564e-10
326.0 5.346663038216962e-06 9.344797298074514e-07 5.180333550446237e-12 1.5888331849725467e-72 7.04306154696945e-10
327.0 4.6946244710603675e-06 8.249060377986626e-07 4.7453293959418786e-12 2.2923200799626163e-72 6.355444834490665e-10
328.0 4.11974028373197e-06 7.277394031836403e-07 4.34323974605732e-12 3.295399232143881e-72 5.730717539787788e-10
329.0 3.613195260521801e-06 6.416318524995619e-07 3.971940556833891e-12 4.720525022610364e-72 5.163604495512702e-10
330.0 3.1671404130135103e-06 5.65374691398475e-07 3.6294086072650514e-12 6.738071071554137e-72 4.649220937576928e-10
331.0 2.77459229333923e-06 4.978849973695198e-07 3.3137203421683597e-12 9.584230924742853e-72 4.1830491796354315e-10
332.0 2.4293421486251304e-06 4.38193315963425e-07 3.0230502996207683e-12 1.3585279929764695e-71 3.7609160845932847e-10
333.0 2.1258740342348592e-06 3.854324658629685e-07 2.755669176076493e-12 1.919033956285433e-71 3.378971375727652e-10
334.0 1.8592910729772794e-06 3.388273641117122e-07 2.5099415792928915e-12 2.7015464607536973e-71 3.0336668190980484e-10
335.0 1.625249112677883e-06 2.976857885852141e-07 2.284323516115941e-12 3.790275430625371e-71 2.721736299093456e-10
336.0 1.4198970955277376e-06 2.613900003427816e-07 2.077359659038284e-12 5.299932638959483e-71 2.440176800158334e-10
337.0 1.2398235095773743e-06 2.293891538226874e-07 1.8876804322911384e-12 7.386245720011969e-71 2.1862302999194995e-10
338.0 1.0820083457881437e-06 2.0119242792932835e-07 1.7139989550920237e-12 1.0259906857844593e-70 1.957366572040153e-10
339.0 9.437800333557727e-07 1.7636281590075595e-07 1.5551078765676749e-12 1.4205014030606256e-70 1.751266891095913e-10
340.0 8.227768717594516e-07 1.5451151643739965e-07 1.409876133837309e-12 1.9603367867377303e-70 1.5658086265521466e-10
341.0 7.169125203366816e-07 1.3529287291616228e-07 1.2772456617872389e-12 2.6966374090580273e-70 1.399050708453789e-10
342.0 6.243451453251187e-07 1.1839981161133099e-07 1.1562280802195718e-12 3.6976790251049753e-70 1.2492199436708688e-10
343.0 5.434498604235221e-07 1.0355973369789228e-07 1.0459013813239489e-12 5.054317053584501e-70 1.1146981584116642e-10
344.0 4.7279413018373954e-07 9.053081942934579e-08 9.454066378145938e-13 6.887063366167291e-70 9.940101401673016e-11
345.0 4.1111583613069287e-07 7.909870626775723e-08 8.539447496070575e-13 9.355254237480123e-70 8.858123502360556e-11
346.0 3.5730373358551385e-07 6.907350590561469e-08 7.707732445813629e-13 1.266888824174637e-69 7.888823764358823e-11
347.0 3.103800529067326e-07 6.02871280659533e-08 6.952031468007414e-13 1.7103861630045675e-69 7.021090945067216e-11
348.0 2.6948502242179325e-07 5.259088170741385e-08 6.265959235227313e-13 2.3021512539884947e-69 6.244835059755705e-11
349.0 2.3386311185381042e-07 4.585332680461093e-08 5.643605204619484e-13 3.089361172602243e-69 5.550902198728686e-11
350.0 2.0285081469774295e-07 3.995835223002566e-08 5.079504930293754e-13 4.1334215191802884e-69 4.930995455958631e-11
351.0 1.7586580591003237e-07 3.480345744224361e-08 4.568612396889645e-13 5.514013357381588e-69 4.377601643848001e-11
352.0 1.5239732757517723e-07 3.029821769589163e-08 4.1062734212809645e-13 7.334218665064011e-69 3.883923472681254e-11
353.0 1.3199767002833885e-07 2.6362914341111945e-08 3.6882001563300316e-13 9.726991326065055e-69 3.443816879139127e-11
354.0 1.1427462936193956e-07 2.2927313484310428e-08 3.31044671886914e-13 1.2863301394786684e-68 3.0517331956482564e-11
355.0 9.888483443714569e-08 1.9929577846617648e-08 2.969385953617486e-13 1.6962353521063185e-68 2.702665861057315e-11
356.0 8.552784756166838e-08 1.7315298091118304e-08 2.661687335473484e-13 2.2304368271095816e-68 2.392101382916494e-11
357.0 7.394095297994051e-08 1.503663120316051e-08 2.3842960044751657e-13 2.9246520196945147e-68 2.1159742722541833e-11
358.0 6.389455634131469e-08 1.305153470856571e-08 2.1344129206469211e-13 3.824275183928626e-68 1.8706256830105487e-11
359.0 5.518812644943537e-08 1.1323086610232338e-08 1.909476119849759e-13 4.9868331751592586e-68 1.6527654999969498e-11
360.0 4.764661792979371e-08 9.818881922329448e-09 1.707143046572225e-13 6.485020091167622e-68 1.4594376312619346e-11
361.0 4.111732005440328e-08 8.510497590283359e-09 1.525273935261004e-13 8.410435982625834e-68 1.2879882729118333e-11
362.0 3.546708289900895e-08 7.373018411012525e-09 1.3619162082227805e-13 1.087817930464392e-67 1.1360369266349488e-11
363.0 3.05798773404825e-08 6.3846173178946705e-09 1.2152898552612614e-13 1.4032471406349787e-67 1.0014499623061958e-11
364.0 2.635465018668961e-08 5.526184074957019e-09 1.0837737579873293e-13 1.8053524760279634e-67 8.82316530021946e-12
365.0 2.2703440019600997e-08 4.78099704046976e-09 9.658929200817276e-14 2.3165905475150817e-67 7.76926637648219e-12
366.0 1.954972317239567e-08 4.134433216921489e-09 8.603065636433604e-14 2.9648685635484493e-67 6.837512214020288e-12
367.0 1.682696269620532e-08 3.5737123072917695e-09 7.657970510654743e-14 3.784773295571752e-67 6.01424048075372e-12
368.0 1.4477336241531507e-08 3.087670951259127e-09 6.812595915874566e-14 4.819054497643386e-67 5.28725298209573e-12
369.0 1.2450621519561507e-08 2.666563723862482e-09 6.056926917269068e-14 6.120410348212985e-67 4.645666898082432e-12
370.0 1.0703220452457979e-08 2.301887847160977e-09 5.381893091533713e-14 7.753630296156263e-67 4.079780120134023e-12
371.0 9.197305299236791e-09 1.9862288963378855e-09 4.7792867018074677e-14 9.798159579914197e-67 3.5809494754801833e-12
372.0 7.900071982239571e-09 1.7131250788793734e-09 4.241687118880976e-14 1.2351159756675712e-66 3.1414807163870433e-12
373.0 6.78308756317624e-09 1.4769479320884838e-09 3.7623911089448986e-14 1.5531150941161647e-66 2.7545292357285854e-12
374.0 5.8217203495074554e-09 1.2727975231415372e-09 3.3353486197497956e-14 1.9482334227054355e-66 2.41401055012971e-12
375.0 4.9946424718511145e-09 1.0964104498303815e-09 2.95510370987327e-14 2.437970706690728e-66 2.1145196669609874e-12
376.0 4.283395979271203e-09 9.440791314648566e-10 2.616740279506364e-14 3.043510033696639e-66 1.851258521933952e-12
377.0 3.6720145682418093e-09 8.125810503638543e-10 2.3158322755684225e-14 3.7904283528656943e-66 1.6199707400647541e-12
378.0 3.146694007565571e-09 6.991167569581489e-10 2.0483980588204688e-14 4.7095304101476636e-66 1.4168830344723566e-12
379.0 2.6955051588628623e-09 6.012555875990707e-10 1.810858635768926e-14 5.837824860860019e-66 1.2386526149966476e-12
380.0 2.308144232440349e-09 5.168881653959641e-10 1.599999473396548e-14 7.219663686338384e-66 1.082320032144836e-12
381.0 1.9757155720921492e-09 4.4418486230206836e-10 1.4129356299590645e-14 8.908068623501057e-66 9.45266931558585e-13
382.0 1.6905428393406945e-09 3.8155949661711954e-10 1.2470799501440437e-14 1.0966271121136355e-65 8.251782402359923e-13
383.0 1.4460049763814738e-09 3.2763762531717453e-10 1.1001140876873828e-14 1.346949536917483e-65 7.200083483183921e-13
384.0 1.2363937752741335e-09 2.8122886628743386e-10 9.699621330051166e-15 1.6507017209143703e-65 6.279508895550719e-13
385.0 1.056790275598764e-09 2.4130275263791075e-10 8.547666374502257e-15 2.018453522427621e-65 5.474117597740489e-13
386.0 9.029575600168645e-10 2.0696768074275896e-10 7.528668393928905e-15 2.4626894021885695e-65 4.769850460012391e-13
387.0 7.712478224107103e-10 1.7745256628628733e-10 6.627789103996217e-15 2.9981203649818494e-65 4.1543156946235056e-13
388.0 6.585218514082161e-10 1.52090869167064e-10 5.831780523270404e-15 3.6420403219953064e-65 3.616597737537474e-13
389.0 5.620793074581452e-10 1.3030668927040372e-10 5.12882288117409e-15 4.414732112639386e-65 3.1470871514580544e-13
390.0 4.795983780669223e-10 1.1160267146950577e-10 4.508378004777372e-15 5.339928872009701e-65 2.7373293545473643e-13
391.0 4.090835767613097e-10 9.554949029193592e-11 3.961056834322377e-15 6.4453368905106595e-65 2.3798901934278347e-13
392.0 3.4882060983602165e-10 8.17767129709084e-11 3.4784998195722895e-15 7.763226581727214e-65 2.0682365743269625e-13
393.0 2.9733737367403617e-10 6.996486451962416e-11 3.0532690454461614e-15 9.331098649033202e-65 1.796630543951764e-13
394.0 2.533702667692235e-10 5.983854040453999e-11 2.6787510260168194e-15 1.1192433015492605e-64 1.560035373221253e-13
395.0 2.1583510664391806e-10 5.116043169220591e-11 2.3490691909494295e-15 1.3397528549405728e-64 1.3540323436295899e-13
396.0 1.8380203449928084e-10 4.372614450885858e-11 2.059005167994291e-15 1.6004442072604288e-64 1.1747470689613688e-13
397.0 1.5647387130704755e-10 3.7359710553564874e-11 1.8039280393973533e-15 1.908003557277501e-64 1.0187843054613317e-13
398.0 1.3316745959768502e-10 3.1909698485714035e-11 1.5797308192533378e-15 2.2701140946168335e-64 8.831703124285457e-14
399.0 1.132975867013242e-10 2.724584748077627e-11 1.382773463128009e-15 2.695585196398141e-64 7.653019235519243e-14
400.0 9.636313877754377e-11 2.3256154304291667e-11 1.2098317809157029e-15 3.194495347427707e-64 6.629015780302582e-14
401.0 8.193518162102057e-11 1.9844354062397903e-11 1.0580516791321234e-15 3.77834981109165e-64 5.739776404897e-14
402.0 6.964670482130526e-11 1.6927742496963274e-11 9.249082098828265e-16 4.4602540970044204e-64 4.967894106985311e-14
403.0 5.918380115300797e-11 1.443529443726799e-11 8.081689508430538e-16 5.255104282126638e-64 4.2981628881720594e-14
404.0 5.027808374835827e-11 1.230603891506002e-11 7.058612839566309e-16 6.179795243203187e-64 3.71730620074374e-14
405.0 4.2700170247009695e-11 1.048765659924641e-11 6.162431804429722e-16 7.253447848708216e-64 3.2137379494452046e-14
406.0 3.6254086244586e-11 8.935269701814233e-12 5.377771363147717e-16 8.497656136680019e-64 2.7773522768501975e-14
407.0 3.077246042390118e-11 7.610398428318098e-12 4.691069361681834e-16 9.936755469562422e-64 2.3993387798583723e-14
408.0 2.6112401147142206e-11 6.480061465484153e-12 4.090369537234827e-16 1.1598112607111271e-63 2.0720201796886704e-14
409.0 2.2151959359712122e-11 5.51600097767428e-12 3.565137256667033e-16 1.3512438572279894e-63 1.7887098027784103e-14
410.0 1.8787095709437056e-11 4.694015178139172e-12 3.106095609625511e-16 1.5714125101517283e-63 1.543586529179508e-14
411.0 1.5929081082789134e-11 3.993383798565699e-12 2.705079711597822e-16 1.8241605368937635e-63 1.3315851319655005e-14
412.0 1.3502269533164647e-11 3.396373743860736e-12 2.354907284634116e-16 2.1137739552227294e-63 1.1483001690801716e-14
413.0 1.1442191026293456e-11 2.887813925739699e-12 2.0492637766852198e-16 2.4450225666077654e-63 9.899018009404095e-15
414.0 9.693918729759462e-12 2.4547297512118077e-12 1.7826004559096522e-16 2.8232035925454745e-63 8.530620956324252e-15
415.0 8.210671880044227e-12 2.0860290291594393e-12 1.5500440753567863e-16 3.2541878715646634e-63 7.348905511431382e-15
416.0 6.9526207043050695e-12 1.7722321750106759e-12 1.347316847483948e-16 3.7444686038155213e-63 6.328777129413984e-15
417.0 5.885864570916435e-12 1.5052405620112844e-12 1.170665598292734e-16 4.301212607121275e-63 5.448458973582349e-15
418.0 4.9815585929193865e-12 1.2781377070009961e-12 1.0167990886199673e-16 4.932314023068955e-63 4.689061483844776e-15
419.0 4.215167399373176e-12 1.085018705739077e-12 8.828325964166252e-17 5.646450384220482e-63 4.0342065933339174e-15
420.0 3.565827796799663e-12 9.208439623482796e-13 7.662389496817714e-17 6.453140923852927e-63 3.4696998274128557e-15
421.0 3.0158046322551313e-12 7.813138021836556e-13 6.648052860399782e-17 7.362806977933052e-63 2.983244332082043e-15
422.0 2.550026397997782e-12 6.62761028544714e-13 5.765948926163725e-17 8.386834295387355e-63 2.5641915977703214e-15
423.0 2.155689034643781e-12 5.620588908786934e-13 4.9991354967415024e-17 9.537637037328258e-63 2.203324279606273e-15
424.0 1.821918037877388e-12 4.765422839488464e-13 4.332798641662872e-17 1.0828723208956577e-62 1.8926670758893497e-15
425.0 1.5394803902181357e-12 4.039403012477389e-13 3.7539913558859174e-17 1.2274761229591064e-62 1.6253221209911556e-15
426.0 1.3005390560656198e-12 3.423185281431244e-13 3.2514034692050123e-17 1.389164730697265e-62 1.395325784797018e-15
427.0 1.0984438229319149e-12 2.900296864386909e-13 2.8151591856855326e-17 1.5696573241971573e-62 1.1975241547356813e-15
428.0 9.275531683436793e-13 2.4567143706267306e-13 2.4366390359784327e-17 1.7708094249435941e-62 1.0274648143885029e-15
429.0 7.830826010098043e-13 2.0805031567678097e-13 2.1083233861878086e-17 1.9946196340515487e-62 8.813028299275356e-16
430.0 6.609755843387499e-13 1.761509207822024e-13 1.8236549691802956e-17 2.2432362771857683e-62 7.557191169301302e-16
431.0 5.577937156290434e-13 1.4910959855766144e-13 1.576918191710792e-17 2.5189639027960444e-62 6.47849589650785e-16
432.0 4.706233185091651e-13 1.2619197594458038e-13 1.3631332270232594e-17 2.8242695765244717e-62 5.55223696329948e-16
433.0 3.9699602089821067e-13 1.0677378577689124e-13 1.1779631308669514e-17 3.1617889110459656e-62 4.757111208957494e-16
434.0 3.348212457383035e-13 9.032450709841154e-14 1.0176324220401818e-17 3.534331767248653e-62 4.0747558640280386e-16
435.0 2.823288454867853e-13 7.6393412002001e-14 8.788557492508958e-18 3.944887559587267e-62 3.489348313523827e-16
436.0 2.380203711436038e-13 6.45976689045187e-14 7.587754266352558e-18 4.396630095713175e-62 2.9872594895496984e-16
437.0 2.0062768869452497e-13 5.4612202472064704e-14 6.549067628264695e-18 4.892921878140138e-62 2.5567538346263433e-16
438.0 1.690778456666473e-13 4.6161053583341677e-14 5.6509023494547494e-18 5.437317793812448e-62 2.187729687179105e-16
439.0 1.4246325264833426e-13 3.9010019758951464e-14 4.874496710168658e-18 6.033568116037842e-62 1.8714947362527413e-16
440.0 1.2001638309837015e-13 3.296038824911655e-14 4.2035570365287195e-18 6.685620742392253e-62 1.6005718875372566e-16
441.0 1.010883129731343e-13 2.7843601201882932e-14 3.623938457927408e-18 7.39762259193265e-62 1.3685314896169452e-16
442.0 8.513052256412697e-14 2.351671566614812e-14 3.1233661708500496e-18 8.173920085425198e-62 1.1698463988734214e-16
443.0 7.167946897317627e-14 1.9858541168648034e-14 2.691192182781701e-18 9.0190586333273e-62 9.997668232773522e-17
444.0 6.034351101247265e-14 1.6766354714875507e-14 2.31818311747048e-18 9.937781058014079e-62 8.542122878366771e-17
445.0 5.079183084540245e-14 1.4153107708196341e-14 1.996335199235503e-18 1.0935024879207222e-61 7.29678415142644e-17
446.0 4.274504996252851e-14 1.1945051810020667e-14 1.7187130072696843e-18 1.201591839481096e-61 6.231565197950251e-17
447.0 3.596728246713396e-14 1.0079721478254004e-14 1.4793090081467926e-18 1.3185775493355171e-61 5.320642812114634e-17
448.0 3.025940728408623e-14 8.504220080696005e-15 1.2729212423949468e-18 1.4450089139052999e-61 4.5418599045607567e-17
449.0 2.5453373794231085e-14 7.173764307290275e-15 1.0950468647330053e-18 1.581452347602644e-61 3.876210676589494e-17
450.0 2.1407383380677743e-14 6.050448291509851e-15 9.417895224576603e-19 1.7284904504618026e-61 3.307397212001865e-17
451.0 1.8001813176399403e-14 5.102194560866196e-15 8.097788070183387e-19 1.8867209289818036e-61 2.8214477147397475e-17
452.0 1.5135768542587562e-14 4.301863810485678e-15 6.961002340323367e-19 2.0567553669645767e-61 2.4063879368541618e-17
453.0 1.2724168011991715e-14 3.6264996527966485e-15 5.982344004356052e-19 2.2392178439902355e-61 2.0519584835107344e-17
454.0 1.0695279051379206e-14 3.056688044187412e-15 5.140041372847403e-19 2.434743400089764e-61 1.749371672294039e-17
455.0 8.988635416786125e-15 2.57601411486455e-15 4.415286257263735e-19 2.6439763461563326e-61 1.4911024827388484e-17
456.0 7.553277422219823e-15 2.1706017071121213e-15 3.7918357430780625e-19 2.8675684206750775e-61 1.2707088760077867e-17
457.0 6.346265396486653e-15 1.828723124857997e-15 3.255666703113216e-19 3.106176794435056e-61 1.0826774089732776e-17
458.0 5.331424202156774e-15 1.5404684696479993e-15 2.7946761809592417e-19 3.3604619260114245e-61 9.222906247487713e-18
459.0 4.478283138349887e-15 1.2974655325041563e-15 2.3984216523908523e-19 3.6310852719725626e-61 7.855131843618235e-18
460.0 3.761181017923826e-15 1.0926425684851603e-15 2.057895941010386e-19 3.9187068569380905e-61 6.68894121706145e-18
461.0 3.158510847052133e-15 9.200274359652105e-16 1.7653322362555658e-19 4.223982709826781e-61 5.694829648144714e-18
462.0 2.6520824663087516e-15 7.745775654805364e-16 1.5140352491904144e-19 4.547562173824726e-61 4.8475777837316214e-18
463.0 2.2265848439170374e-15 6.520360589398889e-16 1.298235054572968e-19 4.89008509880798e-61 4.1256345181069246e-18
464.0 1.869132534392458e-15 5.488099307825744e-16 1.1129606156957105e-19 5.2521789261359055e-61 3.510587899163563e-18
465.0 1.5688832065237844e-15 4.618671068579774e-16 9.539303794905045e-20 5.6344556768881343e-61 2.9867116372664323e-18
466.0 1.3167151690197935e-15 3.886493102287223e-16 8.174576704658836e-20 6.037508855731356e-61 2.5405765264435783e-18
467.0 1.1049555358711769e-15 3.26998399273424e-16 7.003689094312756e-20 6.461910283677842e-61 2.1607175815191483e-18
468.0 9.271511238316927e-16 2.750940939027117e-16 5.999329421332901e-20 6.908206874010131e-61 1.8373489827384744e-18
469.0 7.7787540156081945e-16 2.314013402214066e-16 5.137999886874858e-20 7.376917366576925e-61 1.5621200293259837e-18
470.0 6.525658479880788e-16 1.9462583093955087e-16 4.3994892125692684e-20 7.868529036544999e-61 1.3279062595285843e-18
471.0 5.473869552707664e-16 1.636764253788466e-16 3.7664174849630554e-20 8.383494394445436e-61 1.1286307180101468e-18
472.0 4.591148538741541e-16 1.3763340511178978e-16 3.223843340962566e-20 8.922227895047361e-61 9.591110601834068e-19
473.0 3.8504016460591153e-16 1.1572166427130251e-16 2.7589250615717776e-20 9.485102673141935e-61 8.149287929021817e-19
474.0 3.228862125405343e-16 9.728807177901201e-17 2.3606282658758052e-20 1.0072447324789155e-60 6.923174755182111e-19
475.0 2.7074018562131583e-16 8.178235989817237e-17 2.0194738742650244e-20 1.0684542752906167e-60 5.880671563774987e-19
476.0 2.269951990059056e-16 6.874099280563748e-17 1.7273208583799056e-20 1.1321619096279611e-60 4.994427075682133e-19
477.0 1.9030154565896142e-16 5.777355300005009e-17 1.4771790317768677e-20 1.1983852761174896e-60 4.2411405391031642e-19
478.0 1.5952568338296073e-16 4.855125461928745e-17 1.2630477743808989e-20 1.2671363574639437e-60 3.600965783759518e-19
479.0 1.33715736114904e-16 4.0797253083099006e-17 1.0797771380864052e-20 1.3384212078414817e-60 3.057002318959583e-19
480.0 1.1207247941500902e-16 3.42784715653305e-17 9.229482614328532e-21 1.4122396982032526e-60 2.5948608648056076e-19
481.0 9.392494214772528e-17 2.879870804359002e-17 7.887704377688924e-21 1.488585279319744e-60 2.202292516312802e-19
482.0 7.87098930688658e-17 2.419282326880446e-17 6.739925421317575e-21 1.567444764296167e-60 1.8688722934109157e-19
483.0 6.595459632891215e-17 2.0321840957868926e-17 5.7582683452648496e-21 1.6487981322425443e-60 1.585729161841746e-19
484.0 5.5262317117649694e-17 1.7068817701258677e-17 4.918834277786675e-21 1.7326183546860584e-60 1.3453157520123444e-19
485.0 4.6300140627192393e-17 1.4335362224395054e-17 4.201139421979987e-21 1.8188712462124424e-60 1.1412119816941914e-19
486.0 3.8788736582331726e-17 1.2038702366607568e-17 3.5876307176429456e-21 1.9075153407112836e-60 9.679576271621907e-20
487.0 3.249375979178002e-17 1.010921396999942e-17 3.063269616328731e-21 1.9985017944798703e-60 8.209096057905744e-20
488.0 2.7218626211194853e-17 8.488339247546183e-18 2.6151744810045748e-21 2.091774317300313e-60 6.961203483279041e-20
489.0 2.27984453154622e-17 7.126833502834884e-18 2.2323134295496863e-21 2.187269132468673e-60 5.902341657533273e-20
490.0 1.9094924365247223e-17 5.983288622394375e-18 1.905240571022294e-21 2.2849149665960473e-60 5.00398966367946e-20
491.0 1.5992089445205076e-17 5.022889826447374e-18 1.6258695591703993e-21 2.384633069845934e-60 4.241910644489476e-20
492.0 1.3392692811781504e-17 4.2163689742309794e-18 1.3872792297807136e-21 2.4863372671059513e-60 3.59551151688417e-20
493.0 1.121519684607981e-17 3.539123469867991e-18 1.1835468151781592e-21 2.589934040418448e-60 3.047297847481503e-20
494.0 9.391242376452964e-18 2.970474668319226e-18 1.009604856111735e-21 2.695322642823161e-60 2.5824098344279106e-20
495.0 7.863523834732986e-18 2.49304377715659e-18 8.611184719244127e-22 2.802395243584326e-60 2.1882274020056326e-20
496.0 6.584006076438125e-18 2.09222670629877e-18 7.343801160268828e-22 2.911037104596981e-60 1.8540341759010803e-20
497.0 5.51242809742976e-18 1.7557522338576257e-18 6.262193454314519e-22 3.0211267875899753e-60 1.570731611711355e-20
498.0 4.615047627894997e-18 1.473310315897415e-18 5.3392547923933775e-22 3.1325363915611326e-60 1.3305958343424713e-20
499.0 3.863587940967952e-18 1.2362394422732397e-18 4.551813191199784e-22 3.245131819709862e-60 1.1270708432044235e-20
500.0 3.2343543982576753e-18 1.0372636898345608e-18 3.880063615502323e-22 3.3587730749587143e-60 9.545926747539139e-21
501.0 2.7074934537999495e-18 8.702715989069935e-19 3.307081525856487e-22 3.4733145829901655e-60 8.08439913298941e-21
502.0 2.2663712079120604e-18 7.301302419660045e-19 2.818406261302815e-22 3.588605541564563e-60 6.846066230172889e-21
503.0 1.8970522748511772e-18 6.125289010069411e-19 2.4016843030677126e-22 3.7044902947350565e-60 5.796943559444618e-21
504.0 1.5878628139332312e-18 5.138476528693037e-19 2.0463638727190644e-22 3.820808730429494e-60 4.908203868680475e-21
505.0 1.3290241662291238e-18 4.3104690551527547e-19 1.743433528460629e-22 3.9373966997351977e-60 4.1553974913653895e-21
506.0 1.1123457166654975e-18 3.615745547845782e-19 1.4851984636184236e-22 4.0540864561035516e-60 3.5177900604198076e-21
507.0 9.30967430418545e-19 3.0328795884377447e-19 1.265089105478471e-22 4.1707071125714065e-60 2.9777999980946926e-21
508.0 7.791440485236943e-19 2.543883719439876e-19 1.0774973808531126e-22 4.28708511500317e-60 2.5205208214037474e-21
509.0 6.520642173987763e-19 2.1336585328891663e-19 9.176366746267151e-23 4.403044729265992e-60 2.133315533843314e-21
510.0 5.456989098377615e-19 1.7895298184272648e-19 7.814220742013504e-23 4.518408540176034e-60 1.805472274629496e-21
511.0 4.566744040592044e-19 1.5008597309191145e-19 6.653679792749812e-23 4.632997959998102e-60 1.5279120150818892e-21
512.0 3.82165850394447e-19 1.2587201697037782e-19 5.665005739681516e-23 4.7466337442223586e-60 1.2929404696812984e-21
513.0 3.198080955625847e-19 1.0556184398829182e-19 4.8228301665858365e-23 4.8591365123249373e-60 1.0940375622571313e-21
514.0 2.6762097184426274e-19 8.852668465290717e-20 4.105515103079063e-23 4.9703272711863635e-60 9.256787859955278e-22
515.0 2.2394670935340637e-19 7.423892024065834e-20 3.4946067975144806e-23 5.080027938842942e-60 7.83183645375292e-22
516.0 1.8739750788743258e-19 6.225583483834313e-20 2.974369085385456e-23 5.188061866259349e-60 6.625870907814963e-22
517.0 1.5681162216845775e-19 5.220597265758243e-20 2.5313848176565322e-23 5.294254354824344e-60 5.605304712231813e-22
518.0 1.3121658046348024e-19 4.377768375545874e-20 2.1542154750568515e-23 5.398433167317672e-60 4.741690533335149e-22
519.0 1.0979837981253345e-19 3.670950783493198e-20 1.8331105182753285e-23 5.500429030138381e-60 4.010935993226297e-22
520.0 9.187568830759022e-20 3.0782101747712883e-20 1.559759243955182e-23 5.600076124650882e-60 3.392638744396969e-22
521.0 7.687824184902283e-20 2.5811463360024843e-20 1.32707896137157e-23 5.697212565575576e-60 2.8695227570435164e-22
522.0 6.432875442995253e-20 2.1643243983379067e-20 1.1290341996130698e-23 5.791680864441184e-60 2.426960466483791e-22
523.0 5.382777134741764e-20 1.8147974808835403e-20 9.6048242134994e-24 5.883328376200651e-60 2.0525677476534312e-22
524.0 4.504098724391925e-20 1.5217060716999692e-20 8.170423752420568e-24 5.972007727232092e-60 1.7358606543506059e-22
525.0 3.768862842126737e-20 1.2759418310522816e-20 6.94981780467855e-24 6.057577223043292e-60 1.467964534896308e-22
526.0 3.153656385700046e-20 1.0698654741201344e-20 5.911215172856462e-24 6.139901234134058e-60 1.2413675576525824e-22
527.0 2.6388863818107657e-20 8.970700476932604e-21 5.027539085686125e-24 6.218850558589763e-60 1.0497118871944492e-22
528.0 2.2081570608067204e-20 7.52182307726243e-21 4.275730288499178e-24 6.2943027601139e-60 8.876167770611554e-23
529.0 1.8477484227360867e-20 6.3069607425440655e-21 3.636152781099529e-24 6.366142480355892e-60 7.505287152870084e-23
530.0 1.546179777098189e-20 5.288324226177283e-21 3.092087146557736e-24 6.434261724518387e-60 6.345944976184155e-23
531.0 1.2938444232416176e-20 4.434223950873875e-21 2.6292986126112116e-24 6.498560119386136e-60 5.365537302678465e-23
532.0 1.0827038873400336e-20 3.718086099619402e-21 2.2356688663053184e-24 6.558945143062784e-60 4.5364779606986415e-23
533.0 9.060320157933794e-21 3.1176272712086318e-21 1.900882248314962e-24 6.615332325845846e-60 3.8354276930253786e-23
534.0 7.582008029077323e-21 2.6141621765043032e-21 1.6161583255300477e-24 6.667645421827536e-60 3.242641473866941e-23
535.0 6.345011523777219e-21 2.1920229541238133e-21 1.3740240127615695e-24 6.71581655095016e-60 2.741415925100165e-23
536.0 5.3099287900426876e-21 1.8380721285522214e-21 1.168119415791423e-24 6.759786311390138e-60 2.3176215172987712e-23
537.0 4.443791840616798e-21 1.5412941251016982e-21 9.930324232202808e-25 6.799503862298023e-60 1.959306577480329e-23
538.0 3.71901613981802e-21 1.292452683258597e-21 8.441578048766853e-25 6.834926977043265e-60 1.6563621066057226e-23
539.0 3.1125216202089664e-21 1.0838035471999205e-21 7.175771980929729e-25 6.866022067270891e-60 1.4002380895159333e-23
540.0 2.6049971681668944e-21 9.088535221174601e-22 6.0995689544809865e-25 6.892764178184246e-60 1.1837034038755113e-23
541.0 2.180285174155738e-21 7.621584199940383e-22 5.184608019213354e-25 6.915136955615318e-60 1.0006426416430258e-23
542.0 1.8248665584116533e-21 6.39153622716992e-22 4.4067631714113175e-25 6.933132585540304e-60 8.45884179519313e-24
543.0 1.5274298764982162e-21 5.360120009519835e-22 3.7455122927667043e-25 6.946751706832444e-60 7.150547017174612e-24
544.0 1.2785107827410711e-21 4.495247751300797e-22 3.183399894019556e-25 6.956003298128776e-60 6.044561129630627e-24
545.0 1.0701903675564387e-21 3.7700161635426905e-22 2.7055797596838703e-25 6.960904539799276e-60 5.109614020134012e-24
546.0 8.958427580053588e-22 3.1618688193794824e-22 2.2994256441614832e-25 6.961480652088753e-60 4.319265432554678e-24
547.0 7.499239388956746e-22 2.651893810635709e-22 1.9541999212214477e-25 6.957764710583211e-60 3.651159705956516e-24
548.0 6.277950641281136e-22 2.2242348615490906e-22 1.6607715825203508e-25 6.949797440226019e-60 3.0863953617897237e-24
549.0 5.255746263682641e-22 1.8655975796877295e-22 1.4113762543919172e-25 6.93762698917632e-60 2.608991868950361e-24
550.0 4.400147723783507e-22 1.5648354802435843e-22 1.1994119878485884e-25 6.921308683849329e-60 2.205438629786858e-24
551.0 3.6839782065165344e-22 1.3126028994513926e-22 1.0192655022139844e-25 6.900904766533163e-60 1.8643135279079884e-24
552.0 3.084496817917907e-22 1.101063992618972e-22 8.661643515921828e-26 6.876484117010125e-60 1.5759603242004945e-24
553.0 2.5826742082899705e-22 9.236487565641597e-23 7.360511555907819e-26 6.848121959641224e-60 1.3322158346535277e-24
554.0 2.1625865149343733e-22 7.748484791754831e-23 6.254766085131971e-26 6.815899557392419e-60 1.1261792180518416e-24
555.0 1.8109082970942893e-22 6.500442456944055e-23 5.315084692697808e-26 6.779903894296166e-60 9.520168820208993e-25
556.0 1.516488292358957e-22 5.453631602029008e-23 4.5165415002460913e-26 6.7402273478459e-60 8.047975150591894e-25
557.0 1.2699944650410558e-22 4.575578036152905e-23 3.8379487575936416e-26 6.696967352814132e-60 6.8035259784960865e-25
558.0 1.06361702702727e-22 3.8390517299981686e-23 3.2612968859447495e-26 6.650226057985381e-60 5.751584628317701e-25
559.0 8.908199606957872e-23 3.221219537581296e-23 2.771278276161804e-26 6.600109977260779e-60 4.862365766670529e-25
560.0 7.461331206102826e-23 2.7029348492273806e-23 2.3548823373753524e-26 6.546729636589233e-60 4.1106923272890094e-25
561.0 6.249782851145089e-23 2.2681420439626553e-23 2.0010511540732737e-26 6.490199218125219e-60 3.475282743902338e-25
562.0 5.2352361194028494e-23 1.903377186205264e-23 1.7003866958960734e-26 6.430636202998916e-60 2.938148367778836e-25
563.0 4.385618580126079e-23 1.5973494104530086e-23 1.444901874638895e-26 6.368161014032546e-60 2.484084050664169e-25
564.0 3.67408481686324e-23 1.340589951977211e-23 1.2278088923944458e-26 6.3028966596861e-60 2.100237499767561e-25
565.0 3.078163798549381e-23 1.1251578895765888e-23 1.0433393031562087e-26 6.23496838047813e-60 1.7757452328000495e-25
566.0 2.579045429568697e-23 9.443934338197067e-24 8.865910429057126e-27 6.164503299059408e-60 1.5014248400386575e-25
567.0 2.1609835479965598e-23 7.927110759555564e-24 7.53398391879577e-27 6.091630075066234e-60 1.2695148496904242e-25
568.0 1.8107963548722054e-23 6.6542615493065e-24 6.4022143576908446e-27 6.016478565818291e-60 1.0734548370311103e-25
569.0 1.5174483641962426e-23 5.586094414139377e-24 5.440521057482129e-27 5.93917949385645e-60 9.076995546378899e-26
570.0 1.2717005625402412e-23 4.6896521084756666e-24 4.623343138310648e-27 5.859864122258504e-60 7.675618224683809e-26
571.0 1.065817641633376e-23 3.937290095125921e-24 3.9289607151099214e-27 5.778663938593896e-60 6.490797295801045e-26
572.0 8.933229864620099e-24 3.305819312392851e-24 3.338917956341166e-27 5.695710348318646e-60 5.489043868115566e-26
573.0 7.487936233384381e-24 2.775787368263344e-24 2.8375327426707522e-27 5.611134378332438e-60 4.6420505110765665e-26
574.0 6.276886056420434e-24 2.33087579499019e-24 2.411479939661237e-27 5.525066391357201e-60 3.9258893374297504e-26
575.0 5.262053801451518e-24 1.9573946127734316e-24 2.0494372432846904e-27 5.437635811722527e-60 3.3203342032622504e-26
576.0 4.411595680066834e-24 1.6438584821415483e-24 1.7417842110469586e-27 5.34897086307349e-60 2.808287818786862e-26
577.0 3.698843400886222e-24 1.380631265498589e-24 1.4803464981114101e-27 5.259198318450301e-60 2.375297533787635e-26
578.0 3.1014619001847427e-24 1.15962794837749e-24 1.2581785139629183e-27 5.168443263115238e-60 2.0091460734030468e-26
579.0 2.6007443029039787e-24 9.740646566427087e-25 1.0693787322859726e-27 5.076828870440445e-60 1.699505623356164e-26
580.0 2.181021733190023e-24 8.182490028939107e-25 9.089327515841892e-28 4.984476191106745e-60 1.437645458825549e-26
581.0 1.829169246643094e-24 6.874042503200579e-25 7.725799394038293e-28 4.8915039557922753e-60 1.216184828619906e-26
582.0 1.534192212880999e-24 5.775218343742266e-25 6.567001182075128e-28 4.7980283914764766e-60 1.0288840890765216e-26
583.0 1.2868800342830871e-24 4.852376646830535e-25 5.582172824451564e-28 4.7041630514236295e-60 8.70468166416788e-27
584.0 1.0795162264583137e-24 4.0772836907496088e-25 4.74517788206766e-28 4.610018658849551e-60 7.364773428441614e-27
585.0 9.056356762979238e-25 3.42624261561751e-25 4.0338084093962275e-28 4.515702964233143e-60 6.231411364006727e-27
586.0 7.5982139149304915e-25 2.879363358594479e-25 3.4291943320669485e-28 4.4213206161657474e-60 5.2727169943111264e-27
587.0 6.375343088877513e-25 2.419950217938059e-25 2.9153016198834107e-28 4.3269730456020504e-60 4.4617371399590176e-27
588.0 5.349707779224864e-25 2.033988072762159e-25 2.4785059091301343e-28 4.23275836331761e-60 3.7756823038823135e-27
589.0 4.489432131341066e-25 1.7097113484681621e-25 2.107230232906381e-28 4.13877127034321e-60 3.1952829031319877e-27
590.0 3.76780144164097e-25 1.437242386033334e-25 1.7916372221670855e-28 4.045102981104973e-60 2.704245104758381e-27
591.0 3.162425063779111e-25 1.2082880266763053e-25 1.5233675882892501e-28 3.951841158964421e-60 2.2887908477585813e-27
592.0 2.6545352958147473e-25 1.0158850289315715e-25 1.2953179286748335e-28 3.8590698638192696e-60 1.9372690202681623e-27
593.0 2.2284001280562004e-25 8.54186449071216e-26 1.1014519427644265e-28 3.7668695113988767e-60 1.639826778750515e-27
594.0 1.870831334114398e-25 7.182823852411432e-26 9.366400346020182e-29 3.675316843856596e-60 1.388131701109253e-27
595.0 1.5707724030836163e-25 6.040495501406639e-26 7.965230333388024e-29 3.5844849112462353e-60 1.175136906786418e-27
596.0 1.318953334574122e-25 5.0802502968191086e-26 6.77396404827275e-29 3.4944430634405715e-60 9.948824948797814e-28
597.0 1.1076014307808918e-25 4.273003335929966e-26 5.761118727837022e-29 3.405256952040584e-60 8.423276806855328e-28
598.0 9.301989879785455e-26 3.5943247164532674e-26 4.899938313600266e-29 3.316988541805297e-60 7.13208881038891e-28
599.0 7.812802699508426e-26 3.023693156091826e-26 4.167683246803803e-29 3.2296961311205415e-60 6.039197340762842e-28
600.0 6.562613848795288e-26 2.5438694853219884e-26 3.5450270342488827e-29 3.1434343810177566e-60 5.114096604405441e-28
601.0 5.51297724443888e-26 2.1403707320647595e-26 3.0155435277434886e-29 3.0582543522468414e-60 4.330980981235163e-28
602.0 4.63164492223773e-26 1.8010286224310478e-26 2.565271275239721e-29 2.9742035499031614e-60 3.668019869945229e-28
603.0 3.891565754831018e-26 1.5156189264788868e-26 2.1823433535416842e-29 2.8913259751061e-60 3.106744541905272e-28
604.0 3.270046230764935e-26 1.2755502627254976e-26 1.8566728357003288e-29 2.80966218322885e-60 2.6315296858889787e-28
605.0 2.748047018491821e-26 1.0736028077940915e-26 1.579685527273785e-29 2.7292493481802463e-60 2.2291550054211896e-28
606.0 2.3095933062430445e-26 9.037088948709789e-27 1.3440928639360056e-29 2.650121332245308e-60 1.888434495278237e-28
607.0 1.9412804819450095e-26 7.607687742477731e-27 1.1436989319510777e-29 2.5723087609951907e-60 1.5999029378101029e-28
608.0 1.6318597096059462e-26 6.404958910907501e-27 9.73236481270739e-30 2.495839102789277e-60 1.3555507775991122e-28
609.0 1.371890464443898e-26 5.392869432039183e-27 8.282275726213573e-30 2.4207367523952219e-60 1.1485999003845908e-28
610.0 1.1534491876634708e-26 4.541127430434431e-27 7.048651554934921e-30 2.3470231182706998e-60 9.733139979752459e-29
611.0 9.698849794593992e-27 3.824265471465301e-27 5.999124308733498e-30 2.274716713057968e-60 8.24838177788205e-29
612.0 8.156147210174914e-27 3.220870522217232e-27 5.106173257042968e-30 2.2038332468555512e-60 6.99063301404778e-29
613.0 6.859512494316329e-27 2.7129370697876015e-27 4.346398080403749e-30 2.1343857228499082e-60 5.925112345228675e-29
614.0 5.769592424232904e-27 2.285323662474738e-27 3.699901133547102e-30 2.06638453489792e-60 5.0223778068744415e-29
615.0 4.853343350930906e-27 1.92529630706795e-27 3.1497624259901946e-30 1.9998375666745865e-60 4.257505699214985e-29
616.0 4.0830171588549356e-27 1.622144813871159e-27 2.6815933909712517e-30 1.9347502920099786e-60 3.609395949774025e-29
617.0 3.4353105632752845e-27 1.3668604122506708e-27 2.2831576076762164e-30 1.871125876060075e-60 3.0601844433050264e-29
618.0 2.890651380048933e-27 1.1518648321450714e-27 1.9440484208352083e-30 1.8089652769732438e-60 2.5947458232903433e-29
619.0 2.432599666570569e-27 9.707826188085018e-28 1.655414913298776e-30 1.7482673477304188e-60 2.2002728162642122e-29
620.0 2.0473452059922163e-27 8.182497674746688e-28 1.4097289714049299e-30 1.6890289378547165e-60 1.865920283617426e-29
621.0 1.7232858012641014e-27 6.897528722238209e-28 1.2005872740171993e-30 1.631244994705879e-60 1.5825040261264176e-29
622.0 1.4506733551456242e-27 5.814939131679013e-28 1.022542963107428e-30 1.5749086640911421e-60 1.3422459057057989e-29
623.0 1.2213168157043951e-27 4.902765867159607e-28 8.709625413597795e-31 1.5200113899423305e-60 1.1385581503265607e-29
624.0 1.0283328298378695e-27 4.134107391187579e-28 7.4190421145618e-31 1.4665430128275985e-60 9.6586080845305e-30
625.0 8.65936425183872e-28 3.4863201383265317e-28 6.320144402788566e-31 1.414491867082524e-60 8.194272498115471e-30
626.0 7.292652796523105e-28 2.940342853698995e-28 5.384400143698408e-31 1.363844876362927e-60 6.952533960913038e-30
627.0 6.142321764218321e-28 2.480128403789313e-28 4.587532634754621e-31 1.3145876474391572e-60 5.899470305027832e-30
628.0 5.174011130317291e-28 2.092165926104375e-28 3.908884777975426e-31 1.2667045620680878e-60 5.00634097749986e-30
629.0 4.358832633309496e-28 1.7650789214838566e-28 3.330878409507513e-31 1.220178866793868e-60 4.2487938178297485e-30
630.0 3.6724960328839635e-28 1.4892871919294748e-28 2.8385545247199023e-31 1.1749927605465224e-60 3.606193510998805e-30
631.0 3.094575250894263e-28 1.256722457991719e-28 2.4191822773539905e-31 1.1311274799200668e-60 3.061053016993928e-30
632.0 2.607891945291577e-28 1.060589112013959e-28 2.0619264498838835e-31 1.0885633820287959e-60 2.598552156359836e-30
633.0 2.1979976785242355e-28 8.951629263817319e-29 1.7575646377048844e-31 1.0472800248526681e-60 2.20612996601368e-30
634.0 1.8527388710763615e-28 7.556216809266063e-29 1.4982467031508723e-31 1.0072562449969705e-60 1.8731394989986333e-30
635.0 1.5618912718310936e-28 6.379026356786403e-29 1.2772901715256472e-31 9.684702328050203e-61 1.5905554839439468e-30
636.0 1.3168528086200235e-28 5.385825835375901e-29 1.0890061899496456e-31 9.308996047736368e-61 1.3507267337029168e-30
637.0 1.1103854707493093e-28 4.5477689673907584e-29 9.285514760598098e-32 8.94521473233381e-61 1.1471664393733894e-30
638.0 9.363983758604146e-29 3.840545518764576e-29 7.918023688468359e-32 8.593125132672677e-61 9.743745406734488e-31
639.0 7.897654326176663e-29 3.2436659804028143e-29 6.752476763419464e-32 8.252490268511781e-61 8.276872560445347e-31
640.0 6.661720673538179e-29 2.7398593592011893e-29 5.75897509925214e-32 7.923070042090156e-61 7.0314961092596425e-31
641.0 5.619863695827323e-29 2.3145661470586264e-29 4.912057158373781e-32 7.604621823858501e-61 5.974074415515209e-31
642.0 4.7415075557017333e-29 1.955511385969356e-29 4.1900387218410567e-32 7.296901010496096e-61 5.076158922580455e-31
643.0 4.0009087389367853e-29 1.6523451430756574e-29 3.574451238038355e-32 6.999661555405066e-61 4.313618818115245e-31
644.0 3.3763900136051217e-29 1.396339723885363e-29 3.049563858732684e-32 6.712656471946362e-61 3.6659840144536934e-31
645.0 2.849696179319459e-29 1.180134645591435e-29 2.601976668909553e-32 6.435638309752325e-61 3.1158883499941384e-31
646.0 2.4054521895734558e-29 9.975218167033548e-30 2.2202744851972943e-32 6.168359604500096e-61 2.6485976890221134e-31
647.0 2.0307073341090752e-29 8.43264566988966e-30 1.8947321862513384e-32 5.910573301607184e-61 2.251609945031749e-31
648.0 1.7145517746847266e-29 7.12945179113282e-30 1.6170638891340398e-32 5.662033154343156e-61 1.9143160398291342e-31
649.0 1.4477939165628417e-29 6.0283642069610386e-30 1.3802094341949327e-32 5.422494096904223e-61 1.627712492964914e-31
650.0 1.2226889364990272e-29 5.097932882739871e-30 1.1781526175273679e-32 5.191712593040586e-61 1.3841577602177674e-31
651.0 1.0327103322564494e-29 4.311617742685645e-30 1.0057664405210541e-32 4.9694469608549806e-61 1.177165645609418e-31
652.0 8.723576558958592e-30 3.647019725383076e-30 8.586813522486783e-33 4.7554576744336024e-61 1.0012301323407444e-31
653.0 7.369946829047876e-30 3.0852326255284913e-30 7.33173061020515e-33 4.549507642980669e-61 8.516768424796344e-32
654.0 6.227131848896137e-30 2.6102966940494704e-30 6.2606700224863e-33 4.351362468168623e-61 7.245370672474269e-32
655.0 5.262182429475699e-30 2.208737974514449e-30 5.3465698421290974e-33 4.1607906804201516e-61 6.164409296525071e-32
656.0 4.447316853984312e-30 1.8691798834712146e-30 4.566359028584615e-33 3.9775639548609085e-61 5.245267662256568e-32
657.0 3.759107769413039e-30 1.582015671594893e-30 3.90036731086888e-33 3.801457307690622e-61 4.4636425927119224e-32
658.0 3.177797430205082e-30 1.339132194853133e-30 3.3318225539542664e-33 3.6322492737273706e-61 3.798892276847652e-32
659.0 2.6867209709570004e-30 1.133676933756435e-30 2.8464226019049645e-33 3.469722065885908e-61 3.233483034309831e-32
660.0 2.2718206125178823e-30 9.598614690987229e-31 2.4319705362512723e-33 3.313661717353015e-61 2.7525199104687196e-32
661.0 1.921236419268242e-30 8.127956922117803e-31 2.078063934591891e-33 3.163858207220235e-61 2.3433483651185056e-32
662.0 1.6249615068862654e-30 6.883479284554013e-31 1.7758301153333434e-33 3.020105570331852e-61 1.9952162582584312e-32
663.0 1.3745515184673939e-30 5.830269111900033e-31 1.517700546516475e-33 2.8822019921022984e-61 1.69898698018064e-32
664.0 1.1628798003503789e-30 4.938821823284933e-31 1.2972186110367804e-33 2.749949889044406e-61 1.4468959660150322e-32
665.0 9.839310660772066e-31 4.184200336775177e-31 1.1088757837901028e-33 2.623155975748139e-61 1.232344015317245e-32
666.0 8.326274784183497e-31 3.5453255657407295e-31 9.479720109078257e-34 2.5016313190267965e-61 1.0497218376974793e-32
667.0 7.046820396906305e-31 3.0043774921670464e-31 8.10496706504789e-34 2.3851913799485726e-61 8.942610934214507e-33
668.0 5.964749885072569e-31 2.5462895284963543e-31 6.930273145397794e-34 2.2736560444427622e-61 7.619079166362216e-33
669.0 5.049495808982772e-31 2.158321590868607e-31 5.9264283639074954e-34 2.1668496431657942e-61 6.492155181448699e-33
670.0 4.275242057834116e-31 1.8296995914418088e-31 5.06850110360878e-34 2.0646009612883726e-61 5.5325298116297585e-33
671.0 3.620182662073382e-31 1.5513109831169798e-31 4.3352095761401226e-34 1.9667432388503845e-61 4.71527801406385e-33
672.0 3.0658966295101408e-31 1.3154476130723357e-31 3.7083858852495476e-34 1.8731141623111167e-61 4.019200941650172e-33
673.0 2.5968205821774374e-31 1.11558850970993e-31 3.172519013924607e-34 1.7835558479024745e-61 3.4262670587164004e-33
674.0 2.1998038423490663e-31 9.462163810741447e-32 2.714365080830301e-34 1.697914817375101e-61 2.9211373468067495e-33
675.0 1.863733033674694e-31 8.026625753146688e-32 2.322614937114677e-34 1.616041966704009e-61 2.490761910192376e-33
676.0 1.5792152990463214e-31 6.809760738102757e-32 1.9876106439763357e-34 1.5377925283036217e-61 2.12403721139202e-33
677.0 1.338310951055081e-31 5.778127791106686e-32 1.7011036227395604e-34 1.4630260272772592e-61 1.811514796161009e-33
678.0 1.1343078146538302e-31 4.9034194309537854e-32 1.4560483349846728e-34 1.391606232208717e-61 1.5451537494577066e-33
679.0 9.615307377077153e-32 4.161670726970848e-32 1.2464262580960892e-34 1.3234011009812458e-61 1.3181102963949056e-33
680.0 8.151807695131804e-32 3.5325906552572075e-32 1.067095694895497e-34 1.2582827220871567e-61 1.124558956990204e-33
681.0 6.911993704049201e-32 2.9989967783770336e-32 9.136636148074148e-35 1.1961272518729126e-61 9.595405076529256e-34
682.0 5.861537427366581e-32 2.546337226920886e-32 7.823762852488694e-35 1.1368148481417426e-61 8.188327186581108e-34
683.0 4.971399862813597e-32 2.1622864540150965e-32 6.700259301294363e-35 1.0802296005164083e-61 6.988404447756447e-34
684.0 4.2170129750219476e-32 1.8364033374500117e-32 5.738710598065462e-35 1.026259457944621e-61 5.965021621867161e-34
685.0 3.5775886739810385e-32 1.559841979545312e-32 4.915684640548874e-35 9.747961537089679e-62 5.092104827796299e-34
686.0 3.0355349952126844e-32 1.3251070535210537e-32 4.211151555078562e-35 9.257351282851795e-62 4.347445486983153e-34
687.0 2.5759627906808154e-32 1.1258468102821082e-32 3.607988032150684e-35 8.78975450371513e-62 3.712125256464129e-34
688.0 2.1862688473046015e-32 9.566779276571964e-33 3.0915541090920675e-35 8.344197363958232e-62 3.1700268143456334e-34
689.0 1.8557835489453538e-32 8.13037286029028e-33 2.649331777978029e-35 7.919740687860074e-62 2.7074176380837506e-34
690.0 1.5754730522178357e-32 6.91056515913785e-33 2.2706163588911987e-35 7.515479132750351e-62 2.3125958483119516e-34
691.0 1.337687510565428e-32 5.874558062726795e-33 1.9462529102029387e-35 7.130540354911656e-62 1.9755888320479576e-34
692.0 1.1359482003863156e-32 4.994540056429781e-33 1.6684110829030006e-35 6.764084170707124e-62 1.6878967529989557e-34
693.0 9.64767516002316e-33 4.246925071215897e-33 1.4303927940640005e-35 6.415301715122019e-62 1.4422742406787872e-34
694.0 8.194967393211346e-33 3.6117079597072646e-33 1.2264679200457487e-35 6.083414599764142e-62 1.232544555878279e-34
695.0 6.961972824266252e-33 3.071918662243061e-33 1.0517339140565367e-35 5.767674072223779e-62 1.053441384570907e-34
696.0 5.915317700231147e-33 2.61315989508998e-33 9.019958531216121e-36 5.467360178534239e-62 9.004741384077565e-35
697.0 5.026718930447704e-33 2.2232155325542687e-33 7.736639316613335e-36 5.181780930356373e-62 7.69813256947254e-35
698.0 4.2722044113276105e-33 1.8917188321964447e-33 6.636658557503934e-36 4.910271478363283e-62 6.581925310950123e-35
699.0 3.63145323857832e-33 1.609871323922921e-33 5.6937196482742835e-36 4.6521932931849825e-62 5.628259128713559e-35
700.0 3.087237301202187e-33 1.3702045968760583e-33 4.885312255951955e-36 4.406933355149389e-62 4.8133665541514284e-35
