200.0 4.691330317677229e-18 1.0602580229068513e-20 7.394760541645417e-28 5.155593382375784e-129 2.22009849989675e-24
201.0 3.0148299286784904e-18 7.023312243192041e-21 5.316905478367116e-28 1.236462280792149e-128 1.5339327890435771e-24
202.0 1.937014035201192e-18 4.6499169674496724e-21 3.8178077657008905e-28 2.926331383475468e-128 1.0588440627235497e-24
203.0 1.244280354146051e-18 3.077056986193394e-21 2.737845806778896e-28 6.836008958903296e-128 7.3024106964797455e-25
204.0 7.991557075174346e-19 2.0352935078404197e-21 1.9609335563104813e-28 1.5765669924562873e-127 5.031827556789095e-25
205.0 5.131970924453946e-19 1.3456543162902754e-21 1.4027960391175998e-28 3.590420410016942e-127 3.4643905968768056e-25
206.0 3.2952495159774616e-19 8.893412879268524e-22 1.0023569013122244e-28 8.075916938117282e-127 2.3833378831170004e-25
207.0 2.115705705086546e-19 5.875504523978818e-22 7.1542569619043e-29 1.794489428737168e-126 1.6383919247614795e-25
208.0 1.358301960700354e-19 3.880401542744424e-22 5.100805148240896e-29 3.939849568276868e-126 1.1254827861016088e-25
209.0 8.720122535578133e-20 2.5619800879106343e-22 3.6329749101874484e-29 8.54857132597519e-126 7.726164608099858e-26
210.0 5.598154746563879e-20 1.6910441691077154e-22 2.5849527898351686e-29 1.8334390020366242e-125 5.300391831202157e-26
211.0 3.593965608062317e-20 1.1159033343929208e-22 1.8374949179287063e-29 3.887592084253682e-125 3.634004910639831e-26
212.0 2.307385136252372e-20 7.362116564554748e-23 1.30496670894164e-29 8.15111321543785e-125 2.4900660909121406e-26
213.0 1.481472753913137e-20 4.8561839407459687e-23 9.259522695153302e-30 1.6902633236832443e-124 1.705289470785955e-26
214.0 9.512719689589277e-21 3.2026943846852556e-23 6.564618135185684e-30 3.4671347655665938e-124 1.1672422252692461e-26
215.0 6.108900271602926e-21 2.111908893820867e-23 4.650263359768837e-30 7.036265846016212e-124 7.985700482883363e-27
216.0 3.9235422468948756e-21 1.3924683358240452e-23 3.291607609608716e-30 1.4130051511110114e-123 5.4609403862880996e-27
217.0 2.520345381216887e-21 9.180300218185717e-24 2.3281765687893456e-30 2.8083334448570364e-123 3.732821564890544e-27
218.0 1.619263365517781e-21 6.0520229754080425e-24 1.6455676820432303e-30 5.524959402182727e-123 2.5505575846629732e-27
219.0 1.0405422444905356e-21 3.989577351804309e-24 1.1623098294331972e-30 1.0761077006839322e-122 1.742102186469028e-27
220.0 6.687990448048116e-22 2.6299418642116938e-24 8.204430954347554e-31 2.0753820131832926e-122 1.1895013648350555e-27
221.0 4.2996588433601675e-22 1.733677993152817e-24 5.787742536306175e-31 3.9639135482629146e-122 8.11934666145564e-28
222.0 2.764924797408462e-22 1.1428879216552761e-24 4.080540098989403e-31 7.498959731634912e-122 5.540561775879126e-28
223.0 1.7784923062076013e-22 7.534621782354623e-25 2.875325792724629e-31 1.4053816318239176e-121 3.7798504655461713e-28
224.0 1.1443218623288458e-22 4.967654339152824e-25 2.0250251879741705e-31 2.6095667718916547e-121 2.5780707390416706e-28
225.0 7.365122274328397e-23 3.275538259600273e-25 1.4254779267973435e-31 4.801608608021359e-121 1.7580268334693001e-28
226.0 4.7419300636485383e-23 2.160053385719479e-25 1.0029741694387466e-31 8.756115211305298e-121 1.1986088291019178e-28
227.0 3.0540872079126105e-23 1.4246418933380223e-25 7.053918260287916e-32 1.5827181690393984e-120 8.170739655611969e-29
228.0 1.9677338422977567e-23 9.397559564371011e-26 4.959004643082979e-32 2.836109932793339e-120 5.569133258567402e-29
229.0 1.2682862125402691e-23 6.200135228183695e-26 3.4849277598777154e-32 5.038818920414389e-120 3.795477148130307e-29
230.0 8.177892319237339e-24 4.09140342921981e-26 2.4481596609054664e-32 8.877250400122283e-120 2.586471368323647e-29
231.0 5.275282874092335e-24 2.7004535343929734e-26 1.7192683831254127e-32 1.55106141693988e-119 1.7624681475058297e-29
232.0 3.404373957689254e-24 1.7827990457054142e-26 1.20702609199758e-32 2.688042254779534e-119 1.2009274417418882e-29
233.0 2.1979745076766536e-24 1.1772730557964351e-26 8.47167955652847e-33 4.621197556622437e-119 8.182830132430142e-30
234.0 1.4197390232820532e-24 7.776225082143299e-27 5.944466454567741e-33 7.882030853303732e-119 5.5755891972870696e-30
235.0 9.174899390266054e-25 5.137889519109274e-27 4.170202481557502e-33 1.333950553756015e-118 3.799158951964246e-30
236.0 5.932084443680224e-25 3.3957238966859765e-27 2.924909924606297e-33 2.240326215441178e-118 2.588823458400784e-30
237.0 3.8373615509367765e-25 2.2450129050020385e-27 2.051109869151376e-33 3.734252909097009e-118 1.7641857375873792e-30
238.0 2.483610651458208e-25 1.4847427274449047e-27 1.4381235720758553e-33 6.17827519403252e-118 1.2023240175167011e-30
239.0 1.6082945350876964e-25 9.82282356066836e-28 1.008193549758101e-33 1.014731314878636e-117 8.194875278272063e-31
240.0 1.0420406979227444e-25 6.501012133544329e-28 7.067103196010422e-34 1.6546401249049594e-117 5.5861793265931055e-31
241.0 6.755327499024058e-26 4.304192456896458e-28 4.953337793327892e-34 2.6789971697268314e-117 3.808439095890076e-31
242.0 4.381837292954927e-26 2.8508534154092603e-28 3.4715421891022887e-34 4.307287765836166e-117 2.5968479426283626e-31
243.0 2.8439342181211244e-26 1.8890213899434475e-28 2.432897130467053e-34 6.877717877595186e-117 1.7710098270484596e-31
244.0 1.8468921232927734e-26 1.2522290857129813e-28 1.7049453606335177e-34 1.0907840501706623e-116 1.2080301781911474e-31
245.0 1.2001272354116136e-26 8.304655509807348e-29 1.194788540881736e-34 1.7184285974433455e-116 8.24184066999942e-32
246.0 7.803362970684947e-27 5.510058922937477e-29 8.372858689335008e-35 2.689466087552225e-116 5.624285545632567e-32
247.0 5.0770323738637926e-27 3.6575761578311084e-29 5.867683710565878e-35 4.182012759823857e-116 3.838965135548418e-32
248.0 3.305341974145271e-27 2.4290621129161127e-29 4.1122335461623774e-35 6.461471525474855e-116 2.6210265690636636e-32
249.0 2.1533063633259008e-27 1.6139773434994471e-29 2.882137800120616e-35 9.920777262181421e-116 1.7899700651135789e-32
250.0 1.403727184148011e-27 1.0729393025452167e-29 2.0201573237114373e-35 1.5138011339417111e-115 1.2227669588381e-32
251.0 9.156962759547204e-28 7.136363930549316e-30 1.4161085647468223e-35 2.2958357079423915e-115 8.355482847359923e-33
252.0 5.977454993645457e-28 4.749064027789191e-30 9.927869930172261e-36 3.4609948538825913e-115 5.711307526385922e-33
253.0 3.9046443275589505e-28 3.162082692460474e-30 6.960988067465847e-36 5.186661661761395e-115 3.9051861612006744e-33
254.0 2.5524133433545166e-28 2.1065774323367127e-30 4.8814397950038564e-36 7.727512264252776e-115 2.671136425838765e-33
255.0 1.669663100959022e-28 1.4041883415449607e-30 3.423686795296648e-36 1.1447052349180627e-114 1.82769752805576e-33
256.0 1.0929967304110247e-28 9.36529883770296e-31 2.4016837398765987e-36 1.6861125232155297e-114 1.2510428004155874e-33
257.0 7.160194134340797e-29 6.249866696918407e-31 1.6850772635970563e-36 2.469758462166783e-114 8.566533796067412e-34
258.0 4.6940780321373266e-29 4.173275842315172e-31 1.1825306327232622e-36 3.597766513045999e-114 5.868250211662591e-34
259.0 3.0796328096671027e-29 2.788334844673195e-31 8.300414666290517e-37 5.212630786449345e-114 4.021498573524661e-34
260.0 2.02196741812271e-29 1.864139572578008e-31 5.8275777705976005e-37 7.512090354524992e-114 2.757072437560237e-34
261.0 1.328554309245808e-29 1.2470436438046161e-31 4.09244849400404e-37 1.0769071834325097e-113 1.8910126392281373e-34
262.0 8.736101764958967e-30 8.347541095339879e-32 2.8746901770619638e-37 1.5358280814138607e-113 1.2975724046381365e-34
263.0 5.749001823131238e-30 5.591302901471825e-32 2.0198412581547244e-37 2.1791467246017592e-113 8.907677493735591e-35
264.0 3.786227328223215e-30 3.747561534545942e-32 1.4196045067779956e-37 3.0763944752407013e-113 6.117835138559447e-35
265.0 2.4955334874995927e-30 2.513445548009031e-32 9.980375364218194e-38 4.321563211172044e-113 4.203741758439059e-35
266.0 1.6461352228941517e-30 1.686858705273643e-32 7.018771007065914e-38 6.04107340464634e-113 2.889906063533099e-35
267.0 1.0867154229470364e-30 1.132869583593695e-32 4.937591518037026e-38 8.404121910211945e-113 1.9876742746309852e-35
268.0 7.179878833130404e-31 7.613362073762898e-33 3.474675135662322e-38 1.1636052071831262e-112 1.367806773143321e-35
269.0 4.747577068861036e-31 5.1200204117960905e-33 2.4460378761772437e-38 1.6035542430724086e-112 9.4173013961167e-36
270.0 3.141833293410733e-31 3.445630741864119e-33 1.7225304863807186e-38 2.199659542039665e-112 6.487157160180908e-36
271.0 2.080908385015751e-31 2.3204419737427916e-33 1.213473111395317e-38 3.003652910569285e-112 4.47108102214127e-36
272.0 1.379379975180637e-31 1.5637979816858212e-33 8.551799726081126e-39 4.0831438938568516e-112 3.0832211375911694e-36
273.0 9.151206534372545e-32 1.0546332854049398e-33 6.02911438824395e-39 5.526090888948957e-112 2.127328556590737e-36
274.0 6.076290871986122e-32 7.117640364727725e-34 4.2522870290522934e-39 7.446411892153951e-112 1.4686079571292607e-36
275.0 4.0380037057048414e-32 4.80714383097195e-34 3.000329619634017e-39 9.990992584451497e-112 1.0144301619893665e-36
276.0 2.6857461386854345e-32 3.249057452034804e-34 2.117858392369852e-39 1.3348399478916798e-111 7.011111376263653e-37
277.0 1.7878676032213384e-32 2.1976041864472114e-34 1.4955829968233812e-39 1.775966368937466e-111 4.848455248473185e-37
278.0 1.1911868420223659e-32 1.4875305645855669e-34 1.0566077068812944e-39 2.353156735473332e-111 3.3548647574407704e-37
279.0 7.943291120911307e-33 1.007648635197566e-34 7.468107983615708e-40 3.1052940703403487e-111 2.322763249498099e-37
280.0 5.301502696329641e-33 6.830956593020346e-35 5.280861457877311e-40 4.081456399340398e-111 1.60914912779214e-37
281.0 3.5414180631620794e-33 4.6343136346350664e-35 3.735941324778677e-40 5.3433365914604476e-111 1.1154551046866692e-37
282.0 2.367755421953649e-33 3.1464660399414786e-35 2.6442348998160357e-40 6.968171923547495e-111 7.737048177958702e-38
283.0 1.5844537782230374e-33 2.1379452248103122e-35 1.8724415457739207e-40 9.052275618370418e-111 5.369931964329179e-38
284.0 1.0612238533777714e-33 1.4538114934885455e-35 1.326563983726294e-40 1.1715276082297013e-110 3.729368811733772e-38
285.0 7.114111480894459e-34 9.893720839200817e-36 9.40292981425476e-41 1.5105184393826124e-110 2.5916578788874243e-38
286.0 4.77333643630095e-34 6.738344375779821e-36 6.668321383828793e-41 1.9404426789966827e-110 1.8021810991015534e-38
287.0 3.205623871121146e-34 4.592938712720983e-36 4.731418683036169e-41 2.4836996465069928e-110 1.2540076347102502e-38
288.0 2.154733610788994e-34 3.1330969394289376e-36 3.3588520874857843e-41 3.167689791154864e-110 8.731430729179054e-39
289.0 1.4496608934594773e-34 2.1389691628919796e-36 2.385712199311413e-41 4.025807723912894e-110 6.083542527304612e-39
290.0 9.761854505241825e-35 1.4614516000891904e-36 1.6954143290189492e-41 5.0986053320405796e-110 4.241465489706308e-39
291.0 6.57949420265683e-35 9.99344499825747e-37 1.2054998186858712e-41 6.435148709870897e-110 2.959142387292975e-39
292.0 4.438621437153362e-35 6.839092634210981e-37 8.576197065900953e-42 8.094594979184867e-110 2.0658963970527427e-39
293.0 2.9970930081153917e-35 4.6842034831080745e-37 6.10465861805656e-42 1.0148017481895256e-109 1.4432651057927358e-39
294.0 2.02558231830669e-35 3.2109127591738056e-37 4.347801367864099e-42 1.268051028068194e-109 1.0089756059658922e-39
295.0 1.3702447071621487e-35 2.2028157359643628e-37 3.0982914631936145e-42 1.5793605368697537e-109 7.0585292985835814e-40
296.0 9.27781857919609e-36 1.5124677239135703e-37 2.209131767043096e-42 1.9608038431277693e-109 4.94138547673753e-40
297.0 6.287732043939617e-36 1.0393304669967931e-37 1.5760507169442114e-42 2.426690137949045e-109 3.461673473518981e-40
298.0 4.2652396285719477e-36 7.147959166255105e-38 1.12504618144649e-42 2.993922214092594e-109 2.42676741062254e-40
299.0 2.8959756990702154e-36 4.920084275044001e-38 8.035712923821948e-43 3.6824014295968525e-109 1.7024590437433422e-40
300.0 1.968109334571586e-36 3.3894267883718883e-38 5.7429445460194495e-43 4.5154841032027545e-109 1.1951801590270284e-40
301.0 1.3387734095662627e-36 2.3369225726353336e-38 4.106796272927104e-43 5.520493949355154e-109 8.39653151051074e-41
302.0 9.115262059082652e-37 1.6126042660236732e-38 2.938543611929292e-43 6.72929528684639e-109 5.903069832327635e-41
303.0 6.2120665172816185e-37 1.1137243567106083e-38 2.103892879189212e-43 8.178931840510354e-109 4.153066860114167e-41
304.0 4.237488037617516e-37 7.698303596765211e-39 1.507230261751983e-43 9.912335992907442e-109 2.9239801928682216e-41
305.0 2.8932560746273532e-37 5.325748821554638e-39 1.0804434045183919e-43 1.1979113325696176e-108 2.0601359335729074e-41
306.0 1.9772963938081996e-37 3.6875297730464625e-39 7.749840355070189e-44 1.4436407211365862e-108 1.4525619717607602e-41
307.0 1.3525821754325416e-37 2.5554091068166826e-39 5.562290013338802e-44 1.7349848068333817e-108 1.024925147042711e-41
308.0 9.261108348004979e-38 1.7723773136197997e-39 3.9947205916531566e-44 2.079459166961279e-108 7.237183900033063e-42
309.0 6.347023223055334e-38 1.230335402205435e-39 2.870733037306141e-44 2.4856450590934106e-108 5.114089154290144e-42
310.0 4.353969549406135e-38 8.547973449349316e-40 2.0643079526391878e-44 2.9633122493034106e-108 3.616507808175045e-42
311.0 2.9895731907276903e-38 5.943958723425386e-40 1.4853645348765938e-44 3.523551844948159e-108 2.559376025204738e-42
312.0 2.0546686104610023e-38 4.1367760795187904e-40 1.0694735716057386e-44 4.178919395230657e-108 1.8126062471311675e-42
313.0 1.4134597010297047e-38 2.8815253421627307e-40 7.705254906137517e-45 4.943588454922932e-108 1.2846907412943273e-42
314.0 9.732722628423764e-39 2.0088968133148954e-40 5.555016679152367e-45 5.833514728709402e-108 9.112142037306102e-43
315.0 6.708025778469453e-39 1.4017420152853436e-40 4.0074354340025447e-45 6.866610825501552e-108 6.4680014320862474e-43
316.0 4.6276948825261126e-39 9.789360194621116e-41 2.8928896674499504e-45 8.062931553916905e-108 4.5946073940739625e-43
317.0 3.195541444713113e-39 6.842530292260038e-41 2.089693969665996e-45 9.444869582055468e-108 3.2663015118752487e-43
318.0 2.208686266444293e-39 4.786915521602387e-41 1.5104983619929445e-45 1.1037361167253032e-107 2.3237775577697543e-43
319.0 1.528035733753002e-39 3.351751321456309e-41 1.0925612679168143e-45 1.2868101535054039e-107 1.6544896801501978e-43
320.0 1.0581395060566684e-39 2.3489033694420403e-41 7.907887699251192e-46 1.4967769352127073e-107 1.1788690702588394e-43
321.0 7.3343611899095475e-40 1.6475407279027543e-41 5.72750494176355e-46 1.737025959597716e-107 8.406201971605645e-44
322.0 5.08852112410123e-40 1.156605075945995e-41 4.15108696266073e-46 2.011292397634366e-107 5.998843076113085e-44
323.0 3.5337086914384905e-40 8.126662102604073e-42 3.010583120334549e-46 2.323681791016035e-107 4.2841954688954516e-44
324.0 2.456290373074623e-40 5.7150193185626474e-42 2.184906495119276e-46 2.6786952895523742e-107 3.062004145695618e-44
325.0 1.7089854427499687e-40 4.022553061771904e-42 1.586753640178634e-46 3.081255297163953e-107 2.1901687710781626e-44
326.0 1.1901633929004498e-40 2.8337699920052444e-42 1.1531385671185327e-46 3.53673137929853e-107 1.5677804954664329e-44
327.0 8.296295767562564e-41 1.9980496607909055e-42 8.385901029129749e-47 4.0509662688732637e-107 1.1231281736460806e-44
328.0 5.788567477423235e-41 1.4100253681107105e-42 6.102602253825725e-47 4.63030179247936e-107 8.052120495096892e-45
329.0 4.042658039472451e-41 9.959249544713441e-43 4.444043641879545e-47 5.281604523756272e-107 5.777348225411404e-45
330.0 2.825997152860623e-41 7.040530584596602e-43 3.238472897682393e-47 6.012290956770817e-107 4.1484378395813006e-45
331.0 1.977356567354122e-41 4.981535979443675e-43 2.3615745984343213e-47 6.830351979126503e-107 2.981115382888476e-45
332.0 1.3848621545657507e-41 3.527769934767663e-43 1.7233093138662168e-47 7.744376412585725e-107 2.143934461845349e-45
333.0 9.708141448611552e-42 2.5004392551683895e-43 1.258420099973521e-47 8.763573378425968e-107 1.543060949901493e-45
334.0 6.81197931361217e-42 1.7738274735930023e-43 9.19580068178339e-48 9.897793235756175e-107 1.1114599492480901e-45
335.0 4.7842942876368056e-42 1.2594629059745459e-43 6.724431266577148e-48 1.1157546833809673e-106 8.012056322092809e-46
336.0 3.363329639267872e-42 8.950312872302836e-44 4.920670191290193e-48 1.2554022813963423e-106 5.780080107830628e-46
337.0 2.3666148740065198e-42 6.36604579737949e-44 3.603264943696782e-48 1.4099102694064871e-106 4.173146504986747e-46
338.0 1.66683248067522e-42 4.531895185612721e-44 2.6404132105928892e-48 1.5805373466783104e-106 3.01532071500607e-46
339.0 1.1750656037355982e-42 3.2290021991316553e-44 1.9362072848219806e-48 1.7686137445180234e-106 2.1804376167725545e-46
340.0 8.291586441355922e-43 2.3026875760419407e-44 1.420811672831572e-48 1.975541909272085e-106 1.5779536376508237e-46
341.0 5.856229102445029e-43 1.6435377135460332e-44 1.043341133450613e-48 2.202796858151001e-106 1.1428397806186568e-46
342.0 4.140024590473869e-43 1.1740918555761663e-44 7.66693345843629e-49 2.4519261831758727e-106 8.283561303283037e-47
343.0 2.929488054414557e-43 8.394637892824723e-45 5.637972931479615e-49 2.7245496797368774e-106 6.008824690469156e-47
344.0 2.0748370079909447e-43 6.007296608166533e-45 4.1488769731039125e-49 3.0223585777068168e-106 4.3621713838449736e-47
345.0 1.470886500412948e-43 4.3026211409631117e-45 3.0552357606001785e-49 3.347114354764504e-106 3.1692513723725344e-47
346.0 1.0437024979050629e-43 3.084350670752236e-45 2.2514681070228072e-49 3.7006471135645715e-106 2.304365808263678e-47
347.0 7.412694717237399e-44 2.2129452566617433e-45 1.660328569904979e-49 4.0848535065975187e-106 1.6768217954193844e-47
348.0 5.269589298217875e-44 1.5891084023421735e-45 1.225264077101194e-49 4.501694195052068e-106 1.221133393770503e-47
349.0 3.749540945665324e-44 1.1421205419225994e-45 9.04842522112617e-50 4.9531908306521615e-106 8.899793949773256e-48
350.0 2.6704196335467276e-44 8.215718372069187e-46 6.686889433875549e-50 5.441422552327762e-106 6.491384862388792e-48
351.0 1.9036205795908898e-44 5.9149887996451595e-46 4.945193600251242e-50 5.9685219926268e-106 4.73843822871572e-48
352.0 1.3582512404264777e-44 4.262227977170243e-46 3.659743288630735e-50 6.5366707919915e-106 3.461572429403994e-48
353.0 9.700140605315645e-45 3.0739256430187314e-46 2.7103554244001135e-50 7.148094622371731e-106 2.530764970278411e-48
354.0 6.933834878853398e-45 2.2188274296639775e-46 2.008677783690607e-50 7.805057725094831e-106 1.851698333312492e-48
355.0 4.9609613233194436e-45 1.602974881496675e-46 1.489713660719922e-50 8.509856971440242e-106 1.3559026399628159e-48
356.0 3.552666072148796e-45 1.1590507515446368e-46 1.1056149033315296e-50 9.264815457947727e-106 9.936339644348077e-49
357.0 2.5464693077150187e-45 8.387842003759435e-47 8.211331273415844e-51 1.0072275652058837e-105 7.287251953151978e-49
358.0 1.8269106637641357e-45 6.075325845513893e-47 6.102838721934198e-51 1.0934592107293756e-105 5.3486027666386396e-49
359.0 1.3118683914692674e-45 4.404128038804875e-47 4.538986059241207e-51 1.1854123770655179e-105 3.928763227618286e-49
360.0 9.428803659345636e-46 3.195367320716067e-47 3.3782705476103765e-51 1.2833225908421992e-105 2.8880855506901736e-49
361.0 6.782902061666895e-46 2.320339790782836e-47 2.5161619741753344e-51 1.3874241679805443e-105 2.1247246416296733e-49
362.0 4.883895723817969e-46 1.6863657457665668e-47 1.8753887271973756e-51 1.4979493391141037e-105 1.5643479628393036e-49
363.0 3.519721845064654e-46 1.2266503028631266e-47 1.398789865643402e-51 1.6151273466290227e-105 1.1526616898498898e-49
364.0 2.53887115199153e-46 8.930134471976602e-48 1.0440517745248442e-51 1.7391835171763346e-105 8.499782653648507e-50
365.0 1.833000387936054e-46 6.506731122729939e-48 7.798298829102334e-52 1.870338313761303e-105 6.272647788077657e-50
366.0 1.3245649050871746e-46 4.7449839669081053e-48 5.828890116598515e-52 2.0088063717534758e-105 4.632663407522995e-50
367.0 9.580141545601844e-47 3.4631638977822435e-48 4.359933683139489e-52 2.1547955233637086e-105 3.424104286384523e-50
368.0 6.935180940597033e-47 2.5297471748464206e-48 3.2634860835949212e-52 2.308505815308696e-105 2.532790252142831e-50
369.0 5.024930292891033e-47 1.8494659125611263e-48 2.4445073284569925e-52 2.4701285245350805e-105 1.8749387161258506e-50
370.0 3.6440794583138436e-47 1.3532562133281788e-48 1.8323500061325294e-52 2.63984517698075e-105 1.3890252000558752e-50
371.0 2.6450284947889355e-47 9.91008898858857e-49 1.3744623125749218e-52 2.81782657443293e-105 1.029835706533582e-50
372.0 1.9215724039001947e-47 7.26337110665423e-49 1.0317259047695391e-52 3.0042318345892467e-105 7.641174239380363e-51
373.0 1.397224477727025e-47 5.327965314905321e-49 7.750017824830714e-53 3.1992074494321763e-105 5.673958410427049e-51
374.0 1.0168521173575393e-47 3.911526971006067e-49 5.825694300835091e-53 3.402886367003793e-105 4.216437052718467e-51
375.0 7.406801862027393e-48 2.8740370087383907e-49 4.38226915822892e-53 3.615387101610224e-105 3.1357255889300115e-51
376.0 5.399879964329378e-48 2.1134830179191565e-49 3.2988039106214576e-53 3.836812877381972e-105 2.3337963265040065e-51
377.0 3.94018903317488e-48 1.5554814355262408e-49 2.484962073349334e-53 4.067250809995434e-105 1.738280397706474e-51
378.0 2.877588576829747e-48 1.1457499337531076e-49 1.8732189531902494e-53 4.306771131190401e-105 1.2957111256762583e-51
379.0 2.1033819646612902e-48 8.44642744580586e-50 1.413066260512875e-53 4.555426460531954e-105 9.665570708696406e-52
380.0 1.5388082207855147e-48 6.2318033028132435e-50 1.0666977861743015e-53 4.8132511286342565e-105 7.215679763757391e-52
381.0 1.1267481554793994e-48 4.601624073905259e-50 8.057954481685108e-54 5.0802605558172855e-105 5.3908456592335396e-52
382.0 8.257418823636017e-49 3.4006700661901695e-50 6.091334224286526e-54 5.356450689890991e-105 4.030564724663765e-52
383.0 6.056698522443771e-49 2.51520310821869e-50 4.6079090170834606e-54 5.64179750644388e-105 3.0158080854742052e-52
384.0 4.446321576100587e-49 1.8618129817001413e-50 3.4881796125388697e-54 5.9362565747151284e-105 2.2582381477464285e-52
385.0 3.2669172024186904e-49 1.3792808344059637e-50 2.6423897876591975e-54 6.2397626917651666e-105 1.6922457900162567e-52
386.0 2.4024082109442326e-49 1.022638691991312e-50 2.0030769515583124e-54 6.5522295873049266e-105 1.2690660577553469e-52
387.0 1.768177922804414e-49 7.58828827981564e-51 1.5194999622895553e-54 6.873549701185646e-105 9.52426584834032e-53
388.0 1.3024908187219232e-49 5.635295692887498e-51 1.1534682671680077e-54 7.203594035140527e-105 7.153271130000756e-53
389.0 9.602669503994926e-50 4.1883221831551716e-51 8.762178293871674e-55 7.542212080010812e-105 5.376543383599096e-53
390.0 7.085605211982641e-50 3.115395103509041e-51 6.660695312814624e-55 7.889231819263758e-105 4.0441411039941948e-53
391.0 5.232733625124238e-50 2.3191831613944876e-51 5.0667287726587616e-55 8.244459809225624e-105 3.0442022478256257e-53
392.0 3.867640112403615e-50 1.7278459215554963e-51 3.856878020909076e-55 8.607681336054342e-105 2.2932116140062856e-53
393.0 2.8610686446707735e-50 1.2883154015958587e-51 2.9379462869832562e-55 8.978660649080023e-105 1.7287713454391903e-53
394.0 2.1182359335366635e-50 9.613594066934802e-52 2.2394998247664443e-55 9.357141269742054e-105 1.3042268247502722e-53
395.0 1.5695792538215633e-50 7.179511953857031e-52 1.7082718030614345e-55 9.742846374997674e-105 9.846688560590017e-54
396.0 1.1640029055671362e-50 5.365976778996348e-52 1.3039507449698455e-55 1.0135479253666914e-104 7.43957489536309e-54
397.0 8.639444172674442e-51 4.013715036169774e-52 9.960088197289687e-56 1.0534723833870385e-104 5.625047848249699e-54
398.0 6.41767158169998e-51 3.004604512504388e-52 7.613116309409581e-56 1.0940245279329708e-104 4.256217722405437e-54
399.0 4.771205738816146e-51 2.2509729535379575e-52 5.823157292971644e-56 1.1351690652006041e-104 3.2228514621444267e-54
400.0 3.55006894517074e-51 1.687697335717994e-52 4.457084201277949e-56 1.1768689638239888e-104 2.4421644372778734e-54
401.0 2.643640731936476e-51 1.266366227099668e-52 3.41380645054903e-56 1.2190855335266366e-104 1.8519403259979756e-54
402.0 1.970262534102714e-51 9.509631284434392e-53 2.616508560012575e-56 1.2617785094719498e-104 1.4053867526821752e-54
403.0 1.4696055774043988e-51 7.146720109812881e-53 2.0067815424248904e-56 1.3049061419507246e-104 1.0672859853526359e-54
404.0 1.097062880601692e-51 5.375114698417041e-53 1.540182432883505e-56 1.348425291021259e-104 8.111125851727834e-55
405.0 8.196251826840454e-52 4.0458119312974827e-53 1.182872167550057e-56 1.3922915257001827e-104 6.168735484367628e-55
406.0 6.128456585572903e-52 3.047612607185468e-53 9.090682386488141e-57 1.4364592272835905e-104 4.6948867326811466e-55
407.0 4.586041543792954e-52 2.2974658672668327e-53 6.991133851870209e-57 1.4808816963667388e-104 3.5757515552826976e-55
408.0 3.434590041191896e-52 1.7332959698168548e-53 5.380103651984132e-57 1.5255112631174533e-104 2.7253487085335312e-55
409.0 2.5743102041177297e-52 1.3086691164464964e-53 4.143095908531634e-57 1.570299400350028e-104 2.0786846990485428e-55
410.0 1.931056129867784e-52 9.888252741620899e-54 3.192640874187829e-57 1.6151968389425652e-104 1.5865955415642808e-55
411.0 1.4496927285475341e-52 7.477233630436749e-54 2.4618710694378456e-57 1.6601536851334902e-104 1.211864810794465e-55
412.0 1.089188536368384e-52 5.658393378155149e-54 1.8996347335044725e-57 1.7051195392357458e-104 9.263001137697323e-56
413.0 8.18983580117585e-53 4.285240700205621e-54 1.466776232435102e-57 1.7500436153069328e-104 7.085297903487644e-56
414.0 6.162988415585793e-53 3.247777773327796e-54 1.1333028742713362e-57 1.7948748613172753e-104 5.423412305921436e-56
415.0 4.641416301933294e-53 2.4633464113281122e-54 8.762254715794773e-58 1.839562079364506e-104 4.154267804200856e-56
416.0 3.4982569092380138e-53 1.8697858595112135e-54 6.779113475477016e-58 1.8840540454927278e-104 3.184365904829394e-56
417.0 2.638723425989606e-53 1.4203145835484008e-54 5.248273556070292e-58 1.9282996286823454e-104 2.442627783210533e-56
418.0 1.9919389703196602e-53 1.0796987768915869e-54 4.065799271108568e-58 1.9722479085902792e-104 1.8749803158335528e-56
419.0 1.5048636617323476e-53 8.21381945878044e-55 3.151814786615027e-58 2.0158482916364452e-104 1.4402585546500591e-56
420.0 1.1377746186594533e-53 6.253328841442534e-55 2.444894365226066e-58 2.059050625041998e-104 1.107102368078608e-56
421.0 8.608991386463555e-54 4.764310336606726e-55 1.8977698090853752e-58 2.1018053084500015e-104 8.516043938630642e-57
422.0 6.519048884819345e-54 3.632541352210124e-55 1.4740436783927612e-58 2.1440634027725517e-104 6.555261698087837e-57
423.0 4.9402749584397615e-54 2.771672589434221e-55 1.1456709901797343e-58 2.1857767359282665e-104 5.0494424701009374e-57
424.0 3.7467257827340684e-54 2.116377853326488e-55 8.910284680548262e-59 2.2268980051570716e-104 3.892219289748181e-57
425.0 2.843711848960762e-54 1.6171991173694472e-55 6.934333017464702e-59 2.2673808756216967e-104 3.002277783600532e-57
426.0 2.1599870271956376e-54 1.236664439262679e-55 5.400060291082383e-59 2.307180075022996e-104 2.3174125988885818e-57
427.0 1.6419032421261847e-54 9.463622803757163e-56 4.207970309979964e-59 2.346251483983418e-104 1.790003959362068e-57
428.0 1.2490327515889834e-54 7.2473498385941155e-56 3.2811509502704927e-59 2.3845522219783758e-104 1.3835726598488966e-57
429.0 9.508870368730803e-55 5.554134146998573e-56 2.5601097187922888e-59 2.4220407286106953e-104 1.07015458580871e-57
430.0 7.24455723895809e-55 4.259591189106037e-56 1.998798915024079e-59 2.4586768400587072e-104 8.282984317268411e-58
431.0 5.523591808492146e-55 3.269135872091894e-56 1.561554417401982e-59 2.49442186054044e-104 6.415376484646343e-58
432.0 4.214607155851481e-55 2.510791199251932e-56 1.2207365906114296e-59 2.5292386286723833e-104 4.9722350585247026e-58
433.0 3.218232420112049e-55 1.9297447977581773e-56 9.549111169617271e-60 2.5630915786150538e-104 3.8563332408489725e-58
434.0 2.459243210093134e-55 1.4842255152590362e-56 7.474452879340238e-60 2.595946795925913e-104 2.992885254130621e-58
435.0 1.880651458304125e-55 1.142377707152027e-56 5.854241863306254e-60 2.6277720680619743e-104 2.324327853586883e-58
436.0 1.439252183792619e-55 8.798901093207724e-57 4.5881332952551976e-60 2.658536929499105e-104 1.8063242752006622e-58
437.0 1.1022655060579147e-55 6.781958386726071e-57 3.5981131968618886e-60 2.6882127014491006e-104 1.4047022012404953e-58
438.0 8.448026459241843e-56 5.2310497689819e-57 2.8234907050393493e-60 2.7167725261888185e-104 1.0931058537022609e-58
439.0 6.479522972943927e-56 4.037650355610845e-57 2.217021781261901e-60 2.7441913960221747e-104 8.511944597549563e-59
440.0 4.973344174540435e-56 3.1187011988579725e-57 1.741906843071033e-60 2.7704461769282195e-104 6.632590207532012e-59
441.0 3.8200645559709324e-56 2.4105886528837453e-57 1.3694638330573003e-60 2.795515626955026e-104 5.171595492552319e-59
442.0 2.936355201113108e-56 1.8645576202466444e-57 1.0773236466213074e-60 2.819380409446136e-104 4.035079844890927e-59
443.0 2.2587136306049357e-56 1.4432147175465246e-57 8.480297849445856e-61 2.8420231011958054e-104 3.1503957597791417e-59
444.0 1.738711185615094e-56 1.1178604931424233e-57 6.67951010642533e-61 2.8634281956499726e-104 2.46128943250336e-59
445.0 1.3393880300672711e-56 8.66452711000899e-58 5.264365204705012e-61 2.883582101278734e-104 1.9241726844130471e-59
446.0 1.0325166591956543e-56 6.72050332885067e-58 4.151591386459658e-61 2.9024731352645096e-104 1.5052491189945718e-59
447.0 7.965231648192654e-57 5.216239163536292e-58 3.276043704417863e-61 2.9200915126575814e-104 1.1782973193626797e-59
448.0 6.149070101756742e-57 4.05145510796208e-58 2.5867267921068203e-61 2.936429331165395e-104 9.22959748791578e-60
449.0 4.7503889601189255e-57 3.148918999262181e-58 2.043697067073875e-61 2.951480551748485e-104 7.23421128924732e-60
450.0 3.672455948795419e-57 2.4491080891037937e-58 1.6156484296836712e-61 2.96524097520673e-104 5.673869781399268e-60
451.0 2.8411274903388287e-57 1.9061167812746715e-58 1.2780295002337925e-61 2.977708214945472e-104 4.452936260559551e-60
452.0 2.1995333925570228e-57 1.4845171864966756e-58 1.0115744734156275e-61 2.988881666121243e-104 3.4969685270122844e-60
453.0 1.7040216795385247e-57 1.1569489939609457e-58 8.011560259399897e-62 2.9987624713638206e-104 2.747984574016927e-60
454.0 1.3210626100774116e-57 9.022679681334352e-59 6.348891355989473e-62 3.0073534832890213e-104 2.1607940253772356e-60
455.0 1.0248833243080437e-57 7.041226211922552e-59 5.0343050388554315e-62 3.014659224002002e-104 1.7001535811981753e-60
456.0 7.956594166714808e-58 5.498592977833505e-59 3.9943055799543205e-62 3.0206858418148143e-104 1.3385599740708213e-60
457.0 6.18131330346069e-58 4.296793245587618e-59 3.171045433228921e-62 3.02544106538181e-104 1.0545364640986846e-60
458.0 4.80545032759593e-58 3.3598975702168656e-59 2.5189662386801426e-62 3.0289341554724756e-104 8.31301659141043e-61
459.0 3.738404003832888e-58 2.629029185080201e-59 2.0021666409152626e-62 3.03117585459383e-104 6.55734696257682e-61
460.0 2.9102895449161846e-58 2.058503727072311e-59 1.59233842059374e-62 3.032178334674681e-104 5.175702950164983e-61
461.0 2.2671643955204704e-58 1.6128496425740777e-59 1.26714726847892e-62 3.0319551430229075e-104 4.0877222343175195e-61
462.0 1.7673627517112522e-58 1.2645068197111199e-59 1.0089616511515688e-62 3.030521146763313e-104 3.230453245639325e-61
463.0 1.3786793807789397e-58 9.920478825436371e-60 8.038543449327738e-63 3.027892475959074e-104 2.5545522140254928e-61
464.0 1.0762044627955637e-58 7.78802532871477e-60 6.408176838657114e-63 3.024086465621087e-104 2.021317533453541e-61
465.0 8.406578103181513e-59 6.117929062474707e-60 5.111464133747124e-63 3.0191215967965986e-104 1.6003756395604427e-61
466.0 6.571064090384541e-59 4.8090908299744604e-60 4.079520666422139e-63 3.0130174369304765e-104 1.267874144277921e-61
467.0 5.1397639625304e-59 3.7827016153558434e-60 3.257806096544385e-63 3.005794579685614e-104 1.0050701587681553e-61
468.0 4.022913587080349e-59 2.977288058268809e-60 2.6031121811844175e-63 2.997474584398195e-104 7.972266868770637e-62
469.0 3.150847093090305e-59 2.3448679784980217e-60 2.081188320825465e-63 2.988079915344766e-104 6.3274932509549e-62
470.0 2.469460517356749e-59 1.8479653009739864e-60 1.6648687546969532e-63 2.9776338809839126e-104 5.025105265264553e-62
471.0 1.9367074500078745e-59 1.4572907624242072e-60 1.3325945627183705e-63 2.96616057333525e-104 3.993203526007964e-62
472.0 1.5198900821671234e-59 1.1499387377919474e-60 1.0672465678343342e-63 2.953684807643889e-104 3.175117023046983e-62
473.0 1.1935637138881518e-59 9.079844267058543e-61 8.552232067007983e-64 2.940232062479207e-104 2.5261505838131023e-62
474.0 9.379147160018044e-60 7.173918046531587e-61 6.857115304348245e-64 2.92582842040268e-104 2.011032751521508e-62
475.0 7.37504136930155e-60 5.671629492692513e-61 5.501105546171135e-64 2.910500509332223e-104 1.60191203099704e-62
476.0 5.802938828515909e-60 4.486749664072617e-61 4.415748580716638e-64 2.894275444731274e-104 1.2767827218633378e-62
477.0 4.5689141806235425e-60 3.5516281453268214e-61 3.546531480989715e-64 2.8771807727279063e-104 1.0182474915811764e-62
478.0 3.5996356387348067e-60 2.813156682623784e-61 2.850018683932988e-64 2.8592444142765625e-104 8.125440677767309e-63
479.0 2.8378123832944005e-60 2.2296169516119163e-61 2.2915813969918022e-64 2.8404946104567396e-104 6.487792154132458e-63
480.0 2.2386565627028322e-60 1.7682172390510538e-61 1.8435963880487865e-64 2.8209598690013274e-104 5.183254920939907e-63
481.0 1.7671319823038634e-60 1.4031662638165934e-61 1.4840163170768439e-64 2.800668912135557e-104 4.1434590759117727e-63
482.0 1.395813163623796e-60 1.1141660645749646e-61 1.195234329271246e-64 2.7796506258032386e-104 3.3141914523913855e-63
483.0 1.1032182824392301e-60 8.852320415486526e-62 9.631818352745356e-65 2.7579340103462244e-104 2.6524389499962323e-63
484.0 8.7251025588494e-61 7.037685588525019e-62 7.766111842958844e-65 2.735548132699019e-104 2.1240546040358522e-63
485.0 6.904840242366792e-61 5.598443060197511e-62 6.265250202640695e-65 2.7125220801501228e-104 1.7019141431387566e-63
486.0 5.467764608232963e-61 4.456238988238397e-62 5.0572207279039756e-65 2.6888849157189086e-104 1.364459098798631e-63
487.0 4.3324957382714285e-61 3.5492175674831973e-62 4.0843542400033115e-65 2.664665635185187e-104 1.0945447345534498e-63
488.0 3.4350868367823244e-61 2.8285173639057813e-62 3.3004426328809586e-65 2.6398931258045332e-104 8.785284851643283e-64
489.0 2.7252579910087428e-61 2.2555179849417917e-62 2.6684407327504995e-65 2.6145961267386382e-104 7.055482751250154e-64
490.0 2.1634503627267354e-61 1.7996750695915797e-62 2.1586330092837252e-65 2.588803191218068e-104 5.669508318488696e-64
491.0 1.7185206307602588e-61 1.4368168483135326e-62 1.7471703056270573e-65 2.5625426504553017e-104 4.55838555766859e-64
492.0 1.3659353915136421e-61 1.1478030517679513e-62 1.4149012633234569e-65 2.5358425793143874e-104 3.6671015310577356e-64
493.0 1.0863562125567929e-61 9.174684498890284e-63 1.1464385807637654e-65 2.508730763744345e-104 2.9517546535793678e-64
494.0 8.645301237172883e-62 7.337901081629071e-63 9.294125060048971e-66 2.4812346699734726e-104 2.377290462915235e-64
495.0 6.884190686634435e-62 5.872305904428074e-63 7.538736944277623e-66 2.4533814154588806e-104 1.9157028092910923e-64
496.0 5.4851642536334895e-62 4.702196217708506e-63 6.118152860498395e-66 2.425197741581421e-104 1.544603979492242e-64
497.0 4.373100637125312e-62 3.767447770408714e-63 4.96790193011923e-66 2.3967099880733478e-104 1.246087439241255e-64
498.0 3.488602618882947e-62 3.020280700620694e-63 4.0360446421054053e-66 2.3679440691559743e-104 1.0058227967799208e-64
499.0 2.7846770703905962e-62 2.4227026321967489e-63 3.2807147180037815e-66 2.3389254513712443e-104 8.123351614434462e-65
500.0 2.224121932596438e-62 1.9444859731847337e-63 2.668147495449765e-66 2.3096791330765313e-104 6.564310038998181e-65
501.0 1.7774683625394613e-62 1.5615668604526265e-63 2.1710976904851134e-66 2.2802296255775627e-104 5.307404776496231e-65
502.0 1.421359105220819e-62 1.2547771074839397e-63 1.7675689612226849e-66 2.2506009358668997e-104 4.293523733989553e-65
503.0 1.1372698414040142e-62 1.0088393032454541e-63 1.4397932849091376e-66 2.2208165509337667e-104 3.475227946997294e-65
504.0 9.105003598091143e-63 8.115699849930965e-64 1.1734105906767761e-66 2.1908994236098677e-104 2.8144253705269875e-65
505.0 7.293781332832142e-63 6.532474320612905e-64 9.568090067917947e-67 2.1608719599108027e-104 2.2805123806750402e-65
506.0 5.846291992632794e-63 5.2610977838866075e-64 7.805939965635724e-67 2.1307560078362482e-104 1.8488881247861303e-65
507.0 4.6888090041728066e-63 4.239563493253225e-64 6.371609784653337e-67 2.1005728475807724e-104 1.4997662632961244e-65
508.0 3.7626861288203286e-63 3.4183080901586805e-64 5.2035107711574186e-67 2.070343183119877e-104 1.2172240486298585e-65
509.0 3.021245304060231e-63 2.7576918448308023e-64 4.251736899640235e-67 2.040087135118265e-104 9.884409183522472e-66
510.0 2.4273123696521654e-63 2.2259936740029073e-64 3.475827846517237e-67 2.009824235121155e-104 8.030884992193086e-66
511.0 1.9512646457463602e-63 1.797814853763579e-64 2.8429642713294087e-67 1.979573420976603e-104 6.528416461137725e-66
512.0 1.5694831324470217e-63 1.4528073927603407e-64 2.3265111062301484e-67 1.94935303344652e-104 5.309862867989037e-66
513.0 1.2631247539433594e-63 1.1746604576273669e-64 1.9048411381716276e-67 1.919180813953634e-104 4.3210473587289166e-66
514.0 1.0171478985893562e-63 9.502920250621606e-65 1.5603844612573313e-67 1.88907390341986e-104 3.518230374307201e-66
515.0 8.195385453348273e-64 7.692038416820176e-65 1.278860037560384e-67 1.859048842146472e-104 2.8660800032029187e-66
516.0 6.606953286332894e-64 6.229664086829237e-65 1.0486541590114867e-67 1.82912157068655e-104 2.3360406476430734e-66
517.0 5.329406149172724e-64 5.0480755008735484e-65 8.603174705155773e-68 1.7993074316631075e-104 1.9050211322515055e-66
518.0 4.301315433058221e-64 4.092835468182933e-65 7.061577306972844e-68 1.7696211724843332e-104 1.5543391389853322e-66
519.0 3.4735041338101464e-64 3.32016120437336e-65 5.799099197849353e-68 1.7400769489072262e-104 1.2688714329579854e-66
520.0 2.806580915068917e-64 2.6948196411897148e-65 4.764688686229179e-68 1.7106883294043106e-104 1.0363693951190001e-66
521.0 2.2689749621038286e-64 2.1884422908382584e-65 3.916724503143825e-68 1.6814683002845764e-104 8.469074125947437e-67
522.0 1.835369028590852e-64 1.77817528299915e-65 3.2212568400435904e-68 1.652429271524679e-104 6.9243810381081e-67
523.0 1.4854492794075664e-64 1.4455973121846402e-65 2.6505795892408806e-68 1.6235830832636942e-104 5.6643349805588314e-67
524.0 1.202907315241311e-64 1.1758518496571462e-65 2.1820708429820054e-68 1.5949410129181754e-104 4.635954065682282e-67
525.0 9.746430578693708e-65 9.569508104467598e-66 1.7972507784243537e-68 1.5665137828722903e-104 3.7962152061967084e-67
526.0 7.901277100140746e-65 7.792154945689613e-66 1.48101579141849e-68 1.5383115687037812e-104 3.1101641575833065e-67
527.0 6.408943576866276e-65 6.348274959305073e-66 1.2210155978198089e-68 1.5103440078998904e-104 2.5493876141718155e-67
528.0 5.201304112353257e-65 5.174677522838395e-66 1.0071463632554877e-68 1.482620209026992e-104 2.090777361206027e-67
529.0 4.22351343353843e-65 4.220262802129849e-66 8.311380450067615e-69 1.4551487613118153e-104 1.715530140503208e-67
530.0 3.4313936208695926e-65 3.4436862697136294e-66 6.862182695070448e-69 1.427937744597451e-104 1.4083378551577652e-67
531.0 2.789339788462166e-65 2.811478558586948e-66 5.668384161312137e-69 1.4009947396381936e-104 1.1567315525727735e-67
532.0 2.2686407315100367e-65 2.2965310661825743e-66 4.684502855835986e-69 1.3743268386935218e-104 9.505497116596514e-68
533.0 1.8461315772609207e-65 1.8768755066111673e-66 3.873239225653674e-69 1.3479406563933243e-104 7.815070607846944e-68
534.0 1.5031122093819864e-65 1.5346998313910958e-66 3.2039893680964437e-69 1.321842340834148e-104 6.4284474130409705e-68
535.0 1.2244785647325766e-65 1.2555543192685143e-66 2.6516310407783205e-69 1.296037584880432e-104 5.290463263498308e-68
536.0 9.980245248251207e-66 1.0277107469818782e-66 2.1955319383385932e-69 1.2705316376361917e-104 4.35607181373893e-68
537.0 8.138805956524031e-66 8.416448513469402e-67 1.8187391513831392e-69 1.2453293160599111e-104 3.5884705259372034e-68
538.0 6.640623286725958e-66 6.896181425772524e-67 1.5073163885247038e-69 1.220435016693579e-104 2.957577048029333e-68
539.0 5.421068316412061e-66 5.6533981948427514e-67 1.2498017645578282e-69 1.195852727479828e-104 2.4387899165817055e-68
540.0 4.4278002795870103e-66 4.636933006769309e-67 1.0367640108037484e-69 1.1715860396411847e-104 2.0119800231169757e-68
541.0 3.6184076768480217e-66 3.8051490699921905e-67 8.604390691889088e-70 1.1476381595973104e-104 1.6606694661879028e-68
542.0 2.9585064765370854e-66 3.1241465691506075e-67 7.144323689362334e-70 1.1240119208970822e-104 1.3713626412696967e-68
543.0 2.420206017052816e-66 2.5663108644231352e-67 5.934747989008484e-70 1.1007097961441134e-104 1.1330010747112207e-68
544.0 1.9808708598785254e-66 2.109135729770353e-67 4.932225969877346e-70 1.077733908895219e-104 9.365188908903124e-69
545.0 1.6221209706202782e-66 1.734269034890284e-67 4.1009317584215005e-70 1.055086045511321e-104 7.744801584001977e-69
546.0 1.3290239266216223e-66 1.4267384260176818e-67 3.4113036816664945e-70 1.0327676669440802e-104 6.407828889610246e-69
547.0 1.0894419268597646e-66 1.1743227344214676e-67 2.838937680506379e-70 1.0107799204405908e-104 5.304173208802391e-69
548.0 8.935036615741487e-67 9.670414269149771e-68 2.3636781727188088e-70 9.8912365114954e-105 4.392684355769043e-69
549.0 7.331769436488288e-67 7.96739721241232e-68 1.9688707875492705e-70 9.677994136147399e-105 3.639545344301605e-69
550.0 6.019226972971697e-67 6.567512706160843e-68 1.6407478662457366e-70 9.468074831421021e-105 3.016952275464092e-69
551.0 4.944146707666096e-67 5.416237765139976e-68 1.3679229068442328e-70 9.261478670264516e-105 2.5020342342848424e-69
552.0 4.063122714482056e-67 4.4689567798550166e-68 1.1409744471075299e-70 9.05820315627978e-105 2.0759691347984255e-69
553.0 3.340763602247341e-67 3.6891431877429037e-68 9.521034058794057e-71 8.858243332854587e-105 1.7232596184459872e-69
554.0 2.7481980423420763e-67 3.046878142777339e-68 7.948507859344035e-71 8.661591890576688e-105 1.4311397490936086e-69
555.0 2.261861672384845e-67 2.5176431261595763e-68 6.638649991930871e-71 8.468239272837561e-105 1.1890886470405733e-69
556.0 1.8625118962487833e-67 2.0813353507012367e-68 5.547100044553789e-71 8.278173779539386e-105 9.884315978051712e-70
557.0 1.5344273598162274e-67 1.7214644512401068e-68 4.637070271825164e-71 8.091381668834172e-105 8.22012748243543e-70
558.0 1.264757155044175e-67 1.4244967595832235e-68 3.878039243834101e-71 7.907847256832775e-105 6.839264158677668e-70
559.0 1.0429914799919355e-67 1.1793197869708848e-68 3.244673175560522e-71 7.727553015219851e-105 5.692964112839057e-70
560.0 8.60530870918052e-68 9.768046636830511e-69 2.715934854940714e-71 7.550479666726536e-105 4.740947092101806e-70
561.0 7.103354745995931e-68 8.09448443098453e-69 2.2743472134656155e-71 7.376606278421654e-105 3.9499238230418545e-70
562.0 5.866393457997333e-68 6.710815510683175e-69 1.9053844299210377e-71 7.205910352776344e-105 3.292370003996944e-70
563.0 4.84717598067053e-68 5.566284001219862e-69 1.5969682573203003e-71 7.038367916476141e-105 2.7455174964166545e-70
564.0 4.006965359385161e-68 4.6191141235287324e-69 1.3390512045853882e-71 6.873953606957988e-105 2.290523852205225e-70
565.0 3.313987579226828e-68 3.834905023206509e-69 1.123271442932403e-71 6.7126407566465494e-105 1.9117883356772282e-70
566.0 2.742167267545708e-68 3.1853154078319393e-69 9.42666968825684e-72 6.55440147488413e-105 1.5963883395891107e-70
567.0 2.2700952434779544e-68 2.646985153284793e-69 7.914387443788581e-72 6.39920672753642e-105 1.3336147905793543e-70
568.0 1.880184984625182e-68 2.2006507666043868e-69 6.647543370238117e-72 6.247026414281211e-105 1.1145889822611245e-70
569.0 1.5579831058928535e-68 1.8304195122810154e-69 5.585850625830783e-72 6.09782944357042e-105 9.319464205303344e-71
570.0 1.2916054562477348e-68 1.5231734597694623e-69 4.695708564930825e-72 5.951583805279578e-105 7.795758428598202e-71
571.0 1.0712757241021727e-68 1.2680799672337953e-69 3.9490810347237613e-72 5.8082566410452926e-105 6.52403685343722e-71
572.0 8.889477340928545e-69 1.0561894030289696e-69 3.322564846748907e-72 5.667814312312452e-105 5.462160028169294e-71
573.0 7.379961054305491e-69 8.80104403092318e-70 2.7966158469490574e-72 5.5302224660975324e-105 4.575112676724817e-71
574.0 6.129627770048753e-69 7.337078161595362e-70 2.3549056446458026e-72 5.395446098497365e-105 3.833786385246411e-71
575.0 5.093492101970412e-69 6.119388188420245e-70 1.9837867125712558e-72 5.2634496159579685e-105 3.2139724674714186e-71
576.0 4.234459566047529e-69 5.106085860931717e-70 1.6718474106282122e-72 5.13419689433278e-105 2.695528348666945e-71
577.0 3.521928053600388e-69 4.262484582872157e-70 1.409541658210916e-72 5.0076513357554455e-105 2.261687266319555e-71
578.0 2.930639688636074e-69 3.5598481818738485e-70 1.188880601173675e-72 4.88377592336279e-105 1.898486395280743e-71
579.0 2.439737796082095e-69 2.9743593168678385e-70 1.0031757864743726e-72 4.762533273887797e-105 1.5942928719775725e-71
580.0 2.0319919734852113e-69 2.4862685788068562e-70 8.468251496767566e-73 4.643885688173745e-105 1.3394107855946159e-71
581.0 1.693161001015687e-69 2.0791923139150903e-70 7.1513460329943e-73 4.5277951996300095e-105 1.1257551621454526e-71
582.0 1.4114688268172122e-69 1.7395329114987464e-70 6.041692413993365e-73 4.414223620673712e-105 9.465814035209016e-72
583.0 1.1771733570464401e-69 1.4559999804240948e-70 5.1062919217903794e-73 4.303132587198114e-105 7.962606508490584e-72
584.0 9.822114494720802e-70 1.219214677460575e-70 4.317459924469704e-73 4.194483601101113e-105 6.700931960898538e-72
585.0 8.199065083663583e-70 1.0213826000202716e-70 3.6519605564643287e-73 4.0882380709194e-105 5.641534302781215e-72
586.0 6.847275303393578e-70 8.560232404980371e-71 3.090283838200422e-73 3.984357350609488e-105 4.751609425734425e-72
587.0 5.7209045644298796e-70 7.1774612164768e-71 2.6160415386863976e-73 3.8828027765182154e-105 4.0037331345836627e-72
588.0 4.781943272853012e-70 6.020654757464602e-71 2.2154620678381368e-73 3.783535702582193e-105 3.3749691270232797e-72
589.0 3.9988608183364545e-70 5.052467630099645e-71 1.8769679921781533e-73 3.686517533808489e-105 2.84612646566906e-72
590.0 3.3454894146391576e-70 4.241795026870004e-71 1.5908225139971805e-73 3.591709758069974e-105 2.4011412259077865e-72
591.0 2.800102230189487e-70 3.5627185923215892e-71 1.3488335360806044e-73 3.4990739762691775e-105 2.0265613344170405e-72
592.0 2.3446516435873894e-70 2.993632233503988e-71 1.1441058309618384e-73 3.4085719309093947e-105 1.7111171961450787e-72
593.0 1.964139526676747e-70 2.5165168421459676e-71 9.70833411056034e-74 3.3201655331198506e-105 1.4453636725718503e-72
594.0 1.646096437456595e-70 2.1163382990473734e-71 8.241255082823654e-74 3.2338168881805867e-105 1.2213814288064412e-72
595.0 1.3801506935409064e-70 1.7805475871609884e-71 6.9986066391652485e-74 3.1494883195882434e-105 1.0325277002084269e-72
596.0 1.15767165517357e-70 1.4986655134000463e-71 5.945643387286548e-74 3.067142391712649e-105 8.732282138871697e-73
597.0 9.714743065885869e-71 1.2619375690460173e-71 5.053062108590902e-74 2.9867419310818953e-105 7.388033969380349e-73
598.0 8.155744934912327e-71 1.0630469586762991e-71 4.296139600127143e-74 2.9082500463454304e-105 6.25323161413887e-73
599.0 6.849860407290579e-71 8.958758913014672e-72 3.654008626661702e-74 2.8316301469553447e-105 5.2948551687998925e-73
600.0 5.7555250999801125e-71 7.553069317964475e-72 3.109049617397954e-74 2.756845960609027e-105 4.485150589163782e-73
601.0 4.83807621780653e-71 6.370576189122987e-72 2.6463794023552356e-74 2.683861549498328e-105 3.80078044149789e-73
602.0 4.068594070782672e-71 5.375427201468978e-72 2.2534213385569463e-74 2.6126413254041912e-105 3.2221131250195154e-73
603.0 3.422940125887953e-71 4.53759456305748e-72 1.91954372710505e-74 2.5431500636798374e-105 2.7326277450585453e-73
604.0 2.8809579036315475e-71 3.8319182489746776e-72 1.6357555529781038e-74 2.475352916161782e-105 2.3184156162310465e-73
605.0 2.425808863758302e-71 3.23730810582393e-72 1.3944503599194367e-74 2.4092154230518726e-105 1.9677625362500695e-73
606.0 2.0434202380910754e-71 2.736078166091723e-72 1.1891905612197863e-74 2.3447035238060552e-105 1.6707986014377443e-73
607.0 1.7220257419894792e-71 2.3133910322755456e-72 1.0145257319706668e-74 2.2817835670715088e-105 1.4192045246512877e-73
608.0 1.4517833772983426e-71 1.9567939368886428e-72 8.658394697607775e-75 2.220422319707647e-105 1.2059652397922424e-73
609.0 1.2244572507010663e-71 1.6558311903487094e-72 7.392202823844589e-75 2.16058697493053e-105 1.0251630962028224e-73
610.0 1.0331525721887183e-71 1.4017203048462002e-72 6.313526908970098e-75 2.1022451596153247e-105 8.718042123662217e-74
611.0 8.720948512844055e-72 1.187081219860612e-72 5.394253476095421e-75 2.0453649407934596e-105 7.416726139968196e-74
612.0 7.364458415167426e-72 1.0057098294328983e-72 4.610534808055101e-75 1.9899148313782146e-105 6.312076621597334e-74
613.0 6.22150052260511e-72 8.52388484927509e-73 3.942134073097406e-75 1.935863795153723e-105 5.374010118485577e-74
614.0 5.258066974504979e-72 7.227273713293807e-73 3.371872140833953e-75 1.8831812510602374e-105 4.5770995484701546e-74
615.0 4.4456282074399077e-72 6.130316727276708e-73 2.8851601206064586e-75 1.831837076806293e-105 3.8998451296745605e-74
616.0 3.7602405772323066e-72 5.201902887921453e-73 2.469604189269666e-75 1.7818016118424183e-105 3.3240607574239276e-74
617.0 3.181800934751659e-72 4.415825679217585e-73 2.114671403497038e-75 1.733045659723337e-105 2.8343573434994158e-74
618.0 2.69342369654729e-72 3.750001085141823e-73 1.811406979081736e-75 1.6855404898907206e-105 2.4177076264551185e-74
619.0 2.2809200649547253e-72 3.185811674799633e-73 1.5521950214239777e-75 1.6392578389049994e-105 2.0630794634888168e-74
620.0 1.9323624669690047e-72 2.707556213035383e-73 1.3305559536167758e-75 1.5941699111524363e-105 1.761126707828959e-74
621.0 1.637720116854724e-72 2.3019876339306662e-73 1.1409749498634727e-75 1.5502493790575673e-105 1.5039285281000457e-74
622.0 1.3885539633010195e-72 1.9579250357160372e-73 9.787565746844899e-76 1.507469382824189e-105 1.2847694937536507e-74
623.0 1.1777612399662112e-72 1.665927708177106e-73 8.39901579578591e-76 1.4658035297325682e-105 1.0979539802118032e-74
624.0 9.993614663218939e-73 1.4180211662303467e-73 7.210024411533499e-76 1.425225893016164e-105 9.38649477864743e-75
625.0 8.483170999843035e-73 1.2074668013003889e-73 6.19154757246431e-76 1.3857110103435556e-105 8.027542530742267e-75
626.0 7.203831687069879e-73 1.0285681296811112e-73 5.3188206614650824e-76 1.347233881925017e-105 6.867855340231419e-75
627.0 6.119811484533823e-73 8.7650775932967e-74 4.570720320676309e-76 1.309769968270015e-105 5.877850023373071e-75
628.0 5.2009313538278383e-73 7.472101509937816e-74 3.929222587317097e-76 1.2732951876144642e-105 5.032388818273648e-75
629.0 4.421730106654303e-73 6.372260474300359e-74 3.378942616968886e-76 1.2377859130391363e-105 4.310103443224019e-75
630.0 3.76071839743676e-73 5.436351116805718e-74 2.906743568313279e-76 1.2032189692992734e-105 3.692823126313985e-75
631.0 3.1997520020427884e-73 4.6396387355464625e-74 2.5014041371373825e-76 1.1695716293840143e-105 3.16509043257391e-75
632.0 2.723505099518216e-73 3.961165506133193e-74 2.153335843238852e-76 1.1368216108251182e-105 2.7137512587465745e-75
633.0 2.3190274243870837e-73 3.383167010765981e-74 1.8543425385722646e-76 1.1049470717715976e-105 2.32760750520122e-75
634.0 1.9753717875391697e-73 2.890579936677041e-74 1.597415758033084e-76 1.0739266068475824e-105 1.9971227344615102e-75
635.0 1.6832806607708107e-73 2.470626539032155e-74 1.3765605088510049e-76 1.0437392428102317e-105 1.7141726407543035e-75
636.0 1.4349223558134392e-73 2.1124637642755253e-74 1.1866469185842479e-76 1.0143644340231048e-105 1.4718334305079068e-75
637.0 1.2236688632018764e-73 1.8068868593451692e-74 1.0232838586835757e-76 9.85782057759188e-106 1.264202288079383e-75
638.0 1.0439086995528477e-73 1.5460789107768106e-74 8.827112503332433e-77 9.57972409349887e-106 1.0862450062423508e-75
639.0 8.908891853058913e-74 1.3233991160346746e-74 7.617082584408321e-77 9.309161971917382e-106 9.336666240019606e-76
640.0 7.605834733823167e-74 1.1332037297816943e-74 6.575150023192221e-77 9.045945376247205e-106 8.0280155772645e-76
641.0 6.495784013782405e-74 9.706945855447155e-75 5.677657696189477e-77 8.789889496956701e-106 6.90520254330427e-76
642.0 5.549798698815022e-74 8.317908979035686e-75 4.904320234288128e-77 8.540813498174395e-106 5.941498532389437e-76
643.0 4.74332977351384e-74 7.130207266681809e-75 4.2377374960735436e-77 8.298540463358876e-106 5.114067304867586e-76
644.0 4.055545844450663e-74 6.114290531789454e-75 3.6629790944870075e-77 8.062897340156266e-106 4.4033912479694477e-76
645.0 3.468763516830227e-74 5.244998971999969e-75 3.1672294773937372e-77 7.8337148845513e-106 3.792783212965934e-76
646.0 2.9679660556953945e-74 4.500903053719266e-75 2.7394846320186677e-77 7.610827604403689e-106 3.2679710161293344e-76
647.0 2.540396494613518e-74 3.8637438100486854e-75 2.3702928153830005e-77 7.394073702475054e-106 2.816743661442035e-76
648.0 2.17521354736286e-74 3.3179581030294176e-75 2.0515328440533276e-77 7.183295019020119e-106 2.4286500094382055e-76
649.0 1.8632005195763084e-74 2.850275804626384e-75 1.776224437398719e-77 6.978336974047427e-106 2.0947420264156354e-76
650.0 1.5965189643654297e-74 2.4493778763301754e-75 1.5383659250119584e-77 6.779048509310455e-106 1.8073559413964657e-76
651.0 1.3685001262499971e-74 2.105606034830438e-75 1.3327953229863476e-77 6.585282030115212e-106 1.5599256483797876e-76
652.0 1.1734683109935258e-74 1.8107161312741107e-75 1.1550713738737262e-77 6.396893347016119e-106 1.3468235469397619e-76
653.0 1.006591238523126e-74 1.5576685865549765e-75 1.0013716471273033e-77 6.213741617468311e-106 1.1632247390362707e-76
654.0 8.637532098767437e-75 1.3404502504517525e-75 8.684052239652268e-78 6.035689287491313e-106 1.004991114200648e-76
655.0 7.4144757044508845e-75 1.1539229181455602e-75 7.533378541679664e-78 5.862602033421835e-106 8.685723760802842e-77
656.0 6.366855002268262e-75 9.936944688100646e-76 6.537277818928113e-78 5.6943487037943e-106 7.509215050363486e-77
657.0 5.469186238341458e-75 8.560092087465656e-76 5.674707012832408e-78 5.530801261414882e-106 6.494225262593812e-77
658.0 4.699733223216023e-75 7.376545236785828e-76 4.927525273273563e-78 5.371834725675741e-106 5.618287709348251e-77
659.0 4.039949571305448e-75 6.358813863071573e-76 4.280088589260557e-78 5.217327115153252e-106 4.86210088040159e-77
660.0 3.4740049323852544e-75 5.483366386494665e-76 3.718901744178109e-78 5.067159390539228e-106 4.2090769371350105e-77
661.0 2.988382421187648e-75 4.7300528464431656e-76 3.2323193907617684e-78 4.921215397940643e-106 3.644955399974242e-77
662.0 2.571536421928158e-75 4.0816129595192866e-76 2.8102892292427707e-78 4.779381812593331e-106 3.1574725038049087e-77
663.0 2.2136016084346544e-75 3.523256603280011e-76 2.444131286280862e-78 4.641548083017563e-106 2.7360781036644817e-77
664.0 1.9061454257981047e-75 3.042305937696302e-76 2.126348158204229e-78 4.507606375651748e-106 2.3716932105917504e-77
665.0 1.641957466728227e-75 2.6278900016557264e-76 1.8504618216063182e-78 4.377451519997496e-106 2.056502256398132e-77
666.0 1.4148701792555423e-75 2.2706839995475344e-76 1.6108732461607328e-78 4.25098095429938e-106 1.7837750532720808e-77
667.0 1.2196061908517708e-75 1.9626866612134406e-76 1.4027415844913218e-78 4.1280946717879516e-106 1.5477141524048076e-77
668.0 1.0516482516396337e-75 1.6970300494970993e-76 1.2218801755597878e-78 4.008695167507473e-106 1.3433239345812568e-77
669.0 9.071284065347453e-76 1.4678170304995036e-76 1.0646669928173942e-78 3.8926873857557336e-106 1.166298301356594e-77
670.0 7.827335200743792e-76 1.2699823354085358e-76 9.279675060874671e-79 3.77997866814796e-106 1.0129242919562967e-77
671.0 6.756247128342321e-76 1.0991737488681823e-76 8.090682151597223e-79 3.6704787023258323e-106 8.799993402434788e-78
672.0 5.833686369077155e-76 9.516504736876976e-77 7.056193604777516e-79 3.564099471333331e-106 7.647602180127293e-78
673.0 5.038788302209103e-76 8.241961591604774e-77 6.155855281497838e-79 3.4607552036621834e-106 6.64821994025806e-78
674.0 4.3536565417496436e-76 7.140444521349759e-77 5.372030479878782e-79 3.360362323990236e-106 5.7812557985596795e-78
675.0 3.7629354356225944e-76 6.188152461807482e-77 4.689432387718606e-79 3.262839404618915e-106 5.028926398907116e-78
676.0 3.253444880942975e-76 5.36460073164264e-77 4.0948068821633806e-79 3.1681071176191926e-106 4.375868190049154e-78
677.0 2.8138682643050895e-76 4.652153104187884e-77 3.576658693966153e-79 3.076088187698315e-106 3.808803919012969e-78
678.0 2.434485707236335e-76 4.035620715037667e-77 3.1250149340170374e-79 2.9867073457895893e-106 3.316255667061068e-78
679.0 2.1069459613626316e-76 3.501918144330217e-77 2.7312208207640124e-79 2.8998912833745415e-106 2.8882978533172518e-78
680.0 1.824071286860129e-76 3.039768425444623e-77 2.3877631688408737e-79 2.815568607539725e-106 2.516344571097049e-78
681.0 1.5796904881712966e-76 2.639449935785271e-77 2.0881178188197072e-79 2.7336697967754147e-106 2.192966425976933e-78
682.0 1.3684959952969333e-76 2.2925791514967602e-77 1.8266177200874653e-79 2.654127157514388e-106 1.911732732559151e-78
683.0 1.1859214863846254e-76 1.9919241229339092e-77 1.5983388359463686e-79 2.576874781414304e-106 1.667075515717976e-78
684.0 1.0280370639841417e-76 1.731244274000727e-77 1.3990014328232397e-79 2.50184850338492e-106 1.4541722662625491e-78
685.0 8.914594369522279e-77 1.5051527652251848e-77 1.224884653109688e-79 2.428985860360535e-106 1.268844832750907e-78
686.0 7.732749341731166e-77 1.3089982039035132e-77 1.072752561470053e-79 2.358226050812858e-106 1.1074722011342082e-78
687.0 6.709734948730275e-77 1.1387629486655852e-77 9.39790104170091e-80 2.2895098950070395e-106 9.669152309757857e-79
688.0 5.823920516783825e-77 9.90975652104694e-78 8.235476358219402e-80 2.2227797959963903e-106 8.444516888023055e-79
689.0 5.0566595379358875e-77 8.626360236980931e-78 7.218928528535917e-80 2.1579797013507108e-106 7.37720152254415e-79
690.0 4.391872747556597e-77 7.51150084610518e-78 6.329691322064968e-80 2.0950550656192869e-106 6.44671558679854e-79
691.0 3.815690172552194e-77 6.5427443335147065e-78 5.5515941085698215e-80 2.0339528135179123e-106 5.635273434124325e-79
692.0 3.3161437083476643e-77 5.700682528245064e-78 4.870548598628643e-80 1.9746213038408077e-106 4.9274326029077684e-79
693.0 2.882903005510766e-77 4.9685197029031185e-78 4.274277084032905e-80 1.9170102940882227e-106 4.309781034557192e-79
694.0 2.5070484905164217e-77 4.331716366490931e-78 3.752076610048094e-80 1.8610709058047524e-106 3.7706665811369155e-79
695.0 2.1808762361568106e-77 3.77768224033003e-78 3.2946142678570884e-80 1.8067555906233118e-106 3.2999630130514816e-79
696.0 1.897730158053566e-77 3.2955115423250023e-78 2.8937494478804576e-80 1.7540180970060354e-106 2.8888675395015975e-79
697.0 1.6518576638470205e-77 2.875754677348927e-78 2.542379457534078e-80 1.7028134376757688e-106 2.5297255442649152e-79
698.0 1.4382854372268057e-77 2.510221264859475e-78 2.234305392737114e-80 1.6530978577322755e-106 2.2158788326123778e-79
699.0 1.2527125139362352e-77 2.191810149133393e-78 1.9641155718227444e-80 1.6048288034419535e-106 1.94153419554304e-79
700.0 1.0914182130730994e-77 1.9143626499611241e-78 1.7270842026360968e-80 1.55796489169667e-106 1.7016495367402026e-79
