200.0 0.0 0.0 0.0 0.0 0.0
201.0 0.0 0.0 0.0 0.0 0.0
202.0 0.0 0.0 0.0 0.0 0.0
203.0 0.0 0.0 0.0 0.0 0.0
204.0 0.0 0.0 0.0 0.0 0.0
205.0 0.0 0.0 0.0 0.0 0.0
206.0 0.0 0.0 0.0 0.0 0.0
207.0 0.0 0.0 0.0 0.0 0.0
208.0 0.0 0.0 0.0 0.0 0.0
209.0 0.0 0.0 0.0 0.0 0.0
210.0 0.0 0.0 0.0 0.0 0.0
211.0 0.0 0.0 0.0 0.0 0.0
212.0 0.0 0.0 0.0 0.0 0.0
213.0 0.0 0.0 0.0 0.0 0.0
214.0 0.0 0.0 0.0 0.0 0.0
215.0 0.0 0.0 0.0 0.0 0.0
216.0 0.0 0.0 0.0 0.0 0.0
217.0 0.0 0.0 0.0 0.0 0.0
218.0 0.0 0.0 0.0 0.0 0.0
219.0 0.0 0.0 0.0 0.0 0.0
220.0 0.0 0.0 0.0 0.0 0.0
221.0 0.0 0.0 0.0 0.0 0.0
222.0 0.0 0.0 0.0 0.0 0.0
223.0 0.0 0.0 0.0 0.0 0.0
224.0 0.0 0.0 0.0 0.0 0.0
225.0 0.0 0.0 0.0 0.0 0.0
226.0 0.0 0.0 0.0 0.0 0.0
227.0 0.0 0.0 0.0 0.0 0.0
228.0 0.0 0.0 0.0 0.0 0.0
229.0 0.0 0.0 0.0 0.0 0.0
230.0 0.0 0.0 0.0 0.0 0.0
231.0 0.0 0.0 0.0 0.0 0.0
232.0 0.0 0.0 0.0 0.0 0.0
233.0 0.0 0.0 0.0 0.0 0.0
234.0 0.0 0.0 0.0 0.0 0.0
235.0 0.0 0.0 0.0 0.0 0.0
236.0 0.0 0.0 0.0 0.0 0.0
237.0 0.0 0.0 0.0 0.0 0.0
238.0 0.0 0.0 0.0 0.0 0.0
239.0 0.0 0.0 0.0 0.0 0.0
240.0 0.0 0.0 0.0 0.0 0.0
241.0 0.0 0.0 0.0 0.0 0.0
242.0 0.0 0.0 0.0 0.0 0.0
243.0 0.0 0.0 0.0 0.0 0.0
244.0 0.0 0.0 0.0 0.0 0.0
245.0 0.0 0.0 0.0 0.0 0.0
246.0 0.0 0.0 0.0 0.0 0.0
247.0 0.0 0.0 0.0 0.0 0.0
248.0 0.0 0.0 0.0 0.0 0.0
249.0 0.0 0.0 0.0 0.0 0.0
250.0 0.0 0.0 0.0 0.0 0.0
251.0 0.0 0.0 0.0 0.0 0.0
252.0 0.0 0.0 0.0 0.0 0.0
253.0 0.0 0.0 0.0 0.0 0.0
254.0 0.0 0.0 0.0 0.0 0.0
255.0 0.0 0.0 0.0 0.0 0.0
256.0 0.0 0.0 0.0 0.0 0.0
257.0 0.0 0.0 0.0 0.0 0.0
258.0 0.0 0.0 0.0 0.0 0.0
259.0 0.0 0.0 0.0 0.0 0.0
260.0 0.0 0.0 0.0 0.0 0.0
261.0 0.0 0.0 0.0 0.0 0.0
262.0 0.0 0.0 0.0 0.0 0.0
263.0 0.0 0.0 0.0 0.0 0.0
264.0 0.0 0.0 0.0 0.0 0.0
265.0 0.0 0.0 0.0 0.0 0.0
266.0 0.0 0.0 0.0 0.0 0.0
267.0 0.0 0.0 0.0 0.0 0.0
268.0 0.0 0.0 0.0 0.0 0.0
269.0 0.0 0.0 0.0 0.0 0.0
270.0 0.0 0.0 0.0 0.0 0.0
271.0 0.0 0.0 0.0 0.0 0.0
272.0 0.0 0.0 0.0 0.0 0.0
273.0 0.0 0.0 0.0 0.0 0.0
274.0 0.0 0.0 0.0 0.0 0.0
275.0 0.0 0.0 0.0 0.0 0.0
276.0 0.0 0.0 0.0 0.0 0.0
277.0 0.0 0.0 0.0 0.0 0.0
278.0 0.0 0.0 0.0 0.0 0.0
279.0 0.0 0.0 0.0 0.0 0.0
280.0 0.0 0.0 0.0 0.0 0.0
281.0 0.0 0.0 0.0 0.0 0.0
282.0 0.0 0.0 0.0 0.0 0.0
283.0 0.0 0.0 0.0 0.0 0.0
284.0 0.0 0.0 0.0 0.0 0.0
285.0 0.0 0.0 0.0 0.0 0.0
286.0 0.0 0.0 0.0 0.0 0.0
287.0 0.0 0.0 0.0 0.0 0.0
288.0 0.0 0.0 0.0 0.0 0.0
289.0 0.0 0.0 0.0 0.0 0.0
290.0 0.0 0.0 0.0 0.0 0.0
291.0 0.0 0.0 0.0 0.0 0.0
292.0 0.0 0.0 0.0 0.0 0.0
293.0 0.0 0.0 0.0 0.0 0.0
294.0 0.0 0.0 0.0 0.0 0.0
295.0 0.0 0.0 0.0 0.0 0.0
296.0 0.0 0.0 0.0 0.0 0.0
297.0 0.0 0.0 0.0 0.0 0.0
298.0 0.0 0.0 0.0 0.0 0.0
299.0 0.0 0.0 0.0 0.0 0.0
300.0 0.0 0.0 0.0 0.0 0.0
301.0 0.0 0.0 0.0 0.0 0.0
302.0 0.0 0.0 0.0 0.0 0.0
303.0 0.0 0.0 0.0 0.0 0.0
304.0 0.0 0.0 0.0 0.0 0.0
305.0 0.0 0.0 0.0 0.0 0.0
306.0 0.0 0.0 0.0 0.0 0.0
307.0 0.0 0.0 0.0 0.0 0.0
308.0 0.0 0.0 0.0 0.0 0.0
309.0 0.0 0.0 0.0 0.0 0.0
310.0 0.0 0.0 0.0 0.0 0.0
311.0 0.0 0.0 0.0 0.0 0.0
312.0 0.0 0.0 0.0 0.0 0.0
313.0 0.0 0.0 0.0 0.0 0.0
314.0 0.0 0.0 0.0 0.0 0.0
315.0 0.0 0.0 0.0 0.0 0.0
316.0 0.0 0.0 0.0 0.0 0.0
317.0 0.0 0.0 0.0 0.0 0.0
318.0 0.0 0.0 0.0 0.0 0.0
319.0 0.0 0.0 0.0 0.0 0.0
320.0 0.0 0.0 0.0 0.0 0.0
321.0 0.0 0.0 0.0 0.0 0.0
322.0 0.0 0.0 0.0 0.0 0.0
323.0 0.0 0.0 0.0 0.0 0.0
324.0 0.0 0.0 0.0 0.0 0.0
325.0 0.0 0.0 0.0 0.0 0.0
326.0 0.0 0.0 0.0 0.0 0.0
327.0 0.0 0.0 0.0 0.0 0.0
328.0 0.0 0.0 0.0 0.0 0.0
329.0 0.0 0.0 0.0 0.0 0.0
330.0 0.0 0.0 0.0 0.0 0.0
331.0 0.0 0.0 0.0 0.0 0.0
332.0 0.0 0.0 0.0 0.0 0.0
333.0 0.0 0.0 0.0 0.0 0.0
334.0 0.0 0.0 0.0 0.0 0.0
335.0 0.0 0.0 0.0 0.0 0.0
336.0 0.0 0.0 0.0 0.0 0.0
337.0 0.0 0.0 0.0 0.0 0.0
338.0 0.0 0.0 0.0 0.0 0.0
339.0 0.0 0.0 0.0 0.0 0.0
340.0 0.0 0.0 0.0 0.0 0.0
341.0 0.0 0.0 0.0 0.0 0.0
342.0 0.0 0.0 0.0 0.0 0.0
343.0 0.0 0.0 0.0 0.0 0.0
344.0 0.0 0.0 0.0 0.0 0.0
345.0 0.0 0.0 0.0 0.0 0.0
346.0 0.0 0.0 0.0 0.0 0.0
347.0 0.0 0.0 0.0 0.0 0.0
348.0 0.0 0.0 0.0 0.0 0.0
349.0 0.0 0.0 0.0 0.0 0.0
350.0 0.0 0.0 0.0 0.0 0.0
351.0 0.0 0.0 0.0 0.0 0.0
352.0 0.0 0.0 0.0 0.0 0.0
353.0 0.0 0.0 0.0 0.0 0.0
354.0 0.0 0.0 0.0 0.0 0.0
355.0 0.0 0.0 0.0 0.0 0.0
356.0 0.0 0.0 0.0 0.0 0.0
357.0 0.0 0.0 0.0 0.0 0.0
358.0 0.0 0.0 0.0 0.0 0.0
359.0 0.0 0.0 0.0 0.0 0.0
360.0 0.0 0.0 0.0 0.0 0.0
361.0 0.0 0.0 0.0 0.0 0.0
362.0 0.0 0.0 0.0 0.0 0.0
363.0 0.0 0.0 0.0 0.0 0.0
364.0 0.0 0.0 0.0 0.0 0.0
365.0 0.0 0.0 0.0 0.0 0.0
366.0 0.0 0.0 0.0 0.0 0.0
367.0 0.0 0.0 0.0 0.0 0.0
368.0 0.0 0.0 0.0 0.0 0.0
369.0 0.0 0.0 0.0 0.0 0.0
370.0 0.0 0.0 0.0 0.0 0.0
371.0 0.0 0.0 0.0 0.0 0.0
372.0 0.0 0.0 0.0 0.0 0.0
373.0 0.0 0.0 0.0 0.0 0.0
374.0 0.0 0.0 0.0 0.0 0.0
375.0 0.0 0.0 0.0 0.0 0.0
376.0 0.0 0.0 0.0 0.0 0.0
377.0 0.0 0.0 0.0 0.0 0.0
378.0 0.0 0.0 0.0 0.0 0.0
379.0 0.0 0.0 0.0 0.0 0.0
380.0 0.0 0.0 0.0 0.0 0.0
381.0 0.0 0.0 0.0 0.0 0.0
382.0 0.0 0.0 0.0 0.0 0.0
383.0 0.0 0.0 0.0 0.0 0.0
384.0 0.0 0.0 0.0 0.0 0.0
385.0 0.0 0.0 0.0 0.0 0.0
386.0 0.0 0.0 0.0 0.0 0.0
387.0 0.0 0.0 0.0 0.0 0.0
388.0 0.0 0.0 0.0 0.0 0.0
389.0 0.0 0.0 0.0 0.0 0.0
390.0 0.0 0.0 0.0 0.0 0.0
391.0 0.0 0.0 0.0 0.0 0.0
392.0 0.0 0.0 0.0 0.0 0.0
393.0 0.0 0.0 0.0 0.0 0.0
394.0 0.0 0.0 0.0 0.0 0.0
395.0 0.0 0.0 0.0 0.0 0.0
396.0 0.0 0.0 0.0 0.0 0.0
397.0 0.0 0.0 0.0 0.0 0.0
398.0 0.0 0.0 0.0 0.0 0.0
399.0 0.0 0.0 0.0 0.0 0.0
400.0 0.0 0.0 0.0 0.0 0.0
401.0 0.0 0.0 0.0 0.0 0.0
402.0 0.0 0.0 0.0 0.0 0.0
403.0 0.0 0.0 0.0 0.0 0.0
404.0 0.0 0.0 0.0 0.0 0.0
405.0 0.0 0.0 0.0 0.0 0.0
406.0 0.0 0.0 0.0 0.0 0.0
407.0 0.0 0.0 0.0 0.0 0.0
408.0 0.0 0.0 0.0 0.0 0.0
409.0 0.0 0.0 0.0 0.0 0.0
410.0 0.0 0.0 0.0 0.0 0.0
411.0 0.0 0.0 0.0 0.0 0.0
412.0 0.0 0.0 0.0 0.0 0.0
413.0 0.0 0.0 0.0 0.0 0.0
414.0 0.0 0.0 0.0 0.0 0.0
415.0 0.0 0.0 0.0 0.0 0.0
416.0 0.0 0.0 0.0 0.0 0.0
417.0 0.0 0.0 0.0 0.0 0.0
418.0 0.0 0.0 0.0 0.0 0.0
419.0 0.0 0.0 0.0 0.0 0.0
420.0 0.0 0.0 0.0 0.0 0.0
421.0 0.0 0.0 0.0 0.0 0.0
422.0 0.0 0.0 0.0 0.0 0.0
423.0 0.0 0.0 0.0 0.0 0.0
424.0 0.0 0.0 0.0 0.0 0.0
425.0 0.0 0.0 0.0 0.0 0.0
426.0 0.0 0.0 0.0 0.0 0.0
427.0 0.0 0.0 0.0 0.0 0.0
428.0 0.0 0.0 0.0 0.0 0.0
429.0 0.0 0.0 0.0 0.0 0.0
430.0 0.0 0.0 0.0 0.0 0.0
431.0 0.0 0.0 0.0 0.0 0.0
432.0 0.0 0.0 0.0 0.0 0.0
433.0 0.0 0.0 0.0 0.0 0.0
434.0 0.0 0.0 0.0 0.0 0.0
435.0 0.0 0.0 0.0 0.0 0.0
436.0 0.0 0.0 0.0 0.0 0.0
437.0 0.0 0.0 0.0 0.0 0.0
438.0 0.0 0.0 0.0 0.0 0.0
439.0 0.0 0.0 0.0 0.0 0.0
440.0 0.0 0.0 0.0 0.0 0.0
441.0 0.0 0.0 0.0 0.0 0.0
442.0 0.0 0.0 0.0 0.0 0.0
443.0 0.0 0.0 0.0 0.0 0.0
444.0 0.0 0.0 0.0 0.0 0.0
445.0 0.0 0.0 0.0 0.0 0.0
446.0 0.0 0.0 0.0 0.0 0.0
447.0 0.0 0.0 0.0 0.0 0.0
448.0 0.0 0.0 0.0 0.0 0.0
449.0 0.0 0.0 0.0 0.0 0.0
450.0 0.0 0.0 0.0 0.0 0.0
451.0 0.0 0.0 0.0 0.0 0.0
452.0 0.0 0.0 0.0 0.0 0.0
453.0 0.0 0.0 0.0 0.0 0.0
454.0 0.0 0.0 0.0 0.0 0.0
455.0 0.0 0.0 0.0 0.0 0.0
456.0 0.0 0.0 0.0 0.0 0.0
457.0 0.0 0.0 0.0 0.0 0.0
458.0 0.0 0.0 0.0 0.0 0.0
459.0 0.0 0.0 0.0 0.0 0.0
460.0 0.0 0.0 0.0 0.0 0.0
461.0 0.0 0.0 0.0 0.0 0.0
462.0 0.0 0.0 0.0 0.0 0.0
463.0 0.0 0.0 0.0 0.0 0.0
464.0 0.0 0.0 0.0 0.0 0.0
465.0 0.0 0.0 0.0 0.0 0.0
466.0 0.0 0.0 0.0 0.0 0.0
467.0 0.0 0.0 0.0 0.0 0.0
468.0 0.0 0.0 0.0 0.0 0.0
469.0 0.0 0.0 0.0 0.0 0.0
470.0 0.0 0.0 0.0 0.0 0.0
471.0 0.0 0.0 0.0 0.0 0.0
472.0 0.0 0.0 0.0 0.0 0.0
473.0 0.0 0.0 0.0 0.0 0.0
474.0 0.0 0.0 0.0 0.0 0.0
475.0 0.0 0.0 0.0 0.0 0.0
476.0 0.0 0.0 0.0 0.0 0.0
477.0 0.0 0.0 0.0 0.0 0.0
478.0 0.0 0.0 0.0 0.0 0.0
479.0 0.0 0.0 0.0 0.0 0.0
480.0 0.0 0.0 0.0 0.0 0.0
481.0 0.0 0.0 0.0 0.0 0.0
482.0 0.0 0.0 0.0 0.0 0.0
483.0 0.0 0.0 0.0 0.0 0.0
484.0 0.0 0.0 0.0 0.0 0.0
485.0 0.0 0.0 0.0 0.0 0.0
486.0 0.0 0.0 0.0 0.0 0.0
487.0 0.0 0.0 0.0 0.0 0.0
488.0 0.0 0.0 0.0 0.0 0.0
489.0 0.0 0.0 0.0 0.0 0.0
490.0 0.0 0.0 0.0 0.0 0.0
491.0 0.0 0.0 0.0 0.0 0.0
492.0 0.0 0.0 0.0 0.0 0.0
493.0 0.0 0.0 0.0 0.0 0.0
494.0 0.0 0.0 0.0 0.0 0.0
495.0 0.0 0.0 0.0 0.0 0.0
496.0 0.0 0.0 0.0 0.0 0.0
497.0 0.0 0.0 0.0 0.0 0.0
498.0 0.0 0.0 0.0 0.0 0.0
499.0 0.0 0.0 0.0 0.0 0.0
500.0 0.0 0.0 0.0 0.0 0.0
501.0 0.0 0.0 0.0 0.0 0.0
502.0 0.0 0.0 0.0 0.0 0.0
503.0 0.0 0.0 0.0 0.0 0.0
504.0 0.0 0.0 0.0 0.0 0.0
505.0 0.0 0.0 0.0 0.0 0.0
506.0 0.0 0.0 0.0 0.0 0.0
507.0 0.0 0.0 0.0 0.0 0.0
508.0 0.0 0.0 0.0 0.0 0.0
509.0 0.0 0.0 0.0 0.0 0.0
510.0 0.0 0.0 0.0 0.0 0.0
511.0 0.0 0.0 0.0 0.0 0.0
512.0 0.0 0.0 0.0 0.0 0.0
513.0 0.0 0.0 0.0 0.0 0.0
514.0 0.0 0.0 0.0 0.0 0.0
515.0 0.0 0.0 0.0 0.0 0.0
516.0 0.0 0.0 0.0 0.0 0.0
517.0 0.0 0.0 0.0 0.0 0.0
518.0 0.0 0.0 0.0 0.0 0.0
519.0 0.0 0.0 0.0 0.0 0.0
520.0 0.0 0.0 0.0 0.0 0.0
521.0 0.0 0.0 0.0 0.0 0.0
522.0 0.0 0.0 0.0 0.0 0.0
523.0 0.0 0.0 0.0 0.0 0.0
524.0 0.0 0.0 0.0 0.0 0.0
525.0 0.0 0.0 0.0 0.0 0.0
526.0 0.0 0.0 0.0 0.0 0.0
527.0 0.0 0.0 0.0 0.0 0.0
528.0 0.0 0.0 0.0 0.0 0.0
529.0 0.0 0.0 0.0 0.0 0.0
530.0 0.0 0.0 0.0 0.0 0.0
531.0 0.0 0.0 0.0 0.0 0.0
532.0 0.0 0.0 0.0 0.0 0.0
533.0 0.0 0.0 0.0 0.0 0.0
534.0 0.0 0.0 0.0 0.0 0.0
535.0 0.0 0.0 0.0 0.0 0.0
536.0 0.0 0.0 0.0 0.0 0.0
537.0 0.0 0.0 0.0 0.0 0.0
538.0 0.0 0.0 0.0 0.0 0.0
539.0 0.0 0.0 0.0 0.0 0.0
540.0 0.0 0.0 0.0 0.0 0.0
541.0 0.0 0.0 0.0 0.0 0.0
542.0 0.0 0.0 0.0 0.0 0.0
543.0 0.0 0.0 0.0 0.0 0.0
544.0 0.0 0.0 0.0 0.0 0.0
545.0 0.0 0.0 0.0 0.0 0.0
546.0 0.0 0.0 0.0 0.0 0.0
547.0 0.0 0.0 0.0 0.0 0.0
548.0 0.0 0.0 0.0 0.0 0.0
549.0 0.0 0.0 0.0 0.0 0.0
550.0 0.0 0.0 0.0 0.0 0.0
551.0 0.0 0.0 0.0 0.0 0.0
552.0 0.0 0.0 0.0 0.0 0.0
553.0 0.0 0.0 0.0 0.0 0.0
554.0 0.0 0.0 0.0 0.0 0.0
555.0 0.0 0.0 0.0 0.0 0.0
556.0 0.0 0.0 0.0 0.0 0.0
557.0 9.91238952421132e-17 1.1120647767137242e-17 2.995544004831645e-20 5.227026641401467e-54 5.310196342845009e-19
558.0 9.907565929247257e-17 1.1158897583842427e-17 3.037889869312702e-20 6.194668892997984e-54 5.357586655223947e-19
559.0 9.902734321086051e-17 1.1197110191219176e-17 3.080671034491949e-20 7.336963525571783e-54 5.405213004171275e-19
560.0 9.897894624816836e-17 1.1235285051249716e-17 3.123889904541304e-20 8.68462185770884e-54 5.453075110413344e-19
561.0 9.893046764401055e-17 1.1273421625829089e-17 3.167548875970702e-20 1.0273612044525315e-53 5.501172684526553e-19
562.0 9.888190662676308e-17 1.1311519376733713e-17 3.211650337409502e-20 1.2146034182086734e-53 5.54950542691897e-19
563.0 9.883326241355592e-17 1.1349577765584619e-17 3.256196669385677e-20 1.4351136951211136e-53 5.598073027809061e-19
564.0 9.87845342102793e-17 1.138759625381248e-17 3.3011902441047804e-20 1.6946498018904957e-53 5.646875167205013e-19
565.0 9.873572121160002e-17 1.1425574302623724e-17 3.346633425228488e-20 1.9999393796657116e-53 5.695911514884277e-19
566.0 1.9737364520193703e-16 2.29270227459312e-17 6.78505713530419e-20 4.717677606781036e-53 1.1490363460744595e-18
567.0 1.97275675101243e-16 2.3002813850981745e-17 6.877756034562413e-20 5.561034634622029e-53 1.1589370925841502e-18
568.0 1.9717753044318867e-16 2.307852084104721e-17 6.971368221615932e-20 6.551340698143556e-53 1.1688844702972003e-18
569.0 1.970792095275051e-16 2.3154142636054536e-17 7.065898350974537e-20 7.713532977520311e-53 1.1788784049416863e-18
570.0 2.954710659473164e-16 3.484451723270073e-17 1.0742026586731424e-19 1.3614999863266691e-52 1.7833782302665357e-18
571.0 2.953230480155561e-16 3.495768947483717e-17 1.088659643634206e-19 1.601186339145023e-52 1.7985084563898315e-18
572.0 3.935663437934663e-16 4.676097207533865e-17 1.4710085290740796e-19 2.509327456100011e-52 2.418277553398722e-18
573.0 3.933682570022963e-16 4.6911512469634845e-17 1.4906581391476989e-19 2.947730965402025e-52 2.4386363098520674e-18
574.0 4.914622500297052e-16 5.882733955821904e-17 1.8881199155035716e-19 4.325969176200759e-52 3.073859219042702e-18
575.0 4.912137114876372e-16 5.901505929310614e-17 1.9131535189875237e-19 5.076043251510497e-52 3.0995382200651262e-18
576.0 5.891576411837574e-16 7.104305648893518e-17 2.32610953417198e-19 7.143417676937435e-52 3.750398601932809e-18
577.0 6.870012993631429e-16 8.31457202527169e-17 2.7495080420721507e-19 9.76812394252252e-52 4.411737170855073e-18
578.0 7.847443924320708e-16 9.532290542120991e-17 3.1834939950482815e-19 1.3077403491854606e-51 5.083622386546288e-18
579.0 8.823866228972789e-16 1.075744646456982e-16 3.6282132277531745e-19 1.7224783985927842e-51 5.766122513134839e-18
580.0 9.799276893109737e-16 1.1990024838818157e-16 4.0838124510396983e-19 2.2395128677753698e-51 6.459305613863835e-18
581.0 1.0773672862163207e-15 1.3230010491741648e-16 4.55043924572979e-19 2.881059995973455e-51 7.163239545779163e-18
582.0 1.1747051040925889e-15 1.4477388030470813e-16 5.028242056241021e-19 3.673769423235727e-51 7.877991954399214e-18
583.0 1.3697824315549733e-15 1.6942306599032466e-16 5.941783275157499e-19 5.0072110308245284e-51 9.26544798132515e-18
584.0 1.564656164606258e-15 1.9422006962884064e-16 6.877684321326999e-19 6.681783873859502e-51 1.0674539078995972e-17
585.0 1.7593256714920035e-15 2.1916457672854392e-16 7.836244611675948e-19 8.772393091098147e-51 1.2105399852553455e-17
586.0 1.9537903120272085e-15 2.442562683767512e-16 8.817765252549236e-19 1.1368899958523775e-50 1.3558164454021614e-17
587.0 2.2456880482833495e-15 2.817445858313405e-16 1.0269028527005824e-18 1.5241582324730347e-50 1.5716283233867544e-17
588.0 2.4396899901110255e-15 3.0716657031644824e-16 1.1303021223734864e-18 1.9303144462669987e-50 1.721868689425069e-17
589.0 2.8285579478401642e-15 3.5738171745794133e-16 1.3276562934555264e-18 2.6076247571037058e-50 2.0131817536914114e-17
590.0 3.11952812099209e-15 3.9552953932250345e-16 1.4833750620181838e-18 3.349118231763852e-50 2.238963167516306e-17
591.0 3.5076210111406698e-15 4.462932265999105e-16 1.6896514708205233e-18 4.383206179535358e-50 2.5386248545952007e-17
592.0 3.992681247181015e-15 5.097823087006696e-16 1.948285114577843e-18 5.804419289932048e-50 2.913842471849817e-17
593.0 4.4772218632368275e-15 5.73635633916649e-16 2.2129978621708273e-18 7.568259541928161e-50 3.2946813336199307e-17
594.0 4.9612411244221846e-15 6.378523374150966e-16 2.483867451710963e-18 9.746540341999589e-50 3.6811742224305884e-17
595.0 5.639192175397816e-15 7.27518383929581e-16 2.859578159324971e-18 1.2868572954712956e-49 4.2188307082311263e-17
596.0 6.3164107256096746e-15 8.176918628557175e-16 3.2440222142673383e-18 1.6734737361330005e-49 4.7644494286896335e-17
597.0 7.090017803406833e-15 9.209877987141934e-16 3.687827878581474e-18 2.1797852317797082e-49 5.391938008018185e-17
598.0 7.95985446553481e-15 1.037513942456772e-15 4.1929518705578034e-18 2.8383976329616962e-49 6.103037059773106e-17
599.0 8.925761022803847e-15 1.1673776743446383e-15 4.761382836668145e-18 3.689776505487577e-49 6.899500001016695e-17
600.0 9.987577027873243e-15 1.3106859982297162e-15 5.3951415375374166e-18 4.783961655498471e-49 7.783092978091455e-17
601.0 1.1145141262879179e-14 1.4675455358142407e-15 6.096281031263886e-18 6.182626058902824e-49 8.755594790709479e-17
602.0 1.2495153381032771e-14 1.650859884333701e-15 6.920534407588299e-18 8.023743220043126e-49 9.895506164470406e-17
603.0 1.3940483449043274e-14 1.8480095934591345e-15 7.817655750107834e-18 1.0357394540158732e-48 1.1129073384683585e-16
604.0 1.5577723534242932e-14 2.0719692923351385e-15 8.844748387949524e-18 1.3384563283289765e-48 1.2535982376415043e-16
605.0 1.750325290931458e-14 2.3358568503959465e-15 1.006155830486177e-17 1.738352410723972e-48 1.4198251911775912e-16
606.0 1.9523286960263262e-14 2.6141093342709055e-15 1.1361788507497216e-17 2.2401813821110756e-48 1.5963177784295666e-16
607.0 2.1830851406051316e-14 2.932784025130308e-15 1.2861573414506125e-17 2.892713899616732e-48 1.7991858273072925e-16
608.0 2.4328914133195957e-14 3.279185614834261e-15 1.450969507044646e-17 3.720972756701971e-48 2.0209505925824624e-16
609.0 2.721012399902125e-14 3.679619846674007e-15 1.6427094971879292e-17 4.801297837459793e-48 2.2781371053116063e-16
610.0 3.0280954377711546e-14 4.108340795342522e-15 1.850449056986487e-17 6.16152845984965e-48 2.5551950691108753e-16
611.0 3.383021742517801e-14 4.604913755663651e-15 2.0925334861691277e-17 7.934359497590169e-48 2.8770890864518977e-16
612.0 3.776076269909703e-14 5.1567091661691e-15 2.364020556410971e-17 1.0203153783084832e-47 3.236474619175867e-16
613.0 4.2071926111958615e-14 5.76414407203783e-15 2.6658066304773258e-17 1.3090976727656012e-47 3.6340904546797516e-16
614.0 4.685926032212066e-14 6.4408593879186524e-15 3.004971887698706e-17 1.678268475944552e-47 4.0790560542872525e-16
615.0 5.2218097142331787e-14 7.200635308244535e-15 3.3888927372936685e-17 2.1516654556382867e-47 4.580736002182844e-16
616.0 5.814743461921206e-14 8.044094569436802e-15 3.818935123469853e-17 2.755334149531275e-47 5.140245726108902e-16
617.0 6.474232228420914e-14 8.985188424338227e-15 4.3028693604017654e-17 3.526348848841968e-47 5.767264526112678e-16
618.0 7.20015831119731e-14 1.0024639463443869e-14 4.842319101935316e-17 4.505848219388447e-47 6.463104071959108e-16
619.0 8.011592810736405e-14 1.1189969478694322e-14 5.4519904776882287e-17 5.757793321606503e-47 7.246440965476361e-16
620.0 8.908383710514841e-14 1.2482104199291791e-14 6.133995658547611e-17 7.349282296182712e-47 8.118969781474119e-16
621.0 9.899961856373233e-14 1.3915436181808865e-14 6.897154383387069e-17 9.3712042507063e-47 9.091196297628875e-16
622.0 1.0995735110639946e-13 1.5504492895647472e-14 7.750615617014264e-17 1.1937407158112206e-46 1.0173882618117298e-15
623.0 1.2214660807315297e-13 1.727747627819309e-14 8.710689873250669e-17 1.5201971603652437e-46 1.1386973008819428e-15
624.0 1.3566083659474887e-13 1.924928508879569e-14 9.78742903843508e-17 1.9347087465226902e-46 1.274193349729774e-15
625.0 1.5059324807110892e-13 2.1434950155929e-14 1.0991234993865412e-16 2.4599141280942615e-46 1.425049316765884e-15
626.0 1.6703681643733778e-13 2.384963354699392e-14 1.2332865467788716e-16 3.1238605843219518e-46 1.5924645960891915e-15
627.0 1.853707845670596e-13 2.6549662752958677e-14 1.3844838423889966e-16 3.967329504089786e-46 1.7804170490444035e-15
628.0 2.0549624691829472e-13 2.952334327109775e-14 1.5524921212543713e-16 5.030971656284617e-46 1.9883688994043566e-15
629.0 2.277914538242368e-13 3.2827568453423995e-14 1.7407083484125223e-16 6.376622856967805e-46 2.2204085409630067e-15
630.0 2.524430640928167e-13 3.649220676417102e-14 1.951189042543649e-16 8.076762237543126e-46 2.4788550660823396e-15
631.0 2.796372590962552e-13 4.054738799684259e-14 2.1860625334543572e-16 1.0221286041820984e-45 2.7660806612252986e-15
632.0 3.096549590118568e-13 4.503735067938142e-14 2.448282995302058e-16 1.2925345701247897e-45 3.0854597442986166e-15
633.0 3.427763710490939e-13 5.0006726889393e-14 2.740911122350182e-16 1.6332266858090048e-45 3.4404459622566976e-15
634.0 3.7928098405222865e-13 5.550053968474821e-14 3.0671158941785336e-16 2.0619912809043556e-45 3.834572715768421e-15
635.0 4.196376593438536e-13 6.159210178755936e-14 3.4317309248648903e-16 2.6020158314992197e-45 4.273389527020472e-15
636.0 4.6402909648017e-13 6.83134281037933e-14 3.8374110992192066e-16 3.2802793120783844e-45 4.759655002661966e-15
637.0 5.130172202586452e-13 7.575285289826038e-14 4.290067815763177e-16 4.132843339080972e-45 5.300106615265796e-15
638.0 5.66972768723088e-13 8.397138955571348e-14 4.794224263087687e-16 5.202986329380008e-45 5.899666694651157e-15
639.0 6.264551303921098e-13 9.305873047629894e-14 5.35617733644906e-16 6.546013099212113e-45 6.565353540362942e-15
640.0 6.918327194142467e-13 1.0307710402105407e-13 5.980808261416375e-16 8.228263179965299e-45 7.302346215360143e-15
641.0 7.638517495941729e-13 1.1414584535395839e-13 6.676467006337303e-16 1.033620030583537e-44 8.119960628022484e-15
642.0 8.4316184618718e-13 1.2637113293276963e-13 7.450965210537176e-16 1.2975764469797276e-44 9.026714559498427e-15
643.0 9.303163244447386e-13 1.3984581577921005e-13 8.31153758973888e-16 1.6276050856166433e-44 1.0030296279617382e-14
644.0 1.0261505658939497e-12 1.5470624497614635e-13 9.268217435659854e-16 2.0401068032968767e-44 1.1141638127797728e-14
645.0 1.1315921894271415e-12 1.711041943756421e-13 1.0332246984704358e-15 2.5555419199224855e-44 1.2372950301047253e-14
646.0 1.2473775206415573e-12 1.8916406678650224e-13 1.1513512904117265e-15 3.1986805404979783e-44 1.3734636808953601e-14
647.0 1.3746182417238959e-12 2.0906865262576749e-13 1.2825744914863199e-15 4.000961508813392e-44 1.5241507487072154e-14
648.0 1.514328750030039e-12 2.309878656697431e-13 1.428225367181662e-15 5.000828622292108e-44 1.6907648159472818e-14
649.0 1.6677091115587752e-12 2.5512181216608234e-13 1.5898587657633395e-15 6.246153343598695e-44 1.8749567355277738e-14
650.0 1.8361444369357223e-12 2.8170110483871874e-13 1.769263064347567e-15 7.796532635010222e-44 2.078626456327051e-14
651.0 2.020921933858609e-12 3.109437360093115e-13 1.9681951429175358e-15 9.724764097591041e-44 2.3036080870798762e-14
652.0 2.2236073591377896e-12 3.4311294792457625e-13 2.188746967611284e-15 1.2121485504795268e-43 2.552098529102792e-14
653.0 2.44585610908814e-12 3.784886141021829e-13 2.433173334776347e-15 1.5098400734819156e-43 2.8264505246326517e-14
654.0 2.689412878574541e-12 4.17367382885656e-13 2.7038975559775482e-15 1.8792937977237596e-43 3.129176267570561e-14
655.0 2.9564867672162492e-12 4.60121251167761e-13 3.003898705546606e-15 2.337684554399708e-43 3.46339085676607e-14
656.0 3.2489992944560138e-12 5.070812240766517e-13 3.3359658754272774e-15 2.905820049996903e-43 3.831944404554146e-14
657.0 3.5694289285257e-12 5.586688585157711e-13 3.703560729110254e-15 3.60964157373574e-43 4.238413999903275e-14
658.0 3.920247119227551e-12 6.153089726776635e-13 4.110258144451219e-15 4.480875532310799e-43 4.68645243495168e-14
659.0 4.304292703002891e-12 6.77488558396246e-13 4.560144565618209e-15 5.558708749841316e-43 5.1802392508612334e-14
660.0 4.724583491194833e-12 7.457278504212673e-13 5.0576386988189475e-15 6.891244563477674e-43 5.724268041468539e-14
661.0 5.184315576384426e-12 8.205806082606784e-13 5.607503124956783e-15 8.537439338887251e-43 6.323353705113507e-14
662.0 5.68714291960987e-12 9.026788827635163e-13 6.215162404800818e-15 1.0569956234655158e-42 6.982983884946354e-14
663.0 6.236802233988163e-12 9.926743172990872e-13 6.8863174874616695e-15 1.3077519162898625e-42 7.708874968413032e-14
664.0 6.837672399260794e-12 1.091327611144008e-12 7.627577579231383e-15 1.616956150584415e-42 8.507672597324213e-14
665.0 7.494305951343261e-12 1.1994349474914689e-12 8.44597215421848e-15 1.9979787322629723e-42 9.386392407463217e-14
666.0 8.211521512214355e-12 1.3178432044935949e-12 9.349069977048647e-15 2.467153670070973e-42 1.0352545016251619e-13
667.0 8.994775170773263e-12 1.4475103013343232e-12 1.034542565447438e-14 3.044530581668107e-42 1.1414619681278028e-13
668.0 9.849878971703906e-12 1.5894611694385245e-12 1.1444294067359291e-14 3.754597810897443e-42 1.2581752648558116e-13
669.0 1.0783278446319888e-11 1.7448334363807963e-12 1.2655981836146238e-14 4.6273418054925974e-42 1.3864100434293195e-13
670.0 1.1801678520580293e-11 1.9148181168839028e-12 1.3991446518539604e-14 5.6992695358050344e-42 1.5272383963087055e-13
671.0 1.2912506657785828e-11 2.10073552383602e-12 1.546287238521433e-14 7.01500104728585e-42 1.6818504598615864e-13
672.0 1.4124002877706606e-11 2.3040515342380635e-12 1.7083828727545792e-14 8.629080825527455e-42 1.8515694599598488e-13
673.0 1.5444752991877317e-11 2.5263030180304883e-12 1.8868755457496496e-14 1.060781006863947e-41 2.0377937840322078e-13
674.0 1.6884335705681376e-11 2.7692047186113467e-12 2.0833789981736656e-14 1.3032145514210263e-41 2.2420846193822676e-13
675.0 1.845285579511643e-11 3.0345746550667332e-12 2.299625414572191e-14 1.6000461885707215e-41 2.4661080486472214e-13
676.0 2.016140452140985e-11 3.3244111827445543e-12 2.5375274826976844e-14 1.9632571475120637e-41 2.7116995043844073e-13
677.0 2.2022055717941437e-11 3.640894499875272e-12 2.7991849526770257e-14 2.407425618395936e-41 2.980867767949032e-13
678.0 2.4047769434669558e-11 3.986372817574357e-12 3.08687943370396e-14 2.950259654714392e-41 3.2757863983696423e-13
679.0 2.625257293458788e-11 4.3633943718010056e-12 3.403104546221984e-14 3.6132681528258215e-41 3.598822724527119e-13
680.0 2.8651648583555424e-11 4.774724394195532e-12 3.750585391437687e-14 4.422561929856448e-41 3.952554973348397e-13
681.0 3.126142128977181e-11 5.223362236697665e-12 4.132298784198527e-14 5.409819444000747e-41 4.3397898404865347e-13
682.0 3.4099553354938404e-11 5.712543212807922e-12 4.551481964087413e-14 6.613431893808019e-41 4.763567634711151e-13
683.0 3.718521546137965e-11 6.245786803292155e-12 5.011678654726749e-14 8.079931518570111e-41 5.227206265681772e-13
684.0 4.0539172389011865e-11 6.826914372056901e-12 5.516762210683367e-14 9.86568201897798e-41 5.734320507557781e-13
685.0 4.418368439540535e-11 7.460035980206359e-12 6.070934323024531e-14 1.2038858999798018e-40 6.288815543719604e-13
686.0 4.814286823407833e-11 8.14961474427719e-12 6.67878692716822e-14 1.4681940537986904e-40 6.894945884819355e-13
687.0 5.2442781080258044e-11 8.900485112378333e-12 7.345328402832295e-14 1.7894636244559857e-40 7.557336343192814e-13
688.0 5.711159567912118e-11 9.7178868783929e-12 8.076023610557907e-14 2.179743020647707e-40 8.281016762237945e-13
689.0 6.217940795112511e-11 1.0607436950907535e-11 8.876783152560767e-14 2.653568016471712e-40 9.071404146682534e-13
690.0 6.767905277030582e-11 1.1575273041109395e-11 9.754096660567263e-14 3.2284938679434493e-40 9.934431835185332e-13
691.0 7.364563466231873e-11 1.262797913575592e-11 1.0714986097515011e-13 3.9256789479986665e-40 1.0876493367756878e-12
692.0 8.011715782233947e-11 1.377269871208429e-11 1.1767117021359054e-13 4.770633016926597e-40 1.1904547276173557e-12
693.0 8.713460481581988e-11 1.501715458357488e-11 1.2918833685302468e-13 5.794087906666901e-40 1.3026142973628178e-12
694.0 9.474192340413307e-11 1.6369653070331197e-11 1.417918146140011e-13 7.033028594157519e-40 1.4249433378091972e-12
695.0 1.0298665187259907e-10 1.7839198727561137e-11 1.5558026037104254e-13 8.531970129506062e-40 1.5583284203989546e-12
696.0 1.1191981190624613e-10 1.943548351100539e-11 1.7066066665809018e-13 1.034443040618666e-39 1.7037275308661279e-12
697.0 1.2159643936871055e-10 2.1168986706104525e-11 1.8714947197104732e-13 1.2534739249164676e-39 1.8621799292700715e-12
698.0 1.3207583925989302e-10 2.3051028099373316e-11 2.051732933329594e-13 1.5180177820592922e-39 2.0348120681789332e-12
699.0 1.4342147536591566e-10 2.509375789046359e-11 2.2486911399555625e-13 1.837348251404774e-39 2.222838007127411e-12
700.0 1.5570204155322346e-10 2.7310353565835374e-11 2.4638633757777566e-13 2.2225972720612014e-39 2.427578207005796e-12
