200.0 0.0 0.0 0.0 0.0 0.0
201.0 0.0 0.0 0.0 0.0 0.0
202.0 0.0 0.0 0.0 0.0 0.0
203.0 0.0 0.0 0.0 0.0 0.0
204.0 0.0 0.0 0.0 0.0 0.0
205.0 0.0 0.0 0.0 0.0 0.0
206.0 0.0 0.0 0.0 0.0 0.0
207.0 0.0 0.0 0.0 0.0 0.0
208.0 0.0 0.0 0.0 0.0 0.0
209.0 0.0 0.0 0.0 0.0 0.0
210.0 0.0 0.0 0.0 0.0 0.0
211.0 0.0 0.0 0.0 0.0 0.0
212.0 0.0 0.0 0.0 0.0 0.0
213.0 0.0 0.0 0.0 0.0 0.0
214.0 0.0 0.0 0.0 0.0 0.0
215.0 0.0 0.0 0.0 0.0 0.0
216.0 0.0 0.0 0.0 0.0 0.0
217.0 0.0 0.0 0.0 0.0 0.0
218.0 0.0 0.0 0.0 0.0 0.0
219.0 0.0 0.0 0.0 0.0 0.0
220.0 0.0 0.0 0.0 0.0 0.0
221.0 0.0 0.0 0.0 0.0 0.0
222.0 0.0 0.0 0.0 0.0 0.0
223.0 0.0 0.0 0.0 0.0 0.0
224.0 0.0 0.0 0.0 0.0 0.0
225.0 0.0 0.0 0.0 0.0 0.0
226.0 0.0 0.0 0.0 0.0 0.0
227.0 0.0 0.0 0.0 0.0 0.0
228.0 0.0 0.0 0.0 0.0 0.0
229.0 0.0 0.0 0.0 0.0 0.0
230.0 0.0 0.0 0.0 0.0 0.0
231.0 0.0 0.0 0.0 0.0 0.0
232.0 0.0 0.0 0.0 0.0 0.0
233.0 0.0 0.0 0.0 0.0 0.0
234.0 0.0 0.0 0.0 0.0 0.0
235.0 0.0 0.0 0.0 0.0 0.0
236.0 0.0 0.0 0.0 0.0 0.0
237.0 0.0 0.0 0.0 0.0 0.0
238.0 0.0 0.0 0.0 0.0 0.0
239.0 0.0 0.0 0.0 0.0 0.0
240.0 0.0 0.0 0.0 0.0 0.0
241.0 0.0 0.0 0.0 0.0 0.0
242.0 0.0 0.0 0.0 0.0 0.0
243.0 0.0 0.0 0.0 0.0 0.0
244.0 0.0 0.0 0.0 0.0 0.0
245.0 0.0 0.0 0.0 0.0 0.0
246.0 0.0 0.0 0.0 0.0 0.0
247.0 0.0 0.0 0.0 0.0 0.0
248.0 0.0 0.0 0.0 0.0 0.0
249.0 0.0 0.0 0.0 0.0 0.0
250.0 0.0 0.0 0.0 0.0 0.0
251.0 0.0 0.0 0.0 0.0 0.0
252.0 0.0 0.0 0.0 0.0 0.0
253.0 0.0 0.0 0.0 0.0 0.0
254.0 0.0 0.0 0.0 0.0 0.0
255.0 0.0 0.0 0.0 0.0 0.0
256.0 0.0 0.0 0.0 0.0 0.0
257.0 0.0 0.0 0.0 0.0 0.0
258.0 0.0 0.0 0.0 0.0 0.0
259.0 0.0 0.0 0.0 0.0 0.0
260.0 0.0 0.0 0.0 0.0 0.0
261.0 0.0 0.0 0.0 0.0 0.0
262.0 0.0 0.0 0.0 0.0 0.0
263.0 0.0 0.0 0.0 0.0 0.0
264.0 0.0 0.0 0.0 0.0 0.0
265.0 0.0 0.0 0.0 0.0 0.0
266.0 0.0 0.0 0.0 0.0 0.0
267.0 0.0 0.0 0.0 0.0 0.0
268.0 0.0 0.0 0.0 0.0 0.0
269.0 0.0 0.0 0.0 0.0 0.0
270.0 0.0 0.0 0.0 0.0 0.0
271.0 0.0 0.0 0.0 0.0 0.0
272.0 0.0 0.0 0.0 0.0 0.0
273.0 0.0 0.0 0.0 0.0 0.0
274.0 0.0 0.0 0.0 0.0 0.0
275.0 0.0 0.0 0.0 0.0 0.0
276.0 0.0 0.0 0.0 0.0 0.0
277.0 0.0 0.0 0.0 0.0 0.0
278.0 0.0 0.0 0.0 0.0 0.0
279.0 0.0 0.0 0.0 0.0 0.0
280.0 0.0 0.0 0.0 0.0 0.0
281.0 0.0 0.0 0.0 0.0 0.0
282.0 0.0 0.0 0.0 0.0 0.0
283.0 0.0 0.0 0.0 0.0 0.0
284.0 0.0 0.0 0.0 0.0 0.0
285.0 0.0 0.0 0.0 0.0 0.0
286.0 0.0 0.0 0.0 0.0 0.0
287.0 0.0 0.0 0.0 0.0 0.0
288.0 0.0 0.0 0.0 0.0 0.0
289.0 0.0 0.0 0.0 0.0 0.0
290.0 0.0 0.0 0.0 0.0 0.0
291.0 0.0 0.0 0.0 0.0 0.0
292.0 0.0 0.0 0.0 0.0 0.0
293.0 0.0 0.0 0.0 0.0 0.0
294.0 0.0 0.0 0.0 0.0 0.0
295.0 0.0 0.0 0.0 0.0 0.0
296.0 0.0 0.0 0.0 0.0 0.0
297.0 0.0 0.0 0.0 0.0 0.0
298.0 0.0 0.0 0.0 0.0 0.0
299.0 0.0 0.0 0.0 0.0 0.0
300.0 0.0 0.0 0.0 0.0 0.0
301.0 0.0 0.0 0.0 0.0 0.0
302.0 0.0 0.0 0.0 0.0 0.0
303.0 0.0 0.0 0.0 0.0 0.0
304.0 0.0 0.0 0.0 0.0 0.0
305.0 0.0 0.0 0.0 0.0 0.0
306.0 0.0 0.0 0.0 0.0 0.0
307.0 0.0 0.0 0.0 0.0 0.0
308.0 0.0 0.0 0.0 0.0 0.0
309.0 0.0 0.0 0.0 0.0 0.0
310.0 0.0 0.0 0.0 0.0 0.0
311.0 0.0 0.0 0.0 0.0 0.0
312.0 0.0 0.0 0.0 0.0 0.0
313.0 0.0 0.0 0.0 0.0 0.0
314.0 0.0 0.0 0.0 0.0 0.0
315.0 0.0 0.0 0.0 0.0 0.0
316.0 0.0 0.0 0.0 0.0 0.0
317.0 0.0 0.0 0.0 0.0 0.0
318.0 0.0 0.0 0.0 0.0 0.0
319.0 0.0 0.0 0.0 0.0 0.0
320.0 0.0 0.0 0.0 0.0 0.0
321.0 0.0 0.0 0.0 0.0 0.0
322.0 0.0 0.0 0.0 0.0 0.0
323.0 0.0 0.0 0.0 0.0 0.0
324.0 0.0 0.0 0.0 0.0 0.0
325.0 0.0 0.0 0.0 0.0 0.0
326.0 0.0 0.0 0.0 0.0 0.0
327.0 0.0 0.0 0.0 0.0 0.0
328.0 0.0 0.0 0.0 0.0 0.0
329.0 0.0 0.0 0.0 0.0 0.0
330.0 0.0 0.0 0.0 0.0 0.0
331.0 0.0 0.0 0.0 0.0 0.0
332.0 0.0 0.0 0.0 0.0 0.0
333.0 0.0 0.0 0.0 0.0 0.0
334.0 0.0 0.0 0.0 0.0 0.0
335.0 0.0 0.0 0.0 0.0 0.0
336.0 0.0 0.0 0.0 0.0 0.0
337.0 0.0 0.0 0.0 0.0 0.0
338.0 0.0 0.0 0.0 0.0 0.0
339.0 0.0 0.0 0.0 0.0 0.0
340.0 0.0 0.0 0.0 0.0 0.0
341.0 0.0 0.0 0.0 0.0 0.0
342.0 0.0 0.0 0.0 0.0 0.0
343.0 0.0 0.0 0.0 0.0 0.0
344.0 0.0 0.0 0.0 0.0 0.0
345.0 0.0 0.0 0.0 0.0 0.0
346.0 0.0 0.0 0.0 0.0 0.0
347.0 0.0 0.0 0.0 0.0 0.0
348.0 0.0 0.0 0.0 0.0 0.0
349.0 0.0 0.0 0.0 0.0 0.0
350.0 1.0746746877428255e-16 3.3063060446271064e-18 2.6910492733221057e-22 2.1898277741962537e-78 2.6123710717108576e-20
351.0 1.0742724274382265e-16 3.3380125452469853e-18 2.7907268864657887e-22 3.3682229946345755e-78 2.6740483859039323e-20
352.0 1.0738666993846169e-16 3.3698218368138046e-18 2.893482684928663e-22 5.168052035907351e-78 2.7368039496711015e-20
353.0 1.0734574625811294e-16 3.4017325677833098e-18 2.999390807773628e-22 7.910375558284279e-78 2.800648623480308e-20
354.0 1.0730446753214359e-16 3.4337433764384546e-18 3.1085265771170097e-22 1.2078706486120413e-77 2.865593241803757e-20
355.0 2.14525659038233e-16 6.931705781667203e-18 6.441933004838739e-22 3.679897012173839e-77 5.863297221496462e-20
356.0 2.144416558131715e-16 6.996119457475508e-18 6.673576568898613e-22 5.5923138489739995e-77 5.99765101133552e-20
357.0 3.215353749325964e-16 1.0591087492722283e-17 1.0368212456731454e-21 1.2717973542415218e-76 9.201404006269058e-20
358.0 3.21407148830619e-16 1.0688279383078188e-17 1.0736682599183784e-21 1.9237153422652593e-76 9.409760419871459e-20
359.0 4.2837038911180073e-16 1.4381000822560273e-17 1.4821358887933424e-21 3.870781280527533e-76 1.282877035140766e-19
360.0 5.352454835784947e-16 1.8139161537130644e-17 1.9177449422466735e-21 7.285045330662981e-76 1.6394813202659339e-19
361.0 6.420312595194069e-16 2.1963027990753568e-17 2.38165703521544e-21 1.3132574788162394e-75 2.0111445298713084e-19
362.0 7.487265250385672e-16 2.5852860834318124e-17 2.875068109999082e-21 2.2964339674352216e-75 2.3982264986857623e-19
363.0 8.553300686949365e-16 2.9808914851716363e-17 3.399209041328591e-21 3.924932267816454e-75 2.8010912389107205e-19
364.0 1.0687118434908174e-15 3.759048767276257e-17 4.394829157742259e-21 7.320915129357321e-75 3.5778965710514615e-19
365.0 1.2819084537181821e-15 4.5504811058390736e-17 5.453738722283144e-21 1.308020724656424e-74 4.386774972692434e-19
366.0 1.6016972090778457e-15 5.737753995841866e-17 7.04844058295719e-21 2.429099205979325e-74 5.601933149465635e-19
367.0 1.9212031373807254e-15 6.945034490369761e-17 8.743418070545084e-21 4.3212304329687525e-74 6.866704282402612e-19
368.0 2.3471091684201196e-15 8.561554253198441e-17 1.1044784805798735e-20 7.812795673065387e-74 8.5718530971418e-19
369.0 2.8792699274561476e-15 1.0597383990432936e-16 1.4006953386457684e-20 1.4153762068515346e-73 1.0743342387857213e-18
370.0 3.410945343786686e-15 1.2666801129352913e-16 1.7151233372109904e-20 2.4709580890715954e-73 1.3001607381868759e-18
371.0 4.155216785581094e-15 1.5568289034735522e-16 2.1592163878807882e-20 4.426674534511772e-73 1.6178240130908573e-18
372.0 5.005291128667111e-15 1.8919550931603466e-16 2.6874285391888063e-20 7.825390768314704e-73 1.9903648467964094e-18
373.0 5.961012053722521e-15 2.273082526841551e-16 3.3064085554480205e-20 1.3648854906584224e-72 2.420694384906403e-18
374.0 7.235014917521777e-15 2.783094562369585e-16 4.145045720216888e-20 2.421191165130575e-72 3.0000414469789945e-18
375.0 8.614143725268156e-15 3.3425179080240267e-16 5.096598650130625e-20 4.2047113850061234e-72 3.6468628983482256e-18
376.0 1.0417122039261658e-14 4.0772036917500535e-16 6.363853112946941e-20 7.401747492448649e-72 4.502218810153139e-18
377.0 1.243082917222461e-14 4.907359480165125e-16 7.839760674723859e-20 1.2831694011113553e-71 5.4840685295508704e-18
378.0 1.4867323247539487e-14 5.9196212978858505e-16 9.67815618769907e-20 2.2251324972634314e-71 6.694409442674799e-18
379.0 1.7832098982061258e-14 7.160731278907921e-16 1.1979724961526138e-19 3.862009702207739e-71 8.194299299477982e-18
380.0 2.13243388286518e-14 8.63584450275845e-16 1.4781975240905665e-19 6.6700578114921496e-71 9.999270739719798e-18
381.0 2.5449248363344143e-14 1.0393438264093039e-15 1.8200063954635486e-19 1.147450847882561e-70 1.2176010176108815e-17
382.0 3.031180461789478e-14 1.2483373899023082e-15 2.236041756055266e-19 1.9662765111612603e-70 1.479562718607384e-17
383.0 3.612268230627602e-14 1.5000892396619238e-15 2.7481974363348503e-19 3.3648176181531996e-70 1.7986544478744873e-17
384.0 4.298622238699395e-14 1.7999666804249165e-15 3.3723081424505166e-19 5.739064098255108e-70 2.1832232680514795e-17
385.0 5.111234023008225e-14 2.1579448425811143e-15 4.1341337254381534e-19 9.762380063392892e-70 2.6475921247161754e-17
386.0 6.071047602498795e-14 2.5842769563280004e-15 5.061910573307218e-19 1.655792614503041e-69 3.207015532268776e-17
387.0 7.209529503108724e-14 3.094031857645612e-15 6.195575494305564e-19 2.802605932506238e-69 3.883403063881358e-17
388.0 8.547508379738251e-14 3.698124890010636e-15 7.569557909863182e-19 4.727310127223376e-69 4.6942860592459107e-17
389.0 1.0126881230361215e-13 4.4169635626483e-15 9.240507430186194e-19 7.953943006857592e-69 5.670050005671968e-17
390.0 1.1978892460920096e-13 5.2668730195553055e-15 1.1260541687000832e-18 1.3337500006691182e-68 6.837006851525925e-17
391.0 1.416635367614594e-13 6.278624378342308e-15 1.3716935910890111e-18 2.2319869860275543e-68 8.24143722840323e-17
392.0 1.6741384234013432e-13 7.479116885039409e-15 1.6694799675048425e-18 3.725902525125986e-68 9.92634672415842e-17
393.0 1.9766510230736915e-13 8.90069506493467e-15 2.0297641389059574e-18 6.203164258534513e-68 1.194371080535915e-16
394.0 2.3314631510311786e-13 1.0581323808726004e-14 2.4649337854759666e-18 1.0299055796382604e-67 1.4355137377991362e-16
395.0 2.7479512236177334e-13 1.2569577872887994e-14 2.9907681183125548e-18 1.7057352505462025e-67 1.7239154896304569e-16
396.0 3.236519708891454e-13 1.492014282749046e-14 3.62564583415912e-18 2.8181783917086103e-67 2.0685799545221113e-16
397.0 3.8075462457746496e-13 1.7689107438084915e-14 4.389575957111033e-18 4.642827406743799e-67 2.4790518219502346e-16
398.0 4.4755834174094153e-13 2.095364021179168e-14 5.309267804597917e-18 7.629555319437146e-67 2.9682194261233814e-16
399.0 5.257245579575361e-13 2.480278205874938e-14 6.416358801840985e-18 1.2508080507920717e-66 3.5511613899070364e-16
400.0 6.170152247712937e-13 2.9332809222212694e-14 7.746578595373817e-18 2.0454421574770125e-66 4.2445728870851414e-16
401.0 7.235021229671172e-13 3.465745714582537e-14 9.342783172212113e-18 3.336349606547885e-66 5.06832392647575e-16
402.0 8.476705823915662e-13 4.0913505432293415e-14 1.1257064967275837e-17 5.428578706950587e-66 6.046427755243434e-16
403.0 9.924180377750386e-13 4.826147952183648e-14 1.3551705513352481e-17 8.81197249647467e-66 7.207334264471137e-16
404.0 1.1608431926834794e-12 5.687609541695682e-14 1.6297245347713377e-17 1.4268191437356464e-65 8.582685091681446e-16
405.0 1.3567681963281144e-12 6.697242926008626e-14 1.9580698240603954e-17 2.3047325802034882e-65 1.0211428703718895e-15
406.0 1.5845269918105202e-12 7.879674709674029e-14 2.3504175014108176e-17 3.7139994164670343e-65 1.2138741047687371e-15
407.0 1.8490678227054344e-12 9.263261504198287e-14 2.8187883878235374e-17 5.970837088668119e-65 1.441724214603114e-15
408.0 2.1560552707312675e-12 1.0880721910449679e-13 3.377346552811724e-17 9.576358633657762e-65 1.7108308057561477e-15
409.0 2.5120761436377703e-12 1.2770319839785781e-13 4.0429363858239976e-17 1.5323373444576535e-64 2.0284324065810584e-15
410.0 2.9245316464917113e-12 1.497548808866511e-13 4.835167206188126e-17 2.4461713969569237e-64 2.4028555150310884e-15
411.0 3.4021550389854303e-12 1.754765514961855e-13 5.77754644090138e-17 3.896067155573057e-64 2.84401783317514e-15
412.0 3.954694069883881e-12 2.0544849666037976e-13 6.897312967123191e-17 6.19105499654107e-64 3.363268566039103e-15
413.0 4.593426963590407e-12 2.4034596853545495e-13 8.22669667522957e-17 9.815456286505709e-64 3.973925634782322e-15
414.0 5.331364162579878e-12 2.809527596215267e-13 9.803767136668671e-17 1.55267718624016e-63 4.69158532467174e-15
415.0 6.183033386786347e-12 3.281531350272952e-13 1.1672582230712352e-16 2.450560995582147e-63 5.534081594949045e-15
416.0 7.16551133539789e-12 3.829899323778544e-13 1.3885719577713884e-16 3.859124978451338e-63 6.522565545959198e-15
417.0 8.29789436737116e-12 4.466409880869347e-13 1.6504048567729749e-16 6.063851357004689e-63 7.681239770812883e-15
418.0 9.60211897379678e-12 5.204675577943112e-13 1.9599138782096137e-16 9.507198436439378e-63 9.038321120486763e-15
419.0 1.1103156696621506e-11 6.060304786920865e-13 2.3254660434972664e-16 1.4873293858986867e-62 1.0626488513597598e-14
420.0 1.282951833238383e-11 7.051238065429572e-13 2.756856811972717e-16 2.3217803691567005e-62 1.2483658796875765e-14
421.0 1.4813445057018933e-11 8.197923105938037e-13 3.265482277280303e-16 3.6165650608305015e-62 1.4653510884726938e-14
422.0 1.709192508144014e-11 9.523954451666803e-13 3.864711641682635e-16 5.621398412179817e-62 1.7186869405728698e-14
423.0 1.970667214387252e-11 1.1056154458938983e-12 4.570061945569969e-16 8.719025940257771e-62 2.014213947700019e-14
424.0 2.2705238650186912e-11 1.2825295209803945e-12 5.399651638378579e-16 1.3495049701721189e-61 2.3586932425063986e-14
425.0 2.6141607165105467e-11 1.4866549875465497e-12 6.374577289215491e-16 2.0843525396511828e-61 2.7599268346436306e-14
426.0 3.0076881188051936e-11 1.7220015185685455e-12 7.519349409893066e-16 3.2126480447431986e-61 3.2268963897880626e-14
427.0 3.4580280428098297e-11 1.9931426044076117e-12 8.862446313449438e-16 4.941462577656144e-61 3.769944372726288e-14
428.0 3.9730438669476867e-11 2.305306949815344e-12 1.043700146606847e-15 7.585013738747205e-61 4.401001385829185e-14
429.0 4.5616077122542585e-11 2.664436486920487e-12 1.2281391779051813e-15 1.1619045416116192e-60 5.1337595556903667e-14
430.0 5.233769988723328e-11 3.0773061478329574e-12 1.444015614741738e-15 1.7762505882718458e-60 5.983972975416804e-14
431.0 6.00086634068595e-11 3.551610636362459e-12 1.6964829530180404e-15 2.7099562569730456e-60 6.9697070573453e-14
432.0 6.875736627393463e-11 4.096120557396505e-12 1.9915173533583313e-15 4.1262158098024976e-60 8.111735553915745e-14
433.0 7.872829859337858e-11 4.720775407564726e-12 2.3360192096903313e-15 6.270144998301719e-60 9.433829358121955e-14
434.0 9.008482322660796e-11 5.436883697463489e-12 2.737975502331371e-15 9.509242813272172e-60 1.0963272682805054e-13
435.0 1.0301081454692396e-10 6.2572603559456455e-12 3.2066027983605155e-15 1.439336034220888e-59 1.2731274815164037e-13
436.0 1.1771340892528142e-10 7.196436136358901e-12 3.75253771972664e-15 2.1743614374823305e-59 1.477354632167754e-13
437.0 1.344258386653577e-10 8.27087883018003e-12 4.388047901733372e-15 3.2783866039274884e-59 1.7130924485892994e-13
438.0 1.53410552097288e-10 9.499239106075472e-12 5.127271676899083e-15 4.933478548820431e-59 1.9850076621598394e-13
439.0 1.749623115286877e-10 1.0902602588371358e-11 5.986478590765661e-15 7.409960145677705e-59 2.2984246041105676e-13
440.0 1.994125917127927e-10 1.2504831095859755e-11 6.984398141541076e-15 1.1108458070732758e-58 2.6594218228925724e-13
441.0 2.2713333702039078e-10 1.4332874141018567e-11 8.142555859294404e-15 1.6621572325276078e-58 3.074926417426643e-13
442.0 2.585420108761759e-10 1.6417171749191777e-11 9.485685582464329e-15 2.4824254238955127e-58 3.5528319487661424e-13
443.0 2.9410660803570234e-10 1.8792067285268593e-11 1.1042177289933835e-14 3.700592066768305e-58 4.1021234313379994e-13
444.0 3.343515411807105e-10 2.1496288848856512e-11 1.2844597290753481e-14 5.506329275365985e-58 4.733022493083976e-13
445.0 3.798640903851099e-10 2.4573481585432573e-11 1.493027602941811e-14 8.178132605067517e-58 5.457149758697831e-13
446.0 4.3130181460602496e-10 2.8072818535026357e-11 1.734198555089357e-14 1.2124181425411816e-57 6.287711395981046e-13
447.0 4.893997031827545e-10 3.204961275601028e-11 2.0128665271393934e-14 1.7941624081772536e-57 7.239693505812564e-13
448.0 5.54979794044865e-10 3.6566109740014826e-11 2.334631218342499e-14 2.6502526698661163e-57 8.330105248754797e-13
449.0 6.289600097938944e-10 4.169225175545497e-11 2.70589153459627e-14 3.9078131334486387e-57 9.578225365407103e-13
450.0 7.123652382334201e-10 4.7506613875819966e-11 3.133956661592006e-14 5.751830990417995e-57 1.1005898109840208e-12
451.0 8.063390269324946e-10 5.409740871746026e-11 3.6271693794587156e-14 8.451019367109368e-57 1.263785699002125e-12
452.0 9.121565877768606e-10 6.156360871415175e-11 4.195045745044546e-14 1.239502937788334e-56 1.4502088897383743e-12
453.0 1.0312386959256128e-09 7.001616153779466e-11 4.848430658740472e-14 1.8147890590202903e-56 1.6630234594787316e-12
454.0 1.1651677768147858e-09 7.95793896899122e-11 5.5996767829674514e-14 2.652464270421475e-56 1.9058048812356698e-12
455.0 1.3157052574036608e-09 9.039251713700904e-11 6.462844550103143e-14 3.870101987441171e-56 2.182590888271461e-12
456.0 1.4848102665394266e-09 1.0261133261217678e-10 7.453925396399414e-14 5.637016612811352e-56 2.4979376228506637e-12
457.0 1.674660768218664e-09 1.1641006893314946e-10 8.591095646768655e-14 8.19661973114354e-56 2.856983230559408e-12
458.0 1.887676702212593e-09 1.3198347569419273e-10 9.895001629941767e-14 1.1898257287120465e-55 3.26551866629381e-12
459.0 2.1265449088919346e-09 1.4954907557151566e-10 1.138907745825842e-13 1.7242469179184013e-55 3.7300657673191034e-12
460.0 2.394247111452074e-09 1.693496996223498e-10 1.3099905027046088e-13 2.4945230043808217e-55 4.257965280400776e-12
461.0 2.6940903239906244e-09 1.916562656283708e-10 1.5057616473800102e-13 3.602897535675362e-55 4.857474358893146e-12
462.0 3.029739853999863e-09 2.167708187594145e-10 1.7296343507814534e-13 5.1951364754338e-55 5.537874403723838e-12
463.0 3.4052564555803598e-09 2.450299542717402e-10 1.9854726454834525e-13 7.478715170700072e-55 6.309592744480315e-12
464.0 3.825135403108151e-09 2.7680847306455394e-10 2.2776475049408274e-13 1.0748459611159216e-54 7.184334878199739e-12
465.0 4.2943511212183214e-09 3.125235405715131e-10 2.611100671927017e-13 1.542264647418334e-54 8.175234724240431e-12
466.0 4.818404338829794e-09 3.526391434057596e-10 2.991415059883235e-13 2.209373716552206e-54 9.297018251303251e-12
467.0 5.403374693162799e-09 3.9767106678838875e-10 3.4248940507052117e-13 3.159957243780355e-54 1.0566186891717298e-11
468.0 6.0559778284061814e-09 4.4819233819884385e-10 3.9186498324832216e-13 4.512311594915683e-54 1.2001220099398537e-11
469.0 6.7836274208535e-09 5.048391828376357e-10 4.480701774475809e-13 6.433197248411638e-54 1.3622799029687128e-11
470.0 7.59450324450742e-09 5.683175890176261e-10 5.120086379335481e-13 9.157324043509169e-54 1.545405483214282e-11
471.0 8.497625393255256e-09 6.394105102493361e-10 5.84697982910298e-13 1.301452184135694e-53 1.752084326566913e-11
472.0 9.50293486923551e-09 7.189857383151326e-10 6.672834267780707e-13 1.846756859632165e-53 1.985204760938672e-11
473.0 1.0621381623801067e-08 8.080045490906107e-10 7.610529665240229e-13 2.616477565022041e-53 2.2479913788985345e-11
474.0 1.1865019946614066e-08 9.075311354567566e-10 8.674542415663301e-13 3.7012973542448755e-53 2.5440419371830136e-11
475.0 1.3247112562185136e-08 1.0187429539506721e-09 9.881132964206199e-13 5.227865977797564e-53 2.877368129440892e-11
476.0 1.4782243992220818e-08 1.142942054471019e-09 1.1248554371742361e-12 7.372796279441914e-53 3.252440578365115e-11
477.0 1.648644304779701e-08 1.2815674103314508e-09 1.279728332970712e-12 1.0382002172192608e-52 3.674238257682526e-11
478.0 1.837731635651395e-08 1.4362084251168654e-09 1.455027681496702e-12 1.4597377183493028e-52 4.148303018910575e-11
479.0 2.0474193051461964e-08 1.6086196595252053e-09 1.653325645886494e-12 2.04935447313168e-52 4.680799542049497e-11
480.0 2.279828161443855e-08 1.800736890285665e-09 1.877502352900091e-12 2.8728407290341082e-52 5.2785812409001786e-11
481.0 2.5372840137916482e-08 2.0146946382759796e-09 2.1307807878707546e-12 4.0212573423182395e-52 5.949262749126734e-11
482.0 2.822336018213613e-08 2.2528452204572894e-09 2.416765356295797e-12 5.620457152651505e-52 6.701299393864255e-11
483.0 3.137776671333631e-08 2.5177795662948607e-09 2.7394845980022346e-12 7.844123992949396e-52 7.544074633202339e-11
484.0 3.486663319071582e-08 2.81234977207016e-09 3.1034382819017335e-12 1.0931602542783427e-51 8.48799567185093e-11
485.0 3.8723415304722166e-08 3.139693723102823e-09 3.5136495135141547e-12 1.5212244649541356e-51 9.544598551805503e-11
486.0 4.298470286905245e-08 3.5032617997946027e-09 3.975722180959396e-12 2.1138605523950514e-51 1.0726663113939107e-10
487.0 4.7690492053031036e-08 3.906845901805046e-09 4.495904328398865e-12 2.9331642308662923e-51 1.2048338906326235e-10
488.0 5.2884478949051745e-08 4.354610934046136e-09 5.081157980409053e-12 4.064216687172006e-51 1.3525282878535676e-10
489.0 5.8614377167005624e-08 4.851129042186839e-09 5.739236141065108e-12 5.623428094428765e-51 1.5174810180962143e-10
490.0 6.493225874989055e-08 5.401416611988518e-09 6.4787674133742035e-12 7.769849568115385e-51 1.7016058582309326e-10
491.0 7.189492304387212e-08 6.0109744910040065e-09 7.309349240225639e-12 1.0720488503511336e-50 1.9070168434806557e-10
492.0 7.956429254833957e-08 6.685831435815032e-09 8.241650281667692e-12 1.4771014946287146e-50 2.1360478748428974e-10
493.0 8.800784009342495e-08 7.432591234376073e-09 9.287523017457396e-12 2.0323718255675348e-50 2.391274137751159e-10
494.0 9.7299047527659e-08 8.258483614483796e-09 1.0460127312364555e-11 2.792520045952407e-50 2.6755354312428844e-10
495.0 1.0751789910740791e-07 9.171419306933864e-09 1.1774066045930433e-11 3.8317127968495645e-50 2.9919615935251493e-10
496.0 1.1875141148007174e-07 1.0180049531593312e-08 1.3245533848029213e-11 5.250447235746889e-50 3.344000184150103e-10
497.0 1.31094202855899e-07 1.1293830241867626e-08 1.489248012877597e-11 7.18471426648404e-50 3.7354466107933717e-10
498.0 1.4464910389744236e-07 1.2523091466445447e-08 1.6734787665714612e-11 9.818286147831603e-50 4.1704768965753184e-10
499.0 1.5952781203461734e-07 1.3879112024671655e-08 1.8794467999102652e-11 1.3399171621612759e-49 4.6536832698408183e-10
500.0 1.7585159423987374e-07 1.5374200188855035e-08 2.1095875359415486e-11 1.8261622790614084e-49 5.190112864428513e-10
501.0 1.9375203877736677e-07 1.7021780487142208e-08 2.3665940434255362e-11 2.4855527566465818e-49 5.785309700779834e-10
502.0 2.1337185995233704e-07 1.8836487152757022e-08 2.6534425780563847e-11 3.378561448211821e-49 6.445360229556684e-10
503.0 2.348657603467303e-07 2.0834264780282325e-08 2.9734204873034227e-11 4.5863677100742395e-49 7.176942748627476e-10
504.0 2.584013511803846e-07 2.303247642248338e-08 3.33015664248414e-11 6.217805026236394e-49 7.987380902221672e-10
505.0 2.841601376202647e-07 2.5450019917520993e-08 3.7276546504403185e-11 8.418591749440319e-49 8.884701670727351e-10
506.0 3.123385699386139e-07 2.810745272725152e-08 4.170329037560392e-11 1.1383579287766253e-48 9.877698096501094e-10
507.0 3.431491661755435e-07 3.1027126000726765e-08 4.663044672653394e-11 1.5372983213793616e-48 1.0975997150881358e-09
508.0 3.768217097761688e-07 3.423332839827235e-08 5.211159683523735e-11 2.073386488740317e-48 1.219013309858979e-09
509.0 4.1360452675328345e-07 3.7752440322531804e-08 5.8205721524560925e-11 2.792852579438317e-48 1.3531626766924446e-09
510.0 4.537658463239745e-07 4.161309916368479e-08 6.49777088507709e-11 3.7571991409695415e-48 1.5013071126627215e-09
511.0 4.975952498425099e-07 4.584637626060634e-08 7.249890577217851e-11 5.0481431780140284e-48 1.6648223638640384e-09
512.0 5.454052137972838e-07 5.048596638431695e-08 8.084771738303731e-11 6.774123824546238e-48 1.8452105874081927e-09
513.0 5.975327501662429e-07 5.5568390340412275e-08 9.011025715141104e-11 9.078860866655353e-48 2.0441110854642068e-09
514.0 6.543411510314135e-07 6.113321163593996e-08 1.0038105233729266e-10 1.2152596432253904e-47 2.2633118702900347e-09
515.0 7.162218415834345e-07 6.722326792054246e-08 1.1176380860216196e-10 1.624684272503265e-47 2.5047621124163088e-09
516.0 7.835963482976938e-07 7.388491817640981e-08 1.243722384610163e-10 2.1693705423155093e-47 2.7705855356275647e-09
517.0 8.569183872914276e-07 8.116830648768275e-08 1.3833095822642205e-10 2.893117130548535e-47 3.063094819032421e-09
518.0 9.36676078935326e-07 8.912764333908194e-08 1.5377645852611134e-10 3.8536160549960838e-47 3.384807072857112e-09
519.0 1.023394296012047e-06 9.782150553162123e-08 1.7085815396963753e-10 5.126767539442448e-47 3.7384604619353846e-09
520.0 1.1176371500997294e-06 1.0731315557806005e-07 1.897395174248465e-10 6.812306101416473e-47 4.127032044550683e-09
521.0 1.220010624872143e-06 1.1767088184466407e-07 2.105993053401472e-10 9.041127495875e-47 4.553756911845914e-09
522.0 1.3311653613684552e-06 1.2896836038403534e-07 2.3363288029489455e-10 1.198481926031955e-46 5.022148703208203e-09
523.0 1.4517996036238086e-06 1.4128503974678447e-07 2.590536378709604e-10 1.5868042816464446e-46 5.5360215885981046e-09
524.0 1.5826623112043006e-06 1.547065499089518e-07 2.8709454500845117e-10 2.0984601205398992e-46 6.099513805648289e-09
525.0 1.7245564465828768e-06 1.6932513661220334e-07 3.1800979764155123e-10 2.771826486733586e-46 6.7171128482402116e-09
526.0 1.8783424444186495e-06 1.8524012235585027e-07 3.5207660566999656e-10 3.656973265986428e-46 7.393682403815751e-09
527.0 2.0449418717738227e-06 2.0255839550024287e-07 3.8959711411464207e-10 4.819149467449934e-46 8.134491148306593e-09
528.0 2.225341285519936e-06 2.2139492869634034e-07 4.3090046924783175e-10 6.34328601178681e-46 8.945243500897997e-09
529.0 2.420596296639182e-06 2.418733282238217e-07 4.763450395974669e-10 8.33980466291424e-46 9.83211245855074e-09
530.0 2.631835849637277e-06 2.64126415705091e-07 5.263208019565562e-10 1.095210332159265e-45 1.0801774629009663e-08
531.0 2.860266724425713e-06 2.882968436052799e-07 5.812519028670061e-10 1.4366190348906446e-45 1.1861447581978854e-08
532.0 3.107178270862768e-06 3.1453774624129956e-07 6.415994071374965e-10 1.8823070708995332e-45 1.3018929654312571e-08
533.0 3.373947383815343e-06 3.4301342782258534e-07 7.078642450650317e-10 2.463465176151864e-45 1.4282642340584774e-08
534.0 3.662043727626529e-06 3.7390008917870525e-07 7.805903708043076e-10 3.22041456582481e-45 1.5661675409437863e-08
535.0 3.973035219595192e-06 4.073865949346464e-07 8.603681450875335e-10 4.205220996885008e-45 1.7165834894336303e-08
536.0 4.30859378110644e-06 4.436752828291741e-07 9.478379559263641e-10 5.485040273511813e-45 1.8805694108586492e-08
537.0 4.6705013655595e-06 4.829828169549873e-07 1.0436940916772176e-09 7.146395063721555e-45 2.059264784194175e-08
538.0 5.06065627245346e-06 5.255410867542105e-07 1.1486888815703766e-09 9.300636183802066e-45 2.2538969902557728e-08
539.0 5.4810797571793305e-06 5.715981536557238e-07 1.2636371195445055e-09 1.2090908644913588e-44 2.465787417457994e-08
540.0 5.933922944852962e-06 6.214192471477244e-07 1.3894207876693036e-09 1.570102724494311e-44 2.6963579361969737e-08
541.0 6.421474058221141e-06 6.752878122872013e-07 1.5269940965550835e-09 2.036677270289882e-44 2.947137760246762e-08
542.0 6.94616596858463e-06 7.335066105687585e-07 1.6773888606689203e-09 2.639025270060409e-44 3.2197707136763446e-08
543.0 7.510584078599192e-06 7.963988760983194e-07 1.8417202272319186e-09 3.415813947998184e-44 3.5160229223478396e-08
544.0 8.117474545897505e-06 8.643095290575237e-07 2.021192778187935e-09 4.4164805237450223e-44 3.837790949693949e-08
545.0 8.76975285692988e-06 9.37606448525126e-07 2.2171070256701754e-09 5.704163887599326e-44 4.187110397301914e-08
546.0 9.470512759258719e-06 1.016681806630262e-06 2.4308663219519776e-09 7.359415561468976e-44 4.566164990908987e-08
547.0 1.022303556019055e-05 1.1019534660039016e-06 2.6639842056232377e-09 9.48489204924904e-44 4.977296172848394e-08
548.0 1.1030799800883596e-05 1.1938664426586326e-06 2.9180922069244154e-09 1.221128177015775e-43 5.423013223202169e-08
549.0 1.1897491314065788e-05 1.2928944363502827e-06 3.194948135822046e-09 1.5704783431861978e-43 5.906003932076335e-08
550.0 1.2827013671073003e-05 1.3995414302391833e-06 3.496444876662883e-09 2.0176531944503353e-43 6.429145844827187e-08
551.0 1.3823499027776646e-05 1.5143433621119818e-06 3.824619715170417e-09 2.5894466520515305e-43 6.995518104564351e-08
552.0 1.4891319374543834e-05 1.6378698689718824e-06 4.181664223310978e-09 3.3198257999662223e-43 7.60841391469505e-08
553.0 1.6035098197520975e-05 1.7707261070606365e-06 4.569934729054231e-09 4.2518064314489724e-43 8.271353645919569e-08
554.0 1.7259722556001324e-05 1.913554649120722e-06 4.9919633982985615e-09 5.439807125299463e-43 8.988098611397823e-08
555.0 1.8570355582715684e-05 2.067037460954348e-06 5.450469957756684e-09 6.952600876352551e-43 9.762665535435377e-08
556.0 1.997244940994553e-05 2.231897958919619e-06 5.9483740874296455e-09 8.87701213353772e-43 1.0599341739570006e-07
557.0 2.1471758526683384e-05 2.4089031502751617e-06 6.4888085128915226e-09 1.132254272116521e-42 1.1502701071658823e-07
558.0 2.307435356931337e-05 2.598865857992828e-06 7.0751328277542155e-09 1.4427154086344037e-42 1.2477620602648345e-07
559.0 2.4786635549363536e-05 2.8026470317884463e-06 7.710948077930279e-09 1.8364487529478263e-42 1.3529298116762997e-07
560.0 2.6615350518240293e-05 3.021158146719411e-06 8.400112139130558e-09 2.3352870850104582e-42 1.4663270419352318e-07
561.0 2.8567604671221445e-05 3.2553636909668623e-06 9.146755920644966e-09 2.966654200903971e-42 1.5885432488319092e-07
562.0 3.065087989013139e-05 3.506283744101269e-06 9.955300428480525e-09 3.764962140766496e-42 1.7202057493912406e-07
563.0 3.2873049722958066e-05 3.7749966469939065e-06 1.083047472140959e-08 4.7733488408396137e-42 1.861981771135755e-07
564.0 3.524239579797151e-05 4.062641764449358e-06 1.1777334794077168e-08 6.045836985984812e-42 2.0145806350693622e-07
565.0 3.7767624670616516e-05 4.370422341707034e-06 1.28012834223689e-08 7.65001348329911e-42 2.1787560328866925e-07
566.0 4.0457885095634394e-05 4.6996084552770735e-06 1.3908091005088106e-08 9.67035180092633e-42 2.3553084006036205e-07
567.0 4.332278572135714e-05 5.051540059071729e-06 1.5103917438183995e-08 1.2212327330327702e-41 2.545087391072851e-07
568.0 4.637241319672464e-05 5.427630126033114e-06 1.639533505631533e-08 1.5407510032405217e-41 2.7489944474922706e-07
569.0 4.9617350683437926e-05 5.829367885642562e-06 1.7789352677756686e-08 1.9419860251696103e-41 2.9679854801203733e-07
570.0 5.306869676318903e-05 6.258322157377062e-06 1.9293440788378557e-08 2.4453504334105934e-41 3.2030736482658653e-07
571.0 5.67380847277313e-05 6.716144779883741e-06 2.0915557900149296e-08 3.0762328502891113e-41 3.455332249476592e-07
572.0 6.0637702238392554e-05 7.2045741354605304e-06 2.2664178119595263e-08 3.866180467440203e-41 3.7258977177614687e-07
573.0 6.478031134152018e-05 7.725438769368753e-06 2.454831996197277e-08 4.854355334743452e-41 4.015972732645548e-07
574.0 6.917926882090009e-05 8.280661102801745e-06 2.657757644515358e-08 6.089325976374209e-41 4.3268294404891554e-07
575.0 7.384854687133596e-05 8.872261238642778e-06 2.8762146498544405e-08 7.631269429447429e-41 4.659812789646397e-07
576.0 7.880275407085347e-05 9.502360858276945e-06 3.1112867719906195e-08 9.554675133976812e-41 5.016343980568093e-07
577.0 8.405715663104328e-05 1.0173187207887961e-05 3.364125051364802e-08 1.195166188170546e-40 5.397924032011749e-07
578.0 8.962769990112038e-05 1.0887077172118352e-05 3.635951364251449e-08 1.493604295815682e-40 5.80613746419894e-07
579.0 9.553103009807811e-05 1.1646481432492403e-05 3.9280621223003646e-08 1.8648303529235665e-40 6.24265609946373e-07
580.0 0.00010178451623819229 1.2453968708253635e-05 4.241832119560326e-08 2.3261689239131705e-40 6.709242981020923e-07
581.0 0.00010840627223573709 1.3312230076024715e-05 4.578718529659519e-08 2.8989647100559857e-40 7.207756409763634e-07
582.0 0.00011541517914019417 1.4224083365242555e-05 4.940265055965692e-08 3.6094910512034292e-40 7.740154099222579e-07
583.0 0.00012283090747482696 1.5192477625176702e-05 5.3281062371185374e-08 4.490058133801209e-40 8.308497448131399e-07
584.0 0.00013067393964138547 1.62204976594404e-05 5.7439719102998693e-08 5.580363548110403e-40 8.914955930010024e-07
585.0 0.0001389655923521598 1.7311368623333878e-05 6.189691834340507e-08 6.929136668690898e-40 9.561811598777006e-07
586.0 0.00014772803904693958 1.8468460678761905e-05 6.667200474465246e-08 8.596138933921388e-40 1.0251463708970632e-06
587.0 0.00015698433225334443 1.9695293701428395e-05 7.178541950360646e-08 1.0654594815879224e-39 1.0986433449022966e-06
588.0 0.00016675842584351283 2.0995542034170726e-05 7.725875148834238e-08 1.3194143507873637e-39 1.1769368785445154e-06
589.0 0.0001770751971395932 2.2373039280059102e-05 8.31147900211036e-08 1.6324419596310663e-39 1.2603049415513787e-06
590.0 0.00018796046881814114 2.3831783128416827e-05 8.937757932485199e-08 2.0179392797700435e-39 1.3490391825641832e-06
591.0 0.00019944103056081605 2.5375940206394304e-05 9.607247463700671e-08 2.492262290682266e-39 1.443445445216783e-06
592.0 0.00021154466039635097 2.7009850948229658e-05 1.0322619999020173e-07 3.075361721784436e-39 1.543844294084685e-06
593.0 0.00022430014567665333 2.873803447386092e-05 1.1086690765603067e-07 3.791551479081603e-39 1.6505715500880705e-06
594.0 0.0002377373036293059 3.0565193468272784e-05 1.1902423924439542e-07 4.670436615577922e-39 1.7639788348974478e-06
595.0 0.0002518870014229159 3.249621905200284e-05 1.2772938844489998e-07 5.748032968793112e-39 1.884434123815419e-06
596.0 0.0002667811756837701 3.4536195633263633e-05 1.370151653941049e-07 7.06811684983295e-39 2.0123223065881314e-06
597.0 0.00028245285139710715 3.669040573124807e-05 1.4691606264607168e-07 8.683850608296616e-39 2.148045755525989e-06
598.0 0.0002989361601253276 3.896433475981637e-05 1.5746832271896868e-07 1.0659738729901252e-38 2.2920249002675226e-06
599.0 0.0003162663574755442 4.136367576053178e-05 1.6871000718620755e-07 1.307397960026073e-38 2.444698808481663e-06
600.0 0.000334479839741943 4.3894334072859386e-05 1.806810672723172e-07 1.602129048313796e-38 2.6065257717096344e-06
601.0 0.00035361415965197174 4.6562431929543245e-05 1.9342341591063283e-07 1.9616297960646177e-38 2.777983895531247e-06
602.0 0.0003737080411428265 4.9374312964586286e-05 2.069810012134153e-07 2.3997603470374617e-38 2.959571693177042e-06
603.0 0.00039480139308748624 5.233654662003685e-05 2.2139988129556503e-07 2.9332654123211377e-38 3.151808681604573e-06
604.0 0.0004169353218972013 5.545593243851667e-05 2.3672830039146708e-07 3.5823573249999184e-38 3.355235979069044e-06
605.0 0.00044015214291789125 5.873950422690163e-05 2.530167661932982e-07 4.371413374935923e-38 3.5704169030949216e-06
606.0 0.00046449539054310257 6.21945340769688e-05 2.7031812833564426e-07 5.329809104834466e-38 3.7979375677452053e-06
607.0 0.0004900098269588902 6.582853622756786e-05 2.886876579405542e-07 6.492913221881327e-38 4.038407478974262e-06
608.0 0.0005167414494412556 6.964927075328433e-05 3.081831281332327e-07 7.903274454021084e-38 4.292460126838554e-06
609.0 0.0005447374961212349 7.366474706353048e-05 3.2886489542822853e-07 9.612036175227374e-38 4.560753573239729e-06
610.0 0.0005740464501365266 7.788322719621234e-05 3.5079598188075806e-07 1.1680621078427111e-37 4.843971033849253e-06
611.0 0.0006047180420820373 8.231322888894828e-05 3.7404215788620115e-07 1.4182735748505162e-37 5.142821452752262e-06
612.0 0.0006368032506804076 8.696352841168809e-05 3.986720255080576e-07 1.720675386786054e-37 5.4580400683620475e-06
613.0 0.0006703543015827576 9.184316314282067e-05 4.247571021998828e-07 2.085854718880956e-37 5.7903889690064855e-06
614.0 0.0007054246642234443 9.696143387240115e-05 4.523719047865705e-07 2.526484558189029e-37 6.140657636641862e-06
615.0 0.0007420690466369443 0.00010232790681370153 4.815940335519625e-07 3.0577221705245966e-37 6.509663476955184e-06
616.0 0.0007803433881619062 0.00010795241530629997 5.125042562813849e-07 3.697681247408013e-37 6.898252334198905e-06
617.0 0.0008203048499472362 0.0001138450611922539 5.451865920922992e-07 4.467990892591837e-37 7.307298988953265e-06
618.0 0.0008620118031814829 0.0001200162158474893 5.797283948809851e-07 5.3944568724506645e-37 7.73770763700418e-06
619.0 0.0009055238149630547 0.00012647652084974158 6.162204362012134e-07 6.507843193631653e-37 8.190412347428788e-06
620.0 0.00095090163174235 0.00013323688826599327 6.547569873902881e-07 7.844795144293827e-37 8.666377498039304e-06
621.0 0.0009982071602502175 0.00014030850053977094 6.954359007369276e-07 9.448928509962167e-37 9.166598186124649e-06
622.0 0.001047503445848813 0.00014770280996141555 7.383586894900705e-07 1.1372113830318589e-36 9.692100612561017e-06
623.0 0.0010988546482288268 0.00015543153770250818 7.836306064896027e-07 1.367598938884305e-36 1.0243942437192908e-05
624.0 0.0011523260143904569 0.000163506672397273 8.3136072119917e-07 1.6433742226923167e-36 1.0823213103447499e-05
625.0 0.0012079838488372695 0.0001719404682523857 8.816619949053108e-07 1.9732202966107394e-36 1.1431034130009104e-05
626.0 0.0012658954809281926 0.00018074544266867622 9.346513538484391e-07 2.3674307742966038e-36 1.2068559367471481e-05
627.0 0.0013261292293292877 0.00018993437335750534 9.904497600386319e-07 2.8381989265685217e-36 1.2736975217795676e-05
628.0 0.0013887543635042686 0.00019952029493401527 1.049182279496931e-06 3.399956906808864e-36 1.3437500814318498e-05
629.0 0.0014538410622070609 0.00020951649497274923 1.1109781476707424e-06 4.069773466927807e-36 1.417138816023404e-05
630.0 0.0015214603689234951 0.00021993650950867215 1.1759708317501822e-06 4.867819877642418e-36 1.493992222326551e-05
631.0 0.0015916841442199456 0.00023079411796799706 1.244298089610041e-06 5.817915316035571e-36 1.5744420984294686e-05
632.0 0.0016645850149734818 0.00024210333751552643 1.3161020251053527e-06 6.94816476904067e-36 1.6586235437833658e-05
633.0 0.0017402363204456802 0.00025387841680331416 1.3915291394295565e-06 8.291704557893471e-36 1.746674954205721e-05
634.0 0.0018187120551808901 0.00026613382910807136 1.4707303782494068e-06 9.887572954994817e-36 1.8387380116255456e-05
635.0 0.0019000868087063992 0.0002788842648441808 1.5538611743191004e-06 1.1781726085326607e-35 1.9349576683493646e-05
636.0 0.0019844357020275217 0.0002921446234414116 1.6410814852798132e-06 1.4028222430204453e-35 2.0354821256386327e-05
637.0 0.0020718343209129666 0.0003059300045767661 1.7325558263446016e-06 1.6690602838921386e-35 2.140462806388707e-05
638.0 0.002162358645960488 0.00032025569874908033 1.828453297555886e-06 1.984349706862903e-35 2.2500543216908414e-05
639.0 0.0022560849794702005 0.0003351371771905408 1.928947605326153e-06 2.3574492588645312e-35 2.3644144310947275e-05
640.0 0.002353089869121659 0.0003505900811047229 2.034217077939518e-06 2.7986306784732854e-35 2.4837039963549593e-05
641.0 0.0024534500284853957 0.0003666302102259336 2.1444446747137517e-06 3.3199309876891324e-35 2.6080869284787762e-05
642.0 0.002557242254405593 0.00038327351069564826 2.2598179885219573e-06 3.935445292672079e-35 2.7377301278980146e-05
643.0 0.0026645433412766655 0.0004005360622499015 2.3805292413553634e-06 4.6616663377333594e-35 2.8728034175728535e-05
644.0 0.0027754299922686443 0.000418434064716417 2.5067752726314812e-06 5.517877977652094e-35 3.0134794688686536e-05
645.0 0.0028899787275574146 0.000436983823820651 2.638757519949054e-06 6.526610783427236e-35 3.159933720049236e-05
646.0 0.0030082657896103797 0.0004562017362993107 2.7766819919826366e-06 7.714169193079112e-35 3.31234428722493e-05
647.0 0.003130367045607647 0.000476104274324587 2.9207592332331313e-06 9.111240981515902e-35 3.4708918676270676e-05
648.0 0.0032563578870705556 0.0004967079692413826 3.0712042803413655e-06 1.0753601373391386e-34 3.6357596350740305e-05
649.0 0.0033863131267849035 0.0005180293946224625 3.228236609684495e-06 1.2682925884820433e-34 3.8071331275134706e-05
650.0 0.003520306893120811 0.000540085148649014 3.3920800759885014e-06 1.4947727981177686e-34 3.985200126545143e-05
651.0 0.0036584125218334022 0.0005628918358217557 3.5629628416735104e-06 1.7604439909548767e-34 4.1701505288127236e-05
652.0 0.0038007024454784826 0.0005864660480157456 3.7411172966973136e-06 2.0718657640515816e-34 4.362176209213543e-05
653.0 0.00394724808055251 0.0006108243448887137 3.926779968641802e-06 2.4366573772872696e-34 4.561470875853074e-05
654.0 0.0040981197124784164 0.0006359832336549981 4.1201914228011606e-06 2.863662555997054e-34 4.7682299166900205e-05
655.0 0.004253386378591387 0.0006619591482427336 4.321596152067503e-06 3.3631388955917216e-34 4.98265023786229e-05
656.0 0.004413115749248612 0.0006887684278477557 4.531242456385017e-06 3.946975380698205e-34 5.2049300936565485e-05
657.0 0.00457737400723257 0.0007164272949052972 4.749382311595316e-06 4.628942008902386e-34 5.4352689081446686e-05
658.0 0.004746225725609054 0.0007449518324998457 4.9762712274966044e-06 5.4249760481671365e-34 5.673867088509876e-05
659.0 0.004919733744185691 0.0007743579612316832 5.212168094931214e-06 6.353510064874464e-34 5.9209258300759425e-05
660.0 0.005097959044781817 0.0008046614155694316 5.457335021792998e-06 7.435847544584281e-34 6.176646913139843e-05
661.0 0.00528096062546505 0.0008358777197099142 5.712037157799967e-06 8.696592699012184e-34 6.441232491653551e-05
662.0 0.00546879537396403 0.0008680221629757774 5.9765425079455365e-06 1.0164141920852189e-33 6.714884873876121e-05
663.0 0.005661517940436264 0.0009011097747772147 6.251121734522874e-06 1.1871245324032848e-33 6.997806295092675e-05
664.0 0.005859180609819406 0.00093515529917268 6.536047947684251e-06 1.3855647903600426e-33 7.290198682569656e-05
665.0 0.0060618331739555956 0.0009701731690580737 6.831596484471009e-06 1.6160821080327803e-33 7.592263412881757e-05
666.0 0.006269522803715205 0.0010061774800204694 7.13804467630622e-06 1.8836796776056293e-33 7.904201061804807e-05
667.0 0.006482293921342123 0.0010431819638925934 7.45567160495585e-06 2.1941117713552305e-33 8.22621114697853e-05
668.0 0.006700188073241529 0.0010811999620448404 7.784757846981445e-06 2.5539919368209292e-33 8.558491863556497e-05
669.0 0.006923243803453048 0.0011202443984559874 8.125585206752854e-06 2.9709160939147564e-33 8.901239813104209e-05
670.0 0.0071514965280315024 0.0011603277526012225 8.478436438086814e-06 3.4536024876926846e-33 9.254649725995982e-05
671.0 0.007384978410588854 0.0012014620322020667 8.843594954635993e-06 4.012050692978893e-33 9.618914177618358e-05
672.0 0.0076237182392304365 0.001243658745880247 9.22134452915291e-06 4.6577221377661804e-33 9.994223298678638e-05
673.0 0.007867741305137184 0.0012869288757615298 9.611968981799373e-06 5.403744914404119e-33 0.00010380764479958966
674.0 0.008117069283038085 0.0013312828500751006 1.0015751857688895e-05 6.26514598438623e-33 0.00010778722071864601
675.0 0.008371720113830848 0.0013767305157972806 1.0432976093893083e-05 7.259114257783847e-33 0.0001118827707915214
676.0 0.008631707889596173 0.0014232811113871397 1.0863923676155211e-05 8.40529844609305e-33 0.00011609606851225534
677.0 0.008897042741248718 0.0014709432396620829 1.1308875285579277e-05 9.726144051935927e-33 0.00012042884768403589
678.0 0.009167730729104609 0.0015197248408684247 1.17681099356389e-05 1.1247274375630401e-32 0.00012488279924632
679.0 0.009443773736580617 0.0015696331659921887 1.22419045997991e-05 1.2997920992316375e-32 0.00012945956807045527
680.0 0.009725169367310929 0.0016206747503679046 1.2730533830164484e-05 1.5011409790206997e-32 0.00013416074972901374
681.0 0.010011910845903648 0.0016728553876335487 1.3234269367518475e-05 1.732570936673714e-32 0.00013898788724339144
682.0 0.010303986922595503 0.0017261801040866116 1.3753379743196558e-05 1.9984049362161195e-32 0.0001439424678149177
683.0 0.010601381782047076 0.001780653133494438 1.4288129873249117e-05 2.3035617176972256e-32 0.0001490259195447056
684.0 0.010904074956520314 0.001836277892412809 1.4838780645382686e-05 2.653634247878456e-32 0.00015423960814767328
685.0 0.011212041243669693 0.0018930569560656986 1.540558849918802e-05 3.0549779965044293e-32 0.00015958483366622
686.0 0.01152525062917032 0.0019509920348387104 1.598880500018752e-05 3.5148102020040413e-32 0.00016506282718913482
687.0 0.011843668214437955 0.002010083951444682 1.6588676408311697e-05 4.041321419897133e-32 0.00017067474758195847
688.0 0.012167254149620183 0.0020703326188081217 1.720544324134761e-05 4.643800789964122e-32 0.0001764216782341606
689.0 0.012495963572099441 0.0021317370187260475 1.7839339834019483e-05 5.332776615689647e-32 0.0001823046238295449
690.0 0.012829746550702606 0.002194295181355906 1.8490593893335186e-05 6.120174022941607e-32 0.0001883245071458515
691.0 0.013168548035821692 0.002258004165583495 1.9159426050880808e-05 7.01949165581497e-32 0.0001944821658898485
692.0 0.013512307815616454 0.002322860040318801 1.9846049412732453e-05 8.045999577643633e-32 0.00020077834957390702
693.0 0.013860960478504335 0.0023888578667740764 2.0550669107738598e-05 9.216960776151786e-32 0.00020721371644073395
694.0 0.014214435382087422 0.0024559916817696887 2.1273481834882328e-05 1.055187892540337e-31 0.00021378883044231292
695.0 0.01457265662868139 0.002524254482116292 2.201467541048659e-05 1.2072775335707233e-31 0.0002205041582794813
696.0 0.014935543047614273 0.0025936382101229938 2.2774428316066563e-05 1.380449832814885e-31 0.00022736006650880106
697.0 0.015303008184384756 0.0026641337402681293 2.3552909247548087e-05 1.57750686052124e-31 0.0002343568187223567
698.0 0.015674960296876206 0.0027357308670880915 2.4350276666764218e-05 1.8016064555841276e-31 0.0002414945728078743
699.0 0.01605130235867833 0.002808418294315108 2.5166678355956777e-05 2.0563051834631828e-31 0.0002487733782945265
700.0 0.016431932069645227 0.0028821836253084734 2.6002250976155358e-05 2.345606199402615e-31 0.0002561931737910766
