200.0 0.0 0.0 0.0 0.0 0.0
201.0 0.0 0.0 0.0 0.0 0.0
202.0 0.0 0.0 0.0 0.0 0.0
203.0 0.0 0.0 0.0 0.0 0.0
204.0 0.0 0.0 0.0 0.0 0.0
205.0 0.0 0.0 0.0 0.0 0.0
206.0 0.0 0.0 0.0 0.0 0.0
207.0 0.0 0.0 0.0 0.0 0.0
208.0 0.0 0.0 0.0 0.0 0.0
209.0 0.0 0.0 0.0 0.0 0.0
210.0 0.0 0.0 0.0 0.0 0.0
211.0 0.0 0.0 0.0 0.0 0.0
212.0 0.0 0.0 0.0 0.0 0.0
213.0 0.0 0.0 0.0 0.0 0.0
214.0 0.0 0.0 0.0 0.0 0.0
215.0 0.0 0.0 0.0 0.0 0.0
216.0 0.0 0.0 0.0 0.0 0.0
217.0 0.0 0.0 0.0 0.0 0.0
218.0 0.0 0.0 0.0 0.0 0.0
219.0 0.0 0.0 0.0 0.0 0.0
220.0 0.0 0.0 0.0 0.0 0.0
221.0 0.0 0.0 0.0 0.0 0.0
222.0 0.0 0.0 0.0 0.0 0.0
223.0 0.0 0.0 0.0 0.0 0.0
224.0 0.0 0.0 0.0 0.0 0.0
225.0 0.0 0.0 0.0 0.0 0.0
226.0 0.0 0.0 0.0 0.0 0.0
227.0 0.0 0.0 0.0 0.0 0.0
228.0 0.0 0.0 0.0 0.0 0.0
229.0 0.0 0.0 0.0 0.0 0.0
230.0 0.0 0.0 0.0 0.0 0.0
231.0 0.0 0.0 0.0 0.0 0.0
232.0 0.0 0.0 0.0 0.0 0.0
233.0 0.0 0.0 0.0 0.0 0.0
234.0 0.0 0.0 0.0 0.0 0.0
235.0 0.0 0.0 0.0 0.0 0.0
236.0 0.0 0.0 0.0 0.0 0.0
237.0 0.0 0.0 0.0 0.0 0.0
238.0 0.0 0.0 0.0 0.0 0.0
239.0 0.0 0.0 0.0 0.0 0.0
240.0 0.0 0.0 0.0 0.0 0.0
241.0 0.0 0.0 0.0 0.0 0.0
242.0 0.0 0.0 0.0 0.0 0.0
243.0 0.0 0.0 0.0 0.0 0.0
244.0 0.0 0.0 0.0 0.0 0.0
245.0 0.0 0.0 0.0 0.0 0.0
246.0 0.0 0.0 0.0 0.0 0.0
247.0 0.0 0.0 0.0 0.0 0.0
248.0 0.0 0.0 0.0 0.0 0.0
249.0 0.0 0.0 0.0 0.0 0.0
250.0 0.0 0.0 0.0 0.0 0.0
251.0 0.0 0.0 0.0 0.0 0.0
252.0 0.0 0.0 0.0 0.0 0.0
253.0 0.0 0.0 0.0 0.0 0.0
254.0 0.0 0.0 0.0 0.0 0.0
255.0 0.0 0.0 0.0 0.0 0.0
256.0 0.0 0.0 0.0 0.0 0.0
257.0 0.0 0.0 0.0 0.0 0.0
258.0 0.0 0.0 0.0 0.0 0.0
259.0 0.0 0.0 0.0 0.0 0.0
260.0 0.0 0.0 0.0 0.0 0.0
261.0 0.0 0.0 0.0 0.0 0.0
262.0 0.0 0.0 0.0 0.0 0.0
263.0 0.0 0.0 0.0 0.0 0.0
264.0 0.0 0.0 0.0 0.0 0.0
265.0 0.0 0.0 0.0 0.0 0.0
266.0 0.0 0.0 0.0 0.0 0.0
267.0 0.0 0.0 0.0 0.0 0.0
268.0 0.0 0.0 0.0 0.0 0.0
269.0 0.0 0.0 0.0 0.0 0.0
270.0 0.0 0.0 0.0 0.0 0.0
271.0 0.0 0.0 0.0 0.0 0.0
272.0 0.0 0.0 0.0 0.0 0.0
273.0 0.0 0.0 0.0 0.0 0.0
274.0 0.0 0.0 0.0 0.0 0.0
275.0 0.0 0.0 0.0 0.0 0.0
276.0 0.0 0.0 0.0 0.0 0.0
277.0 0.0 0.0 0.0 0.0 0.0
278.0 0.0 0.0 0.0 0.0 0.0
279.0 0.0 0.0 0.0 0.0 0.0
280.0 0.0 0.0 0.0 0.0 0.0
281.0 0.0 0.0 0.0 0.0 0.0
282.0 0.0 0.0 0.0 0.0 0.0
283.0 0.0 0.0 0.0 0.0 0.0
284.0 0.0 0.0 0.0 0.0 0.0
285.0 0.0 0.0 0.0 0.0 0.0
286.0 0.0 0.0 0.0 0.0 0.0
287.0 0.0 0.0 0.0 0.0 0.0
288.0 0.0 0.0 0.0 0.0 0.0
289.0 0.0 0.0 0.0 0.0 0.0
290.0 0.0 0.0 0.0 0.0 0.0
291.0 0.0 0.0 0.0 0.0 0.0
292.0 0.0 0.0 0.0 0.0 0.0
293.0 0.0 0.0 0.0 0.0 0.0
294.0 0.0 0.0 0.0 0.0 0.0
295.0 0.0 0.0 0.0 0.0 0.0
296.0 0.0 0.0 0.0 0.0 0.0
297.0 0.0 0.0 0.0 0.0 0.0
298.0 0.0 0.0 0.0 0.0 0.0
299.0 0.0 0.0 0.0 0.0 0.0
300.0 0.0 0.0 0.0 0.0 0.0
301.0 0.0 0.0 0.0 0.0 0.0
302.0 0.0 0.0 0.0 0.0 0.0
303.0 0.0 0.0 0.0 0.0 0.0
304.0 0.0 0.0 0.0 0.0 0.0
305.0 0.0 0.0 0.0 0.0 0.0
306.0 0.0 0.0 0.0 0.0 0.0
307.0 0.0 0.0 0.0 0.0 0.0
308.0 0.0 0.0 0.0 0.0 0.0
309.0 0.0 0.0 0.0 0.0 0.0
310.0 0.0 0.0 0.0 0.0 0.0
311.0 0.0 0.0 0.0 0.0 0.0
312.0 0.0 0.0 0.0 0.0 0.0
313.0 0.0 0.0 0.0 0.0 0.0
314.0 0.0 0.0 0.0 0.0 0.0
315.0 0.0 0.0 0.0 0.0 0.0
316.0 0.0 0.0 0.0 0.0 0.0
317.0 1.089853053538047e-16 2.015796943569643e-18 7.126990506001691e-23 3.221213097173864e-85 1.113986076563863e-20
318.0 1.0895951335264149e-16 2.0407670309527047e-18 7.451631720772708e-23 5.44498111729245e-85 1.1463722832939899e-20
319.0 1.0893354938815955e-16 2.0658805223663566e-18 7.788860836774442e-23 9.173659641177272e-85 1.1794844145573819e-20
320.0 1.0890741335025312e-16 2.0911366621742336e-18 8.139074190691912e-23 1.5405350943168112e-84 1.213333217270807e-20
321.0 1.0888110511468445e-16 2.1165346873631937e-18 8.502677349282857e-23 2.5786745593344172e-84 1.247929488044411e-20
322.0 2.1770924908514887e-16 4.284147655333839e-18 1.7760170459892551e-22 8.60519091697762e-84 2.566568143530896e-20
323.0 2.1765594295979144e-16 4.33550661137401e-18 1.8543444441327215e-22 1.431253098444308e-83 2.6388157203386055e-20
324.0 2.1760229151398975e-16 4.3871446740241996e-18 1.9356044598531276e-22 2.373051002698444e-83 2.7126235807970604e-20
325.0 3.2632244156425694e-16 6.658590391001999e-18 3.0298287455911325e-22 5.8835068251687126e-83 4.182020530648708e-20
326.0 3.262409267122833e-16 6.736877662684581e-18 3.1609188873438287e-22 9.694690070267311e-83 4.2975121296239826e-20
327.0 4.3487852274192934e-16 9.08743521572561e-18 4.395754868897842e-22 2.1234515692809827e-82 5.887257815888436e-20
328.0 5.434605614755568e-16 1.149114034058714e-17 5.729437654931627e-22 4.34716606786844e-82 7.559745899830409e-20
329.0 6.519865208664028e-16 1.3948397174017328e-17 7.16720663572526e-22 8.517997130634062e-82 9.317516180050716e-20
330.0 7.604558777164993e-16 1.6459606537155027e-17 8.714501879010278e-22 1.6178650399523653e-81 1.1163153279393006e-19
331.0 8.688681075799101e-16 1.9025165904572384e-17 1.0376969364690933e-21 3.0013175651721015e-81 1.3099286815395064e-19
332.0 1.0858029829586286e-15 2.4050521526549183e-17 1.3511629207190427e-21 6.071988451859152e-81 1.6809546179485536e-19
333.0 1.3026228980648541e-15 2.9185089163186923e-17 1.6885279703511273e-21 1.1758822645957522e-80 2.0704545119074895e-19
334.0 1.5193267981222775e-15 3.4429650112710074e-17 2.0510083432147158e-21 2.2075790035515562e-80 2.4789724222412573e-19
335.0 1.7359136251934208e-15 3.978497879081328e-17 2.4398649321159955e-21 4.0483583174627374e-80 2.907061501479656e-19
336.0 2.169313686623238e-15 5.027982519278346e-17 3.1737826315616266e-21 8.097218064667438e-80 3.728093357636257e-19
337.0 2.494041583227971e-15 5.845565257708657e-17 3.7972771588955256e-21 1.4858247022537064e-79 4.397843109436465e-19
338.0 3.0354049562602655e-15 7.193863208288467e-17 4.808355631972109e-21 2.8782561842797405e-79 5.491085366500647e-19
339.0 3.576469767489522e-15 8.570267068181505e-17 5.8931065599610006e-21 5.383013142012134e-79 6.636454331990331e-19
340.0 4.2255815829138645e-15 1.0237463064495757e-16 7.240780374140723e-21 1.006781219388638e-78 8.041611671190486e-19
341.0 4.982648298746158e-15 1.2204056128375795e-16 8.877046701313513e-21 1.8742029769919666e-78 9.723609833265457e-19
342.0 5.84757672614443e-15 1.447872400251163e-16 1.082915829911012e-20 3.4632225412270477e-78 1.1700114148627362e-18
343.0 6.928530879985957e-15 1.7341172144503122e-16 1.333436724461673e-20 6.443831222204897e-78 1.4211468573015775e-18
344.0 8.117096401282161e-15 2.0534952466545495e-16 1.623107464251051e-20 1.1823953322600144e-77 1.7065516715392321e-18
345.0 9.629571121650985e-15 2.462230230478088e-16 2.0001958031330832e-20 2.191282313248159e-77 2.0748393220063753e-18
346.0 1.1357505947702131e-14 2.934990144898589e-16 2.4500336511505773e-20 4.027021271580734e-77 2.50759660205554e-18
347.0 1.3300707863526181e-14 3.473552483555335e-16 2.979152131332146e-20 7.329513116223764e-77 3.0087461700269055e-18
348.0 1.567519115339034e-14 4.136767345541804e-16 3.644733495348297e-20 1.3390970914073551e-76 3.6324461524192e-18
349.0 1.8372497286936624e-14 4.89936182378743e-16 4.433667220473338e-20 2.427030039584982e-76 4.360838901773626e-18
350.0 2.150037315893769e-14 5.793146939629665e-16 5.383821190302306e-20 4.381057340981345e-76 5.226414422151014e-18
351.0 2.516643577502532e-14 6.851124484988116e-16 6.537694458132801e-20 7.890565326392385e-76 6.264357647495439e-18
352.0 2.9478170367070313e-14 8.107498248774861e-16 7.942752633019862e-20 1.4186557648883526e-75 7.512661779707603e-18
353.0 3.4542928490541744e-14 9.597685051726153e-16 9.6517790224298e-20 2.5454901266988183e-75 9.01224394075167e-18
354.0 4.036001163319516e-14 1.1328036719825194e-15 1.1691979998592009e-19 4.543116847839885e-75 1.0778244301949488e-17
355.0 4.703659532312865e-14 1.3335536791692976e-15 1.4124492016747689e-19 8.068490611725044e-75 1.285578330830822e-17
356.0 5.489541580049607e-14 1.5720175961618733e-15 1.708384311979535e-19 1.4315893657049633e-74 1.5353525640576877e-17
357.0 6.404317338390126e-14 1.852322135340814e-15 2.0651327344208232e-19 2.533156374596452e-74 1.8327287076028428e-17
358.0 7.447863990559504e-14 2.175572759846737e-15 2.487976760923551e-19 4.457763393836296e-74 2.1804933725318638e-17
359.0 8.663157591456121e-14 2.5555968643226175e-15 2.9974006380768994e-19 7.828082679756955e-74 2.5944290754849204e-17
360.0 1.0071575967290977e-13 3.0002958098144684e-15 3.6085711069606594e-19 1.3708081567057359e-73 3.084969639279791e-17
361.0 1.1705236605356813e-13 3.5210630481206374e-15 4.342134233600611e-19 2.3942743106940245e-73 3.6666318377292617e-17
362.0 1.3585449355021217e-13 4.1263990180940445e-15 5.216736805019315e-19 4.1668201029921595e-73 4.3515200210232994e-17
363.0 1.5744256019880726e-13 4.828361800741421e-15 6.25700175529062e-19 7.224712511215746e-73 5.156032649213978e-17
364.0 1.8245929306071526e-13 5.6493844330634154e-15 7.503214511266536e-19 1.249886961762213e-72 6.108479876727557e-17
365.0 2.1122392038128473e-13 6.6025688449735145e-15 8.986289702003276e-19 2.1552651798225694e-72 7.228221366939386e-17
366.0 2.4427024342174583e-13 7.70819173335984e-15 1.0749374396012857e-18 3.704549467759614e-72 8.54334743356484e-17
367.0 2.82346282856376e-13 8.994017185505617e-15 1.284961253521238e-18 6.350621266306996e-72 1.0091532706185281e-16
368.0 3.260915879295102e-13 1.0485247892207853e-14 1.5344882394571122e-18 1.0854573709128286e-71 1.1909157126368195e-16
369.0 3.76252214299546e-13 1.2211347603444895e-14 1.830376227317261e-18 1.8495606362453243e-71 1.403899760791362e-16
370.0 4.3389528086550294e-13 1.4213237445109235e-14 2.181752702293318e-18 3.1432255460134856e-71 1.6538922551002153e-16
371.0 4.99871732926353e-13 1.6526029679607736e-14 2.5975329164974214e-18 5.325280448292921e-71 1.9462389923911001e-16
372.0 5.754604896207213e-13 1.9200202546915108e-14 3.0897482348726417e-18 8.996885670078966e-71 2.2883310876790946e-16
373.0 6.620459089334152e-13 2.229140347891195e-14 3.6721855914212195e-18 1.5158782554192232e-70 2.688487793452085e-16
374.0 7.610103503474253e-13 2.5856974443521852e-14 4.3599394496187706e-18 2.5467142194438522e-70 3.1555741330859654e-16
375.0 8.741629195746988e-13 2.9970663490242606e-14 5.1720260283444074e-18 4.266939231004655e-70 3.7008348364996574e-16
376.0 1.0033100794727125e-12 3.470844462540837e-14 6.129253308580816e-18 7.128886305542372e-70 4.3362470893529536e-16
377.0 1.1507912116867295e-12 4.016722649855939e-14 7.257703859657245e-18 1.1879015063642856e-69 5.076908209949679e-16
378.0 1.3189422362152856e-12 4.644681213092469e-14 8.585895895387345e-18 1.9740078176491118e-69 5.938889747301011e-16
379.0 1.5106307894300574e-12 5.3668932014141837e-14 1.0148520033446629e-17 3.271668002236628e-69 6.941729536185941e-16
380.0 1.7288272019914975e-12 6.196272541705417e-14 1.1984184410588003e-17 5.407613092261375e-69 8.106704453447374e-16
381.0 1.9771390997445677e-12 7.148426076266799e-14 1.4139536676608194e-17 8.914486997782414e-69 9.459480081442016e-16
382.0 2.259596333367632e-12 8.240972836630597e-14 1.666859435434798e-17 1.465762679264544e-68 1.1029414236785496e-15
383.0 2.5805432387017574e-12 9.493218297156734e-14 1.9632656990478393e-17 2.403768712513683e-68 1.2849282716242053e-15
384.0 2.9450653933934727e-12 1.092779199716027e-13 2.310430518126896e-17 3.931938683533154e-68 1.4957665353574345e-15
385.0 3.3586677114650942e-12 1.256956544352605e-13 2.716600608777424e-17 6.415004783261809e-68 1.73977206725116e-15
386.0 3.827700662365484e-12 1.4447333091357177e-13 3.1914555317122025e-17 1.0439513741688579e-67 2.0219731882894634e-15
387.0 4.359358577071779e-12 1.65939471506259e-13 3.746254892132783e-17 1.6946409893676348e-67 2.3481624490832914e-15
388.0 4.961357821945398e-12 1.9045224437478505e-13 4.3937114392063826e-17 2.7439431509723326e-67 2.7247744984605848e-15
389.0 5.642788922868604e-12 2.1843336473381496e-13 5.148893502612929e-17 4.43200828283273e-67 3.159402646907079e-15
390.0 6.4135806836553685e-12 2.503494803268141e-13 6.028970782303638e-17 7.140988425285314e-67 3.6605800761649046e-15
391.0 7.284711521917477e-12 2.867219419092046e-13 7.053609090935095e-17 1.1477463915970983e-66 4.237963706638306e-15
392.0 8.268846451136826e-12 3.2815389112014706e-13 8.245837567301944e-17 1.8402848558708395e-66 4.902786754995469e-15
393.0 9.37969455829319e-12 3.7530741717542007e-13 9.631729337184621e-17 2.943553786722515e-66 5.6675841076211195e-15
394.0 1.0632964776744557e-11 4.2894394939886264e-13 1.1241676329467787e-16 4.6970288794068376e-66 6.546861786685393e-15
395.0 1.204593595892424e-11 4.899101952360209e-13 1.311034959847491e-16 7.477271581228567e-66 7.556966589584119e-15
396.0 1.3637878877833585e-11 5.591581842637938e-13 1.5277558361330006e-16 1.1875093933975755e-65 8.716474919458987e-15
397.0 1.5430583501173526e-11 6.377705234482654e-13 1.7789335695163695e-16 1.8815670606968974e-65 1.0046684576658845e-14
398.0 1.7447821989413637e-11 7.269423890655919e-13 2.0697895873957156e-16 2.9743412345775476e-65 1.1571444288373262e-14
399.0 1.971651287995113e-11 8.280339245927509e-13 2.4063593576525286e-16 4.690968430236507e-65 1.33180994159574e-14
400.0 2.226639545728132e-11 9.425619336521182e-13 2.7955287895762987e-16 7.381442488758632e-65 1.5317505088488562e-14
401.0 2.5130554091324066e-11 1.0722272261077182e-12 3.245178008737644e-16 1.1588675636647726e-64 1.7604618499846434e-14
402.0 2.8345835041011916e-11 1.21893843486544e-12 3.7643267707614834e-16 1.8152994775426824e-64 2.021906236901298e-14
403.0 3.1953155993429055e-11 1.3848320713355084e-12 4.3632798252637305e-16 2.837214974658572e-64 2.3205651981673906e-14
404.0 3.5997814653182767e-11 1.572293216944819e-12 5.053785223379382e-16 4.424574430339398e-64 2.661495618911085e-14
405.0 4.0530220335529775e-11 1.7839955147215922e-12 5.849267517936981e-16 6.884839985409805e-64 3.050421261512171e-14
406.0 4.560619971127489e-11 2.0229238206947844e-12 6.765022655230088e-16 1.0689713712065868e-63 3.493798788695427e-14
407.0 5.128761923486704e-11 2.2924117015762663e-12 7.818477167962099e-16 1.6561318917387082e-63 3.9989124061476715e-14
408.0 5.764311157437087e-11 2.596184962294405e-12 9.02948856700753e-16 2.560282738062179e-63 4.573983439099147e-14
409.0 6.474848242196997e-11 2.9383922391504883e-12 1.0420623442233305e-15 3.949582414666291e-63 5.228261904174438e-14
410.0 7.268785629297151e-11 3.323670307649711e-12 1.2017580300678316e-15 6.079843765181366e-63 5.972184181315845e-14
411.0 8.155386744485451e-11 3.757167857408838e-12 1.3849493958931243e-15 9.33935522399387e-63 6.817462776379986e-14
412.0 9.144932935650128e-11 4.24463839411858e-12 1.5949518067875125e-15 1.431634956934915e-62 7.777305889532654e-14
413.0 1.0248763175403477e-10 4.792477213268206e-12 1.8355242525594497e-15 2.1900051472744473e-62 8.866544092325013e-14
414.0 1.1479387512483684e-10 5.407794068228706e-12 2.1109276840228615e-15 3.343193704107912e-62 1.0101828415286303e-13
415.0 1.285061071504003e-10 6.098493172896304e-12 2.425990624710841e-15 5.093164377049362e-62 1.1501850918990584e-13
416.0 1.437767661376887e-10 6.873365830060669e-12 2.7861847716519384e-15 7.743376341921602e-62 1.308759887778542e-13
417.0 1.607736980130297e-10 7.742165709166074e-12 3.1976990823771854e-15 1.1748857766862978e-61 1.4882586697347693e-13
418.0 1.7968180209082e-10 8.715716934711186e-12 3.66753274501725e-15 1.7790558027411998e-61 1.6913160847479326e-13
419.0 2.007049874645897e-10 9.806041003919001e-12 4.203603046073073e-15 2.6885545607344666e-61 1.92088547625666e-13
420.0 2.2406717524351477e-10 1.1026441086214948e-11 4.814842634039797e-15 4.054982855744694e-61 2.1802674822633564e-13
421.0 2.50015086150908e-10 1.239167715689221e-11 5.511343443311052e-15 6.1038861775470246e-61 2.4731578455629946e-13
422.0 2.7881986181929496e-10 1.391808906386133e-11 6.304488001035511e-15 9.170163811548355e-61 2.8036868462611893e-13
423.0 3.107792058532322e-10 1.5623749437973015e-11 7.207103318994052e-15 1.3750124514907394e-60 3.176466358777644e-13
424.0 3.462205683111142e-10 1.7528674276905234e-11 8.233652540384466e-15 2.0577910891406464e-60 3.5966506561490273e-13
425.0 3.855029536234746e-10 1.965497045617132e-11 9.40041045515336e-15 3.073736267832405e-60 4.069986744961915e-13
426.0 4.290205064482378e-10 2.2027078732963436e-11 1.072569682948076e-14 4.5825625422332543e-60 4.602886565089802e-13
427.0 4.772054552822435e-10 2.467199160084922e-11 1.2230114029056938e-14 6.819183852582336e-60 5.20249691009957e-13
428.0 5.305316745194796e-10 2.7619510067176115e-11 1.3936820357862103e-14 1.0128481272376042e-59 5.876780405599412e-13
429.0 5.895180237030751e-10 3.09024968552746e-11 1.5871820346278528e-14 1.5015838982875038e-59 6.634598979888501e-13
430.0 6.547331411976936e-10 3.455721404596362e-11 1.8064318482001135e-14 2.222050509898621e-59 7.485818886726521e-13
431.0 7.267990681237644e-10 3.8623609432336843e-11 2.0547070361850802e-14 3.282182222373966e-59 8.441408801308428e-13
432.0 8.063965329793969e-10 4.3145700131778376e-11 2.3356809257617925e-14 4.839286761062119e-59 9.513563101097301e-13
433.0 8.94269797789385e-10 4.817194464856608e-11 2.653469544758572e-14 7.122218312759263e-59 1.0715827501925496e-12
434.0 9.912325310495007e-10 5.37556818089138e-11 3.012683257756385e-14 1.0463328321634506e-58 1.206324455188909e-12
435.0 1.0981734487881118e-09 5.995557053696103e-11 3.4184819035336244e-14 1.5344414308512582e-58 1.3572505015839055e-12
436.0 1.2160630822145911e-09 6.683610462312565e-11 3.876637867546475e-14 2.246269728873193e-58 1.5262122165354047e-12
437.0 1.3459607273361477e-09 7.446815318479342e-11 4.393604833744626e-14 3.2825382840988536e-58 1.7152618730073966e-12
438.0 1.4890220969714884e-09 8.292955636336937e-11 4.976594321384857e-14 4.788496275973128e-58 1.9266733814628957e-12
439.0 1.6465072544692193e-09 9.230575457314901e-11 5.6336592391237135e-14 6.973246425808491e-58 2.162964555882704e-12
440.0 1.8197899740762202e-09 1.0269051673900711e-10 6.373788938683984e-14 1.0137303994163328e-57 2.4269225571822006e-12
441.0 2.0103665416854713e-09 1.1418665849402362e-10 7.207009802291109e-14 1.4711822276419227e-57 2.7216300648919426e-12
442.0 2.219866704894221e-09 1.2690690387755214e-10 8.144501362176131e-14 2.1314344725692567e-57 3.050495865032805e-12
443.0 2.4500643688838806e-09 1.4097475792484087e-10 9.198720597832165e-14 3.0827898859935693e-57 3.4172868549301217e-12
444.0 2.7028892862007387e-09 1.5652546190587533e-10 1.0383539516564235e-13 4.4513024680918783e-57 3.826163248037642e-12
445.0 2.9804404630708576e-09 1.7370707605212689e-10 1.17143999470393e-13 6.416620561262126e-57 4.281718215946936e-12
446.0 3.2849994034463524e-09 1.926815841933422e-10 1.3208479598282873e-13 9.234352233396979e-57 4.789019541619158e-12
447.0 3.619045370819069e-09 2.1362614873173957e-10 1.4884878841865988e-13 1.3267591123541755e-56 5.353656550661165e-12
448.0 3.985270789549304e-09 2.3673440982514464e-10 1.6764822248786433e-13 1.903127764916185e-56 5.981789873785946e-12
449.0 4.386598961769353e-09 2.6221795940996836e-10 1.8871885034805436e-13 2.7254529329442977e-56 6.6802074518626314e-12
450.0 4.8262018073411646e-09 2.90307858432137e-10 2.1232236628801066e-13 3.89680681083154e-56 7.456383677682883e-12
451.0 5.30752031860986e-09 3.212563604862975e-10 2.3874914319542586e-13 5.5626672535662225e-56 8.318545985972586e-12
452.0 5.834284920105161e-09 3.553386780959164e-10 2.6832116828883785e-13 7.928039324903259e-56 9.275744943118066e-12
453.0 6.4105388358067525e-09 3.928549817602794e-10 3.0139533314034897e-13 1.1281360743745745e-55 1.0337932928590487e-11
454.0 7.040662276248169e-09 4.341325050644345e-10 3.383670049029229e-13 1.6027824918832423e-55 1.1516048418268726e-11
455.0 7.729398369065287e-09 4.795278155944247e-10 3.7967394174335015e-13 2.2735760780399905e-55 1.2822107654591824e-11
456.0 8.481881028694101e-09 5.294292687768082e-10 4.2580058768298226e-13 3.2201086794794543e-55 1.4269304443522105e-11
457.0 9.303665166088203e-09 5.842596752651902e-10 4.772827955621939e-13 4.553674805042913e-55 1.5872119217629537e-11
458.0 1.020075860505539e-08 6.444791483998575e-10 5.347129776267056e-13 6.429662996025474e-55 1.7646436805688812e-11
459.0 1.117965631196525e-08 7.105881751933219e-10 5.987457455578723e-13 9.064698261809746e-55 1.960967441848351e-11
460.0 1.224737702683433e-08 7.831309229999728e-10 6.701040803789536e-13 1.2760321852590434e-54 2.17809205686422e-11
461.0 1.3411502588826168e-08 8.626988075174826e-10 7.495860867084439e-13 1.793565315783885e-54 2.4181086045754592e-11
462.0 1.4680219320797109e-08 9.499342886221588e-10 8.38072337489125e-13 2.517237338385836e-54 2.6833066446403264e-11
463.0 1.6062363617488063e-08 1.0455350395801874e-09 9.365339732949987e-13 3.527659194847213e-54 2.9761920801596316e-11
464.0 1.7567468627676833e-08 1.1502582977628503e-09 1.046041430466536e-12 4.936380209219808e-54 3.299506142473931e-11
465.0 1.92058159215961e-08 1.2649256565723128e-09 1.167774069754197e-12 6.897538204164921e-54 3.656246282559618e-11
466.0 2.0988489854257383e-08 1.3904281608420744e-09 1.3030306346079741e-12 9.623812069989284e-54 4.0496886421473235e-11
467.0 2.2927434911288817e-08 1.5277317326188132e-09 1.4532406113713534e-12 1.340823432454249e-53 4.4834122372986895e-11
468.0 2.5035518064526257e-08 1.6778830718066928e-09 1.6199766817096481e-12 1.8653974906809374e-53 4.961325340154394e-11
469.0 2.7326594362024105e-08 1.8420159261492433e-09 1.8049682308893175e-12 2.591495091812044e-53 5.487693826097516e-11
470.0 2.981557715958121e-08 2.0213578353339304e-09 2.0101160746386542e-12 3.5951120541294145e-53 6.067171866828778e-11
471.0 3.25185125505916e-08 2.2172373322530646e-09 2.2375084586178085e-12 4.980366540681202e-53 6.704835001126714e-11
472.0 3.5452658983719736e-08 2.43109168137524e-09 2.4894384840663445e-12 6.889707450520643e-53 7.40621590812582e-11
473.0 3.863657162081086e-08 2.6644751382078004e-09 2.7684230253477157e-12 9.51775639138002e-53 8.177342928640197e-11
474.0 4.209019262224484e-08 2.919067825872477e-09 3.0772233239211206e-12 1.3130051132938e-52 9.024781724506013e-11
475.0 4.583494609018952e-08 3.196685157237459e-09 3.4188672784228144e-12 1.8088391272759118e-52 9.955679962365944e-11
476.0 4.989383987239566e-08 3.4992879706644375e-09 3.7966737047162784e-12 2.488506597319425e-52 1.0977815648072744e-10
477.0 5.4291573562349297e-08 3.828993352193396e-09 4.214278648697729e-12 3.418901415071356e-52 1.2099649152594161e-10
478.0 5.905465254272902e-08 4.188086151230474e-09 4.675663872999786e-12 4.6907993576591224e-52 1.333037907555444e-10
479.0 6.421151015620851e-08 4.5790313559202144e-09 5.185187823301297e-12 6.427220122151279e-52 1.4680002605134458e-10
480.0 6.979263590573381e-08 5.004487201139404e-09 5.7476190681462294e-12 8.7946596330163e-52 1.615938011800261e-10
481.0 7.583071247238175e-08 5.467319227802537e-09 6.368172596698921e-12 1.20181583001858e-51 1.7780304865339617e-10
482.0 8.23607610721363e-08 5.970615284203518e-09 7.052549122172927e-12 1.6401488897084062e-51 1.9555577886159854e-10
483.0 8.942029426752336e-08 6.517701429151356e-09 7.806977505208857e-12 2.2354168227732835e-51 2.1499088186871918e-10
484.0 9.704947940695804e-08 7.112158991251076e-09 8.638260768762348e-12 3.042755318696517e-51 2.3625899198692724e-10
485.0 1.0529131037390438e-07 7.757842644242247e-09 9.553825729504345e-12 4.13630140904256e-51 2.5952341254102144e-10
486.0 1.1419179050006017e-07 8.458899734197256e-09 1.0561776726888086e-11 5.615614514791182e-51 2.849611106544469e-10
487.0 1.2380012502717429e-07 9.219790770653298e-09 1.1670953559193115e-11 7.614224195940196e-51 3.127637813663859e-10
488.0 1.3416892555002368e-07 1.0045311291796787e-08 1.2890994112623945e-11 1.0310994774963597e-50 3.431389904250539e-10
489.0 1.4535442592682305e-07 1.0940615099886875e-08 1.4232401927023857e-11 1.3945216206555128e-50 3.763113981604974e-10
490.0 1.5741671005061966e-07 1.1911238930231797e-08 1.5706619037001378e-11 1.8836618040844199e-50 4.1252406918006076e-10
491.0 1.7041995327971265e-07 1.2963128725224032e-08 1.7326104588278415e-11 2.5411879901300196e-50 4.5203987654493897e-10
492.0 1.8443267648969607e-07 1.4102667473976124e-08 1.9104419475816117e-11 3.4239703939526763e-50 4.951430020295258e-10
493.0 1.995280153341787e-07 1.5336704853496982e-08 2.1056317631208665e-11 4.607715816524029e-50 5.421405437503564e-10
494.0 2.1578400345932062e-07 1.667258861889217e-08 2.3197844228789366e-11 6.193083802641766e-50 5.933642326629464e-10
495.0 2.3328387183557468e-07 1.8118197951663285e-08 2.554644145063266e-11 8.313748728646777e-50 6.491722687248756e-10
496.0 2.5211636404209865e-07 1.9681978800503727e-08 2.8121062242043973e-11 1.1147014171646572e-49 7.099512816531981e-10
497.0 2.723760693400503e-07 2.1372981405590053e-08 3.094229273173598e-11 1.4927770935740101e-49 7.761184269878859e-10
498.0 2.9416377264746664e-07 2.320089998859688e-08 3.403248372482967e-11 1.996683018669966e-49 8.481236209423807e-10
499.0 3.175868239313333e-07 2.5176114857709606e-08 3.74158920829357e-11 2.667497475421673e-49 9.264519273482009e-10
500.0 3.4275952720808424e-07 2.7309736999949747e-08 4.111883258999971e-11 3.559447510737423e-49 1.011626103964396e-09
501.0 3.698035492353758e-07 2.9613655225217354e-08 4.5169840915258354e-11 4.744033853888154e-49 1.1042093153056157e-09
502.0 3.9884835036547783e-07 3.210058611902385e-08 4.9599848606265006e-11 6.315423507714168e-49 1.2048080265336713e-09
503.0 4.300316374119109e-07 3.478412685719939e-08 5.444237078157033e-11 8.397491457352816e-49 1.3140750858054055e-09
504.0 4.634998399679085e-07 3.76788110645498e-08 5.973370742097871e-11 1.1153005282083047e-48 1.43271300750981e-09
505.0 4.994086105003755e-07 4.080016781317118e-08 6.551315905855269e-11 1.4795591116922678e-48 1.5614774659272552e-09
506.0 5.379233505207e-07 4.416478401971893e-08 7.182325798248827e-11 1.9605305590650426e-48 1.7011810153789517e-09
507.0 5.792197628212571e-07 4.7790370317758546e-08 7.87100158051243e-11 2.5948877539727284e-48 1.852697046394105e-09
508.0 6.234844312441965e-07 5.169583060399834e-08 8.622318850297737e-11 3.4305990396613115e-48 2.0169639924090107e-09
509.0 6.709154290317192e-07 5.5901335427366486e-08 9.441656002968675e-11 4.5303369894544494e-48 2.1949898007870723e-09
510.0 7.217229575775609e-07 6.042839945800735e-08 1.0334824577103547e-10 5.975894612157237e-48 2.3878566850303737e-09
511.0 7.761300159899139e-07 6.529996316079416e-08 1.1308101697920407e-10 7.873900417480802e-48 2.596726171110196e-09
512.0 8.343731026478369e-07 7.054047886473924e-08 1.23682647485568e-10 1.036320623680005e-47 2.8228444538241026e-09
513.0 8.967029508018458e-07 7.617600149752395e-08 1.3522628418727341e-10 1.3624426990460847e-47 3.0675480826658624e-09
514.0 9.633852997428071e-07 8.223428421631144e-08 1.4779084280734544e-10 1.7892245869124984e-47 3.332269995756603e-09
515.0 1.034701700868595e-06 8.874487898296377e-08 1.6146143016323754e-10 2.3471269410285827e-47 3.618545913454188e-09
516.0 1.1109503630873484e-06 9.573924257010881e-08 1.7632979502318974e-10 3.075643469870807e-47 3.928021121406057e-09
517.0 1.1924470363352183e-06 1.0325084800907274e-07 1.9249480886026262e-10 4.02592475462892e-47 4.2624576542395685e-09
518.0 1.279525936303441e-06 1.113153018624707e-07 2.1006297854931717e-10 5.2641481957428e-47 4.623741906622387e-09
519.0 1.3725407113632939e-06 1.1997046753050394e-07 2.2914899282274772e-10 6.875841689758401e-47 5.013892692018619e-09
520.0 1.47186545284461e-06 1.2925659481815295e-07 2.498763044089215e-10 8.971425121277276e-47 5.43506977073442e-09
521.0 1.5778957514595352e-06 1.3921645613881595e-07 2.723777501457195e-10 1.1693305265796534e-46 5.889582875668961e-09
522.0 1.6910497994858912e-06 1.498954894577072e-07 2.967962109304289e-10 1.5224950104022658e-46 6.379901253453554e-09
523.0 1.8117695430934454e-06 1.6134194850196812e-07 3.232853142752214e-10 1.9802482802456076e-46 6.908663757101299e-09
524.0 1.9405218837659903e-06 1.7360706029328305e-07 3.5201018142323324e-10 2.5729479733546507e-46 7.478689507167636e-09
525.0 2.0777999324355113e-06 1.8674519047470018e-07 3.831482218878427e-10 3.3395838670689932e-46 8.092989156655299e-09
526.0 2.2241243170621193e-06 2.0081401665524753e-07 4.1688997789840684e-10 4.330181214769837e-46 8.754776785151395e-09
527.0 2.380044546792546e-06 2.158747102161967e-07 4.534400217891499e-10 5.608858896430781e-46 9.467482457907572e-09
528.0 2.546140431979778e-06 2.3199212668259506e-07 4.93017908780956e-10 7.257716868560501e-46 1.0234765471588914e-08
529.0 2.7230235653441066e-06 2.492350053105198e-07 5.358591888534239e-10 9.381772854487372e-46 1.106052833300599e-08
530.0 2.9113388631706983e-06 2.676761779711315e-07 5.822164803486791e-10 1.2115225209812401e-45 1.1948931493193713e-08
531.0 3.111766170162977e-06 2.873927878455104e-07 6.323606089734733e-10 1.5629390343246634e-45 1.2904408878921622e-08
532.0 3.325021929759529e-06 3.0846651828840945e-07 6.865818156808003e-10 2.0142752503043607e-45 1.3931684257873667e-08
533.0 3.5518609204142338e-06 3.309838321034134e-07 7.45191036785479e-10 2.5933675581154397e-45 1.5035788469353676e-08
534.0 3.7930780629262e-06 3.5503622190321536e-07 8.085212607628388e-10 3.33564663660506e-45 1.622207757270886e-08
535.0 4.049510297268632e-06 3.807204716218169e-07 8.769289649863375e-10 4.286165308877168e-45 1.749625193931975e-08
536.0 4.322038533489909e-06 4.0813892981886553e-07 9.507956370781506e-10 5.502156068603497e-45 1.8864376340779725e-08
537.0 4.6115896780137415e-06 4.3739979512384933e-07 1.030529385062283e-09 7.056253522135241e-45 2.0332901073778888e-08
538.0 4.919138737070968e-06 4.686174142111758e-07 1.116566640760234e-09 9.040550724652165e-45 2.1908684165106577e-08
539.0 5.2457110000952045e-06 5.019125928083577e-07 1.2093739612967202e-09 1.157170033818471e-44 2.3599014706387434e-08
540.0 5.5923843044889284e-06 5.374129201122061e-07 1.3094499334596595e-09 1.4797323649970092e-44 2.54116373633594e-08
541.0 5.960291384344865e-06 5.752531071065455e-07 1.4173271861140182e-09 1.89040551697916e-44 2.7354778111090318e-08
542.0 6.350622305630111e-06 6.155753392763027e-07 1.533574516065026e-09 2.4127630726022103e-44 2.9437171247801364e-08
543.0 6.7646269886356945e-06 6.585296440554601e-07 1.658799132566659e-09 3.0765526327875717e-44 3.1668087733613436e-08
544.0 7.203617822237893e-06 7.042742737152303e-07 1.79364902677663e-09 3.919277804017877e-44 3.4057364919253897e-08
545.0 7.668972368989503e-06 7.529761038714459e-07 1.9388154713529143e-09 4.98817651487402e-44 3.6615437705799174e-08
546.0 8.162136166177662e-06 8.048110483903572e-07 2.095035657087328e-09 6.342692676008636e-44 3.935337120642846e-08
547.0 8.684625623599328e-06 8.599644910551305e-07 2.263095472651201e-09 8.057561381156576e-44 4.22828949625177e-08
548.0 9.23803101949131e-06 9.186317344262622e-07 2.443832433904226e-09 1.022665643622957e-43 4.541643877086793e-08
549.0 9.824019598882604e-06 9.810184666167654e-07 2.638138770197858e-09 1.2967784229303597e-43 4.876717019427513e-08
550.0 1.0444338774197135e-05 1.047341246272264e-06 2.8469646742115204e-09 1.642865130736042e-43 5.234903380786677e-08
551.0 1.1100819431794507e-05 1.1178280064343658e-06 3.0713217231091137e-09 2.0794286348868185e-43 5.617679225395679e-08
552.0 1.1795379345688257e-05 1.1927185777306324e-06 3.312286478427422e-09 2.62962627335391e-43 6.026606916795797e-08
553.0 1.2530026701068557e-05 1.2722652314796568e-06 3.5710042727423163e-09 3.322414833859077e-43 6.463339404642731e-08
554.0 1.3306863728749223e-05 1.3567332431550401e-06 3.848693191013408e-09 4.193970783259759e-43 6.929624912240785e-08
555.0 1.4128090454082263e-05 1.4464014769040373e-06 4.1466482554656275e-09 5.2894503626879916e-43 7.42731183273402e-08
556.0 1.4996008559824133e-05 1.541562991411402e-06 4.466245821992762e-09 6.665168963898123e-43 7.958353839962311e-08
557.0 1.5913025367670738e-05 1.6425256679374075e-06 4.808948197851685e-09 8.39129730918543e-43 8.524815222869113e-08
558.0 1.688165793799807e-05 1.7496128608381628e-06 5.176308489217707e-09 1.0555194084758868e-42 9.12887644983308e-08
559.0 1.7904537290413163e-05 1.8631640711940229e-06 5.5699756883417554e-09 1.3265521701645954e-42 9.772839971051243e-08
560.0 1.8984412747482273e-05 1.983535644155892e-06 5.991700010304219e-09 1.6657324830390574e-42 1.0459136267176124e-07
561.0 2.012415640138337e-05 2.1111014903524183e-06 6.4433384888502255e-09 2.089829154908279e-42 1.1190330151151646e-07
562.0 2.132676770746077e-05 2.246253832145823e-06 6.926860842404311e-09 2.6196465906143057e-42 1.196912733266014e-07
563.0 2.2595378203782785e-05 2.3894039750217633e-06 7.444355620155641e-09 3.2809740278534126e-42 1.2798381252098765e-07
564.0 2.393325635939885e-05 2.5409831047774285e-06 7.998036639533476e-09 4.1057528359362645e-42 1.368110019312898e-07
565.0 2.534381255244501e-05 2.701443111016047e-06 8.590249726233133e-09 5.133510763128559e-42 1.4620454682168308e-07
566.0 2.68306041783858e-05 2.871257437367749e-06 9.22347976797119e-09 6.413122703351387e-42 1.5619785182849724e-07
567.0 2.8397340891092355e-05 3.050921959116774e-06 9.900358094276055e-09 8.004970513748756e-42 1.6682610095012271e-07
568.0 3.0047889974759137e-05 3.2409558884173044e-06 1.0623670193343978e-08 9.983590120158109e-42 1.781263406522605e-07
569.0 3.178628185125063e-05 3.441902707986884e-06 1.1396363779560314e-08 1.2440913167868084e-41 1.9013756619822174e-07
570.0 3.361671571958504e-05 3.65433113332464e-06 1.2221557222891065e-08 1.5490233483884804e-41 2.0290081126947414e-07
571.0 3.554356533101863e-05 3.878836104227637e-06 1.3102548354003724e-08 1.9271056436319145e-41 2.1645924098248573e-07
572.0 3.757138489851995e-05 4.116039805878088e-06 1.4042823657668015e-08 2.3955022876405465e-41 2.308582483818142e-07
573.0 3.970491514130781e-05 4.3665927199771755e-06 1.504606786795552e-08 2.9753139903205134e-41 2.461455545016769e-07
574.0 4.194908946367341e-05 4.631174706242726e-06 1.611617397853354e-08 3.6924599596117647e-41 2.6237131208056324e-07
575.0 4.4309040269273564e-05 4.910496114803219e-06 1.7257253682393203e-08 4.5787525791696777e-41 2.795882130266526e-07
576.0 4.679010540940116e-05 5.205298929725918e-06 1.847364825465673e-08 5.67320599314832e-41 2.978515997163727e-07
577.0 4.939783476424672e-05 5.516357943968411e-06 1.9769939892567e-08 7.023628236463519e-41 3.172195802121594e-07
578.0 5.2137996958277894e-05 5.844481966275979e-06 2.1150963527896876e-08 8.688556809783239e-41 3.377531474998429e-07
579.0 5.501658620653684e-05 6.190515060063844e-06 2.2621819125607622e-08 1.0739609922226717e-40 3.5951630281941116e-07
580.0 5.8039829291796276e-05 6.555337814666832e-06 2.4187884484080362e-08 1.3264340416164624e-40 3.825761831832749e-07
581.0 6.121419267105763e-05 6.939868649173247e-06 2.58548285519518e-08 1.636969712620219e-40 4.0700319316751725e-07
582.0 6.454638970907236e-05 7.345065148962826e-06 2.7628625276501675e-08 2.0186219679075903e-40 4.3287114105661467e-07
583.0 6.80433880377504e-05 7.771925435195367e-06 2.951556799927693e-08 2.487311819078649e-40 4.602573794301117e-07
584.0 7.171241703844208e-05 8.22148956727729e-06 3.1522284414088686e-08 3.0624419764679156e-40 4.892429502674424e-07
585.0 7.556097544484419e-05 8.694840978410249e-06 3.3655752103048315e-08 3.767640009406869e-40 5.199127346519649e-07
586.0 7.959683906478062e-05 9.193107944375779e-06 3.5923314666758466e-08 4.63165619550685e-40 5.523556071587067e-07
587.0 8.382806861545048e-05 9.71746508527932e-06 3.833269846334629e-08 5.689447427492043e-40 5.866645949848648e-07
588.0 8.826301767089414e-05 1.0269134900441732e-05 4.089202997302134e-08 6.983484736660862e-40 6.229370419098536e-07
589.0 9.291034071758827e-05 1.0849389336290144e-05 4.3609853803770734e-08 8.565329369727805e-40 6.612747771518183e-07
590.0 9.777900131354526e-05 1.14595513870224e-05 4.6495151353669765e-08 1.0497531141944351e-39 7.017842891825993e-07
591.0 0.0001028782803469773 1.2100996727883854e-05 4.955736014570963e-08 1.285591324503437e-39 7.445769045667734e-07
592.0 0.00010821778439001224 1.2775155380813361e-05 5.2806393850877967e-08 1.5732320121236473e-39 7.897689718850923e-07
593.0 0.00011380745414175288 1.3483513412057437e-05 5.625266301472123e-08 1.9237919787342738e-39 8.374820507924549e-07
594.0 0.00011965757295757593 1.4227614661641717e-05 5.99070965039354e-08 2.3507169532958363e-39 8.878431062778408e-07
595.0 0.00012577877545538315 1.5009062503838756e-05 6.378116368653107e-08 2.8702574726279373e-39 9.40984708146507e-07
596.0 0.00013218205619601182 1.5829521638517382e-05 6.788689736226853e-08 3.5020395132827767e-39 9.970452357898597e-07
597.0 0.00013887877843055195 1.6690719912712076e-05 7.223691745787011e-08 4.269748237938982e-39 1.056169088273671e-06
598.0 0.0001458806829058539 1.759445017154902e-05 7.684445550063868e-08 5.2019466793981256e-39 1.1185068997610327e-06
599.0 0.00015319989672401795 1.8542572138180257e-05 8.172337988631603e-08 6.333055278213527e-39 1.1842157603174138e-06
600.0 0.0001608489422469685 1.953701432179323e-05 8.688822195450611e-08 7.70452302785235e-39 1.25345944210695e-06
601.0 0.0001688407460365291 2.057977595264737e-05 9.235420288437254e-08 9.366226695814605e-39 1.326408630979559e-06
602.0 0.00017718864782573479 2.1672928943707556e-05 9.813726142597298e-08 1.1378141334531087e-38 1.4032411634860712e-06
603.0 0.00018590640950850713 2.281861987737068e-05 1.0425408247773683e-07 1.3812333251298195e-38 1.484142269287803e-06
604.0 0.00019500822414015545 2.401907201639563e-05 1.1072212652311418e-07 1.675533598364579e-38 1.5693048189635816e-06
605.0 0.00020450872493990528 2.5276587337963055e-05 1.1755965993845502e-07 2.0310980870543315e-38 1.6589295772031273e-06
606.0 0.00021442299428532752 2.6593548589596687e-05 1.2478578618307234e-07 2.460376680792398e-38 1.7532254613602939e-06
607.0 0.00022476657268581194 2.7972421365302126e-05 1.3242047788040822e-07 2.978286906378911e-38 1.852409805311817e-06
608.0 0.00023555546772816298 2.9415756200975653e-05 1.4048460980214956e-07 3.6026904995021425e-38 1.9567086286096174e-06
609.0 0.0002468061629803191 3.092619068722408e-05 1.4899999276257081e-07 4.354959560756796e-38 2.0663569108515383e-06
610.0 0.00025853562684182064 3.2506451598018e-05 1.5798940843125846e-07 5.260648666488081e-38 2.181598871209799e-06
611.0 0.0002707613213299039 3.4159357033592845e-05 1.6747664507191444e-07 6.350292209103893e-38 2.3026882530521095e-06
612.0 0.00028350121078987494 3.588781857594477e-05 1.774865342141753e-07 7.660349645027198e-38 2.4298886135819463e-06
613.0 0.0002967737705108405 3.769484345426677e-05 1.8804498825992167e-07 9.234325314219074e-38 2.5634736183523783e-06
614.0 0.0003105979952440385 3.958353671966424e-05 1.9917903903474865e-07 1.1124094160393168e-37 2.7037273406375046e-06
615.0 0.00032499340759752646 4.155710342547738e-05 2.1091687727983667e-07 1.3391470135951898e-37 2.85094456543729e-06
616.0 0.0003399800663033753 4.361885081231791e-05 2.2328789309246454e-07 1.6110060452023615e-37 3.0054310980741717e-06
617.0 0.000355578574338832 4.57721904950251e-05 2.3632271731332003e-07 1.936745627980721e-37 3.1675040772058337e-06
618.0 0.0003718100868824101 4.802064064861568e-05 2.500532638571294e-07 2.3267819199536235e-37 3.3374922920626353e-06
619.0 0.00038869631909923104 5.036782819196818e-05 2.645127729908535e-07 2.7934932829379132e-37 3.5157365038271815e-06
620.0 0.00040625955372872624 5.2817490965204546e-05 2.7973585554853445e-07 3.351580087810411e-37 3.7025897708755804e-06
621.0 0.00042452264846681013 5.537347989911745e-05 2.957585380831552e-07 4.0184886624307445e-37 3.898417777757917e-06
622.0 0.00044350904312378967 5.8039761173544447e-05 3.126183089474441e-07 4.814910483747816e-37 4.103599167688889e-06
623.0 0.00046324276653677085 6.082041836119661e-05 3.303541652922392e-07 5.765369578066259e-37 4.31852587828384e-06
624.0 0.00048374844322775066 6.371965455501367e-05 3.490066609782589e-07 6.898913258402324e-37 4.5436034803782865e-06
625.0 0.0005050512997799727 6.674179447462653e-05 3.6861795538254445e-07 8.249923842232834e-37 4.779251519585555e-06
626.0 0.0005271771709244088 6.989128654997155e-05 3.8923186309284125e-07 9.859071911987193e-37 5.025903860413407e-06
627.0 0.000550152505309167 7.317270497753574e-05 4.1089390446789875e-07 1.1774435066235487e-36 5.28400903257001e-06
628.0 0.0005740043709415926 7.659075174688438e-05 4.336513570521364e-07 1.4052810034719623e-36 5.554030579235922e-06
629.0 0.000598760460274746 8.015025863266461e-05 4.575533078180296e-07 1.676125057695325e-36 5.836447406893588e-06
630.0 0.0006244490949302229 8.385618914990672e-05 4.82650706222679e-07 1.9978868848407077e-36 6.131754136485944e-06
631.0 0.0006510992300294541 8.771364046774391e-05 5.089964180482952e-07 2.3798944007850098e-36 6.440461455471593e-06
632.0 0.0006787404581156176 9.172784527792914e-05 5.366452800015926e-07 2.8331388880588886e-36 6.763096470424525e-06
633.0 0.0007074030126509227 9.590417361481977e-05 5.656541550471222e-07 3.370563362775371e-36 7.1002030598384334e-06
634.0 0.0007371177710626151 0.0001002481346218994 5.960819884384909e-07 4.007399476482755e-36 7.4523422266683194e-06
635.0 0.0007679162573218499 0.00010476537826128618 6.27989864417419e-07 4.7615608712081833e-36 7.82009245023213e-06
636.0 0.0007998306440354396 0.0001094616969620563 6.61441063545119e-07 5.654102155871824e-36 8.20405003703967e-06
637.0 0.0008328937540297105 0.00011434302720303956 6.965011206274062e-07 6.709754112675572e-36 8.604829470092315e-06
638.0 0.0008671390613981612 0.00011941545102463085 7.332378831859863e-07 7.957547400886876e-36 9.02306375610147e-06
639.0 0.0009026006920097401 0.00012468519746753858 7.717215704466835e-07 9.431538934888246e-36 9.459404770316213e-06
640.0 0.0009393134234400478 0.00013015864393159696 8.120248327841444e-07 1.1171657309129201e-35 9.914523598279477e-06
641.0 0.000977312684310774 0.00013584231745083852 8.542228115786203e-07 1.3224686166964656e-35 1.038911087404936e-05
642.0 0.0010166345530240688 0.00014174289588116858 8.983931994392849e-07 1.5645407310056864e-35 1.0883877114423288e-05
643.0 0.0010573157558563737 0.00014786720899383373 9.446163007263703e-07 1.8497928673470902e-35 1.1399553048450222e-05
644.0 0.001099393664409424 0.000154222239472418 9.929750923303057e-07 2.1857226110957927e-35 1.1936889941850121e-05
645.0 0.0011429062923778452 0.00016081512380569765 1.0435552846294144e-06 2.5810932312933063e-35 1.2496659915533774e-05
646.0 0.0011878922916355344 0.0001676531530745918 1.0964453825825584e-06 3.046141119737238e-35 1.307965625785713e-05
647.0 0.0012343909475969004 0.0001747437736249207 1.1517367468686704e-06 3.592816185800974e-35 1.3686693729728056e-05
648.0 0.0012824421738579332 0.00018209458762448105 1.209523655026138e-06 4.2350602729665195e-35 1.4318608862196723e-05
649.0 0.0013320865060744067 0.00018971335349617468 1.2699033624982487e-06 4.989129414842874e-35 1.4976260245621645e-05
650.0 0.001383365095078938 0.00019760798622513046 1.3329761635285261e-06 5.873966607940943e-35 1.5660528809973616e-05
651.0 0.0014363196991975529 0.00020578655753188013 1.398845451808127e-06 6.911632759979916e-35 1.637231809536641e-05
652.0 0.0014909926757673841 0.00021425729590940422 1.4676177808126572e-06 8.127804593198566e-35 1.711255451234178e-05
653.0 0.0015474269718202369 0.00022302858651655947 1.5394029237273611e-06 9.552349560383603e-35 1.7882187591005215e-05
654.0 0.001605666113931204 0.0002321089709252495 1.6143139328892068e-06 1.1219989288983722e-34 1.8682190218479367e-05
655.0 0.0016657541971925587 0.0002415071467130663 1.692467198632842e-06 1.317106472920231e-34 1.9513558863679615e-05
656.0 0.0017277358733255883 0.00025123196690060904 1.7739825074756533e-06 1.5452418073390178e-34 2.0377313789001474e-05
657.0 0.0017916563378857487 0.0002612924392243858 1.8589830995166642e-06 1.8118408665866683e-34 2.127449924783035e-05
658.0 0.001857561316568077 0.0002716977252435907 1.947595724972023e-06 2.1232082570389086e-34 2.2206183667364897e-05
659.0 0.0019254970505828786 0.00028245713927366585 2.039950699729052e-06 2.486651824445291e-34 2.3173459815797905e-05
660.0 0.0019955102810936204 0.00029358014714266854 2.1361819598192323e-06 2.910637393027102e-34 2.4177444953136614e-05
661.0 0.0020676482327107535 0.00030507636476672425 2.2364271147094957e-06 3.4049665960412847e-34 2.52192809649546e-05
662.0 0.0021419585960136566 0.00031695555653762236 2.3408274992845175e-06 3.980981124677074e-34 2.6300134478089975e-05
663.0 0.0022184895091027206 0.00032922763351995733 2.449528224420738e-06 4.651797183799472e-34 2.742119695764805e-05
664.0 0.002297289538164614 0.00034190265145240157 2.5626782260293104e-06 5.432574466144477e-34 2.8583684784424024e-05
665.0 0.00237840765703931 0.00035499080854846686 2.6804303124472135e-06 6.340824549022058e-34 2.9788839311910845e-05
666.0 0.0024618932257882736 0.0003685024430936979 2.802941210064478e-06 7.396764288191579e-34 3.1037926902179076e-05
667.0 0.002547795968242758 0.0003824480308331708 2.9303716070491927e-06 8.623720542087705e-34 3.2332238939647075e-05
668.0 0.002636165948539264 0.000396838182147335 3.0628861950598767e-06 1.0048593417220145e-33 3.3673091822096795e-05
669.0 0.0027270535466292147 0.00041168363901124744 3.200653708809336e-06 1.1702386194470228e-33 3.506182692803045e-05
670.0 0.0028205094327554804 0.00042699527173304313 3.3438469633465642e-06 1.3620811190138779e-33 3.649981055951736e-05
671.0 0.0029165845408955057 0.00044278407546856135 3.4926428889283883e-06 1.5844982040371737e-33 3.798843385976174e-05
672.0 0.003015330041177854 0.00045906116651011215 3.647222563358086e-06 1.842220429028238e-33 3.952911270470477e-05
673.0 0.0031167973112518513 0.0004758377783432613 3.8077712416328763e-06 2.140687773873363e-33 4.112328756761364e-05
674.0 0.0032210379066283617 0.0004931252574713151 3.97447838278455e-06 2.486152575836505e-33 4.277242335609712e-05
675.0 0.00332810352997979 0.0005109350590026578 4.147537673759107e-06 2.8857968801350658e-33 4.447800922059177e-05
676.0 0.003438045999417309 0.0005292787420006647 4.327147050214628e-06 3.347866154197521e-33 4.624155833374835e-05
677.0 0.0035509172157280754 0.0005481679645905293 4.5135087140706605e-06 3.8818215626356776e-33 4.806460763967489e-05
678.0 0.0036667691286099186 0.0005676144788257841 4.706829147708054e-06 4.4985132831878975e-33 4.99487175727204e-05
679.0 0.0037856537018672023 0.0005876301253059494 4.907319124623014e-06 5.210377661902368e-33 5.189547174448702e-05
680.0 0.0039076228776238385 0.0006082268275509954 5.115193716453504e-06 6.031661363016332e-33 5.39064765990002e-05
681.0 0.0040327285395281125 0.0006294165861258259 5.3306722961911626e-06 6.978676069553448e-33 5.598336103486852e-05
682.0 0.004161022474973906 0.0006512114725156969 5.55397853745299e-06 8.070087739978878e-33 5.8127775993936305e-05
683.0 0.00429255633635908 0.00067362362275299 5.785340409681382e-06 9.327244929751105e-33 6.034139401588847e-05
684.0 0.004427381601375173 0.000696665230791646 6.024990169104118e-06 1.0774551250503625e-32 6.262590875789827e-05
685.0 0.004565549532371213 0.0007203485416332216 6.273164345349003e-06 1.2439887670962654e-32 6.498303447908838e-05
686.0 0.004707111134786013 0.0007446858442010319 6.5301037235424395e-06 1.4355091069896942e-32 6.74145054889074e-05
687.0 0.004852117114685243 0.0007696894639654539 6.796053321776052e-06 1.6556496241192194e-32 6.992207555911373e-05
688.0 0.005000617835409629 0.0007953717553188723 7.071262363784577e-06 1.9085549433607267e-32 7.250751729864885e-05
689.0 0.005152663273375737 0.0008217450937043303 7.355984246725643e-06 2.198950249353554e-32 7.517262149118563e-05
690.0 0.0053083029730313785 0.000848821867495833 7.650476503897247e-06 2.532219777924701e-32 7.791919639458865e-05
691.0 0.005467586001021235 0.0008766144696368057 7.95500076230393e-06 2.914495524276264e-32 8.074906700230405e-05
692.0 0.005630560899547807 0.000905135289032132 8.269822694882643e-06 3.3527574443871255e-32 8.366407426568878e-05
693.0 0.005797275639015228 0.0009343967017055899 8.595211967346388e-06 3.8549465786449845e-32 8.666607427779779e-05
694.0 0.005967777569920728 0.0009644110617150355 8.931442179427821e-06 4.430092696534106e-32 8.975693741736651e-05
695.0 0.006142113374088933 0.000995190691838657 9.278790800494663e-06 5.088458250355967e-32 9.293854745366183e-05
696.0 0.006320329015233402 0.0010267478740279613 9.637539099348734e-06 5.841700636260217e-32 9.621280061125792e-05
697.0 0.006502469688922022 0.0010590948396381494 1.0007972068157785e-05 6.703054994816567e-32 9.958160459518728e-05
698.0 0.006688579771958422 0.0010922437594362406 1.0390378340375619e-05 7.687540043244086e-32 0.00010304687757597611
699.0 0.006878702771211526 0.0011262067333906477 1.078505010253656e-05 8.812189720105367e-32 0.00010661054713438946
700.0 0.00707288127197697 0.0011609957802544838 1.1192282999893441e-05 1.0096313743795818e-31 0.00011027454916653444
