200.0 1.1176061274603224e-05 3.957040610435142e-12 1.2026589379085337e-20 1.6976451335168105e-111 7.310389192370519e-07
201.0 1.2176831278774276e-05 4.642053510797355e-12 1.5554511883170863e-20 6.508079274924673e-111 8.07380568625696e-07
202.0 1.3255813347591166e-05 5.436990714615751e-12 2.0065942225531652e-20 2.4619307026755402e-110 8.908084443494694e-07
203.0 1.4418184454432205e-05 6.358081314814954e-12 2.5820724185519222e-20 9.191816678804464e-110 9.818948576414845e-07
204.0 1.5669397535853684e-05 7.423737815446609e-12 3.314355370835645e-20 3.3877645490513833e-109 1.0812510407357506e-06
205.0 1.701519216887337e-05 8.654820427759819e-12 4.243921148568544e-20 1.232802706002611e-108 1.1895292513835652e-06
206.0 1.846160554382498e-05 1.0074929688530373e-11 5.421114777886163e-20 4.430196606875202e-108 1.3074249628530199e-06
207.0 2.0014983461043422e-05 1.1710729870092882e-11 6.908410615236742e-20 1.5724631991140638e-107 1.4356791219584428e-06
208.0 2.1681991754845658e-05 1.3592306188161312e-11 8.78316048504174e-20 5.513705161180889e-107 1.5750805047266717e-06
209.0 2.3469627693410048e-05 1.575355858020056e-11 1.1140924544430656e-19 1.9102409513587098e-106 1.7264681393586e-06
210.0 2.5385231846038754e-05 1.8232635572244737e-11 1.4099500076491353e-19 6.540167712867564e-106 1.8907338330573411e-06
211.0 2.7436499835493253e-05 2.107241134029882e-11 1.7803783998185104e-19 2.21319094661163e-105 2.0688247619256786e-06
212.0 2.9631494507927518e-05 2.4321010009695227e-11 2.2431629799344587e-19 7.403718766363517e-105 2.261746163929506e-06
213.0 3.197865834180161e-05 2.803238108430378e-11 2.8200887932757635e-19 2.4487947641604058e-104 2.4705641239016086e-06
214.0 3.4486825692154096e-05 3.226692989474796e-11 3.5377851504895514e-19 8.009315611609553e-104 2.696408420643286e-06
215.0 3.7165235492582446e-05 3.709220806934609e-11 4.428736832708919e-19 2.590876938826791e-103 2.9404754843358715e-06
216.0 4.002354414612267e-05 4.2583668679019156e-11 5.532492445291033e-19 8.290354072600047e-103 3.204031445751805e-06
217.0 4.307183833548766e-05 4.882549089876316e-11 6.897105556239057e-19 2.6244579508021065e-102 3.4884152566866093e-06
218.0 4.632064833096183e-05 5.591148022506643e-11 8.580850306469532e-19 8.220732874410625e-102 3.7950419284588277e-06
219.0 4.9780960991976e-05 6.394604918882674e-11 1.0654259841646138e-18 2.5482896533384136e-101 4.125405825100735e-06
220.0 5.3464233351125324e-05 7.304528568804746e-11 1.3202544031472311e-18 7.818369597344335e-101 4.481084083677389e-06
221.0 5.738240597932363e-05 8.333811454209085e-11 1.6328451712823012e-18 2.3745069735279244e-100 4.863740097602739e-06
222.0 6.154791679438185e-05 9.49675599894658e-11 2.015565331091206e-18 7.139703055175629e-100 5.275127118199518e-06
223.0 6.597371464883773e-05 1.0809211554306878e-10 2.4832731246941083e-18 2.1256650348396195e-99 5.717091919798503e-06
224.0 7.067327331350508e-05 1.228872297729037e-10 3.053787938111945e-18 6.267220478231245e-99 6.191578580814926e-06
225.0 7.566060532509352e-05 1.3954691537826856e-10 3.748442784373947e-18 1.8301093755963386e-98 6.70063233622851e-06
226.0 8.095027618206514e-05 1.582854909188035e-10 4.5927327496133935e-18 5.2936656861061074e-98 7.246403543763756e-06
227.0 8.655741831251506e-05 1.7933946326033238e-10 5.617074778849795e-18 1.5169380771344303e-97 7.831151713809335e-06
228.0 9.249774529898734e-05 2.0296956107971226e-10 6.85769648551413e-18 4.3068981492633686e-97 8.457249645714915e-06
229.0 9.878756626845978e-05 2.2946292938036495e-10 8.357674216199449e-18 1.2117118373841266e-96 9.127187663517424e-06
230.0 0.0001054437999190775 2.591354943437293e-10 1.0168143458815903e-17 3.3784988670402956e-96 9.843577902672694e-06
231.0 0.00011248398923574467 2.923345119019426e-10 1.2349708081289431e-17 9.336598121133543e-96 1.060915874435581e-05
232.0 0.00011992631557580639 3.2944130861994034e-10 1.4974078396256073e-17 2.557666535326481e-95 1.1426799276079059e-05
233.0 0.00012778961317619074 3.708742294018982e-10 1.812597239808669e-17 6.94606100046157e-95 1.2299503875315199e-05
234.0 0.00013609338355342665 4.1709180350807056e-10 2.190531907023728e-17 1.8703414161319296e-94 1.3230416867313845e-05
235.0 0.00014485780992626006 4.685961424505388e-10 2.6429807968576204e-17 4.993881159258372e-94 1.4222827268837576e-05
236.0 0.0001541037716582203 5.259365836511538e-10 3.183783516970728e-17 1.3223216678017593e-93 1.52801736174065e-05
237.0 0.00016385285850103662 5.897135935874162e-10 3.829190222230929e-17 3.472669254242547e-93 1.6406048863932877e-05
238.0 0.00017412738511484195 6.60582947089464e-10 4.598253225111254e-17 9.046116004964282e-93 1.760420537517665e-05
239.0 0.00018495040529765768 7.392601966600275e-10 5.5132775403381036e-17 2.3376397261453818e-92 1.887855998963296e-05
240.0 0.000196345726139265 8.265254487561475e-10 6.600338513795059e-17 5.9931236012979996e-92 2.023319914667915e-05
241.0 0.00020833792248801673 9.232284657333011e-10 7.889875720102391e-17 1.524515799771272e-91 2.1672384128509778e-05
242.0 0.00022095235077244696 1.0302941072711711e-09 9.417373408248134e-17 3.848183435776524e-91 2.320055631600657e-05
243.0 0.00023421516308725734 1.148728133210138e-09 1.1224139093195216e-16 9.63975843123079e-91 2.4822342550131297e-05
244.0 0.0002481533212371352 1.279623385837808e-09 1.3358193262514804e-16 2.396645567333128e-90 2.654256056745128e-05
245.0 0.00026279461051819514 1.4241663703065037e-09 1.5875284715637007e-16 5.91437438659856e-90 2.8366224485319625e-05
246.0 0.00027816765327797735 1.5836442536128332e-09 1.8840047778900782e-16 1.4488404434203384e-89 3.029855033893843e-05
247.0 0.0002943019225557237 1.7594523049122202e-09 2.2327319559377417e-16 3.523528809864223e-89 3.234496170150111e-05
248.0 0.0003112277554934932 1.9531017975327042e-09 2.642363746547176e-16 8.507829053305518e-89 3.4511095353200896e-05
249.0 0.0003289763665617418 2.1662283954316438e-09 3.1228939549122295e-16 2.039768474375149e-88 3.6802807001949435e-05
250.0 0.0003475798605936896 2.400601047338805e-09 3.685849276790171e-16 4.856250888565748e-88 3.922617705341874e-05
251.0 0.0003670712457130325 2.658131413217474e-09 4.344507707600036e-16 1.148195432122139e-87 4.1787516438237564e-05
252.0 0.000387484446019784 2.9408838469981345e-09 5.114145631019967e-16 2.6962535719243607e-87 4.4493372479596634e-05
253.0 0.0004088543139480919 3.2510859603317825e-09 6.012317020818646e-16 6.288847530360733e-87 4.7350534789125756e-05
254.0 0.0004312166426751686 3.5911397964750575e-09 7.059168566171658e-16 1.4570734671640318e-86 5.036604123256446e-05
255.0 0.000454608177936086 3.9636336363906735e-09 8.277794922409492e-16 3.353713662793478e-86 5.354718388907533e-05
256.0 0.00047906663005370896 4.371354471200478e-09 9.694638752777414e-16 7.668990793995396e-86 5.690151509570968e-05
257.0 0.0005046306851508851 4.8173011608806455e-09 1.1339940682244204e-15 1.7424133704347788e-85 6.0436853454300574e-05
258.0 0.0005313400164417459 5.304698315699656e-09 1.324824484343045e-15 3.9336656059375937e-85 6.41612899029115e-05
259.0 0.00055923529533681 5.837010928527747e-09 1.5458966254637372e-15 8.824883203493237e-85 6.808319381957183e-05
260.0 0.0005883582017202582 6.417959781946533e-09 1.8017026881834497e-15 1.967511607357136e-84 7.221121907774508e-05
261.0 0.0006187514346718076 7.051537674181509e-09 2.0973567967939557e-15 4.359668723093169e-84 7.655431020470525e-05
262.0 0.0006504587220515364 7.742026479526326e-09 2.4386746879448456e-15 9.601699096063448e-84 8.112170844813171e-05
263.0 0.0006835248303058178 8.494015089918216e-09 2.832262760432166e-15 2.1019927184884106e-83 8.592295791324977e-05
264.0 0.0007179955737646349 9.312418263428517e-09 3.2856174851552774e-15 4.57438251563616e-83 9.096791167908091e-05
265.0 0.0007539178235085001 1.0202496414058966e-08 3.807236266755545e-15 9.89648786422068e-83 9.626673789974938e-05
266.0 0.0007913395157589709 1.116987637642904e-08 4.406740950272587e-15 2.1286576224811128e-82 0.00010182992588142953
267.0 0.0008303096601240974 1.2220573184883091e-08 5.095015278838868e-15 4.552342729612062e-82 0.00010766829217408507
268.0 0.0008708783473104944 1.3361012897726617e-08 5.884357724586593e-15 9.680469082219825e-82 0.00011379298662575456
269.0 0.0009130967561706908 1.4598056500152844e-08 6.788651244081601e-15 2.0469990754084162e-81 0.00012021549837789184
270.0 0.0009570171607532112 1.5939024932526797e-08 7.823551654187234e-15 4.304530149499308e-81 0.00012694766188519317
271.0 0.0010026929366310396 1.7391725270633465e-08 9.006696465335274e-15 9.002173807303213e-81 0.0001340016628626445
272.0 0.0010501785666698065 1.89644780971557e-08 1.0357936174724367e-14 1.8724440115266195e-80 0.00014139004417602514
273.0 0.0010995296464398564 2.0666146105717204e-08 1.1899590196282856e-14 3.873789190559517e-80 0.00014912571169919996
274.0 0.0011508028893052193 2.2506163977110816e-08 1.3656729789602045e-14 7.971762096760498e-80 0.00015722194013978216
275.0 0.0012040561305926944 2.449456955522649e-08 1.5657490541909697e-14 1.6318829914604496e-79 0.00016569237874835223
276.0 0.001259348331548612 2.6642036374410734e-08 1.7933417184119456e-14 3.323263764179384e-79 0.0001745510570024803
277.0 0.0013167395826111834 2.895990756883345e-08 2.0519843739035192e-14 6.732961457941108e-79 0.00018381239019775423
278.0 0.0013762911062014333 3.1460231207119794e-08 2.345631225167444e-14 1.35717865870783e-78 0.000193491184969189
279.0 0.001438065258854478 3.415579708804145e-08 2.678703360855834e-14 2.721956641395775e-78 0.0002036026447140455
280.0 0.0015021255328082083 3.70601750392864e-08 3.0561394236291817e-14 5.432028520851023e-78 0.00021416237492778484
281.0 0.0015685365570833167 4.018775476016578e-08 3.483451276772953e-14 1.0787047047156165e-77 0.00022518638845390188
282.0 0.001637364097707494 4.3553787239368264e-08 3.966785107361302e-14 2.1316971452884546e-77 0.00023669111059356865
283.0 0.0017086750574127338 4.717442779485597e-08 4.512988440862822e-14 4.19230834290619e-77 0.0002486933841166947
284.0 0.0017825374748749027 5.1066780778062865e-08 5.1296835779018744e-14 8.205551596250972e-77 0.00026121047418056753
285.0 0.001859020523070775 5.524894597047601e-08 5.825348000869102e-14 1.5984937709703104e-76 0.0002742600730899334
286.0 0.0019381945069086406 5.974006671485759e-08 6.609402339950484e-14 3.099446673395505e-76 0.00028786030491530505
287.0 0.0020201308603298826 6.456037982569585e-08 7.492306531775976e-14 5.982030035992026e-76 0.0003020297299937194
288.0 0.0021049021427036957 6.973126731256072e-08 8.48566484869048e-14 1.149277917228198e-75 0.0003167873492812794
289.0 0.002192582034380206 7.527530994960628e-08 9.602340525025868e-14 2.1980326938525278e-75 0.0003321526085319592
290.0 0.002283245331391464 8.121634272712199e-08 1.0856580758367477e-13 4.185006358709886e-75 0.0003481454022950479
291.0 0.002376967939950633 8.757951224465751e-08 1.226415292148586e-13 7.93288173010712e-75 0.00036478607782496693
292.0 0.0024738268692488376 9.439133602929546e-08 1.384249286821861e-13 1.497126295317295e-74 0.0003820954386701605
293.0 0.0025739002246045607 1.0167976388682389e-07 1.561086629371079e-13 2.8131827502411285e-74 0.0004000947482485791
294.0 0.002677267198642585 1.0947424123559961e-07 1.7590544152119488e-13 5.263427948239516e-74 0.0004188057330487159
295.0 0.002784008062674691 1.1780577453701099e-07 1.9804993225419856e-13 9.805947544723155e-74 0.0004382505857844551
296.0 0.0028942041565010275 1.2670699878661855e-07 2.228008298651717e-13 1.819195012032481e-73 0.0004584519682229579
297.0 0.0030079378779338697 1.362122471483181e-07 2.5044309992571764e-13 3.360904416592206e-73 0.00047943301388215067
298.0 0.0031252926709250746 1.4635762271465925e-07 2.8129041107450016e-13 6.18355798356969e-73 0.0005012173304165093
299.0 0.0032463530132674605 1.5718107246282392e-07 3.156877694943903e-13 1.133036751939479e-72 0.0005238290018381098
300.0 0.003371204403244371 1.6872246340660052e-07 3.5401437035644505e-13 2.067714204754716e-72 0.0005472925904685044
301.0 0.0034999333451732817 1.810236609649952e-07 3.9668668188446187e-13 3.758334353860222e-72 0.0005716331386054419
302.0 0.003632627334485624 1.9412860960286346e-07 4.4416177872622744e-13 6.804181742239017e-72 0.0005968761700024726
303.0 0.0037693748413901175 2.0808341571807985e-07 4.969409421511234e-13 1.2270124150960552e-71 0.0006230476910009437
304.0 0.00391026529392469 2.229364328350194e-07 5.555735458180027e-13 2.2041001013538435e-71 0.000650174191438716
305.0 0.004055389059852908 2.387383490941831e-07 6.20661246803614e-13 3.944023567463794e-71 0.0006782826452406373
306.0 0.004204837427759621 2.5554227707259276e-07 6.928625028254509e-13 7.0305584430466005e-71 0.0007074005107427846
307.0 0.0043587025870478685 2.7340384593183706e-07 7.728974376978107e-13 1.248528237052969e-70 0.0007375557306948691
308.0 0.00451707760682684 2.923812959025388e-07 8.615530783265763e-13 2.2089252458473126e-70 0.0007687767319318769
309.0 0.004680056414041168 3.125355751354216e-07 9.59688987909591e-13 3.8936189171253035e-70 0.0008010924247676807
310.0 0.004847733770505332 3.3393043890516495e-07 1.0682433212419444e-12 6.83803168121679e-70 0.0008345322020479657
311.0 0.00502020524859075 3.566325511511628e-07 1.1882393294052905e-12 1.1965456703158046e-69 0.0008691259378117251
312.0 0.005197567206398777 3.807115884115733e-07 1.3207923428107445e-12 2.0862340194615312e-69 0.0009049039856976745
313.0 0.005379916761321394 4.0624034607296855e-07 1.4671172626582883e-12 3.624492541105792e-69 0.0009418971769003275
314.0 0.005567351763022484 4.332948470012488e-07 1.6285365929041518e-12 6.274751358849515e-69 0.0009801368178471348
315.0 0.00575997076490569 4.6195445247738997e-07 1.8064890459841061e-12 1.0824938720998667e-68 0.0010196546874280026
316.0 0.005957872994778997 4.92301975476844e-07 2.002538757617315e-12 1.8610082174606004e-68 0.0010604830338939277
317.0 0.0061611583243436855 5.244237962493278e-07 2.218385147476466e-12 3.188446805240047e-68 0.0011026545713533188
318.0 0.006369927237339806 5.584099801630721e-07 2.4558734643125055e-12 5.4441745743775575e-68 0.0011462024758285459
319.0 0.006584280797052614 5.943543978490415e-07 2.717006056288504e-12 9.264471644056643e-68 0.001191160380991778
320.0 0.006804320612136388 6.323548475290787e-07 3.0039544085595095e-12 1.5712981730581185e-67 0.0012375623733867855
321.0 0.007030148801581327 6.725131795648417e-07 3.3190719927444505e-12 2.6561910432621893e-67 0.001285442987277116
322.0 0.007261867958653562 7.149354231798064e-07 3.664907974637085e-12 4.475442808778635e-67 0.0013348371990844876
323.0 0.007499581113364606 7.597319152712684e-07 4.044221828393626e-12 7.516260065089554e-67 0.0013857804213293977
324.0 0.007743391693896848 8.070174313055142e-07 4.459998907940982e-12 1.2582576672734758e-66 0.00143830849614422
325.0 0.007993403486938833 8.569113182437374e-07 4.915467028352982e-12 2.0996752481954155e-66 0.0014924576883441198
326.0 0.008249720596801442 9.095376294316102e-07 5.414114112113876e-12 3.492705953458427e-66 0.0015482646780252995
327.0 0.008512447403310652 9.650252613917258e-07 5.9597069575217546e-12 5.791775411959476e-66 0.0016057665526826512
328.0 0.008781688518391466 1.023508092443514e-06 6.556311188755531e-12 9.574442145974588e-66 0.0016650007988235269
329.0 0.009057548741807442 1.0851251231337837e-06 7.208312449914049e-12 1.5778999306769572e-65 0.0017260052931585173
330.0 0.009340133015345104 1.1500206183231914e-06 7.920438906954322e-12 2.592517102478868e-65 0.0017888182932286817
331.0 0.009629546375871243 1.2183442508940912e-06 8.697785124673427e-12 4.246702465292169e-65 0.0018534784275424567
332.0 0.009925893907489705 1.2902512470246572e-06 9.545837388370306e-12 6.935563632532897e-65 0.0019200246852598343
333.0 0.010229280691980128 1.3659025328356808e-06 1.047050054142777e-11 1.1293354394942577e-64 0.0019884964052602314
334.0 0.010539811758601742 1.4454648824482933e-06 1.1478126414315426e-11 1.8335249736126884e-64 0.0020589332647955364
335.0 0.010857592032137903 1.529111067204985e-06 1.257554392112802e-11 2.968141811738706e-64 0.0021313752675048607
336.0 0.011182726280186185 1.617020006075422e-06 1.3770090904446781e-11 4.7910150953901954e-64 0.0022058627309789283
337.0 0.01151531905899845 1.7093769170396665e-06 1.5069647810321016e-11 7.711280535577405e-64 0.002282436273732776
338.0 0.011855474658219302 1.8063734693732927e-06 1.6482673278908148e-11 1.2376344834727902e-63 0.002361136801648063
339.0 0.012203297044485549 1.908207936702741e-06 1.801824173866288e-11 1.9807787424999043e-63 0.0024420054938718216
340.0 0.012558889803622034 2.015085350655187e-06 1.9686083094309514e-11 3.161315217895969e-63 0.0025250837881125475
341.0 0.012922356082048888 2.1272176550566465e-06 2.1496624602826182e-11 5.031510503402734e-63 0.0026104133654502753
342.0 0.013293798526489084 2.2448238603878448e-06 2.3461035032161776e-11 7.986161023091907e-63 0.0026980361344722537
343.0 0.013673319223125688 2.368130198526754e-06 2.5591271203260655e-11 1.2641455087753812e-62 0.002787994214959144
344.0 0.01406101963503548 2.4973702774264075e-06 2.7900127015011413e-11 1.9956551627558404e-62 0.002880329920879585
345.0 0.014457000538895058 2.632785235723793e-06 3.040128505796523e-11 3.1420518686162502e-62 0.0029750857428886258
346.0 0.014861361960399526 2.7746238970129908e-06 3.310937092275058e-11 4.933901601393573e-62 0.003072304330211401
347.0 0.015274203108517575 2.92314292361942e-06 3.6040010312823776e-11 7.727280061597041e-62 0.003172028471931256
348.0 0.01569562230867109 3.078606969701788e-06 3.9209889073783696e-11 1.2070673220064892e-61 0.0032743010776950564
349.0 0.01612571693503814 3.241288833526543e-06 4.2636816254379336e-11 1.8806783583634465e-61 0.003379165157872332
350.0 0.01656458334139371 3.4114696085982663e-06 4.6339790314849757e-11 2.922706241033477e-61 0.003486663803041329
351.0 0.017012316791290928 3.589438833591717e-06 5.033906860401474e-11 4.53056863472796e-61 0.003596840162964227
352.0 0.01746901138707245 3.7754946407716196e-06 5.465624022572873e-11 7.00529391370983e-61 0.0037097374249409933
353.0 0.0179347599976982 3.969943902668094e-06 5.931430241852398e-11 1.0804761742525516e-60 0.003825398791533496
354.0 0.018409654185850808 4.173102376874448e-06 6.433774057598137e-11 1.6623719217169005e-60 0.003943867457753196
355.0 0.018893784133970155 4.385294848657841e-06 6.97526120350536e-11 2.5513746638873564e-60 0.004065186587635002
356.0 0.019387238569422247 4.606855271182185e-06 7.558663376308141e-11 3.9062685750461903e-60 0.004189399290236951
357.0 0.019890104688533812 4.8381269030283715e-06 8.186927407435016e-11 5.966236325283579e-60 0.004316548595004146
358.0 0.02040246808006789 5.0794624428870436e-06 8.863184851181476e-11 9.090711352888195e-60 0.004446677426617323
359.0 0.020924412647724235 5.331224161064494e-06 9.59076200275163e-11 1.3818561130122511e-59 0.004579828579233747
360.0 0.02145602053169644 5.593784027532431e-06 1.0373190359790391e-10 2.0955773587838e-59 0.004716044690123564
361.0 0.02199737202949672 5.867523836293232e-06 1.1214217541224126e-10 3.170507401674105e-59 0.004855368212744515
362.0 0.022548545516332202 6.152835325854161e-06 1.2117818677397314e-10 4.785708412682375e-59 0.004997841389315716
363.0 0.023109617364231595 6.450120295307736e-06 1.3088208285005235e-10 7.207160289104636e-59 0.005143506222711796
364.0 0.02368066186104311 6.7597907160161265e-06 1.412985264132962e-10 1.0829056408996959e-58 0.0052924044479224
365.0 0.024261751128327524 7.082268838334025e-06 1.524748267124305e-10 1.6234295707143805e-58 0.005444577502859743
366.0 0.02485295503904811 7.41798729330728e-06 1.6446107361442856e-10 2.4282897925607172e-58 0.0056000664987128955
367.0 0.025454341134343594 7.767389188830628e-06 1.773102771544224e-10 3.624094702702078e-58 0.005758912189688573
368.0 0.026065974540209105 8.130928200183012e-06 1.9107851263714817e-10 5.3968229726607616e-58 0.005921154942322654
369.0 0.026687917883309497 8.509068654384672e-06 2.058250714228894e-10 8.019069582183782e-58 0.0060868347041874715
370.0 0.02732023120657379 8.902285608235762e-06 2.2161261753886366e-10 1.18895233825681e-57 0.0062559909721406695
371.0 0.027962971884507377 9.311064919686576e-06 2.3850735025118406e-10 1.7590045333015237e-57 0.006428662760102256
372.0 0.02861619453802243 9.735903312133277e-06 2.5657917272919344e-10 2.5968019931510145e-57 0.006604888566314688
373.0 0.02927995094901393 1.0177308431363185e-05 2.7590186693489155e-10 3.825492098372066e-57 0.006784706340138375
374.0 0.02995428997497322 1.0635798894902096e-05 2.965532748687962e-10 5.623666160897244e-57 0.006968153448451521
375.0 0.030639257462995513 1.1111904333188354e-05 3.1861548629178933e-10 8.24978397842315e-57 0.007155266641506999
376.0 0.03133489616424199 1.1606165422584383e-05 3.421750330550044e-10 1.2077121626582841e-56 0.007346082018493792
377.0 0.032041245647804854 1.2119133909495213e-05 3.6732309014575035e-10 1.7643674646415013e-56 0.007540634992561069
378.0 0.03275834221513394 1.2651372625647182e-05 3.941556835751915e-10 2.5723272690705594e-56 0.007738960255577602
379.0 0.033486218814020495 1.3203455493793193e-05 4.227739052062356e-10 3.74267185446878e-56 0.007941091742394542
380.0 0.034224904953324906 1.3775967523923581e-05 4.5328413463897813e-10 5.43453416916993e-56 0.008147062594894014
381.0 0.034974426617183405 1.4369504799126678e-05 4.857982682368098e-10 7.875435165763383e-56 0.008356905125528691
382.0 0.03573480618031632 1.4984674451364416e-05 5.204339554052668e-10 1.1390033760379264e-55 0.008570650780740841
383.0 0.036506062322913944 1.5622094626186763e-05 5.573148421892587e-10 1.644069432163918e-55 0.00878833010390365
384.0 0.03728820994654791 1.628239443659833e-05 5.965708222858549e-10 2.3684618790396777e-55 0.009009972698134694
385.0 0.038081260090199534 1.6966213905336152e-05 6.383382955302732e-10 3.4054153074142406e-55 0.009235607188770232
386.0 0.0388852198469467 1.7674203895409664e-05 6.827604339241164e-10 4.8869453259025246e-55 0.00946526118563558
387.0 0.039700092281408667 1.8407026028584387e-05 7.299874552606426e-10 6.999625297101272e-55 0.009698961245142529
388.0 0.04052587634772313 1.9165352591340277e-05 7.801769043861938e-10 1.0006637251364306e-54 0.009936732832165774
389.0 0.04136256680839397 1.994986642809036e-05 8.334939421363056e-10 1.4278534836542065e-54 0.010178600281787542
390.0 0.042210154153920175 2.0761260821255852e-05 8.901116419668498e-10 2.0336081126227792e-54 0.010424586760896245
391.0 0.04306862452366851 2.160023935806355e-05 9.502112943002741e-10 2.890979155708032e-54 0.010674714229761096
392.0 0.043937959627226596 2.246751578333877e-05 1.0139827185697654e-09 4.102254586649296e-54 0.010929003403403094
393.0 0.044818136667380506 2.3363813838500148e-05 1.0816245829706853e-09 5.810399984648619e-54 0.011187473713053257
394.0 0.04570912826398811 2.4289867086058025e-05 1.153344731876913e-09 8.214875363689934e-54 0.011450143267528025
395.0 0.04661090237918384 2.524641871949069e-05 1.229360520889805e-09 1.1593462209148062e-53 0.011717028814639208
396.0 0.04752342224399212 2.6234221358209957e-05 1.3098991594657563e-09 1.633233131842838e-53 0.011988145702668438
397.0 0.04844664628621275 2.7254036827216417e-05 1.3951980610474006e-09 2.296739011543436e-53 0.012263507841882454
398.0 0.0493805280601298 2.830663592142684e-05 1.4855052006256849e-09 3.2241041739060855e-53 0.012543127666239289
399.0 0.05032501617740791 2.939279815401401e-05 1.5810794796112553e-09 4.517996575722038e-53 0.012827016095136569
400.0 0.051280054240041464 3.0513311488939748e-05 1.6821910979179613e-09 6.320152319868578e-53 0.013115182495432611
401.0 0.05224558077493951 3.166897205716208e-05 1.7891219331078191e-09 8.825907186870939e-53 0.01340763464364784
402.0 0.05322152917035838 3.286058385635487e-05 1.9021659264453192e-09 1.2304008474324547e-52 0.013704378688413022
403.0 0.0542078276142976 3.408895843394049e-05 2.0216294756876018e-09 1.7123580438826793e-52 0.014005419113207377
404.0 0.055204399034975246 3.535491455325029e-05 2.1478318344173162e-09 2.379076507597738e-52 0.01431075869943035
405.0 0.05621116104349614 3.665927784264545e-05 2.2811055177052352e-09 3.2998427264977936e-52 0.014620398489851047
406.0 0.057228025878471256 3.800288042720913e-05 2.4217967138535728e-09 4.56934714067852e-52 0.014934337752387096
407.0 0.058254900353332695 3.9386560543272605e-05 2.57026570198851e-09 6.316786059535974e-52 0.015252573944421354
408.0 0.059291685805741706 4.081116213519088e-05 2.7268872751954465e-09 8.718148427892841e-52 0.015575102677515952
409.0 0.060338278049595774 4.227753443450845e-05 2.8920511689106823e-09 1.2012775103864263e-51 0.015901917682671084
410.0 0.06139456732959924 4.378653152132823e-05 3.0661624942391052e-09 1.6525640596648224e-51 0.01623301077613618
411.0 0.06246043827857102 4.5339011867857284e-05 3.2496421758526377e-09 2.2697287105227178e-51 0.016568371825836155
412.0 0.06353576987731265 4.6935837863867456e-05 3.442927394081941e-09 3.1123975377228364e-51 0.01690798871838333
413.0 0.06462043541755631 4.857787532433099e-05 3.6464720308241596e-09 4.261145498442315e-51 0.017251847326830185
414.0 0.06571430246755774 5.026599297882137e-05 3.860747118815195e-09 5.824686155281091e-51 0.01759993147906575
415.0 0.06681723284098967 5.2001061943088875e-05 4.086241293846707e-09 7.949470302203931e-51 0.017952222927048577
416.0 0.0679290825686769 5.378395517242007e-05 4.32346124942178e-09 1.0832480881443312e-50 0.01830870131677307
417.0 0.06904970187367913 5.561554689713025e-05 4.572932193369518e-09 1.4738262479952266e-50 0.018669344159123507
418.0 0.07017893514952028 5.7496712040031286e-05 4.835198305872237e-09 2.0021552471377702e-50 0.01903412680158176
419.0 0.07131662094181143 5.942832561608247e-05 5.110823198357814e-09 2.7157311048842305e-50 0.019403022400875075
420.0 0.07246259193328859 6.141126211428328e-05 5.400390372668963e-09 3.6780509409148203e-50 0.01977600189659006
421.0 0.07361667493231447 6.344639486191259e-05 5.704503679894673e-09 4.973876851498646e-50 0.020153033985786953
422.0 0.07477869086502731 6.553459537135871e-05 6.023787778231594e-09 6.716189588944982e-50 0.02053408509868482
423.0 0.07594845477096851 6.767673266950924e-05 6.358888589187916e-09 9.055361010168385e-50 0.020919119375393046
424.0 0.0771257758027129 6.987367261030044e-05 6.710473751469422e-09 1.219123559884488e-49 0.021308098643854075
425.0 0.07831045722898658 7.212627717014504e-05 7.079233071776362e-09 1.6389020610347993e-49 0.02170098239887799
426.0 0.07950229644179216 7.443540372689075e-05 7.465878971794157e-09 2.2000155374733052e-49 0.022097727782433525
427.0 0.08070108496754715 7.680190432255479e-05 7.871146930595636e-09 2.9489680736962667e-49 0.022498289565220174
428.0 0.08190660848201618 7.922662490988179e-05 8.295795921619846e-09 3.947208217084108e-49 0.022902620129482763
429.0 0.0831186468294333 8.17104045833788e-05 8.740608843422326e-09 5.275816370414223e-49 0.023310669453201174
430.0 0.08433697404571601 8.425407479505631e-05 9.206392943320992e-09 7.041626132749453e-49 0.023722385095651062
431.0 0.08556135838582639 8.685845855527143e-05 9.693980233046953e-09 9.385207100508118e-49 0.024137712184373928
432.0 0.08679156235528457 8.952436961905428e-05 1.0204227895478915e-08 1.2491260749721513e-48 0.024556593403581146
433.0 0.08802734274612974 9.225261165862235e-05 1.0738018681546487e-08 1.660214018006756e-48 0.024978968984098262
434.0 0.0892684506770768 9.504397742227398e-05 1.1296261296303272e-08 2.2035408330829268e-48 0.025404776694802535
435.0 0.09051463163803819 9.789924788030315e-05 1.1879890773190699e-08 2.9206609961048294e-48 0.02583395183562459
436.0 0.09176562553905078 0.00010081919135847887 1.2489868835476667e-08 3.865876562773429e-48 0.026266427232149128
437.0 0.09302116676373737 0.00010380456265977286 1.3127184243842829e-08 5.1100520556117994e-48 0.0267021332318756
438.0 0.09428098422719157 0.00010685610217479008 1.3792853129042633e-08 6.745542221804517e-48 0.027140997702130774
439.0 0.09554480143822838 0.00010997453498142932 1.448791930853096e-08 8.892548853439718e-48 0.027582946029639885
440.0 0.0968123365665082 0.00011316056993499047 1.521345458603483e-08 1.170731027862738e-47 0.028027901121926286
441.0 0.09808330251384255 0.00011641489874861581 1.5970559032838865e-08 1.5392638041412736e-47 0.028475783410364074
442.0 0.09935740699034275 0.0001197381950655212 1.6760361249740288e-08 2.0211455820819828e-47 0.02892651085509772
443.0 0.10063435259501331 0.0001231311135233006 1.7584018608455973e-08 2.6504173475588956e-47 0.029379998951737405
444.0 0.10191383690104963 0.00012659428881137914 1.8442717471348888e-08 3.4710953853875695e-47 0.029836160739928504
445.0 0.10319555254570681 0.00013012833472226287 1.933767338826696e-08 4.540021368964131e-47 0.03029490681377997
446.0 0.10447918732470439 0.00013373384319737802 2.0270131269289007e-08 5.930505751521667e-47 0.030756145334164136
447.0 0.10576442429137635 0.00013741138336862774 2.1241365532207972e-08 7.736979374612511e-47 0.031219782042972172
448.0 0.10705094186032149 0.00014116150059627182 2.2252680223492497e-08 1.0080924821368318e-46 0.03168572027927623
449.0 0.10833841391567262 0.00014498471550420804 2.3305409111525685e-08 1.311843013745976e-46 0.032153860997455375
450.0 0.10962650992400504 0.00014888152301365635 2.440091575090136e-08 1.7049796715715563e-46 0.03262410278731382
451.0 0.11091489505163898 0.00015285239137592338 2.5540593516498678e-08 2.2131744849273347e-46 0.033096341896140434
452.0 0.11220323028669496 0.00015689776120575408 2.672586560618318e-08 2.8692900226147008e-46 0.03357047225283812
453.0 0.11349117256538814 0.0001610180445156405 2.7958185010796352e-08 3.7153419298756596e-46 0.03404638549399104
454.0 0.11477837490304355 0.0001652136237528414 2.9239034450321356e-08 4.804982946106502e-46 0.034523970992034594
455.0 0.11606448652931589 0.00016948485083951578 3.056992627489091e-08 6.206643172692008e-46 0.035003115885394405
456.0 0.11734915302794119 0.0001738320462175796 3.195240232950908e-08 8.007495197775092e-46 0.03548370511071227
457.0 0.11863201648071589 0.00017825549789903547 3.338803378122152e-08 1.0318454765880808e-45 0.03596562143708777
458.0 0.11991271561581951 0.00018275546052314172 3.4878420907581123e-08 1.3280479951211023e-45 0.03644874550238933
459.0 0.12119088596023342 0.0001873321544212902 3.6425192845184336e-08 1.7072496644602347e-45 0.03693295585157899
460.0 0.12246615999648341 0.000191985764691191 3.803000729719714e-08 2.19213585286854e-45 0.0374181289771382
461.0 0.12373816732326828 0.000196716440280983 3.9694550198629115e-08 2.811434918793633e-45 0.037904139361479246
462.0 0.12500653482019086 0.00020152429308490085 4.1420535338321865e-08 3.601485697994511e-45 0.03839085952142554
463.0 0.12627088681641524 0.00020640939705155711 4.320970393653619e-08 4.6082005160241995e-45 0.03887816005472365
464.0 0.1275308452630622 0.00021137178730588332 4.506382417704179e-08 5.889520707446429e-45 0.03936590968854525
465.0 0.12878602990945662 0.00021641145928628317 4.698469069274857e-08 7.518484702137797e-45 0.0398539753300298
466.0 0.13003605848290917 0.0002215283678978607 4.8974124003807425e-08 9.587057141041857e-45 0.040342222118784396
467.0 0.13128054687213198 0.00022672242668329512 5.103396990729567e-08 1.2210902396958067e-44 0.04083051348138617
468.0 0.13251910931399916 0.00023199350701229012 5.316609881750176e-08 1.5535328744539466e-44 0.04131871118781077
469.0 0.1337513585837506 0.0002373414372912014 5.53724050560149e-08 1.9742682001375529e-44 0.041806675409830504
470.0 0.13497690618822072 0.00024276600219356087 5.7654806090676624e-08 2.5061531875664276e-44 0.042294264781263885
471.0 0.13619536256237913 0.0002482669419134571 6.001524172277602e-08 3.177807308249738e-44 0.042781336460177156
472.0 0.13740633726861973 0.00025384395144223523 6.24556732215867e-08 4.025025964814279e-44 0.0432677461928725
473.0 0.13860943919898078 0.000259496679870317 6.497808240570428e-08 5.092530847971832e-44 0.043753348379729315
474.0 0.13980427678007737 0.00026522472971521473 6.758447067053744e-08 6.436135178726272e-44 0.04423799614283906
475.0 0.1409904581805619 0.00027102765627689797 7.02768579613865e-08 8.125419279632565e-44 0.04472154139538394
476.0 0.14216759152093097 0.0002769049670216351 7.305728169159772e-08 1.0247033199556605e-43 0.04520383491270856
477.0 0.14333528508572443 0.0002828561209958909 7.592779560547207e-08 1.2908768988568365e-43 0.04568472640510611
478.0 0.14449314753767262 0.0002888805282709134 7.88904685854355e-08 1.62445766402139e-43 0.04616406459218333
479.0 0.1456407881339892 0.00029497754941986494 8.194738340337177e-08 2.0420735836736398e-43 0.04664169727887171
480.0 0.14677781694423217 0.0003011464950278372 8.51006354157017e-08 2.5643441827271344e-43 0.04711747143290462
481.0 0.14790384506999513 0.0003073866252367397 8.835233120231396e-08 3.2168119691858584e-43 0.04759123326384691
482.0 0.14901848486594071 0.00031369714932552757 9.17045871491304e-08 4.031084887246352e-43 0.04806282830352236
483.0 0.1501213501621277 0.0003200772253271148 9.515952797441457e-08 5.046236155106842e-43 0.048532101487824636
484.0 0.15121205648751532 0.0003265259596831657 9.87192851989898e-08 6.3105177048728005e-43 0.04899889723987395
485.0 0.1522902212943062 0.00033304240693745647 1.0238599556047954e-07 7.883455327874148e-43 0.049463059554409404
486.0 0.15335546418314297 0.0003396255694692486 1.0616179937200523e-07 9.838407942981723e-43 0.049924432083420074
487.0 0.15440740712881434 0.00034627439726730286 1.1004883882563356e-07 1.226569062649979e-42 0.05038285822290017
488.0 0.1554456747063265 0.00035298778774556786 1.1404925624109421e-07 1.5276381739058932e-42 0.05083818120067777
489.0 0.15646989431724742 0.00035976458560167804 1.1816519226042771e-07 1.9006959333897333e-42 0.051290244165282155
490.0 0.15747969641594692 0.00036660358271871097 1.2239878398911758e-07 2.362494183473957e-42 0.051738890275720845
491.0 0.15847471473575375 0.0003735035181115263 1.2675216308464983e-07 2.933574368226387e-42 0.052183962792166506
492.0 0.15945458651464517 0.0003804630779180587 1.3122745379325606e-07 3.63909993935906e-42 0.05262530516742005
493.0 0.16041895272039583 0.00038748089543658116 1.3582677093591611e-07 4.509866059413021e-42 0.05306276113911682
494.0 0.16136745827491847 0.0003945555512095076 1.4055221784467102e-07 5.583523164349507e-42 0.053496174822578506
495.0 0.16229975227766344 0.00040168557315453245 1.4540588425049687e-07 6.906058235070152e-42 0.053925390804255534
496.0 0.16321548822780982 0.0004088694367435775 1.5038984412399363e-07 8.533586315764272e-42 0.05435025423566068
497.0 0.16411432424504943 0.0004161055652301045 1.5550615347030344e-07 1.0534515165586077e-41 0.054770610927714763
498.0 0.1649959232888609 0.00042339232992554904 1.60756848079861e-07 1.299215824422007e-41 0.0551863074454567
499.0 0.16585995337591983 0.0004307280505249647 1.6614394123647353e-07 1.6007885870451799e-41 0.05559719120298592
500.0 0.1667060877955837 0.00043811099548263005 1.7166942138459242e-07 1.9704921777935821e-41 0.05600311055860069
501.0 0.16753400532313897 0.0004455393824376842 1.7733524975750172e-07 2.4232912919310197e-41 0.05640391491001147
502.0 0.1683433904307004 0.00045301137869033003 1.8314335796848091e-07 2.97734248198427e-41 0.05679945478957548
503.0 0.16913393349549036 0.00046052510172863576 1.8909564556690038e-07 3.654654373571395e-41 0.05718958195944202
504.0 0.1699053310053588 0.00046807861980628483 1.951939775614872e-07 4.481880112709993e-41 0.057574149506543076
505.0 0.17065728576128006 0.0004756699525712033 2.0144018191294744e-07 5.491267644452007e-41 0.05795301193731994
506.0 0.17138950707667597 0.0004832970717452436 2.078360469983582e-07 6.721798203779436e-41 0.05832602527211383
507.0 0.1721017109734073 0.000490957901855021 2.1438331904983933e-07 8.220549040175616e-41 0.05869304713914544
508.0 0.17279362037412438 0.0004986503210135064 2.2108369956994787e-07 1.0044323045423348e-40 0.05905393686795586
509.0 0.17346496529087474 0.0005063721617524802 2.2793884272654044e-07 1.2261595782714847e-40 0.05940855558225021
510.0 0.1741154830098017 0.0005141212119057173 2.3495035272991336e-07 1.4954839625148641e-40 0.05975676629206378
511.0 0.1747449182716685 0.0005218952155424019 2.421197811949607e-07 1.8223295536902112e-40 0.060098433985134564
512.0 0.1753530234480561 0.0005296918739505241 2.494486244913348e-07 2.2186275742447373e-40 0.060433425717404406
513.0 0.17593955871309122 0.0005375088466699699 2.5693832108468473e-07 2.698709544336057e-40 0.06076161070257324
514.0 0.1765042922104852 0.0005453437525747044 2.6459024887203023e-07 3.2797749224065813e-40 0.06108286040060367
515.0 0.1770470002157326 0.0005531941710035752 2.724057225144938e-07 3.982446826081615e-40 0.06139704860509606
516.0 0.17756746729329226 0.0005610576429391162 2.803859907706545e-07 4.831431840243617e-40 0.06170405152944412
517.0 0.1780654864486001 0.0005689316722337161 2.8853223383388096e-07 5.856302719362962e-40 0.06200374789169027
518.0 0.17854085927473207 0.0005768137268823525 2.968455606770313e-07 7.092426061682332e-40 0.062296018997987236
519.0 0.17899339609357293 0.0005847012403411258 3.0532700640801724e-07 8.582060849235109e-40 0.06258074882458639
520.0 0.1794229160913768 0.0005925916128908343 3.1397752963982443e-07 1.0375658197078631e-39 0.06285782409828124
521.0 0.1798292474484925 0.0006004822130444056 3.227980098784645e-07 1.2533397837962987e-39 0.06312713437519661
522.0 0.18021222746320634 0.0006083703789974757 3.3178924493264415e-07 1.5127002900514455e-39 0.06338857211787424
523.0 0.18057170266948683 0.0006162534201207878 3.409519483487211e-07 1.824188155280682e-39 0.06364203277054749
524.0 0.18090752894857884 0.0006241286184935481 3.502867468748078e-07 2.1979652231683796e-39 0.06388741483255388
525.0 0.18121957163425972 0.0006319932304763257 3.5979417795767835e-07 2.6461118636658517e-39 0.0641246199297868
526.0 0.18150770561168306 0.0006398444883223822 3.694746872763525e-07 3.182977163680144e-39 0.06435355288412596
527.0 0.18177181540967297 0.0006476796018260522 3.793286263161359e-07 3.825590795013739e-39 0.06457412178076576
528.0 0.18201179528638733 0.0006554957600068577 3.8935624998699353e-07 4.5941470171511424e-39 0.06478623803337713
529.0 0.18222754930824134 0.0006632901328279105 3.9955771429009055e-07 5.512572974849666e-39 0.06498981644703165
530.0 0.18241899142200446 0.0006710598729471244 4.0993307403636524e-07 6.609195418048679e-39 0.06518477527882151
531.0 0.18258604551997432 0.0006788021174996497 4.204822806209639e-07 7.917522243760277e-39 0.06537103629610672
532.0 0.18272864549817797 0.0006865139899100584 4.312051798574485e-07 9.477157881260367e-39 0.0655485248323376
533.0 0.1828467353075037 0.0006941926017325113 4.4210150987554597e-07 1.1334874564282544e-38 0.06571716984038227
534.0 0.18294026899771493 0.0007018350545172947 4.531708990862878e-07 1.354586501534986e-38 0.06587690394330756
535.0 0.18300921075429338 0.0007094384417019894 4.644128642183432e-07 1.617520607423106e-38 0.06602766348255935
536.0 0.18305353492805676 0.0007169998505254465 4.7582680842925656e-07 1.9299567410206027e-38 0.06616938856348722
537.0 0.18307322605751175 0.0007245163639627879 4.874120194953312e-07 2.3009204752117197e-38 0.06630202309816545
538.0 0.1830682788839149 0.0007319850626795424 4.991676680838143e-07 2.741028314826853e-38 0.06642551484546462
539.0 0.18303869835901504 0.0007394030270030371 5.110928061109946e-07 3.262758274046868e-38 0.0665398154483304
540.0 0.1829844996454569 0.0007467673389090847 5.231863651897541e-07 3.8807647527815867e-38 0.06664488046822717
541.0 0.1829057081098403 0.0007540750840220098 5.354471551700548e-07 4.6122446747641797e-38 0.06674066941671064
542.0 0.18280235930843095 0.0007613233536259972 5.47873862775752e-07 5.477362897337077e-38 0.06682714578409336
543.0 0.1826744989655316 0.0007685092466857595 5.604650503410793e-07 6.499746100271429e-38 0.06690427706517309
544.0 0.1825221829445267 0.0007756298718744342 5.732191546499947e-07 7.707055728865112e-38 0.06697203478199479
545.0 0.18234547721161962 0.0007826823496066652 5.861344858815549e-07 9.131652128051564e-38 0.06703039450362053
546.0 0.18214445779229932 0.000789663814074758 5.992092266643332e-07 1.0811363785259672e-37 0.06707933586288771
547.0 0.18191921072056366 0.0007965714152857794 6.124414312427876e-07 1.2790377629546095e-37 0.06711884257013326
548.0 0.18166983198095427 0.0008034023210975159 6.258290247584088e-07 1.51202686459716e-37 0.06714890242387213
549.0 0.18139642744345102 0.0008101537192511178 6.393698026483183e-07 1.7861189694293648e-37 0.06716950731841628
550.0 0.18109911279128366 0.0008168228193982837 6.530614301638396e-07 2.1083245411364118e-37 0.06718065324842425
551.0 0.18077801344173772 0.0008234068551208752 6.669014420115226e-07 2.486807747380324e-37 0.06718234031037978
552.0 0.18043326446001917 0.0008299030859407585 6.80887242118835e-07 2.9310692353861187e-37 0.067174572700993
553.0 0.18006501046626916 0.0008363087993177648 6.95016103526684e-07 3.452156707553187e-37 0.06715735871252924
554.0 0.17967340553581462 0.0008426213126336027 7.092851684107517e-07 4.062907343557191e-37 0.06713071072506838
555.0 0.1792586130927503 0.0008488379751595824 7.236914482334255e-07 4.7782266768539964e-37 0.06709464519570243
556.0 0.17882080579696144 0.0008549561700060462 7.382318240280436e-07 5.6154091688414716e-37 0.06704918264468497
557.0 0.1783601654246969 0.0008609733160513895 7.529030468169028e-07 6.5945064423433295e-37 0.06699434763854649
558.0 0.17787688274280744 0.0008668868698485586 7.677017381643684e-07 7.738749947787614e-37 0.06693016877019296
559.0 0.17737115737677028 0.0008726943275069422 7.826243908662004e-07 9.075035751869919e-37 0.06685667863600804
560.0 0.17684319767264922 0.0008783932265476909 7.976673697761542e-07 1.0634480172327037e-36 0.06677391380999027
561.0 0.17629322055309607 0.0008839811477302797 8.128269127704876e-07 1.245305614785945e-36 0.06668191481494196
562.0 0.17572145136756456 0.000889455716848472 8.280991318511103e-07 1.457232154497409e-36 0.06658072609075132
563.0 0.17512812373688608 0.0008948146064937093 8.434800143877663e-07 1.7040252081057592e-36 0.0664703959598025
564.0 0.17451347939232467 0.0009000555377838169 8.589654244993254e-07 1.9912193204786953e-36 0.06635097658953704
565.0 0.17387776800931568 0.0009051762820553612 8.745511045743651e-07 2.325194714258107e-36 0.06622252395222376
566.0 0.17322124703604347 0.000910174662517747 8.902326769308526e-07 2.7133013417120066e-36 0.06608509778197727
567.0 0.17254418151699688 0.000915048555867108 9.060056456143916e-07 3.164000349747691e-36 0.06593876152905946
568.0 0.1718468439117224 0.000919795893858437 9.218653983346721e-07 3.687025287945054e-36 0.0657835823115301
569.0 0.1711295139089267 0.0009244146648341096 9.378072085391929e-07 4.293565685168656e-36 0.0656196308642884
570.0 0.1703924782361151 0.0009289029152071615 9.538262376233397e-07 4.996475951396797e-36 0.06544698148556112
571.0 0.16963603046496567 0.0009332587508977576 9.69917537275622e-07 5.810512931818999e-36 0.06526571198089917
572.0 0.16886047081263242 0.0009374803387213257 9.860760519567894e-07 6.752605854377584e-36 0.06507590360474375
573.0 0.1680661059391375 0.0009415659077266636 1.0022966215109617e-06 7.842162874561171e-36 0.06487764099961033
574.0 0.16725324874111522 0.0009455137504829326 1.0185739839073892e-06 9.101418937725683e-36 0.06467101213298056
575.0 0.16642221814204894 0.0009493222243138463 1.0349027781105502e-06 1.0555830255337937e-35 0.06445610823194559
576.0 0.16557333887922385 0.0009529897524778379 1.051277547076416e-06 1.2234521333738842e-35 0.0642330237156776
577.0 0.16470694128765112 0.0009565148252932472 1.0676927408728883e-06 1.4170791209380427e-35 0.06400185612581953
578.0 0.16382336108107082 0.0009598960012067812 1.0841427199211873e-06 1.6402686340713823e-35 0.06376270605482738
579.0 0.162922939130372 0.000963131907804869 1.1006217583562155e-06 1.897364849254763e-35 0.06351567707238945
580.0 0.16200602123950675 0.000966221242766098 1.1171240475020794e-06 2.1933246933031824e-35 0.06326087564994715
581.0 0.16107295791924042 0.0009691627747545198 1.1336436994605014e-06 2.5338005356718017e-35 0.06299841108344592
582.0 0.16012410415887954 0.0009719553442525109 1.1501747508083046e-06 2.925233516051732e-35 0.06272839541436782
583.0 0.15915981919618075 0.0009745978643322982 1.1667111664003788e-06 3.374958804511064e-35 0.062450943349122864
584.0 0.15818046628573323 0.0009770893213658781 1.1832468432750455e-06 3.891324240580998e-35 0.0621661721769117
585.0 0.1571864124659529 0.0009794287756721854 1.1997756146573672e-06 4.48382396285721e-35 0.06187420168611325
586.0 0.15617802832496702 0.0009816153621013248 1.216291254056953e-06 5.163248823484265e-35 0.06157515407930739
587.0 0.15515568776554042 0.0009836482905549583 1.2327874794555736e-06 5.941855584040479e-35 0.06126915388699301
588.0 0.15411976776934594 0.0009855268464429511 1.249257957580944e-06 6.833557112748093e-35 0.06095632788012296
589.0 0.15307064816070792 0.000987250391075417 1.265696308261653e-06 7.854136049640193e-35 0.060636804981510375
590.0 0.1520087113701021 0.0009888183619903184 1.282096108859096e-06 9.021484678579395e-35 0.06031071617622178
591.0 0.15093434219756427 0.0009902302732160604 1.2984508987713486e-06 1.035587404526222e-34 0.05997819442102279
592.0 0.14984792757629214 0.0009914857154694492 1.314754184004653e-06 1.1880255691211884e-34 0.059639374552995054
593.0 0.14874985633657886 0.000992584356288521 1.3309994418070554e-06 1.362059973812095e-34 0.05929439319738589
594.0 0.14764051897033734 0.0009935259401006537 1.3471801253595685e-06 1.5606273457869473e-34 0.058943388674801867
595.0 0.14652030739637711 0.0009943102882257982 1.3632896685193211e-06 1.7870464904474185e-34 0.05858650090781881
596.0 0.14538961472669826 0.0009949372988154522 1.3793214906100102e-06 2.045065666878662e-34 0.058223871327123394
597.0 0.14424883503392333 0.0009954069467271584 1.3952690012536596e-06 2.338915534886007e-34 0.05785564277724475
598.0 0.1430983631201495 0.0009957192833354512 1.411125605238982e-06 2.6733682912859493e-34 0.057481959421999795
599.0 0.14193859428733324 0.0009958744362791705 1.4268847074202414e-06 3.053803677175025e-34 0.05710296664970948
600.0 0.14076992410946643 0.0009958726091461101 1.4425397176416138e-06 3.4862826080769595e-34 0.05671881097830179
601.0 0.13959274820669296 0.0009957140810953567 1.4580840556812194e-06 3.977629255720827e-34 0.05632963996037513
602.0 0.13840746202153956 0.0009953992064179187 1.4735111562090386e-06 4.535522494306801e-34 0.05593560208830552
603.0 0.13721446059749082 0.0009949284140367406 1.4888144737536354e-06 5.168597716093169e-34 0.05553684669950528
604.0 0.13601413836001963 0.0009943022069464785 1.5039874876713068e-06 5.886560121656759e-34 0.0551335238818932
605.0 0.13480688890029807 0.0009935211615943052 1.5190237071126267e-06 6.700310699958772e-34 0.05472578437968299
606.0 0.1335931047617072 0.0009925859272023377 1.533916675980104e-06 7.622086233148933e-34 0.054313779499554786
607.0 0.1323731772293373 0.0009914972250329476 1.5486599778716522e-06 8.66561479171532e-34 0.05389766101730407
608.0 0.13114749612265503 0.000990255847598159 1.563247241004397e-06 9.846288327986457e-34 0.053477581085057645
609.0 0.12991644959138976 0.000988862657813556 1.577672143112064e-06 1.1181354131092003e-33 0.053053692139095956
610.0 0.12868042391493967 0.000987318588099035 1.5919284163120826e-06 1.269012707531382e-33 0.05262614680842278
611.0 0.12743980330529123 0.0009856246394265714 1.6060098519351333e-06 1.439422477734294e-33 0.0521950978240991
612.0 0.12619496971367328 0.0009837818803169376 1.6199103053125695e-06 1.631782797754388e-33 0.05176069792945071
613.0 0.1249463026410451 0.0009817914457865254 1.6336237005159217e-06 1.8487968677078863e-33 0.05132309979121061
614.0 0.12369417895254965 0.0009796545362457235 1.6471440350431227e-06 2.0934848798030496e-33 0.05088245591167015
615.0 0.12243897269605988 0.00097737241635039 1.660465384446227e-06 2.3692192388880177e-33 0.050438918541912126
616.0 0.121181054924874 0.0009749464138074847 1.6735819068946573e-06 2.6797634674326964e-33 0.049992639596170105
617.0 0.11992079352478469 0.000972377918137334 1.6864878476703221e-06 3.0293151548139304e-33 0.04954377056742767
618.0 0.11865855304547102 0.000969668379392921 1.6991775435875435e-06 3.422553343208108e-33 0.04909246244425837
619.0 0.11739469453643324 0.0009668193068388129 1.7116454273344713e-06 3.8646907774935975e-33 0.04863886562901922
620.0 0.11612957538750422 0.000963832267590962 1.723886031730417e-06 4.3615314844984566e-33 0.04818312985743359
621.0 0.11486354917399935 0.0009607088852188915 1.7358939938940351e-06 4.919534187915735e-33 0.047725404119611806
622.0 0.11359696550664694 0.0009574508383125277 1.7476640593187239e-06 5.545882109455584e-33 0.04726583658259057
623.0 0.11233016988629944 0.0009540598590148499 1.7591910858496708e-06 6.248559754537673e-33 0.04680457451441414
624.0 0.1110635035635305 0.0009505377315224711 1.7704700475588962e-06 7.036437332297519e-33 0.046341764209823715
625.0 0.10979730340317123 0.000946886290555897 1.781496038513948e-06 7.919363515130114e-33 0.04587755091760012
626.0 0.10853190175382219 0.0009431074198011515 1.7922642764360043e-06 8.908267302698961e-33 0.045412078769597866
627.0 0.10726762632239784 0.0009392030503246848 1.802770106243681e-06 1.0015269819579764e-32 0.0449454907115175
628.0 0.10600480005376395 0.00093517515896358 1.8130090034790983e-06 1.1253806944783154e-32 0.044477928435464185
629.0 0.10474374101543021 0.0009310257666922994 1.822976577611556e-06 1.263876374561757e-32 0.0440095323143
630.0 0.10348476228743216 0.0009267569369687383 1.832668575217105e-06 1.4186621768066736e-32 0.04354044133786903
631.0 0.102228171857342 0.0009223707740607434 1.8420808830295052e-06 1.5915620321364002e-32 0.04307079305109264
632.0 0.10097427252042479 0.0009178694213549542 1.85120953085952e-06 1.784593298616958e-32 0.042600723493964966
633.0 0.09972336178503956 0.0009132550596506272 1.8600506943811801e-06 1.9999860674045403e-32 0.042130367143512815
634.0 0.09847573178315047 0.0009085299054390623 1.8686006977800575e-06 2.24020426711502e-32 0.041659856857686195
635.0 0.09723166918610207 0.0009036962091718767 1.8768560162636954e-06 2.507968721175972e-32 0.04118932382126645
636.0 0.09599145512549813 0.0008987562535185807 1.8848132784292355e-06 2.8062823247625175e-32 0.0407188974937467
637.0 0.09475536511930607 0.0008937123516165233 1.8924692684885908e-06 3.1384575207996946e-32 0.0402487055592582
638.0 0.09352366900308703 0.0008885668453142594 1.899820928347748e-06 3.508146268258288e-32 0.039778873878522025
639.0 0.09229663086634708 0.0008833221034103224 1.9068653595388425e-06 3.9193727106502377e-32 0.039309526442845924
640.0 0.09107450899400996 0.0008779805198894592 1.913599825004101e-06 4.3765687682826267e-32 0.038840785330187776
641.0 0.08985755581294079 0.0008725445121577239 1.920021750729566e-06 4.884612894509867e-32 0.038372770663276656
642.0 0.08864601784352079 0.0008670165192785635 1.9261287272283734e-06 5.448872253997921e-32 0.03790560056981251
643.0 0.08744013565618121 0.0008613990002111141 1.9319185108715627e-06 6.075248599921773e-32 0.03743939114472559
644.0 0.08624014383292437 0.0008556944320531498 1.937389025067366e-06 6.770228147145115e-32 0.036974256414527805
645.0 0.08504627093369692 0.0008499053082895321 1.9425383612867674e-06 7.540935759804081e-32 0.03651030830371821
646.0 0.08385873946763651 0.000844034137048551 1.947364779936612e-06 8.395193794441624e-32 0.03604765660327112
647.0 0.08267776586906157 0.0008380834393670678 1.9518667110786673e-06 9.34158596393963e-32 0.03558640894117002
648.0 0.08150356047821845 0.000832055747466813 1.956042754996542e-06 1.038952661308361e-31 0.03512667075501235
649.0 0.0803363275266385 0.0008259536030425724 1.959891682608886e-06 1.1549335823686176e-31 0.034668545266639976
650.0 0.07917626512710825 0.0008197795555645148 1.9634124357311e-06 1.28323207959307e-31 0.034212133458814645
651.0 0.07802356526812498 0.0008135361605955951 1.9666041271850955e-06 1.4250863982975832e-31 0.033757534053901125
652.0 0.07687841381277788 0.0008072259781256252 1.969466040758245e-06 1.581851848802158e-31 0.033304843494549104
653.0 0.07574099050199895 0.0008008515709236773 1.971997631013371e-06 1.7550111267027602e-31 0.03285415592636654
654.0 0.07461146896205256 0.0007944155029096638 1.974198522949787e-06 1.9461854716155614e-31 0.03240556318254399
655.0 0.07349001671620888 0.0007879203375467254 1.9760685115175666e-06 2.157146726091602e-31 0.031959154770421966
656.0 0.07237679520052462 0.0007813686362558357 1.9776075609871066e-06 2.38983036039651e-31 0.031515017859983396
657.0 0.07127195978359521 0.0007747629568533535 1.9788158041745127e-06 2.646349533060371e-31 0.031073237274227252
658.0 0.07017565979021635 0.0007681058520130387 1.9796935415255984e-06 2.9290102615419823e-31 0.03063389548141053
659.0 0.0690880385288668 0.0007613998677537429 1.9802412400608972e-06 3.240327782021026e-31 0.030197072589134337
660.0 0.06800923332287236 0.0007546475419533917 1.9804595321826958e-06 3.5830441822407893e-31 0.029762846340226495
661.0 0.06693937554521308 0.0007478514028909664 1.9803492143483465e-06 3.960147396489368e-31 0.02933129211041691
662.0 0.06587859065679867 0.000741013967816659 1.9799112456102312e-06 4.374891657222381e-31 0.028902482907741972
663.0 0.06482699824817537 0.0007341377415518574 1.9791467460270574e-06 4.83081950352298e-31 0.02847648937367377
664.0 0.06378471208452144 0.0007272252151194282 1.9780569949482058e-06 5.331785452556745e-31 0.028053379785923125
665.0 0.06275184015382404 0.0007202788644050997 1.976643429173965e-06 5.881981446426545e-31 0.02763322006288046
666.0 0.061728484718162044 0.0007133011488510814 1.9749076409958042e-06 6.485964193380566e-31 0.027216073769671924
667.0 0.06071474236793857 0.0007062945101821074 1.972851376118282e-06 7.148684529164335e-31 0.02680200212577216
668.0 0.05971070407902124 0.0006992613711653357 1.9704765314680748e-06 7.875518931473604e-31 0.026391064014164845
669.0 0.058716455272590215 0.0006922041344036939 1.96778515289059e-06 8.672303327922752e-31 0.025983315991971942
670.0 0.05773207587768233 0.0006851251811643795 1.9647794327408677e-06 9.545369345766518e-31 0.025578812302555105
671.0 0.05675764039623903 0.0006780268702420881 1.961461707369636e-06 1.0501583159724418e-30 0.025177604889012505
672.0 0.05579321797060832 0.0006709115368581568 1.957834454510278e-06 1.1548387102756474e-30 0.024779743409056625
673.0 0.0548388724533435 0.0006637814915954944 1.953900290568837e-06 1.2693844213446106e-30 0.024385275251210616
674.0 0.05389466247922873 0.0006566390193701601 1.949661967822237e-06 1.394668590284544e-30 0.02399424555229896
675.0 0.052960641539377615 0.0006494863784393933 1.9451223715272045e-06 1.531636293316345e-30 0.0236066972161703
676.0 0.05203685805735687 0.0006423257994471258 1.9402845169459093e-06 1.681309991061624e-30 0.023222670933637047
677.0 0.05112335546713862 0.0006351594845061494 1.9351515462892307e-06 1.8447953505001835e-30 0.022842205203549633
678.0 0.05022017229287317 0.0006279896063183557 1.9297267255854054e-06 2.0232874619282696e-30 0.02246533635500666
679.0 0.04932734223028836 0.0006208183073321317 1.9240134414749154e-06 2.2180774743439202e-30 0.022092098570618918
680.0 0.04844489422965944 0.0006136476989376476 1.918015197937666e-06 2.430559673834055e-30 0.021722523910806344
681.0 0.047572852580220176 0.0006064798606997842 1.91173561295571e-06 2.662239030716217e-30 0.02135664233907353
682.0 0.04671123699592586 0.0005993168396289248 1.9051784151162914e-06 2.9147392424105858e-30 0.02099448174822714
683.0 0.04586006270245477 0.0005921606494894521 1.898347440159084e-06 3.189811300276009e-30 0.020636067987487107
684.0 0.045019340525331866 0.0005850132701456975 1.8912466274711473e-06 3.4893426099424774e-30 0.020281424890441723
685.0 0.044189076979112014 0.0005778766469457283 1.8838800165354542e-06 3.8153666960118435e-30 0.01993057430382061
686.0 0.043369274357479885 0.0005707526901422663 1.8762517433353932e-06 4.1700735233715175e-30 0.01958353611702268
687.0 0.04255993082419835 0.0005636432743509326 1.8683660367206465e-06 4.5558204687818816e-30 0.019240328292369758
688.0 0.04176104050478514 0.0005565502380452835 1.8602272147376522e-06 4.9751439778496534e-30 0.018900966896032476
689.0 0.040972593578853266 0.0005494753830887769 1.8518396809300927e-06 5.430771943989612e-30 0.018565466129599664
690.0 0.04019457637298535 0.0005424204743028791 1.8432079206119067e-06 5.92563684749894e-30 0.01823383836223283
691.0 0.03942697145407698 0.0005353872390713436 1.8343364971181686e-06 6.46288969443326e-30 0.017906094163376168
692.0 0.03866975772305174 0.0005283773669801786 1.825230048037426e-06 7.045914796566587e-30 0.01758224233597726
693.0 0.03792291050885255 0.0005213925094928144 1.8158932814292307e-06 7.678345435343108e-30 0.017262289950174665
694.0 0.037186401662636474 0.0005144342796602116 1.8063309720314373e-06 8.364080454395061e-30 0.016946242377417854
695.0 0.03646019965208306 0.0005075042518653684 1.79654795746079e-06 9.107301826882542e-30 0.01663410332497731
696.0 0.03574426965572152 0.0005006039616015691 1.7865491344101472e-06 9.912493245633378e-30 0.016325874870799905
697.0 0.035038573657227325 0.0004937349052842726 1.7763394548474971e-06 1.0784459785807794e-29 0.016021557498684953
698.0 0.03434307053957869 0.0004868985400956623 1.7659239222189617e-06 1.172834869157331e-29 0.01572115013372869
699.0 0.033657716179021045 0.00048009628386162746 1.755307587660642e-06 1.2749671340073588e-29 0.01542465017801089
700.0 0.03298246353875296 0.00047332951496039896 1.7444955462221347e-06 1.385432643777766e-29 0.015132053546481266
