200.0 4.5017005061903073e-14 1.5938899475695563e-20 4.844291934816144e-29 6.838088812425071e-120 2.9446136630018497e-15
201.0 4.497928185576179e-14 1.7147008813010367e-20 5.745589785262784e-29 2.403981178229357e-119 2.9823356610338064e-15
202.0 8.9882975872652e-14 3.6866308570227826e-20 1.3606004804278848e-28 1.669348022231609e-118 6.040256588643654e-15
203.0 8.980725304131739e-14 3.960289308972811e-20 1.6083081181043937e-28 5.725351960863801e-118 6.115976683393715e-15
204.0 8.973140156442978e-14 4.251231724146759e-20 1.8979782217356008e-28 1.9400162671289804e-117 6.191825250857126e-15
205.0 1.3448314155260278e-13 6.840518926539101e-20 3.3542721286751023e-28 9.74371486212597e-117 9.401694033607253e-15
206.0 1.3436900643887076e-13 7.332830771276617e-20 3.945647114853929e-28 3.224427664113896e-116 9.515824224220748e-15
207.0 1.7900627484536037e-13 1.0473624091899869e-19 6.17861539452506e-28 1.4063502982787508e-115 1.2840159073588412e-14
208.0 2.2356708272746275e-13 1.4015281789536385e-19 9.056481475365667e-28 5.6852847830692335e-115 1.6240950438694982e-14
209.0 2.680512916296339e-13 1.7992452970915923e-19 1.2724271782638682e-27 2.1817242310976135e-114 1.9718336428593046e-14
210.0 3.1245877461900266e-13 2.244197336282123e-19 1.7354627853550537e-27 8.05008519031607e-114 2.3272443607796896e-14
211.0 3.5678941607074e-13 2.740296095488628e-19 2.3152376340456212e-27 2.878075229089861e-113 2.6903387209955324e-14
212.0 4.45603457171592e-13 3.6574348753572485e-19 3.373306663930521e-27 1.1133838279183457e-112 3.4012523722755174e-14
213.0 4.897417438338526e-13 4.293059155047902e-19 4.318865377725438e-27 3.750241818380052e-112 3.78358081618243e-14
214.0 5.782864455665222e-13 5.410625020911414e-19 5.9322745970211655e-27 1.3430284067900952e-111 4.521426400006981e-14
215.0 6.666770473209799e-13 6.653670675441427e-19 7.944352177134266e-27 4.6475642213912496e-111 5.274680726852974e-14
216.0 7.993200712753134e-13 8.504489497333882e-19 1.1049077112099205e-26 1.6556870586010357e-110 6.398850222350393e-14
217.0 9.317317331028736e-13 1.0561949759460646e-18 1.4919846381419412e-26 5.677237957456168e-110 7.54615386410653e-14
218.0 1.1082415120896273e-12 1.3377063063769571e-18 2.0530054870367727e-26 1.9668458364672815e-109 9.079801679778031e-14
219.0 1.284442517983696e-12 1.6499284625791963e-18 2.7489996306946216e-26 6.575067081194706e-109 1.0644323733627993e-13
220.0 1.4603345703341005e-12 1.9951760121505824e-18 3.6061737458938703e-26 2.1355277521080767e-108 1.2239737839297493e-13
221.0 1.724345501489493e-12 2.504316444400234e-18 4.9067116961669517e-26 7.135410842713098e-108 1.4615574607898669e-13
222.0 1.9878928722646425e-12 3.0672904207321022e-18 6.509932689753799e-26 2.3060024697318875e-107 1.7037762031152864e-13
223.0 2.2951133368445803e-12 3.760340876834545e-18 8.638884892035664e-26 7.394827162745729e-107 1.9888790532620238e-13
224.0 2.645890972928374e-12 4.6006955203837725e-18 1.1432879163308724e-25 2.3463441427348095e-106 2.318025061961347e-13
225.0 3.0841694296832933e-12 5.6883807440741665e-18 1.5279857456610645e-25 7.460113972044845e-106 2.731393083910378e-13
226.0 3.521675071085966e-12 6.886079872410061e-18 1.9980305436014106e-25 2.3029656426982523e-105 3.1524881592381477e-13
227.0 4.090354868830205e-12 8.474860514806191e-18 2.654403241013671e-25 7.168438211867985e-105 3.7006868002319543e-13
228.0 4.701973925077619e-12 1.0317630777879127e-17 3.4859995729362794e-25 2.1893423164362383e-104 4.299106662923038e-13
229.0 5.4003216298085514e-12 1.2543821733643133e-17 4.568806637262531e-25 6.623944583003425e-104 4.989468899827712e-13
230.0 6.185166572269882e-12 1.5200478345180338e-17 5.964472171126116e-25 1.9817740135414614e-103 5.774087148023022e-13
231.0 7.100105329043029e-12 1.8452455677652997e-17 7.795263019728051e-25 5.893356959101143e-103 6.696610339769789e-13
232.0 8.144791046117308e-12 2.2373993629219497e-17 1.0169639504066372e-24 1.7370382301716877e-102 7.760506272767036e-13
233.0 9.318877177340613e-12 2.704547972355134e-17 1.3218109539524552e-24 5.065316947189662e-102 8.969239604650616e-13
234.0 1.0622017539725064e-11 3.255379752388216e-17 1.7096987179100505e-24 1.4597917113015557e-101 1.0326271296452278e-12
235.0 1.2141213224906197e-11 3.927524297624452e-17 2.2152063061229334e-24 4.1856062855887625e-101 1.1920819362095237e-12
236.0 1.3832252695387383e-11 4.720772015201642e-17 2.8577430429035915e-24 1.186907189668667e-100 1.3715382850857286e-12
237.0 1.5738271961054915e-11 5.664272811542711e-17 3.6779850934185194e-24 3.33554224528327e-100 1.5758215095484472e-12
238.0 1.790225362185154e-11 6.791535661818035e-17 4.727521486591365e-24 9.300424680859538e-100 1.8099103092240252e-12
239.0 2.036702713862524e-11 8.140848604061372e-17 6.071307229963733e-24 2.5742453316664585e-99 2.0789364750415537e-12
240.0 2.3088307526565597e-11 9.719118472626819e-17 7.761342626721955e-24 7.047318190839665e-99 2.3792232880762088e-12
241.0 2.6195734359803352e-11 1.1608375159423715e-16 9.920473720167407e-24 1.916876699220635e-98 2.7250152578761316e-12
242.0 2.964487165234728e-11 1.3823313699739254e-16 1.2635159798650938e-23 5.163054552235596e-98 3.112786588812508e-12
243.0 3.356490093935898e-11 1.6462190359164993e-16 1.6085086542937862e-23 1.3814542686250845e-97 3.5572396671328965e-12
244.0 3.7911236550407897e-11 1.9549246664957138e-16 2.0407771378458552e-23 3.6614378795207494e-97 4.054998286178856e-12
245.0 4.281260382482102e-11 2.32014920215969e-16 2.5862869630263813e-23 9.635272465665025e-97 4.621220840493009e-12
246.0 4.826751939049709e-11 2.7479320049668185e-16 3.269116163471548e-23 2.5140210722719617e-96 5.25739009821975e-12
247.0 5.440413963398013e-11 3.2524928156950286e-16 4.12738931642851e-23 6.513533846857871e-96 5.979233154791984e-12
248.0 6.126381749439382e-11 3.8445951545127437e-16 5.2013770451026916e-23 1.6747288029267933e-95 6.793357629359395e-12
249.0 6.888775728459732e-11 4.5360892482071685e-16 6.539350015927503e-23 4.271281765559805e-95 7.70651965865869e-12
250.0 7.740321039106643e-11 5.345943450658989e-16 8.20808681359858e-23 1.0814476091837245e-94 8.735350863300612e-12
251.0 8.68939162873488e-11 6.292387409758116e-16 1.0284414632386335e-22 2.718033594991424e-94 9.89203321602346e-12
252.0 9.744331576793126e-11 7.395638103244436e-16 1.2860885455547314e-22 6.780449922524725e-94 1.1189047169878281e-11
253.0 1.0922051860680714e-10 8.684885606167983e-16 1.6061182691243822e-22 1.6799900729244663e-93 1.2649126570386564e-11
254.0 1.222651982557611e-10 1.0182153834700783e-15 2.0015244284390308e-22 4.1313195898660575e-93 1.4280557397911254e-11
255.0 1.3674560722501709e-10 1.1922563533424755e-15 2.489951012953823e-22 1.0087931399729601e-92 1.6106930168622517e-11
256.0 1.5282940093822994e-10 1.3945272811995347e-15 3.092734371278194e-22 2.446522457044684e-92 1.815243208148313e-11
257.0 1.7064080841681959e-10 1.6289698360974017e-15 3.8345996435756733e-22 5.891968817519786e-92 2.0436715077140246e-11
258.0 1.9034641109497083e-10 1.9003467743628323e-15 4.746030378329158e-22 1.4091901745932888e-91 2.2985039496986893e-11
259.0 2.121549558459766e-10 2.2143645190857756e-15 5.864608923157783e-22 3.3478622003917237e-91 2.582846093422098e-11
260.0 2.362744506059302e-10 2.5773413492948344e-15 7.235325547618939e-22 7.901185412727996e-91 2.8998773307303794e-11
261.0 2.6291216740741927e-10 2.996251724987886e-15 8.911827761082453e-22 1.8524562351515564e-90 3.252850578192935e-11
262.0 2.9231728843630093e-10 3.4792802537251037e-15 1.0959446741061586e-21 4.315020383292159e-90 3.645623779490069e-11
263.0 3.2478072143492033e-10 4.035979713492578e-15 1.345765803730727e-21 9.987738283862673e-90 4.082678349285717e-11
264.0 3.6050721243116055e-10 4.675786414029011e-15 1.6497160205011163e-21 2.296807876766132e-89 4.567519558394913e-11
265.0 3.998709072171708e-10 5.41130793006606e-15 2.0193222291693043e-21 5.2490038796450174e-89 5.1058970379119024e-11
266.0 4.4320214187065603e-10 6.255864942768305e-15 2.468064577764389e-21 1.1921881806800605e-88 5.703145155577693e-11
267.0 4.907876353120963e-10 7.223457107160205e-15 3.0116119571661925e-21 2.690843706506548e-88 6.364163763470286e-11
268.0 5.431251915228045e-10 8.332625000296621e-15 3.6697926019457426e-21 6.037245776690207e-88 7.096724570766017e-11
269.0 6.005837245875785e-10 9.601781065754625e-15 4.465193224642733e-21 1.3464009379377292e-87 7.907099798682187e-11
270.0 6.635732002323522e-10 1.1051745169058162e-14 5.424666788907126e-21 2.9846600081359275e-87 8.802252426996471e-11
271.0 7.326713775379423e-10 1.2708196942734906e-14 6.581225882068343e-21 6.577921159386625e-87 9.791550267804031e-11
272.0 8.083694560528099e-10 1.4597807773145382e-14 7.972967166853522e-21 1.4413039792717687e-86 1.0883424660274234e-10
273.0 8.911991540781731e-10 1.6750482342249913e-14 9.644946592519445e-21 3.139813156363722e-86 1.2087050908354214e-10
274.0 9.818591209021554e-10 1.920214363624605e-14 1.1651851789938087e-20 6.801466521423067e-86 1.3414095269206037e-10
275.0 1.0809612544227885e-09 2.1990403902457838e-14 1.4056770433920124e-20 1.4650498765800673e-85 1.4875306643050726e-10
276.0 1.1891995707921468e-09 2.515801024051702e-14 1.6934482290508475e-20 3.1381499010138366e-85 1.6482813918005538e-10
277.0 1.3073919341715515e-09 2.875431867458842e-14 2.0374171589551917e-20 6.685163580898772e-85 1.8250749010580918e-10
278.0 1.4363533726210434e-09 3.283317678518125e-14 2.447996144139422e-20 1.4164068451075088e-84 2.0193526998078286e-10
279.0 1.5769381054587697e-09 3.745419591970036e-14 2.937383666662579e-20 2.9848138829546156e-84 2.2326439418856146e-10
280.0 1.7301653037247356e-09 4.268633186939224e-14 3.5200962094182356e-20 6.256672342190733e-84 2.466746635819629e-10
281.0 1.896966740266935e-09 4.860252303446268e-14 4.2128385108640353e-20 1.3045707721470067e-83 2.723373499513482e-10
282.0 2.078522397685634e-09 5.5288571679207493e-14 5.0355639921507614e-20 2.7060445918951095e-83 3.0046327227440356e-10
283.0 2.2759663292095317e-09 6.283664573613755e-14 6.011330060069184e-20 5.584182076471849e-83 3.3126121089625466e-10
284.0 2.49051235402867e-09 7.13491021652518e-14 7.167052868787057e-20 1.1464571101663324e-82 3.6495609327598875e-10
285.0 2.7235791010299304e-09 8.094309488878704e-14 8.534492155678877e-20 2.3418914281537033e-82 4.018078305455297e-10
286.0 2.976580338266531e-09 9.174574964294735e-14 1.0150383247225221e-19 4.7599722291285676e-82 4.420811846923131e-10
287.0 3.2510918899132827e-09 1.0390006478430118e-13 1.2057722338949644e-19 9.627163129449695e-82 4.860706922396767e-10
288.0 3.5486841994184667e-09 1.1756092670401325e-13 1.430610200787256e-19 1.9375838443347455e-81 5.340762585410054e-10
289.0 3.87113061334981e-09 1.32902920942563e-13 1.6953488527851046e-19 3.8807540684431174e-81 5.864346742928281e-10
290.0 4.220364903076384e-09 1.5012079415613255e-13 2.006737154789471e-19 7.735591840534675e-81 6.435141317547344e-10
291.0 4.598355848442037e-09 1.6942666981965519e-13 2.3725578441698817e-19 1.5346531387964227e-80 7.056957589556327e-10
292.0 5.007190184983132e-09 1.9105434466270706e-13 2.801812660660825e-19 3.0302832363807066e-80 7.733865914460664e-10
293.0 5.449196633729992e-09 2.152659305881469e-13 3.304971934969506e-19 5.95578096856353e-80 8.470394207546093e-10
294.0 5.9268204615938956e-09 2.423494275437232e-13 3.894119984146968e-19 1.165195333419379e-79 9.271343515225026e-10
295.0 6.44254012332167e-09 2.726171807435474e-13 4.583121191621009e-19 2.269217943405378e-79 1.0141662378208043e-09
296.0 6.999198347798923e-09 3.0642185851672e-13 5.388103658056456e-19 4.399450085074627e-79 1.1086972739375073e-09
297.0 7.599669671187096e-09 3.441454330195022e-13 6.327540355224717e-19 8.49145308149748e-79 1.2113057791834179e-09
298.0 8.247066975297092e-09 3.8621058696425516e-13 7.422731577179285e-19 1.6317261199424755e-78 1.3226194562767281e-09
299.0 8.944699197771873e-09 4.3308210999150246e-13 8.698167226431032e-19 3.1218640994062865e-78 1.443309718124285e-09
300.0 9.695987903182244e-09 4.852660261748366e-13 1.018187757830819e-18 5.946993868792283e-78 1.5740790833023937e-09
301.0 1.0504755792780292e-08 5.433273047256219e-13 1.190621737180049e-18 1.1280324703716226e-77 1.7157088241100185e-09
302.0 1.1374894929018107e-08 6.078775315006611e-13 1.3908097636478383e-18 2.1306025988727383e-77 1.8690063951672176e-09
303.0 1.2310572632229152e-08 6.795890858694877e-13 1.6229820115273158e-18 4.0073556205718714e-77 2.034839774804969e-09
304.0 1.3316230252032439e-08 7.591998619148062e-13 1.891980390574774e-18 7.505962445503856e-77 2.2141385779063482e-09
305.0 1.4396582043088952e-08 8.475182476550554e-13 2.2033399086247485e-18 1.400123589398063e-76 2.4078951751584634e-09
306.0 1.5556572997002295e-08 9.454258708922516e-13 2.563372850263265e-18 2.6010850005018957e-76 2.617158896759122e-09
307.0 1.6801459849421967e-08 1.0538878596010206e-12 2.9792822538039044e-18 4.8126929118884324e-76 2.843050827281607e-09
308.0 1.8136810189426085e-08 1.173959034644067e-12 3.459277437719672e-18 8.869198493737514e-76 3.086765134170575e-09
309.0 1.956858252818589e-08 1.3067958276491286e-12 4.012719399056122e-18 1.628027450363167e-75 3.349584244270824e-09
310.0 2.110287950006264e-08 1.4536470332784285e-12 4.650216194229156e-18 2.9766931398810394e-75 3.6328382152273932e-09
311.0 2.274639728336436e-08 1.6158912416860454e-12 5.383876259234304e-18 5.421512037248491e-75 3.937983188295285e-09
312.0 2.450601404270903e-08 1.7950173920502964e-12 6.227404940637399e-18 9.83638655299363e-75 4.266532571913643e-09
313.0 2.638903485895125e-08 1.992649910627783e-12 7.19635829029992e-18 1.7778501834990686e-74 4.620100744582067e-09
314.0 2.8403270814479062e-08 2.2105646285251688e-12 8.308396495937177e-18 3.2012251017199384e-74 5.000418988693508e-09
315.0 3.0556874632646334e-08 2.4506867945145745e-12 9.583496437119337e-18 5.742673164575536e-74 5.4093087836771025e-09
316.0 3.2858420373271985e-08 2.7151074343118693e-12 1.1044253606819351e-17 1.0263694842273534e-73 5.8486975732691146e-09
317.0 3.531698320854793e-08 3.0061013581035385e-12 1.2716224268082631e-17 1.8276810358384416e-73 6.320635005831002e-09
318.0 3.794217807108229e-08 3.3261433160208277e-12 1.462829712665681e-17 3.2427974991651027e-73 6.827302231722827e-09
319.0 4.07439950623123e-08 3.6779070330756794e-12 1.6813025561006743e-17 5.732920550553487e-73 7.370984649268935e-09
320.0 4.3733081940089073e-08 4.0643038355476326e-12 1.9307171396289812e-17 1.0099129019890099e-72 7.954124998866317e-09
321.0 4.692053906381363e-08 4.488479803671284e-12 2.2152112492433448e-17 1.7727920009076024e-72 8.579288945530505e-09
322.0 5.031820092695671e-08 4.953858219150323e-12 2.539450963534001e-17 3.101078562312237e-72 9.249218902179387e-09
323.0 5.393830951942423e-08 5.464125872931859e-12 2.908675637314919e-17 5.405826748067578e-72 9.966777098846377e-09
324.0 5.7793836231396056e-08 6.023282187508842e-12 3.328779644208194e-17 9.391173846548078e-72 1.0735007211620455e-08
325.0 6.189847926737889e-08 6.635659960486388e-12 3.806387785142465e-17 1.6259244892493826e-71 1.1557137260787402e-08
326.0 6.626645853318838e-08 7.305924715616755e-12 4.3489250829106504e-17 2.805540521253651e-71 1.2436544472129489e-08
327.0 7.091287712724359e-08 8.039135461693754e-12 4.96472926257088e-17 4.824834018676457e-71 1.3376825823456642e-08
328.0 7.585347563119826e-08 8.840742413705988e-12 5.663136308527528e-17 8.270103323307446e-71 1.4381755542226815e-08
329.0 8.110475087997417e-08 9.71662480590798e-12 6.454598282389503e-17 1.4129118643367692e-70 1.545531062648234e-08
330.0 8.668415391647232e-08 1.0673141819507678e-11 7.350821922647708e-17 2.406070140255509e-70 1.6601712203036226e-08
331.0 9.260976484438336e-08 1.1717122507195955e-11 8.364878298746479e-17 4.084160367722284e-70 1.7825367324565602e-08
332.0 9.890073237915823e-08 1.2855949748523259e-11 9.511388270730956e-17 6.910534498078607e-70 1.9130956801278643e-08
333.0 1.0557698875332133e-07 1.4097557852761475e-11 1.0806663256104069e-16 1.1655935405867938e-69 2.052338467735803e-08
334.0 1.1265948699840978e-07 1.545049720626559e-11 1.226890824197437e-16 1.9598450869618002e-69 2.2007828098686918e-08
335.0 1.20170077708729e-07 1.6923954706292166e-11 1.3918409217793447e-16 3.285091492767535e-69 2.3589717753660122e-08
336.0 1.2813174495670256e-07 1.8527824952261285e-11 1.5777778437851642e-16 5.489547976989632e-69 2.527478843473773e-08
337.0 1.3656844262403225e-07 2.0272729068253968e-11 1.7872178111643204e-16 9.145361652466579e-69 2.706905172972217e-08
338.0 1.455052501627689e-07 2.2170080163456567e-11 2.022960335152827e-16 1.5189802206943107e-68 2.8978831375101096e-08
339.0 1.5496844891190238e-07 2.4232141778916406e-11 2.2881185012390217e-16 2.5153711185092194e-68 3.101078358087397e-08
340.0 1.6498535711609433e-07 2.647205138318624e-11 2.586148537265651e-16 4.153000212094281e-68 3.3171869253097464e-08
341.0 1.7558468568431375e-07 2.8903927501587877e-11 2.9208900065865257e-16 6.836649482864406e-68 3.546943044816989e-08
342.0 1.8679633343861776e-07 3.1542893139265696e-11 3.296601279123035e-16 1.1221665458457581e-67 3.7911155069793385e-08
343.0 1.9865158186499662e-07 3.440516544102657e-11 3.718004694767693e-16 1.8366023708495995e-67 4.050512183577084e-08
344.0 2.1118297045808703e-07 3.7508095942525495e-11 4.190330326050472e-16 2.997281820378683e-67 4.325978089633204e-08
345.0 2.244246104218619e-07 4.0870289743857296e-11 4.719372138848438e-16 4.8775938317380716e-67 4.61840239282751e-08
346.0 2.3841197993834573e-07 4.4511638881671664e-11 5.311539209690205e-16 7.915164523572328e-67 4.9287148801748294e-08
347.0 2.5318207815935465e-07 4.845342142570245e-11 5.97391866734898e-16 1.2808581964079712e-66 5.2578897556780095e-08
348.0 2.6877357812916284e-07 5.271840737675005e-11 6.714344915515926e-16 2.0669954768167385e-66 5.606949499785622e-08
349.0 2.8522666212291023e-07 5.7330908057443866e-11 7.54146735476955e-16 3.326485345388034e-66 5.9769621569367e-08
350.0 3.025832935434401e-07 6.231691366564505e-11 8.464834935232302e-16 5.338873077851102e-66 6.369047716199155e-08
351.0 3.2088713104084285e-07 6.77041665452336e-11 9.494979138808242e-16 8.54558017592127e-66 6.784377077300398e-08
352.0 3.401836805619851e-07 7.35222866584312e-11 1.0643510702287297e-15 1.3641794685346838e-65 7.224176017590081e-08
353.0 3.605202889939398e-07 7.980287013951235e-11 1.192322030077051e-15 2.1719475624016724e-65 7.689725862056286e-08
354.0 3.8194625533579454e-07 8.657961794877879e-11 1.3348191574749135e-15 3.4489335001367657e-65 8.182366663830502e-08
355.0 4.0451278481532273e-07 9.388843541815784e-11 1.4933918553516009e-15 5.462450841389309e-65 8.703497063891726e-08
356.0 4.282733364660341e-07 1.0176762773823581e-10 1.6697447508077868e-15 8.629133384710331e-65 9.254582623479227e-08
357.0 4.532832605486025e-07 1.102579384017446e-10 1.8657504358215698e-15 1.3596685875097854e-64 9.837148934605225e-08
358.0 4.796003037436213e-07 1.1940279582365296e-10 2.0834666326057327e-15 2.1369512301064004e-64 1.0452793436981454e-07
359.0 5.07284324964065e-07 1.2924838060254246e-10 2.325151635253195e-15 3.350124838811796e-64 1.1103180234406278e-07
360.0 5.363976418422651e-07 1.398438520745621e-10 2.5932837075508467e-15 5.238915351936408e-64 1.1790048610682441e-07
361.0 5.670049429388641e-07 1.5124147618764374e-10 2.890580187733121e-15 8.172309701190255e-64 1.251521214771838e-07
362.0 5.991733587559775e-07 1.6349679873560818e-10 3.2200188311361656e-15 1.2716868950933846e-63 1.3280561309805683e-07
363.0 6.329726480379729e-07 1.766688586459927e-10 3.5848615429932556e-15 1.9740419155920413e-63 1.408806862820998e-07
364.0 6.684751895730038e-07 1.9082035826863772e-10 3.98867902361719e-15 3.0569059168948944e-63 1.4939789636716246e-07
365.0 7.057560897436049e-07 2.0601787296464466e-10 4.4353780119051435e-15 4.7224345008789223e-63 1.5837866394721269e-07
366.0 7.448932515845269e-07 2.2233205936447863e-10 4.9292304955791696e-15 7.278074886982728e-63 1.6784530196758428e-07
367.0 7.859675211415283e-07 2.3983789618698164e-10 5.4749057645004535e-15 1.1190314119039365e-62 1.7782106063213888e-07
368.0 8.290626384782691e-07 2.5861487651353373e-10 6.07750366667037e-15 1.7165306005391246e-62 1.8833012867974977e-07
369.0 8.742654614431477e-07 2.787472917933951e-10 6.7425923532475535e-15 2.626954863720236e-62 1.9939769654015135e-07
370.0 9.216659942130289e-07 3.0032446848065777e-10 7.4762476177347e-15 4.0110090234071405e-62 2.1104997595109535e-07
371.0 9.713575322617061e-07 3.234410519908381e-10 8.285096166571138e-15 6.110302974096857e-62 2.2331424643227496e-07
372.0 1.023436611853411e-06 3.481972379612802e-10 9.176360569579203e-15 9.287266446254461e-62 2.362188573675239e-07
373.0 1.0780033105206953e-06 3.7469913116672e-10 1.0157910662233193e-14 1.4084358111107868e-61 2.4979331107199934e-07
374.0 1.1351611959828925e-06 4.0305900102649267e-10 1.1238315795632779e-14 2.131169729059266e-61 2.640682656455995e-07
375.0 1.1950174307343148e-06 4.33395599839514e-10 1.2426902325568089e-14 3.217648360413136e-61 2.79075573828109e-07
376.0 1.2576829927441358e-06 4.658345375216769e-10 1.373381668026829e-14 4.847372204918577e-61 2.948483495696515e-07
377.0 1.3232726628062708e-06 5.005085874500696e-10 1.5170090730873175e-14 7.286668123855731e-61 3.114209808050969e-07
378.0 1.3919051274559121e-06 5.375580458665063e-10 1.6747713097970513e-14 1.0929843432858027e-60 3.2882916938145606e-07
379.0 1.463703121141208e-06 5.771311214159081e-10 1.8479706174778075e-14 1.6359447763327732e-60 3.4710998077050465e-07
380.0 1.538793645012277e-06 6.193843725386219e-10 2.0380209871104013e-14 2.4434331240731008e-60 3.6630191270471944e-07
381.0 1.6173078359830354e-06 6.644830225581262e-10 2.246456688271662e-14 3.641804666243653e-60 3.8644488134206905e-07
382.0 1.6993813012808986e-06 7.126014743143316e-10 2.4749420156489533e-14 5.416570694598727e-60 4.0758031827865917e-07
383.0 1.7851541033663347e-06 7.639237033683023e-10 2.7252812658916846e-14 8.039534001464748e-60 4.2975118510314363e-07
384.0 1.8747709380546144e-06 8.186437465202783e-10 2.99942969028581e-14 1.190811654697007e-59 4.5300203445921236e-07
385.0 1.968381273608732e-06 8.769661942961395e-10 3.299505174390153e-14 1.7602242426058308e-59 4.773790625027148e-07
386.0 2.06613933443775e-06 9.39106632723492e-10 3.627800470412336e-14 2.596644689894109e-59 5.029301241794101e-07
387.0 2.1682043941589994e-06 1.0052922405237197e-09 3.986796798752707e-14 3.8228168889543354e-59 5.29704823893918e-07
388.0 2.2747408740568506e-06 1.0757623235871734e-09 4.3791780791487475e-14 5.616783353980981e-59 5.577545599252688e-07
389.0 2.3859182879134364e-06 1.1507687947100898e-09 4.8078458201595596e-14 8.236291898645245e-59 5.871325314547302e-07
390.0 2.501911686074742e-06 1.230576909928713e-09 5.2759360006772506e-14 1.2053753424624258e-58 6.17893868486716e-07
391.0 2.6229015228974637e-06 1.3154657557285005e-09 5.78683595879618e-14 1.7606212675782793e-58 6.500956211022902e-07
392.0 2.749073830203895e-06 1.4057289003332863e-09 6.344203007032289e-14 2.5666646391115804e-58 6.837968240083521e-07
393.0 2.8806205066748753e-06 1.5016751311372935e-09 6.951984589079802e-14 3.7345500264726774e-58 7.190585908307663e-07
394.0 3.0177392599837633e-06 1.6036290410538066e-09 7.614438975031843e-14 5.423501353538514e-58 7.559441228302982e-07
395.0 3.160633971470101e-06 1.7119318569214572e-09 8.336158338877741e-14 7.861399079360581e-58 7.945188234068937e-07
396.0 3.309514560778603e-06 1.8269420314455763e-09 9.122092089972787e-14 1.1373778603798327e-57 8.348502882645895e-07
397.0 3.4645973497259935e-06 1.9490361252886245e-09 9.977573011123583e-14 1.642482298030652e-57 8.770084211055374e-07
398.0 3.626105155515528e-06 2.078609575114315e-09 1.0908344398372493e-13 2.3675204025125325e-57 9.210654823588817e-07
399.0 3.7942674233520446e-06 2.2160775095190788e-09 1.192058904078902e-13 3.406355035365868e-57 9.670961483056167e-07
400.0 3.969320319617477e-06 2.361875569493704e-09 1.302095991394567e-13 4.892098769806527e-57 1.01517756067354e-06
401.0 4.151506939102113e-06 2.5164608240435725e-09 1.42166131757495e-13 7.01318932370665e-57 1.0653894058490222e-06
402.0 4.341077588229905e-06 2.680312767007461e-09 1.5515243551072788e-13 1.0035911456491784e-56 1.1178140145965432e-06
403.0 4.538289647707602e-06 2.8539340897896907e-09 1.6925120457315104e-13 1.433589414247605e-56 1.1725363544454374e-06
404.0 4.743408045027175e-06 3.0378518570030293e-09 1.845512854199508e-13 2.0442085853927324e-56 1.2296441793037809e-06
405.0 4.956705154553526e-06 3.232618363891189e-09 2.0114808639054553e-13 2.9098042360290423e-56 1.2892280324933127e-06
406.0 5.178461230520938e-06 3.4388123636894276e-09 2.1914403298701996e-13 4.134720122452617e-56 1.3513813881763712e-06
407.0 5.408964229891163e-06 3.657039936981308e-09 2.386490262458514e-13 5.8651323127618335e-56 1.416200635118335e-06
408.0 5.648510357957643e-06 3.887935870067487e-09 2.5978095933026725e-13 8.305473360717987e-56 1.4837852492243223e-06
409.0 5.897403928849808e-06 4.132164618141991e-09 2.826662357177228e-13 1.1741168191058922e-55 1.5542377881739858e-06
410.0 6.155957794851278e-06 4.39042168961208e-09 3.0744034411643874e-13 1.6570056679396334e-55 1.627664035561705e-06
411.0 6.424493206581318e-06 4.663434675867325e-09 3.342484404203742e-13 2.3345748258283567e-55 1.7041729961045817e-06
412.0 6.7033403925562845e-06 4.951964828928316e-09 3.6324600007135685e-13 3.283734528218904e-55 1.7838770813934277e-06
413.0 6.992838342003364e-06 5.256808112573483e-09 3.9459946788384446e-13 4.611157667047685e-55 1.866892085729751e-06
414.0 7.293335307703481e-06 5.578796815962581e-09 4.2848698408798347e-13 6.464557576879965e-55 1.953337353505393e-06
415.0 7.605188739219761e-06 5.918800792876283e-09 4.650991211751216e-13 9.048148128037292e-55 2.0433357959265413e-06
416.0 7.92876563252125e-06 6.277729055460345e-09 5.046396870338373e-13 1.2643804226400012e-54 2.1370140194336264e-06
417.0 8.264442689129966e-06 6.656531273615224e-09 5.473265634443801e-13 1.7639978493426332e-54 2.2345024042099966e-06
418.0 8.612606399946614e-06 7.056199257466875e-09 5.933925868986474e-13 2.4571155231190946e-54 2.335935162872289e-06
419.0 8.97365342976124e-06 7.477768729744596e-09 6.430864995730403e-13 3.4171599021128067e-54 2.441450481191632e-06
420.0 9.347990586237803e-06 7.922320811568701e-09 6.966739253847673e-13 4.74484622397007e-54 2.551190547157606e-06
421.0 9.736035203226804e-06 8.390983896805409e-09 7.544384298184609e-13 6.578107496328784e-54 2.6653016930994275e-06
422.0 1.0138215296872026e-05 8.88493539513083e-09 8.166826229762187e-13 9.105558714612272e-54 2.7839344771428735e-06
423.0 1.0554969646153043e-05 9.405403457273986e-09 8.837293167392179e-13 1.2584727482015923e-53 2.907243744423451e-06
424.0 1.0986748136184147e-05 9.953668981992352e-09 9.5592276660478e-13 1.7366701806152775e-53 3.0353887610782e-06
425.0 1.1434011949728168e-05 1.0531067551315288e-08 1.0336299697614378e-12 2.3929404083941044e-53 3.1685333076789478e-06
426.0 1.1897233646269177e-05 1.1138991316327212e-08 1.1172420229047749e-12 3.292244381130024e-53 3.3068457421446893e-06
427.0 1.2376897539937517e-05 1.1778891213849276e-08 1.2071755803649006e-12 4.522749069775607e-53 3.450499146133587e-06
428.0 1.2873499814510462e-05 1.2452279003904709e-08 1.30387436664086e-12 6.20394192754587e-53 3.5996713995725487e-06
429.0 1.3387548750116194e-05 1.3160729469002107e-08 1.4078107796574066e-12 8.497521500863807e-53 3.754545286847313e-06
430.0 1.3919564948918498e-05 1.3905882675907982e-08 1.5194875790819407e-12 1.1621993011947132e-52 3.915308603592759e-06
431.0 1.4470081485986819e-05 1.4689446226115424e-08 1.63943965526115e-12 1.587220143172846e-52 4.082154243252951e-06
432.0 1.5039644320317989e-05 1.5513197833213996e-08 1.7682359200223048e-12 2.1645435764726906e-52 4.255280357745974e-06
433.0 1.5628812257133238e-05 1.637898751528792e-08 1.906481244940885e-12 2.9476265424619128e-52 4.434890392580777e-06
434.0 1.6238157320380413e-05 1.7288740266373664e-08 2.0548185464206775e-12 4.008296597296157e-52 4.6211932382654205e-06
435.0 1.686826501216653e-05 1.8244458689734642e-08 2.213930966201477e-12 5.442930364010964e-52 4.8144033510238635e-06
436.0 1.7519734459729715e-05 1.9248225581958993e-08 2.3845441487377703e-12 7.380664648230513e-52 5.014740842334656e-06
437.0 1.8193178598872193e-05 2.0302206621894136e-08 2.567428637560751e-12 9.994294087216437e-52 5.2224315793872885e-06
438.0 1.8889224543290084e-05 2.1408653339219416e-08 2.7634024186604356e-12 1.351471484290687e-51 5.437707339680154e-06
439.0 1.9608513728746683e-05 2.2569905913615493e-08 2.9733335606539625e-12 1.825004224734893e-51 5.660805902152087e-06
440.0 2.035170213244543e-05 2.378839612937719e-08 3.1981429962468058e-12 2.4610881217504604e-51 5.891971160506103e-06
441.0 2.1119460564253783e-05 2.5066650491973418e-08 3.4388074528335295e-12 3.3143685394317705e-51 6.131453258178589e-06
442.0 2.1912474847255395e-05 2.6407293297056506e-08 3.696362510261009e-12 4.457473586676583e-51 6.379508692218563e-06
443.0 2.273144614481709e-05 2.781304995392758e-08 3.971905832356745e-12 5.986804470217204e-51 6.636400460525196e-06
444.0 2.3577091102096388e-05 2.9286750171214948e-08 4.266600524660838e-12 8.030149252923105e-51 6.902398156052948e-06
445.0 2.4450142097591694e-05 3.083133135483819e-08 4.581678672349089e-12 1.0756681354858816e-50 7.177778093703658e-06
446.0 2.535134756842699e-05 3.244984218743624e-08 4.918445062827154e-12 1.43900729334857e-50 7.462823459836432e-06
447.0 2.6281472186496827e-05 3.4145446111080485e-08 5.278281058855574e-12 1.9225671543503864e-50 7.757824419016546e-06
448.0 2.7241297144314768e-05 3.5921425036109055e-08 5.662648676333238e-12 2.5652970798398907e-50 8.063078253768591e-06
449.0 2.8231620367067478e-05 3.778118304674529e-08 6.073094840099069e-12 3.418496967667754e-50 8.378889483486325e-06
450.0 2.9253256760000915e-05 3.972825024309924e-08 6.511255846191679e-12 4.549648450693158e-50 8.705569994552705e-06
451.0 3.0307038529417537e-05 4.1766286778587765e-08 6.978862049216526e-12 6.047408182263379e-50 9.043439193285177e-06
452.0 3.13938153915666e-05 4.389908684498562e-08 7.477742743025336e-12 8.028107661844321e-50 9.392824126546388e-06
453.0 3.251445470754441e-05 4.613058264496095e-08 8.00983124669839e-12 1.064420378883497e-49 9.75405958082043e-06
454.0 3.36698420223483e-05 4.84648490309855e-08 8.577170322022174e-12 1.4095252424696398e-49 1.0127488303156981e-05
455.0 3.486088105084564e-05 5.0906107472799766e-08 9.181917703421854e-12 1.8642140747644474e-49 1.0513461057543112e-05
456.0 3.608849406744235e-05 5.3458730691995586e-08 9.826351977457048e-12 2.4625524384583576e-49 1.091233680292443e-05
457.0 3.735362211167714e-05 5.6127247141009307e-08 1.0512878680759768e-11 3.248968293174037e-49 1.1324482816921465e-05
458.0 3.8657225376113665e-05 5.891634585937528e-08 1.124403672173565e-11 4.281335002217187e-49 1.1750274875574495e-05
459.0 4.0000283262531856e-05 6.183088094174647e-08 1.2022504994128156e-11 5.634950981436024e-49 1.219009733347854e-05
460.0 4.138379484241428e-05 6.487587672278133e-08 1.2851109399428517e-11 7.407670854088793e-49 1.2644343327343236e-05
461.0 4.2808778911439526e-05 6.805653245399602e-08 1.3732830057218832e-11 9.726513529823845e-49 1.3113414856992398e-05
462.0 4.427627455744964e-05 7.137822789390554e-08 1.4670808990858195e-11 1.2756162692494483e-48 1.3597723023937205e-05
463.0 4.57873411039944e-05 7.48465280331019e-08 1.566835794874288e-11 1.670988889224886e-48 1.409768807998824e-05
464.0 4.734305860270705e-05 7.846718880236082e-08 1.672896674114421e-11 2.186356747023398e-48 1.461373964462753e-05
465.0 4.8944527958933114e-05 8.224616231370627e-08 1.7856311813244245e-11 2.857364925149954e-48 1.5146316810811487e-05
466.0 5.05928713850113e-05 8.618960276053724e-08 1.9054265300142706e-11 3.7300173087085215e-48 1.5695868352619073e-05
467.0 5.228923248757615e-05 9.030387183363301e-08 2.0326904334468605e-11 4.8636201595011844e-48 1.6262852820797682e-05
468.0 5.4034776536725884e-05 9.459554455408784e-08 2.1678520809600044e-11 6.33454315744549e-48 1.6847738695018653e-05
469.0 5.583069098983403e-05 9.907141568353376e-08 2.3113631657883392e-11 8.241019678608833e-48 1.7451004616577468e-05
470.0 5.7678185430090796e-05 1.0373850524560324e-07 2.463698932317194e-11 1.0709266670188671e-47 1.807313943973021e-05
471.0 5.9578492088306536e-05 1.0860406519204596e-07 2.6253592904241058e-11 1.3901278575913677e-47 1.8714642465542403e-05
472.0 6.153286599901629e-05 1.1367558556065982e-07 2.7968699607422767e-11 1.802474239971175e-47 1.9376023562586407e-05
473.0 6.354258537411792e-05 1.1896080115646996e-07 2.9787836763293776e-11 2.334563778972123e-47 2.0057803356605144e-05
474.0 6.560895172100565e-05 1.2446769789793742e-07 3.171681421655117e-11 3.020423208334159e-47 2.0760513340627406e-05
475.0 6.773329028708128e-05 1.302045199038962e-07 3.376173736996079e-11 3.903536380219216e-47 2.148469608872357e-05
476.0 6.991695024872695e-05 1.3617977624687172e-07 3.5929020634682684e-11 5.039413714095119e-47 2.2230905390123292e-05
477.0 7.21613050448783e-05 1.4240224811907365e-07 3.8225401489903826e-11 6.498843715843152e-47 2.299970642985104e-05
478.0 7.446775256412432e-05 1.488809958566593e-07 4.065795502694231e-11 8.372003339722442e-47 2.3791675923653514e-05
479.0 7.683771554910102e-05 1.5562536653428673e-07 4.323410918477382e-11 1.0773648725952593e-46 2.4607402322926852e-05
480.0 7.927264181758275e-05 1.62645001349438e-07 4.59616604893422e-11 1.38496635340725e-46 2.544748596220086e-05
481.0 8.177400444777098e-05 1.699498430713468e-07 4.884879038330463e-11 1.778531154151934e-46 2.631253919565765e-05
482.0 8.434330232368936e-05 1.775501443827237e-07 5.1904082405256294e-11 2.281562664144244e-46 2.720318665018236e-05
483.0 8.698206006438653e-05 1.8545647510216003e-07 5.513653966627691e-11 2.9238480460543793e-46 2.812006528122632e-05
484.0 8.969182864047325e-05 1.936797309874997e-07 5.855560341717097e-11 3.743100158583289e-46 2.90638246506077e-05
485.0 9.247418544562231e-05 2.0223114155749293e-07 6.217117199007208e-11 4.787018521256622e-46 3.0035127029612702e-05
486.0 9.533073462179903e-05 2.1112227859833378e-07 6.599362061738494e-11 6.115873742805219e-46 3.103464758454756e-05
487.0 9.82631074184366e-05 2.2036506491262553e-07 7.003382202886218e-11 7.805745190627857e-46 3.206307457435975e-05
488.0 0.00010127296240673379 2.2997178291341743e-07 7.430316772493769e-11 9.952573054820834e-46 3.312110950201575e-05
489.0 0.00010436198576454637 2.399550835320762e-07 7.881359009257227e-11 1.2677224766380223e-45 3.420946728949927e-05
490.0 0.00010753189159729939 2.5032799537514255e-07 8.357758537199117e-11 1.6131823607633434e-45 3.532887646543618e-05
491.0 0.00011078442214874232 2.6110393379476016e-07 8.86082373888508e-11 2.0507646393699398e-45 3.64800793173937e-05
492.0 0.00011412134819137721 2.7229671054373856e-07 9.391924229932748e-11 2.604496994162483e-45 3.766383210392654e-05
493.0 0.00011754446923542712 2.83920543181368e-07 9.952493409835299e-11 3.304533555960387e-45 3.88809052078466e-05
494.0 0.00012105561384512825 2.959900649007977e-07 1.0544031114063499e-10 4.1886811089710334e-45 4.013208332550225e-05
495.0 0.00012465663988187555 3.085203343551905e-07 1.1168106355892718e-10 5.30429653977285e-45 4.141816563265712e-05
496.0 0.00012834943485360466 3.2152684591858625e-07 1.1826360176121688e-10 6.710643657629159e-45 4.273996598631741e-05
497.0 0.00013213591608459338 3.3502553968098216e-07 1.2520508578464169e-10 8.481817893197997e-45 4.409831306766473e-05
498.0 0.000136018031170416 3.490328123338324e-07 1.325234559565664e-10 1.0710372412895895e-44 4.549405062060133e-05
499.0 0.00013999775807321157 3.635655273341876e-07 1.4023746430119666e-10 1.351180973912211e-44 4.6928037571218464e-05
500.0 0.00014407710557498067 3.786410261580319e-07 1.4836670739434747e-10 1.703014048789648e-44 4.8401148267439456e-05
501.0 0.00014825811337044887 3.942771388115484e-07 1.5693166000785227e-10 2.1444756507538094e-44 4.991427259878605e-05
502.0 0.00015254285251828175 4.1049219545753087e-07 1.6595371028712524e-10 2.697892171256372e-44 5.146831623693452e-05
503.0 0.0001569334256747185 4.273050376694516e-07 1.754551959248161e-10 3.391025199073631e-44 5.30642008041492e-05
504.0 0.00016143196729197993 4.447350297693722e-07 1.8545944153043454e-10 4.2583638752262294e-44 5.470286403026803e-05
505.0 0.0001660406440288497 4.6280207093282307e-07 1.959907975150932e-10 5.342717201626005e-44 5.638525998207017e-05
506.0 0.00017076165487485127 4.815266067044933e-07 2.07074679969815e-10 6.697174200394117e-44 5.811235919642813e-05
507.0 0.00017559723155859851 5.00929641489043e-07 2.1873761222113803e-10 8.387514831677525e-44 5.988514891037178e-05
508.0 0.00018054963877718258 5.210327507473e-07 2.3100726757418354e-10 1.049517275976981e-43 6.170463323121981e-05
509.0 0.00018562117445878402 5.418580934779303e-07 2.43912513519537e-10 1.3120873175225166e-43 6.357183331853664e-05
510.0 0.00019081417002555923 5.634284248966048e-07 2.57483457406525e-10 1.6389095682992432e-43 6.54877875667701e-05
511.0 0.00019613099076117125 5.857671096261113e-07 2.7175149376772904e-10 2.045354476649019e-43 6.745355182446154e-05
512.0 0.0002015740358925065 6.088981342446059e-07 2.867493528074101e-10 2.5503849633672856e-43 6.947019951598243e-05
513.0 0.0002071457391332446 6.328461214096704e-07 3.0251115111374723e-10 3.1773762953393063e-43 7.153882192256781e-05
514.0 0.00021284856865618133 6.57636342478821e-07 3.19072443210811e-10 3.95511853567949e-43 7.366052826743375e-05
515.0 0.0002186850275629049 6.832947318290975e-07 3.3647027548497e-10 4.91904123124517e-43 7.58364459726855e-05
516.0 0.00022465765413856646 7.098479007476207e-07 3.547432415410282e-10 6.112708368851701e-43 7.806772084299364e-05
517.0 0.00023076902199883363 7.373231511847972e-07 3.7393153914868014e-10 7.589641755010213e-43 8.035551721224692e-05
518.0 0.00023702174044880328 7.657484903779935e-07 3.940770293252886e-10 9.415543175792865e-43 8.270101816421768e-05
519.0 0.0002434184547690219 7.951526454694594e-07 4.1522329717816594e-10 1.1671000362283981e-42 8.51054257286986e-05
520.0 0.00024996184639463156 8.255650779899718e-07 4.374157144744321e-10 1.4454779450694784e-42 8.756996104083761e-05
521.0 0.0002566546331989031 8.570159988881689e-07 4.607015043335639e-10 1.7887827872713935e-42 9.009586453729982e-05
522.0 0.000263499569846673 8.895363840171254e-07 4.851298080611864e-10 2.2118137117908614e-42 9.268439617763933e-05
523.0 0.00027049944786269035 9.231579888864619e-07 5.107517535283352e-10 2.7326645399377203e-42 9.533683556610427e-05
524.0 0.00027765709612368464 9.579133650532731e-07 5.376205264266053e-10 3.373439705868986e-42 9.805448222278358e-05
525.0 0.0002849753808889571 9.938358751764363e-07 5.6579144283627e-10 4.1611219440737565e-42 0.00010083865569294779
526.0 0.0002924572061482886 1.0309597093606827e-06 5.953220245895692e-10 5.1286230817948296e-42 0.0001036906957684346
527.0 0.0003001055139671766 1.0693199017349978e-06 6.262720769251289e-10 6.316055595187739e-42 0.00010661196270895859
528.0 0.00030792328451437125 1.108952346132105e-06 6.587037678165266e-10 7.772270125884981e-42 0.00010960383735119042
529.0 0.00031591353654568307 1.1498938136026638e-06 6.926817106121478e-10 9.556713189426374e-42 0.00011266772138008462
530.0 0.00032407932742804975 1.1921819685185654e-06 7.282730481547488e-10 1.1741670037889458e-41 0.00011580503743735098
531.0 0.00033242375362056573 1.2358553865505374e-06 7.655475403768772e-10 1.4414970520609616e-41 0.0001190172293930357
532.0 0.0003409499506252737 1.2809535709371192e-06 8.045776532789178e-10 1.7683251046239844e-41 0.00012230576242829903
533.0 0.00034966109350022896 1.3275169710486898e-06 8.454386517823804e-10 2.1675884057593655e-41 0.0001256721233194768
534.0 0.00035856039691295553 1.3755869994828219e-06 8.882086942148855e-10 2.654970807162108e-41 0.00012911782055816288
535.0 0.0003676511154741213 1.4252060504328458e-06 9.329689301793786e-10 3.249471724239606e-41 0.0001326443845720118
536.0 0.0003769365438936534 1.4764175176160685e-06 9.79803600797776e-10 3.9740900065681533e-41 0.0001362533678821314
537.0 0.0003864200172760133 1.5292658129665779e-06 1.0288001421614447e-09 4.856645337657027e-41 0.0001399463453109149
538.0 0.000396104911238116 1.583796384867758e-06 1.0800492912518954e-09 5.930764105965766e-41 0.0001437249141261291
539.0 0.00040599464234134273 1.6400557378604142e-06 1.1336451956911908e-09 7.237061836616106e-41 0.00014759069429906333
540.0 0.0004160926679961814 1.6980914504842555e-06 1.1896855251282162e-09 8.824560347893503e-41 0.0001515453285717675
541.0 0.0004264024870307207 1.7579521960123336e-06 1.248271587570821e-09 1.0752385042748904e-40 0.00015559048276552677
542.0 0.0004369276396271055 1.8196877608759477e-06 1.3095084471645199e-09 1.3091796250160302e-40 0.0001597278458599945
543.0 0.0004476717076763627 1.8833490650153915e-06 1.3735050464074469e-09 1.5928618677751643e-40 0.00016395913022468426
544.0 0.00045863831488659627 1.9489881814547103e-06 1.4403743309891e-09 1.9366144953997653e-40 0.00016828607176080064
545.0 0.0004698311271692142 2.0166583572806908e-06 1.5102333788892596e-09 2.352860338433569e-40 0.00017271043014510426
546.0 0.00048125385260352376 2.0864140330770843e-06 1.5832035316529965e-09 2.856529666956688e-40 0.00017723398891945452
547.0 0.0004929102418541067 2.158310864517173e-06 1.6594105306396545e-09 3.4655538058973543e-40 0.00018185855574664943
548.0 0.0005048040882021395 2.232405742543054e-06 1.7389846556731719e-09 4.201453452107166e-40 0.00018658596252464678
549.0 0.0005169392277843742 2.3087568146669775e-06 1.8220608680548852e-09 5.090039389423337e-40 0.00019141806557719269
550.0 0.0005293195398993509 2.387423506825704e-06 1.908778957623768e-09 6.162246511715368e-40 0.00019635674586974158
551.0 0.0005419489469988986 2.4684665440703685e-06 1.9992836925751173e-09 7.455125844248874e-40 0.00020140390910903679
552.0 0.0005548314150600986 2.5519479731925076e-06 2.093724974559057e-09 9.013023714752717e-40 0.00020656148598368853
553.0 0.0005679709535726089 2.637931183852368e-06 2.1922579964102266e-09 1.0888982440252356e-39 0.00021183143226217313
554.0 0.000581371615872298 2.7264809315176392e-06 2.2950434052468474e-09 1.3146403055139045e-39 0.00021721572901955885
555.0 0.0005950374992981865 2.81766335984623e-06 2.4022474691215612e-09 1.586101779892703e-39 0.00022271638279881622
556.0 0.0006089727452781784 2.911546022962535e-06 2.514042247637125e-09 1.9123228542501915e-39 0.0002283354257454398
557.0 0.0006231815394828136 3.0081979082770843e-06 2.6306057671534906e-09 2.304087724455435e-39 0.0002340749157673481
558.0 0.000637668112149295 3.107689460370275e-06 2.7521222011565748e-09 2.7742526142288852e-39 0.0002399369367588516
559.0 0.0006524367380573435 3.210092603445716e-06 2.8787820537034647e-09 3.33813389463693e-39 0.00024592359869405635
560.0 0.0006674917367797908 3.31548076533454e-06 3.010782348609386e-09 4.0139670246839666e-39 0.0002520370378232981
561.0 0.0006828374727925741 3.4239289010584847e-06 3.1483268227369305e-09 4.823448889225615e-39 0.0002582794168167746
562.0 0.0006984783556861952 3.5355135171315947e-06 3.2916261245227488e-09 5.792378285092403e-39 0.0002646529249464477
563.0 0.0007144188402021563 3.650312695222115e-06 3.4408980165741643e-09 6.951411839934789e-39 0.00027115977820173594
564.0 0.0007306634264395521 3.7684061168970146e-06 3.596367584000991e-09 8.336955612596587e-39 0.0002778022194694369
565.0 0.0007472166599563989 3.889875088072913e-06 3.758267447315206e-09 9.992216072402837e-39 0.0002845825186737627
566.0 0.0007640831319712368 4.014802564218443e-06 3.926837980971972e-09 1.1968438183138615e-38 0.0002915029729544197
567.0 0.0007812674793904639 4.143273174886844e-06 4.102327536283562e-09 1.432636300050733e-38 0.00029856590677827344
568.0 0.0007987743850051971 4.2753732493597514e-06 4.284992670511992e-09 1.7137942657764594e-38 0.0003057736721154111
569.0 0.0008166085775140917 4.4111908416048556e-06 4.4750983804886725e-09 2.0488356955743093e-38 0.0003131286485486309
570.0 0.0008347748317148007 4.550815756355921e-06 4.672918342638566e-09 2.447838316967603e-38 0.00032063324344719374
571.0 0.0008532779686595207 4.694339575248569e-06 4.878735158476317e-09 2.922717925987042e-38 0.0003282898921268993
572.0 0.0008721228555661092 4.841855681842393e-06 5.092840604431001e-09 3.4875550635925636e-38 0.00033610105791596667
573.0 0.0008913144061056872 4.993459288922109e-06 5.315535889593921e-09 4.158978222328074e-38 0.00034406923236530854
574.0 0.0009108575804123328 5.149247464511353e-06 5.547131917831402e-09 4.9566130968061e-38 0.00035219693535186106
575.0 0.0009307573851927625 5.3093191586567465e-06 5.7879495564752616e-09 5.903608951186419e-38 0.0003604867152200833
576.0 0.0009510188737650063 5.473775230033665e-06 6.038319910697317e-09 7.027254978746008e-38 0.00036894114889574064
577.0 0.0009716471461974315 5.6427184733434166e-06 6.298584604719609e-09 8.359701619318742e-38 0.0003775628420382404
578.0 0.000992647349307301 5.816253646127189e-06 6.569096068466158e-09 9.938804215823151e-38 0.0003863544291382406
579.0 0.0010140246768622543 5.994487496975766e-06 6.850217831950914e-09 1.1809109192510845e-37 0.0003953185736937788
580.0 0.001035784369436592 6.177528791940167e-06 7.142324823925895e-09 1.4023006163852015e-37 0.0004044579682517896
581.0 0.0010579317146411514 6.365488343341278e-06 7.445803679620178e-09 1.6642073131890602e-37 0.000413775334594615
582.0 0.0010804720471784348 6.558479037787607e-06 7.761053054109346e-09 1.973864623421917e-37 0.0004232734238583521
583.0 0.0011034107486565957 6.756615862930219e-06 8.088483940768035e-09 2.3397650487278786e-37 0.000432955016556213
584.0 0.0011267532479805622 6.960015937918773e-06 8.428520000785663e-09 2.7718733734796118e-37 0.00044282292282742976
585.0 0.0011505050211248658 7.1687985403261594e-06 8.781597895336283e-09 3.2818752601943862e-37 0.0004528799824436808
586.0 0.001174671591211545 7.38308513511261e-06 9.148167627055156e-09 3.883466692692146e-37 0.0004631290649343734
587.0 0.0011992585285842475 7.6029994037856065e-06 9.528692888803841e-09 4.592690791680472e-37 0.0004735730697101533
588.0 0.0012242714508451926 7.82866727354088e-06 9.923651419566469e-09 5.428329540035549e-37 0.0004842149261714405
589.0 0.0012497160228203093 8.060216946146488e-06 1.0333535367266626e-08 6.412359119522894e-37 0.0004950575937880932
590.0 0.0012755979565553467 8.297778927210493e-06 1.0758851659404905e-08 7.5704789004314e-37 0.0005061040621906715
591.0 0.0013019230112752728 8.541486055399485e-06 1.1200122381086304e-08 8.932725664082039e-37 0.0005173573512465469
592.0 0.001328696993576984 8.791473533379779e-06 1.1657885162878469e-08 1.053418640828538e-36 0.0005288205112281675
593.0 0.0013559257571097146 9.047878955596747e-06 1.2132693572229277e-08 1.2415825108705303e-36 0.0005404966227772807
594.0 0.0013836152028970945 9.310842340455854e-06 1.262511751846935e-08 1.4625441150891584e-36 0.0005523887971235973
595.0 0.001411771278976119 9.580506158167928e-06 1.313574365998116e-08 1.721877980083407e-36 0.0005645001760309714
596.0 0.0014403999806782777 9.857015363056122e-06 1.3665175825374518e-08 2.0260818165005467e-36 0.0005768339319988762
597.0 0.0014695073502954503 1.0140517421902997e-05 1.4214035437440149e-08 2.3827253574886076e-36 0.0005893932682176244
598.0 0.0014990994772853526 1.0431162346125662e-05 1.4782961950595963e-08 2.800622537305384e-36 0.0006021814187385634
599.0 0.001529182498099623 1.0729102721562171e-05 1.5372613293435692e-08 3.290030565129431e-36 0.0006152016484926877
600.0 0.0015597625961106584 1.1034493739083962e-05 1.5983666320880766e-08 3.862879976635491e-36 0.0006284572533478866
601.0 0.0015908460016692716 1.1347493226302086e-05 1.661681727652216e-08 4.533040346921693e-36 0.0006419515602181965
602.0 0.0016224389918201886 1.1668261677018357e-05 1.727278226042137e-08 5.316627034094257e-36 0.0006556879270344717
603.0 0.0016545478904876293 1.1996962284169008e-05 1.7952297710825774e-08 6.23235511089967e-36 0.0006696697429037713
604.0 0.001687179068148995 1.2333760969275507e-05 1.8656120889730254e-08 7.301947533109712e-36 0.0006839004280614221
605.0 0.0017203389419442963 1.267882641517318e-05 1.9385030382350594e-08 8.550605621341978e-36 0.0006983834339982857
606.0 0.001754033975443259 1.3032330096416731e-05 2.013982660233301e-08 1.0007551093710137e-35 0.0007131222434487511
607.0 0.001788270678544282 1.3394446310770311e-05 2.0921332307865284e-08 1.1706650220185019e-35 0.0007281203704310797
608.0 0.0018230556074689314 1.3765352211561353e-05 2.17303931285738e-08 1.3687132183067867e-35 0.0007433813603258528
609.0 0.0018583953645510234 1.4145227838647086e-05 2.2567878099826497e-08 1.5994415450837544e-35 0.0007589087898700348
610.0 0.0018942965981890549 1.4534256150734408e-05 2.343468020880806e-08 1.8681057940284655e-35 0.0007747062672166036
611.0 0.0019307660025257155 1.4932623055747288e-05 2.43317169472512e-08 2.1807848970254283e-35 0.0007907774318817573
612.0 0.001967810317559668 1.534051744462018e-05 2.5259930879558033e-08 2.5445063560957046e-35 0.0008071259548678065
613.0 0.0020054363288493746 1.575813122210033e-05 2.622029021615695e-08 2.967390250687064e-35 0.0008237555386184303
614.0 0.002043650867380961 1.618565933891102e-05 2.721378939916451e-08 3.458814494495856e-35 0.000840669917039898
615.0 0.0020824608093970407 1.6623299823724116e-05 2.8241449697992546e-08 4.02960438593467e-35 0.0008578728555052787
616.0 0.002121873076255231 1.707125381547626e-05 2.930431981590835e-08 4.692249919595848e-35 0.0008753681508698489
617.0 0.002161894634181133 1.7529725594943255e-05 3.040347650582063e-08 5.461154805552795e-35 0.0008931596314419514
618.0 0.002202532494216773 1.799892261798437e-05 3.154002519953909e-08 6.352921688432668e-35 0.0009112511570334095
619.0 0.0022437937118642143 1.8479055546420752e-05 3.271510064368629e-08 7.386678673241531e-35 0.0009296466188830342
620.0 0.0022856853869576044 1.897033828083662e-05 3.3929867549748464e-08 8.584452966101453e-35 0.0009483499396732226
621.0 0.002328214663563483 1.9472987993728655e-05 3.5185521255778146e-08 9.971598228134821e-35 0.0009673650735574292
622.0 0.0023713887294761226 1.998722515936343e-05 3.648328839326618e-08 1.157728313490619e-34 0.0009866960060183737
623.0 0.002415214816307733 2.051327358864945e-05 3.782442757418842e-08 1.3435049653195864e-34 0.0010063467539719252
624.0 0.0024597001990405666 2.1051360459594968e-05 3.9210230081432046e-08 1.5583450684939395e-34 0.0010263213656463818
625.0 0.0025048521959064253 2.160171635056862e-05 4.064202057572003e-08 1.8066778032075012e-34 0.0010466239205965816
626.0 0.002550678167995128 2.2164575271309996e-05 4.2121157809914684e-08 2.09358930936257e-34 0.0010672585296037998
627.0 0.002597185519123847 2.2740174696220403e-05 4.3649035359215394e-08 2.4249174366319857e-34 0.0010882293346831955
628.0 0.0026443816956003884 2.3328755596814752e-05 4.5227082361621756e-08 2.8073597681908392e-34 0.001109540509045932
629.0 0.0026922741857499837 2.3930562472124334e-05 4.68567642663005e-08 3.248596722080635e-34 0.0011311962569607384
630.0 0.002740870519800268 2.4545843382262837e-05 4.8539583599999824e-08 3.757431772578285e-34 0.001153200813764167
631.0 0.0027901782695299564 2.5174849979956654e-05 5.027708074167567e-08 4.343951100752263e-34 0.0011755584457705393
632.0 0.002840205048010014 2.5817837542915176e-05 5.2070834710969793e-08 5.019705286167288e-34 0.0011982734502193478
633.0 0.0028909585092073836 2.647506500497616e-05 5.392246396656355e-08 5.7979159911622256e-34 0.001221350155163356
634.0 0.002942446347682514 2.714679498809187e-05 5.583362721860674e-08 6.6937109727203184e-34 0.0012447929193946771
635.0 0.002994676298379712 2.783329383518841e-05 5.780602425551736e-08 7.724391187821849e-34 0.0012686061324088068
636.0 0.003047656136081242 2.853483163992277e-05 5.984139677705977e-08 8.909734241925252e-34 0.0012927942142249742
637.0 0.0031013936752524738 2.92516822800334e-05 6.194152924755438e-08 1.0272338978168897e-33 0.0013173616153704143
638.0 0.00315589676955027 2.9984123447554045e-05 6.41082497554576e-08 1.1838016614532864e-33 0.001342312816720562
639.0 0.003211173311556692 3.073243668110516e-05 6.634343089023564e-08 1.3636234528114983e-33 0.0013676523294332337
640.0 0.0032672312323085077 3.14969073962284e-05 6.864899062815374e-08 1.5700619556477048e-33 0.001393384694794523
641.0 0.003324078501018643 3.227782491750782e-05 7.102689323505039e-08 1.8069528557219396e-33 0.0014195144841447733
642.0 0.0033817231245603725 3.3075482508371526e-05 7.34791501773513e-08 2.0786694938341196e-33 0.001446046298701877
643.0 0.0034401731471434324 3.389017740268101e-05 7.6007821050308e-08 2.390196096887481e-33 0.0014729847694647273
644.0 0.003499436649917499 3.472221083557521e-05 7.861501451810338e-08 2.747210690223552e-33 0.001500334557084171
645.0 0.003559521750503408 3.5571888073533754e-05 8.13028892657519e-08 3.156178931948469e-33 0.0015281003517013452
646.0 0.0036204366024860887 3.643951844396187e-05 8.407365496348411e-08 3.624460263928788e-33 0.0015562868727677333
647.0 0.003682189395195059 3.732541536757718e-05 8.692957325129648e-08 4.160427946879638e-33 0.0015848988689870387
648.0 0.003744788353020044 3.822989638605806e-05 8.987295872648243e-08 4.773604738956764e-33 0.0016139411180557466
649.0 0.0038082417350804743 3.915328319313365e-05 9.290617995294063e-08 5.4748161946583426e-33 0.0016434184265538751
650.0 0.003872557834658944 4.0095901663182386e-05 9.603166047869088e-08 6.276363801116479e-33 0.0016733356297324116
651.0 0.00393774497888938 4.105808188233326e-05 9.925187987339893e-08 7.192220440191011e-33 0.0017036975914088586
652.0 0.004003811528046701 4.2040158175336446e-05 1.0256937476997914e-07 8.238250965114727e-33 0.0017345092036888973
653.0 0.004070765875221096 4.3042469136276646e-05 1.0598673992960536e-07 9.432461019936585e-33 0.00176577538685233
654.0 0.004138616445724771 4.406535765637876e-05 1.0950662931406746e-07 1.0795277604513206e-32 0.0017975010891215705
655.0 0.004207371696523949 4.510917095190319e-05 1.131317571726376e-07 1.2349865309807902e-32 0.0018296912864389718
656.0 0.004277040115860048 4.617426059390985e-05 1.1686489914807242e-07 1.4122482617801872e-32 0.001862350982324482
657.0 0.004347630222536821 4.726098253429728e-05 1.207088933878709e-07 1.6142883181918172e-32 0.0018954852075862678
658.0 0.00441915056549514 4.836969713474327e-05 1.2466664167737e-07 1.844476759082626e-32 0.0019290990201543926
659.0 0.004491609723183691 4.9500769193274454e-05 1.287411105815446e-07 2.1066291766188613e-32 0.001963197504823766
660.0 0.0045650163029560325 5.065456797091021e-05 1.3293533260164158e-07 2.405063887206036e-32 0.0019977857730064303
661.0 0.00463937894065518 5.183146722019122e-05 1.3725240735156164e-07 2.7446662421811407e-32 0.0020328689625639155
662.0 0.004714706299735696 5.303184520837652e-05 1.4169550273511755e-07 3.130960916335095e-32 0.0020684522374352227
663.0 0.004791007070931116 5.425608474647129e-05 1.4626785615347885e-07 3.5701931332941164e-32 0.0021045407875013838
664.0 0.004868289971523354 5.550457321361739e-05 1.509727757154024e-07 4.069419897137857e-32 0.0021411398282737922
665.0 0.004946563744670895 5.677770258187192e-05 1.5581364146335793e-07 4.63661242417723e-32 0.0021782546006059575
666.0 0.005025837158890583 5.807586944249631e-05 1.6079390661882407e-07 5.280771106428096e-32 0.002215890370470723
667.0 0.0051061190072728075 5.939947502894665e-05 1.6591709883366672e-07 6.01205449084448e-32 0.0022540524286180546
668.0 0.005187418106948514 6.074892524248672e-05 1.711868214638233e-07 6.84192392919639e-32 0.002292746090341531
669.0 0.005269743298321664 6.212463067482271e-05 1.766067548499102e-07 7.783305741323839e-32 0.00233197669513928
670.0 0.005353103444455739 6.352700663223816e-05 1.821806576171771e-07 8.850772944954477e-32 0.002371749606440646
671.0 0.0054375074304199135 6.495647315898657e-05 1.8791236798866745e-07 1.0060748837253983e-31 0.0024120702113129768
672.0 0.005522964162434445 6.641345505798607e-05 1.938058051058452e-07 1.143173497109343e-31 0.0024529439200771143
673.0 0.005609482567265778 6.789838191415227e-05 1.9986497037200077e-07 1.2984566356191028e-31 0.002494376166031175
674.0 0.005697071591613185 6.94116881173576e-05 2.060939488100433e-07 1.4742697031431507e-31 0.0025363724051686402
675.0 0.005785740201070339 7.095381287989855e-05 2.1249691041938384e-07 1.6732519505206281e-31 0.002578938115705025
676.0 0.0058754973797209105 7.252520026130148e-05 2.190781115697475e-07 1.8983721953567392e-31 0.002622078797884207
677.0 0.005966352129148262 7.412629918566024e-05 2.25841896388213e-07 2.1529687491609457e-31 0.002665799973521725
678.0 0.006058313467726017 7.575756346201076e-05 2.3279269817049116e-07 2.4407940315690114e-31 0.0027101071856706115
679.0 0.006151390429932721 7.741945180466256e-05 2.3993504080751947e-07 2.766064403962672e-31 0.0027550059982958284
680.0 0.006245592065401636 7.911242784983755e-05 2.472735402160346e-07 3.1335158131255305e-31 0.0028005019958278307
681.0 0.006340927438282635 8.08369601758132e-05 2.548129057952074e-07 3.5484659005195394e-31 0.002846600782853312
682.0 0.006437405626308482 8.259352231894771e-05 2.6255794188582053e-07 4.016883303679704e-31 0.002893307983671164
683.0 0.006535035720043737 8.438259279158659e-05 2.705135492505368e-07 4.54546495558696e-31 0.0029406292419277644
684.0 0.006633826821998652 8.620465509782283e-05 2.786847265626422e-07 5.141722274664207e-31 0.0029885702201891944
685.0 0.0067337880458294965 8.806019774992308e-05 2.8707657191210324e-07 5.81407723456296e-31 0.0030371365995497807
686.0 0.00683492851543584 8.99497142829709e-05 2.956942843210732e-07 6.571969408900251e-31 0.003086334079191725
687.0 0.0069372573641125245 9.187370326975038e-05 3.0454316527527326e-07 7.425975203573885e-31 0.0031361683759667802
688.0 0.007040783733725244 9.383266833548226e-05 3.1362862027006063e-07 8.387940618522472e-31 0.003186645223986127
689.0 0.007145516773718663 9.582711816985815e-05 3.2295616036260053e-07 9.471129023193402e-31 0.0032377703741319503
690.0 0.007251465640275278 9.785756654056279e-05 3.3253140374390667e-07 1.069038558775989e-30 0.0032895495936344945
691.0 0.0073586394954017675 9.992453230533653e-05 3.4236007732100073e-07 1.2062320184870261e-30 0.0033419886656137696
692.0 0.007467047506007217 0.00010202853942340753 3.524480183118074e-07 1.3605510767883298e-30 0.003395093388614915
693.0 0.007576698842877885 0.0001041701169649738 3.6280117584811595e-07 1.5340729441533862e-30 0.003448869576093841
694.0 0.007687602679864831 0.00010634979912304288 3.734256126013995e-07 1.7291193673201926e-30 0.0035033230559969176
695.0 0.00779976819284143 0.00010856812522158344 3.8432750641057805e-07 1.948284534636845e-30 0.003558459670233413
696.0 0.007913204558778912 0.00011082563972472236 3.9551315192794706e-07 2.194466063951471e-30 0.0036142852741988716
697.0 0.008027920954718657 0.00011312289224393322 4.069889622725067e-07 2.4708994020922163e-30 0.0036708057362487036
698.0 0.008143926556798964 0.00011546043754538303 4.1876147069818815e-07 2.7811959989607268e-30 0.0037280269371938145
699.0 0.008261230539241727 0.00011783883555611767 4.308373322722157e-07 3.1293856564624007e-30 0.0037859547697751783
700.0 0.008379842073330377 0.00012025865136950223 4.432233255649167e-07 3.519963493464749e-30 0.003844595138131583
