200.0 7.764628543958051e-31 5.204635403242738e-37 1.2239080365124081e-40 8.533031107827964e-142 3.674488687727227e-37
201.0 4.450995402894649e-31 3.2021513103712893e-37 7.849703764951964e-41 1.8254721021927987e-141 2.264647742625762e-37
202.0 2.555218231380887e-31 1.971622057728704e-37 5.036273268826979e-41 3.8602793610330816e-141 1.3967775163692093e-37
203.0 1.4690594429673217e-31 1.2149163906593477e-37 3.232437305977847e-41 8.070933113926935e-141 8.621590266489054e-38
204.0 8.45857375430934e-32 7.492388776962538e-38 2.07552808011328e-41 1.6686996112094005e-140 5.325881315455434e-38
205.0 4.877608597596897e-32 4.624399702319808e-38 1.3332674954316725e-41 3.4124638893485937e-140 3.2926806502821596e-38
206.0 2.816917893178095e-32 2.8566774423304115e-38 8.568568410272296e-42 6.903633493154338e-140 2.0373774719909253e-38
207.0 1.6293111498965705e-32 1.7662295555810755e-38 5.5095142057004645e-42 1.3819415562304745e-139 1.2617304119833547e-38
208.0 9.438465894716853e-33 1.0930051455678494e-38 3.544408888465745e-42 2.737692858907646e-139 7.820669629478928e-39
209.0 5.476095987559137e-33 6.770100215613127e-39 2.281449514890506e-42 5.3683646011325454e-139 4.8519064768889743e-39
210.0 3.18212662753591e-33 4.197340924489796e-39 1.4693497189420485e-42 1.0421710960963763e-138 3.0128709808879076e-39
211.0 1.8520168039902614e-33 2.6047604706696467e-39 9.46884816486998e-43 2.0033263120119714e-138 1.8726495727143853e-39
212.0 1.0795867316553749e-33 1.618018943606436e-39 6.10571994285086e-43 3.813768901146718e-138 1.165060080546382e-39
213.0 6.303172545482284e-34 1.006072477780652e-39 3.939618132172717e-43 7.191506795068968e-138 7.255438040265353e-40
214.0 3.6859852501620097e-34 6.2619864472601455e-40 2.5436559058627333e-43 1.343444148805163e-137 4.5228260330400695e-40
215.0 2.1589582227571455e-34 3.901568541078872e-40 1.6434585395392052e-43 2.486700278342564e-137 2.8222418038382703e-40
216.0 1.2665853395587935e-34 2.43342208489975e-40 1.0625862242747677e-43 4.5614179649388045e-137 1.7628832820523377e-40
217.0 7.442646517466877e-35 1.5193342107601573e-40 6.875166935803735e-44 8.293082880235738e-137 1.1023120730716665e-40
218.0 4.380523527491211e-35 9.496273155594762e-41 4.4516834634646047e-44 1.4946435005621355e-136 6.899913717411045e-41
219.0 2.58245718230085e-35 5.941870745468434e-41 2.8846645899977565e-44 2.6707248795277055e-136 4.3236152376991517e-41
220.0 1.5249351116357477e-35 3.721938624980369e-41 1.8707001647897328e-44 4.7320984181192086e-136 2.7121934617968966e-41
221.0 9.019515180754892e-36 2.333978675980357e-41 1.2141110160200104e-44 8.31521284042546e-136 1.703218165410996e-41
222.0 5.3435630022823456e-36 1.4652498300390054e-41 7.886154127130902e-45 1.449267763634215e-135 1.0707828634325683e-41
223.0 3.171003692967248e-36 9.209134909165888e-42 5.126628141932194e-45 2.505757449153553e-135 6.739371175953672e-42
224.0 1.8848754079002563e-36 5.794598998251206e-42 3.335530240961378e-45 4.298360798247809e-135 4.246481952164649e-42
225.0 1.1222522996257892e-36 3.650313569389583e-42 2.1720561069164286e-45 7.316397612348298e-135 2.6787737978792395e-42
226.0 6.693018765586482e-37 2.30220417341001e-42 1.4156524552972814e-45 1.235885865803171e-134 1.6917818858771287e-42
227.0 3.998332014699436e-37 1.4536800639839768e-42 9.234807420073234e-46 2.0720537085913412e-134 1.0696921117434696e-42
228.0 2.392557564510174e-37 9.189871467541799e-43 6.029628507783673e-46 3.4484116335385754e-134 6.771480786238559e-43
229.0 1.4340820272785145e-37 5.816607213013946e-43 3.9404924672284305e-46 5.697514946570287e-134 4.29163820379161e-43
230.0 8.610231863255985e-38 3.685985760330683e-43 2.5775861916254775e-46 9.346562814654801e-134 2.7232100056578463e-43
231.0 5.178286005950292e-38 2.3386483912378887e-43 1.687656116515446e-46 1.5225419795315092e-133 1.7300615648469637e-43
232.0 3.1195252946154705e-38 1.4856180104555927e-43 1.1060325546030996e-46 2.4631300529838463e-133 1.1004441868232695e-43
233.0 1.8824485768120753e-38 9.44895423981889e-44 7.255544169732938e-47 3.957810581173077e-133 7.008159959675996e-44
234.0 1.1378646132188693e-38 6.017248748594137e-44 4.764254494803367e-47 6.3171356433807596e-133 4.468613978625542e-44
235.0 6.889560842132793e-39 3.836656559659557e-44 3.1314636268584115e-47 1.0016822102974902e-132 2.8528418280270784e-44
236.0 4.1785584146517606e-39 2.4493541607104974e-44 2.0603056301032196e-47 1.5780850808807702e-132 1.8235664291112715e-44
237.0 2.5386089858384823e-39 1.565657506004694e-44 1.3569130444585165e-47 2.4703973979498882e-132 1.1670982018971087e-44
238.0 1.5448981452858374e-39 1.002054021617889e-44 8.945663193574115e-48 3.843116827801602e-132 7.478902313466841e-45
239.0 9.417568823907614e-40 6.421511072551812e-45 5.903602813740156e-48 5.941885511115501e-132 4.798611215342966e-45
240.0 5.750594954994943e-40 4.1203818792373075e-45 3.900044217698988e-48 9.131279779742448e-132 3.0827831117575975e-45
241.0 3.517400340577972e-40 2.64724481433664e-45 2.5791306259787326e-48 1.3949146889719164e-131 1.9829985999775005e-45
242.0 2.1550919289790726e-40 1.7029790063984797e-45 1.707387119296591e-48 2.1184266962327183e-131 1.2771916590655256e-45
243.0 1.322649036651115e-40 1.0969455080584207e-45 1.1314850482053095e-48 3.1986699506605776e-131 8.236563373089728e-46
244.0 8.131263195233908e-41 7.074948568168727e-46 7.506317930517523e-49 4.802366142147912e-131 5.3185625748106574e-46
245.0 5.007323766444315e-41 4.569048596171429e-46 4.9850489848941115e-49 7.169846748761124e-131 3.4387657781952595e-46
246.0 3.088781448451783e-41 2.9545693918262964e-46 3.3142032079351337e-49 1.0645631875230254e-130 2.226243854016255e-46
247.0 1.90854348291093e-41 1.91306663525376e-46 2.205762871088513e-49 1.572090270548727e-130 1.4431327892040294e-46
248.0 1.1812715755885565e-41 1.2403234002493047e-46 1.4696405510414672e-49 2.3092172335638673e-130 9.367091844401165e-47
249.0 7.323684650581432e-42 8.052116680367556e-47 9.802538425141522e-50 3.3741898224204916e-130 6.087929016577425e-47
250.0 4.548215201797573e-42 5.234277065645417e-47 6.545509949145682e-50 4.904865708696084e-130 3.961886136599055e-47
251.0 2.8293266782547987e-42 3.407030527108884e-47 4.37550511753028e-50 7.0936940423820195e-130 2.5816846863429613e-47
252.0 1.7630111902235616e-42 2.2205934727786033e-47 2.9281601953648877e-50 1.0207977581074004e-129 1.6845127383695465e-47
253.0 1.1004138025486837e-42 1.4492281535267447e-47 1.9617580261413603e-50 1.461714205688088e-129 1.1005665030683776e-47
254.0 6.879945753460456e-43 9.470654562010621e-48 1.3157759528192928e-50 2.082925374359131e-129 7.199959895880565e-48
255.0 4.308647861251491e-43 6.197257370987188e-48 8.834992388390761e-51 2.953968234286412e-129 4.716463483411051e-48
256.0 2.702856014530418e-43 4.060654668296334e-48 5.939089441634706e-51 4.1695635931448394e-129 3.093685885287751e-48
257.0 1.6983594213527166e-43 2.6642205317641146e-48 3.9969123638863365e-51 5.858133835463e-129 2.0319356022917386e-48
258.0 1.068956151862379e-43 1.750339900016165e-48 2.692910910216974e-51 8.192992576507875e-129 1.3363438190583788e-48
259.0 6.739264844320499e-44 1.1514714194951252e-48 1.816407871036441e-51 1.1406976602947071e-128 8.800381614641067e-49
260.0 4.2558489596644664e-44 7.585126759368239e-49 1.2265920098449589e-51 1.5811492130715644e-128 5.8031023447471846e-49
261.0 2.6920281171279744e-44 5.003244422688907e-49 8.292462217830613e-52 2.1821196146532742e-128 3.831728337501222e-49
262.0 1.7056553638160737e-44 3.3046084388971285e-49 5.612607146453205e-52 2.9985838941005117e-128 2.533408368464849e-49
263.0 1.0824799048213767e-44 2.1855857404485255e-49 3.80316034008623e-52 4.1031167002725774e-128 1.6772271399883858e-49
264.0 6.881193657214997e-45 1.4474224896952525e-49 2.5800282658618712e-52 5.591123911741399e-128 1.1118721804561551e-49
265.0 4.381487393487592e-45 9.598478962896264e-50 1.752286196904953e-52 7.58750576770738e-128 7.380642901543554e-50
266.0 2.7944196640953592e-45 6.37366294208864e-50 1.1914812007633313e-52 1.0255107891141163e-127 4.905800094069535e-50
267.0 1.785140298469934e-45 4.2379440720004813e-50 8.110949205384394e-53 1.3805395946703745e-127 3.2651394955390266e-50
268.0 1.1422524283756537e-45 2.821633598062126e-50 5.527887313658661e-53 1.851188445468494e-127 2.1760542823679277e-50
269.0 7.3208101829598e-46 1.8811569890894532e-50 3.7718142817046866e-53 2.4726962956768168e-127 1.452157067841602e-50
270.0 4.699609753581411e-46 1.255822289848637e-50 2.576591537053862e-53 3.2902896089390314e-127 9.703604302284696e-51
271.0 3.021817820791925e-46 8.394787371782736e-51 1.7621605542420062e-53 4.361793127458179e-127 6.492737694845128e-51
272.0 1.9461521715454388e-46 5.619131146017907e-51 1.20656410177007e-53 5.760863212996392e-127 4.350083095480682e-51
273.0 1.2554098128072637e-46 3.7662238143587764e-51 8.271050748455092e-54 7.580977112027347e-127 2.918379270512485e-51
274.0 8.111339684163143e-47 2.5276681395093655e-51 5.676447236293996e-54 9.940336556947939e-127 1.9604686895521522e-51
275.0 5.249236193368216e-47 1.6986753675141967e-51 3.9003032139784723e-54 1.2987873143326364e-126 1.3187168487329258e-51
276.0 3.402468989467275e-47 1.1430797059142738e-51 2.683033738865752e-54 1.691057640625171e-126 8.882108660915518e-52
277.0 2.2089446003366312e-47 7.702252787537112e-52 1.8478213818718042e-54 2.1942403978770453e-126 5.990359141690172e-52
278.0 1.4363692014702734e-47 5.196769356125925e-52 1.2740896009426583e-54 2.8375077207264534e-126 4.0453976174759345e-52
279.0 9.354831204798688e-48 3.510934969101587e-52 8.7952069919753e-55 3.657111570898017e-126 2.735523323646171e-52
280.0 6.102283938477252e-48 2.3751169689834332e-52 6.078524882773075e-55 4.697952119977846e-126 1.8522078436249632e-52
281.0 3.986882179828398e-48 1.60886371636653e-52 4.205873925922572e-55 6.01545851333274e-126 1.2557647812139621e-52
282.0 2.608896516707401e-48 1.0912510480238545e-52 2.9135337018019266e-55 7.677836693184117e-126 8.52501818976679e-53
283.0 1.709860462458355e-48 7.411401416458553e-53 2.020641947014597e-55 9.768747052050982e-126 5.794952480213847e-53
284.0 1.1223872816456642e-48 5.0401712343006515e-53 1.4030202382697269e-55 1.2390483717347275e-125 3.9443102504085363e-53
285.0 7.379057871951054e-49 3.432089066250757e-53 9.75311723067855e-56 1.5667737300416993e-125 2.6881773674713003e-53
286.0 4.858845087901602e-49 2.34012516054261e-53 6.787776439549288e-56 1.975203404372652e-125 1.8344650325264883e-53
287.0 3.2043280520494484e-49 1.5976654410286132e-53 4.729506087294386e-56 2.4826956530568234e-125 1.2535007233961217e-53
288.0 2.116462027572681e-49 1.0921888090483627e-53 3.299193396251823e-56 3.111426454082186e-125 8.57634627879686e-54
289.0 1.4000752278287658e-49 7.476074233303468e-54 2.304108889227039e-56 3.888104929699345e-125 5.875454893175735e-54
290.0 9.275929052400649e-50 5.124037904521534e-54 1.6110200189890697e-56 4.84480702932055e-125 4.030333881702005e-54
291.0 6.154976241599109e-50 3.516517012109197e-54 1.1277193222949285e-56 6.019944117348498e-125 2.768214474897243e-54
292.0 4.0903079331784443e-50 2.4164263204341232e-54 7.903194131746884e-57 7.459384975272963e-125 1.9037785811733855e-54
293.0 2.722350380328636e-50 1.66262227788998e-54 5.545046371815136e-57 9.217751726961268e-125 1.3109614212942133e-54
294.0 1.814630251427137e-50 1.1454379470500558e-54 3.8950043244443067e-57 1.1359912332812087e-124 9.038969391618273e-55
295.0 1.2113958711182844e-50 7.901438706219343e-55 2.7391147482021455e-57 1.3962694571056445e-124 6.240252710904827e-55
296.0 8.099077255914454e-51 5.457529611020321e-55 1.9284628921173792e-57 1.7116848829956115e-124 4.31358539571903e-55
297.0 5.422932356165801e-51 3.774331111670328e-55 1.3592844555316027e-57 2.092928956817789e-124 2.9855631497720388e-55
298.0 3.63646739688641e-51 2.6135841948491966e-55 9.591943513362443e-58 2.5525647955228457e-124 2.0690187039995187e-55
299.0 2.4421353898833173e-51 1.8121085259111897e-55 6.776403172343235e-58 3.1053170970539117e-124 1.4356596576025761e-55
300.0 1.6424870627431477e-51 1.2580030936167177e-55 4.792778507369642e-58 3.7684005107100935e-124 9.974384625722577e-56
301.0 1.1063027799975497e-51 8.744350895679408e-56 3.393673717417791e-58 4.561890577965632e-124 6.938520055775944e-56
302.0 7.46248571006277e-52 6.085837499239406e-56 2.4057278408763014e-58 5.5091416562013505e-124 4.8327271321128535e-56
303.0 5.041132504364888e-52 4.24090515659726e-56 1.707322796605166e-58 6.63725654538295e-124 3.370240850299806e-56
304.0 3.410400841692382e-52 2.9589709949111137e-56 1.213043979752035e-58 7.97761284828447e-124 2.353267884729242e-56
305.0 2.310537757704994e-52 2.067118075842931e-56 8.628359249274568e-59 9.566451405934738e-124 1.6452127767978898e-56
306.0 1.567648357709664e-52 1.4458750422102423e-56 6.144260690092743e-59 1.1445532458863575e-123 1.151626228942159e-56
307.0 1.0651475593494199e-52 1.0125945661197025e-56 4.38025854525758e-59 1.3662865488493705e-123 8.071202908904783e-57
308.0 7.247597113197059e-53 7.100324821237182e-57 3.126205238094543e-59 1.6273518988390115e-123 5.663705808263767e-57
309.0 4.938545355988102e-53 4.984906972748737e-57 2.2336841715296597e-59 1.934051669864753e-123 3.979213618013341e-57
310.0 3.3699416194802627e-53 3.504051851139215e-57 1.5977597468433708e-59 2.293582710472863e-123 2.7991514505669305e-57
311.0 2.302828639000392e-53 2.466135922590309e-57 1.1441566310797446e-59 2.7141453250636863e-123 1.9714534593407472e-57
312.0 1.5758481432393713e-53 1.7377804005799652e-57 8.202431932224573e-60 3.205063014148878e-123 1.390196051286758e-57
313.0 1.079886682980756e-53 1.2260340961610648e-57 5.886833672051874e-60 3.776913720794147e-123 9.815068814920986e-58
314.0 7.410553791855282e-54 8.660407448879411e-58 4.229623250054419e-60 4.441673347027482e-123 6.938039981667354e-58
315.0 5.0924805220842095e-54 6.1249220875622206e-58 3.0422940467328393e-60 5.21287231689467e-123 4.9102630785100195e-58
316.0 3.5043856879949774e-54 4.33698191906767e-58 2.1906805450462736e-60 6.1057659716333e-123 3.479329731643741e-58
317.0 2.414881375927431e-54 3.074664795783212e-58 1.579188734066732e-60 7.13751958670557e-123 2.468354995752305e-58
318.0 1.666397717018728e-54 2.1823749651193904e-58 1.1396326677205135e-60 8.327408799725748e-123 1.753231174548321e-58
319.0 1.1514843766117229e-54 1.550888944971197e-58 8.233231741298178e-61 9.697036232179635e-123 1.2467764829550974e-58
320.0 7.967673660551207e-55 1.1034433841342166e-58 5.954552133369289e-61 1.127056507592125e-122 8.876753950283764e-59
321.0 5.520732428371562e-55 7.860238413034494e-59 4.3112169481310164e-61 1.307497039724138e-122 6.327530185987007e-59
322.0 3.830461532368782e-55 5.605778932018256e-59 3.1247937348001016e-61 1.5140308886592235e-122 4.515720202660371e-59
323.0 2.6612907897624143e-55 4.002663364442286e-59 2.267316813457821e-61 1.7500007750362253e-122 3.2264940147831062e-59
324.0 1.8514754194806496e-55 2.8613651030967308e-59 1.6469146782973037e-61 2.0191173402177192e-122 2.308043654874126e-59
325.0 1.2898094083368123e-55 2.0478910581564307e-59 1.1975583422886499e-61 2.3254920564886013e-122 1.6529691921988958e-59
326.0 8.997309878180262e-56 1.4673983710354512e-59 8.717412317280056e-62 2.6736722340185784e-122 1.185199193894073e-59
327.0 6.284589912139249e-56 1.0526768318188293e-59 6.3524674732456765e-62 3.0686781740975694e-122 8.507893387471744e-60
328.0 4.395577273672805e-56 7.560424485086626e-60 4.634041130521921e-62 3.5160425111479816e-122 6.114417425583563e-60
329.0 3.078415158062671e-56 5.43625232890105e-60 3.3840634495118672e-62 4.021851778228911e-122 4.3993521531773706e-60
330.0 2.158779770433043e-56 3.913393942835996e-60 2.4738700715022372e-62 4.5927902221331413e-122 3.168992466224453e-60
331.0 1.515852562039566e-56 2.820371281631789e-60 1.8103962454653852e-62 5.236185884797317e-122 2.285339662807395e-60
332.0 1.065787566301887e-56 2.0349604223265873e-60 1.3262559263068141e-62 5.960058957552805e-122 1.649968327076855e-60
333.0 7.503208213441031e-57 1.4699441309057603e-60 9.726051150018028e-63 6.773172403818146e-122 1.1925977443186989e-60
334.0 5.289122298961314e-57 1.0630142214872135e-60 7.140026738723783e-63 7.685084834173788e-122 8.629867078755453e-61
335.0 3.733172745338675e-57 7.696068222453808e-61 5.247056728337011e-63 8.706205605381468e-122 6.251787306029097e-61
336.0 2.638323456022128e-57 5.578128711699115e-61 3.8599605086154427e-63 9.847852101920793e-122 4.5341142741798e-61
337.0 1.866943083327885e-57 4.047586500758519e-61 2.842494838479586e-63 1.1122309144982347e-121 3.2920552848589423e-61
338.0 1.322771477925137e-57 2.9402883755395012e-61 2.095389503985525e-63 1.2542890459721677e-121 2.3929100763569947e-61
339.0 9.38397608076655e-58 2.138297303333721e-61 1.5462390176696633e-63 1.4124002116912023e-121 1.7412793274137266e-61
340.0 6.665533495618242e-58 1.5567856282766343e-61 1.1421780214445338e-63 1.5881207850131666e-121 1.2685030664136963e-61
341.0 4.740525889570775e-58 1.1346718810855264e-61 8.445683336930505e-64 1.783129613417989e-121 9.251109328001193e-62
342.0 3.375665083800391e-58 8.27924458526363e-62 6.251412041130417e-64 1.999234889485374e-121 6.754193858015711e-62
343.0 2.406750351732994e-58 6.047672449561487e-62 4.631933322087362e-64 2.2383811704366854e-121 4.936610311653461e-62
344.0 1.718063642486046e-58 4.4224315926829765e-62 3.4354672955922614e-64 2.502656530086619e-121 3.6120852038078744e-62
345.0 1.2279526349392614e-58 3.2374829233953066e-62 2.5506283466034744e-64 2.794299825460495e-121 2.6458129654444043e-62
346.0 8.787307148969264e-59 2.3726055049387665e-62 1.8955920707509342e-64 3.115708058772549e-121 1.9401285501797903e-62
347.0 6.2959241474597e-59 1.740658002271402e-62 1.4101892948152841e-64 3.469443813896526e-121 1.4241977088599332e-62
348.0 4.516378456156075e-59 1.2784078340392016e-62 1.0501304689519639e-64 3.858242744953937e-121 1.0465902064859223e-62
349.0 3.2437397611402726e-59 9.399216130760117e-63 7.8278213495448e-65 4.2850210931756895e-121 7.69923996541733e-63
350.0 2.332513696414197e-59 6.917963645255343e-63 5.840752889539887e-65 4.7528832067581895e-121 5.669986810315557e-63
351.0 1.6792780526938376e-59 5.097151333913153e-63 4.362400348187366e-65 5.2651290371071175e-121 4.18001118859403e-63
352.0 1.2104279110037225e-59 3.7595648576182674e-63 3.2614403667146753e-65 5.825261583552816e-121 3.084837149271399e-63
353.0 8.735159881288028e-60 2.7759179464263565e-63 2.440726266821042e-65 6.436994257462151e-121 2.2790016698552494e-63
354.0 6.311260542017085e-60 2.051789711708828e-63 1.828322863080526e-65 7.104258135535872e-121 1.6854382648186822e-63
355.0 4.565332348953595e-60 1.5181491564681695e-63 1.3709113058378122e-65 7.831209071125988e-121 1.2477715065337208e-63
356.0 3.3062634199754927e-60 1.1244744770715559e-63 1.0289326486724406e-65 8.622234631499897e-121 9.247183840920357e-64
357.0 2.397226114546533e-60 8.337512969299451e-64 7.730082473088276e-66 9.481960828223277e-121 6.860161492011655e-64
358.0 1.7401423691636324e-60 6.18832907625057e-64 5.812987160701802e-66 1.0415258607237897e-120 5.0945733005231115e-64
359.0 1.2646272682221906e-60 4.597888493374713e-64 4.375534602345274e-66 1.1427250064666708e-120 3.787286240253242e-64
360.0 9.201106023663277e-61 3.419714328822923e-64 3.296688170441689e-66 1.2523314354093575e-120 2.81834072671256e-64
361.0 6.702163550308999e-61 2.5460432961865838e-64 2.486211494235729e-66 1.3709093250819884e-120 2.0994335342170944e-64
362.0 4.8874831113654915e-61 1.8975119139669493e-64 1.8767662640137132e-66 1.4990496338603144e-120 1.5654970296333616e-64
363.0 3.568194796187475e-61 1.4156119431874235e-64 1.4180537381234116e-66 1.6373705784457805e-120 1.1685359311146042e-64
364.0 2.60797042829087e-61 1.057165829940768e-64 1.0724672464884838e-66 1.7865180667435142e-120 8.731117288180114e-65
365.0 1.9082944293180473e-61 7.902771499593036e-65 8.118629058496733e-67 1.947166082768619e-120 6.530308945837687e-65
366.0 1.397894880628015e-61 5.913592031766617e-65 6.15158654924504e-67 2.1200170202775446e-120 4.889134866987076e-65
367.0 1.025151061044296e-61 4.429524873895604e-65 4.6654745340429354e-67 2.3058019618968286e-120 3.664062921831179e-65
368.0 7.526329904635381e-62 3.321199814968808e-65 3.5416628801335026e-67 2.505280900614366e-120 2.7486831533526685e-65
369.0 5.531698407312075e-62 2.4926607206025307e-65 2.6910377870552235e-67 2.7192429006145297e-120 2.064027738747783e-65
370.0 4.070159473742179e-62 1.8726640487162083e-65 2.046595531734847e-67 2.9485061945582388e-120 1.5514354563196075e-65
371.0 2.9980570004511946e-62 1.4082616430670923e-65 1.5579100059564394e-67 3.193918214559793e-120 1.1672865359940026e-65
372.0 2.2107606259510043e-62 1.0600634077788821e-65 1.1869961300488375e-67 3.456355554262747e-120 8.79113746126145e-66
373.0 1.631979834274037e-62 7.987366203114461e-66 9.052140874287683e-68 3.736723859594894e-120 6.627271318199448e-66
374.0 1.2060267770509645e-62 6.024164994511579e-66 6.909503556897151e-68 4.035957645968334e-120 5.000860894643066e-66
375.0 8.922079333156175e-63 4.5478892673548863e-66 5.27879020085732e-68 4.355020039891636e-120 3.7772297669892715e-66
376.0 6.607543929700691e-63 3.4366944760913833e-66 4.036569682823815e-68 4.69490244316777e-120 2.855741581704667e-66
377.0 4.898654109558783e-63 2.599490584705786e-66 3.089437986405904e-68 5.056624118091168e-120 2.1611233222810598e-66
378.0 3.635583522924154e-63 1.968113407030671e-66 2.36664963708974e-68 5.4412316922703804e-120 1.6370185984571412e-66
379.0 2.701033798005297e-63 1.491505326816716e-66 1.8145728130177472e-68 5.849798581973595e-120 1.2411931641433016e-66
380.0 2.008826209166171e-63 1.1313854544112475e-66 1.3925130118115888e-68 6.283424333126727e-120 9.419657648427777e-67
381.0 1.4955780814895206e-63 8.590248879551509e-67 1.0695646623287358e-68 6.743233879360908e-120 7.155485961467822e-67
382.0 1.114623325402898e-63 6.528427122361192e-67 8.222355380328243e-69 7.230376716793406e-120 5.440636538620089e-67
383.0 8.315673178256955e-64 4.966121289548583e-67 6.326526783398278e-69 7.746025995456485e-120 4.140617914894926e-67
384.0 6.210333116948267e-64 3.7812059006742244e-67 4.872062669073095e-69 8.291377527620654e-120 3.154160335655464e-67
385.0 4.6427845990559916e-64 2.8816808077191085e-67 3.755236466282096e-69 8.867648713485414e-120 2.404937806776375e-67
386.0 3.4744518356695307e-64 2.198175021048724e-67 2.896924161191464e-69 9.476077385030329e-120 1.835370389539646e-67
387.0 2.6027721559724084e-64 1.678331786914681e-67 2.2367161934562e-69 1.0117920569081436e-119 1.4019796105598807e-67
388.0 1.951758536043261e-64 1.2825988431111505e-67 1.7284509834082986e-69 1.0794453170942106e-119 1.0719045223144499e-67
389.0 1.4650555551982825e-64 9.810692424739317e-68 1.3368238883712485e-69 1.1506966580185315e-119 8.202859370125613e-68
390.0 1.1008247133276552e-64 7.511083589165698e-68 1.0348104062998391e-69 1.2256767200534397e-119 6.283006656837576e-68
391.0 8.279732930434539e-65 5.755697745750205e-68 8.017064133962466e-70 1.3045174905968723e-119 4.8168287178245665e-68
392.0 6.233709854097206e-65 4.414526715049086e-68 6.21636393931443e-70 1.3873521425483397e-119 3.6961080711506847e-68
393.0 4.6979345808023255e-65 3.388905409465698e-68 4.824169278100868e-70 1.4743148659215735e-119 2.8386787227796497e-68
394.0 3.5440146252816464e-65 2.6038875187099755e-68 3.746900903071942e-70 1.5655406928832713e-119 2.1820982584703206e-68
395.0 2.67614875330151e-65 2.002492143283357e-68 2.912620974654333e-70 1.661165316537899e-119 1.678870515866728e-68
396.0 2.0227827953252587e-65 1.5413583107412938e-68 2.2659815712327946e-70 1.761324903798622e-119 1.292835613287583e-68
397.0 1.5304197806383649e-65 1.1874598842546614e-68 1.76436304111404e-70 1.8661559027039518e-119 9.96439622959412e-69
398.0 1.1590235960439141e-65 9.156198641745916e-69 1.3749194438670744e-70 1.9757948445676557e-119 7.686676869278918e-69
399.0 8.786025350835292e-66 7.066278686153223e-69 1.0723161062143787e-70 2.090378141356614e-119 5.93477963400577e-69
400.0 6.666673421056203e-66 5.458131499781773e-69 8.369957101957107e-71 2.210041878725822e-119 4.586139873704914e-69
401.0 5.063380453185588e-66 4.2196195189715295e-69 6.5384833286356636e-71 2.3349216051375393e-119 3.5470320659855904e-69
402.0 3.849326027950967e-66 3.2649538599182284e-69 5.111904798514453e-71 2.4651521175230073e-119 2.7457212999792853e-69
403.0 2.9291371117934625e-66 2.5284458690442263e-69 3.999806738322792e-71 2.600867243948481e-119 2.1272558002365282e-69
404.0 2.231021205596285e-66 1.959753882892369e-69 3.1321629133649824e-71 2.742199623763417e-119 1.6495037883826762e-69
405.0 1.700884478729906e-66 1.5202642346419261e-69 2.4546938681398044e-71 2.8892804857162404e-119 1.2801347079639392e-69
406.0 1.2979297902842033e-66 1.1803334408581117e-69 1.9252918444769967e-71 3.042239424538092e-119 9.943177808752121e-70
407.0 9.913590923276985e-67 9.17184813670261e-70 1.5112650078610799e-71 3.201204176490366e-119 7.729659189486075e-70
408.0 7.57900783151585e-67 7.133028149632178e-70 1.1872114931831697e-71 3.366300394390165e-119 6.013946048250707e-70
409.0 5.7995387082469094e-67 5.552063108248453e-70 9.333779998647647e-72 3.537651422621797e-119 4.6829680257994554e-70
410.0 4.441937619603802e-67 4.325105084767027e-70 7.343914755036495e-72 3.715378072648441e-119 3.64958755686329e-70
411.0 3.405238620189459e-67 3.3720902834010397e-70 5.782782984623349e-72 3.8995983995383937e-119 2.8465955404911813e-70
412.0 2.612864739135196e-67 2.6312398418219123e-70 4.557051829575606e-72 4.090427480015897e-119 2.2221101529361524e-70
413.0 2.0066830802956002e-67 2.0548439714074282e-70 3.593912160955236e-72 4.2879771925483073e-119 1.7360479217106177e-70
414.0 1.542521909643574e-67 1.6060272156247473e-70 2.836520849860159e-72 4.492355999970202e-119 1.3574149004982721e-70
415.0 1.1867870615023164e-67 1.256264412194664e-70 2.2404649464348668e-72 4.703668735146071e-119 1.062225613760959e-70
416.0 9.139057282059125e-68 9.83471541228424e-71 1.7710164799605376e-72 4.922016390158085e-119 8.319029495638401e-71
417.0 7.04393541312435e-68 7.705371882154647e-71 1.4009994224954905e-72 5.147495909502572e-119 6.520468258921606e-71
418.0 5.433916282560418e-68 6.041919935129656e-71 1.1091310120487111e-72 5.380199987760977e-119 5.1148585471236604e-71
419.0 4.195583654350581e-68 4.74137580051049e-71 8.787309399869352e-73 5.620216872207707e-119 4.015463595534098e-71
420.0 3.242290693982021e-68 3.723748521718926e-71 6.967160383206087e-73 5.867630170795483e-119 3.154884672621718e-71
421.0 2.507782725959125e-68 2.9268560853580432e-71 5.528167158529423e-73 6.122518665947116e-119 2.4807073121697854e-71
422.0 1.9413530922116345e-68 2.302321486691361e-71 4.3896576075178493e-73 6.384956134572136e-119 1.952137158761615e-71
423.0 1.5041602609301172e-68 1.812477641762965e-71 3.488212275684873e-73 6.655011174696199e-119 1.537398377068743e-71
424.0 1.1664253152314647e-68 1.427972909866282e-71 2.773937090673997e-73 6.932747039091281e-119 1.2117201458713595e-71
425.0 9.052974805051317e-69 1.1259171399899865e-71 2.207549338020486e-73 7.218221476258175e-119 9.55777046912602e-72
426.0 7.03227014721083e-69 8.884450710944906e-72 1.7580977246618325e-73 7.511486579106352e-119 7.544800608868838e-72
427.0 5.467237722671638e-69 7.016022425589694e-72 1.4011772085188837e-73 7.812588641640932e-119 5.96038604423669e-72
428.0 4.254091968588428e-69 5.544803242181598e-72 1.1175301758512434e-73 8.121568023971239e-119 4.712322661462574e-72
429.0 3.312917575714467e-69 4.385454939909224e-72 8.919495328314647e-74 8.438459025897576e-119 3.728449120219025e-72
430.0 2.5821268294073115e-69 3.471163507248253e-72 7.124179069659991e-74 8.763289769342806e-119 2.952246124603019e-72
431.0 2.0142160119608097e-69 2.749577491841046e-72 5.694316343657961e-74 9.096082089847956e-119 2.3394114710404365e-72
432.0 1.5725136072848087e-69 2.1796457065768807e-72 4.554694728740653e-74 9.436851437353388e-119 1.8551924293330752e-72
433.0 1.2286863752085318e-69 1.7291532292576133e-72 3.645747496711828e-74 9.785606786430912e-119 1.4723063759111356e-72
434.0 9.6082503611845e-70 1.3728000074722957e-72 2.9202648311818505e-74 1.0142350556139707e-118 1.1693187036549863e-72
435.0 7.519736136270449e-70 1.0907014203151038e-72 2.3408034431679537e-74 1.0507078539638838e-118 9.293764709021776e-73
436.0 5.88998660331849e-70 8.672172293213394e-73 1.8776447899547893e-74 1.0879779843664607e-118 7.392190126225914e-73
437.0 4.617190858051117e-70 6.900362967659196e-73 1.5071845455999338e-74 1.1260436837960471e-118 5.884043477916039e-73
438.0 3.62235967291827e-70 5.494606627353394e-73 1.2106613202667436e-74 1.1649025114727032e-118 4.687038543008209e-73
439.0 2.8441595322413516e-70 4.378451321532144e-73 9.731524463594648e-75 1.2045513458138197e-118 3.736282511246584e-73
440.0 2.2349272921506328e-70 3.4915826000798726e-73 7.827801590512562e-75 1.2449863823919665e-118 2.980561238521982e-73
441.0 1.757593108190458e-70 2.7863817759513977e-73 6.300836437791115e-75 1.286203132901262e-118 2.3794259135886598e-73
442.0 1.3833026816654083e-70 2.225225683238635e-73 5.075219404068977e-75 1.3281964251270863e-118 1.9009065279485755e-73
443.0 1.0895783887329794e-70 1.7783665957420643e-73 4.0908015702284027e-75 1.3709604039151648e-118 1.519715952168774e-73
444.0 8.588960038249259e-71 1.4222664149481788e-73 3.2995730316690714e-75 1.414488533133429e-118 1.2158383032923324e-73
445.0 6.7758219739849514e-71 1.1382868196806936e-73 2.663186517452336e-75 1.4587735986152432e-118 9.734185511671853e-74
446.0 5.349598230832384e-71 9.116585519000202e-74 2.1509915349399744e-75 1.5038077120755955e-118 7.79888435912343e-74
447.0 4.2268477036597435e-71 7.306697562344495e-74 1.738472704965162e-75 1.5495823159836958e-118 6.2527790007295846e-74
448.0 3.3423103566360166e-71 5.860263500901932e-74 1.406008323856398e-75 1.5960881893800424e-118 5.016722652524256e-74
449.0 2.6449056521773014e-71 4.7034759470348484e-74 1.1378828069494635e-75 1.6433154546181658e-118 4.027839928184758e-74
450.0 2.0946204174094816e-71 3.777680000462656e-74 9.215005531328447e-76 1.6912535850142657e-118 3.236145962142794e-74
451.0 1.6600865390215707e-71 3.0362292093765926e-74 7.467597202255646e-76 1.739891413382299e-118 2.6018753366095414e-74
452.0 1.316694097905842e-71 2.442000710365095e-74 6.055530428615834e-76 1.7892171414345978e-118 2.093370273740998e-74
453.0 1.0451204361043495e-71 1.9654299340354412e-74 4.9136964938426396e-76 1.8392183500234964e-118 1.6854097990011314e-74
454.0 8.301825758107129e-72 1.5829551278827236e-74 3.989772278203268e-76 1.8898820101977608e-118 1.3578868526745724e-74
455.0 6.599412137118711e-72 1.275785361988365e-74 3.241681563880594e-76 1.9411944950502446e-118 1.0947601461171537e-74
456.0 5.250005991161515e-72 1.0289240531115095e-74 2.6355658948919843e-76 1.9931415923268584e-118 8.832231148346193e-75
457.0 4.1796105105400297e-72 8.30394465712575e-75 2.144161632238133e-76 2.0457085177691404e-118 7.130445380639346e-75
458.0 3.3299050839225334e-72 6.706249805938735e-75 1.745501027498194e-76 2.0988799291616563e-118 5.760449973128426e-75
459.0 2.654889772310718e-72 5.419608318886996e-75 1.4218719357184937e-76 2.1526399410511895e-118 4.65680899297907e-75
460.0 2.118255338688881e-72 4.3827602376620155e-75 1.158984117684844e-76 2.2069721401093032e-118 3.7671373368351595e-75
461.0 1.6913203901086958e-72 3.5466465825446914e-75 9.453006657494434e-77 2.261859601104197e-118 3.0494691861172853e-75
462.0 1.3514121252149193e-72 2.8719525502960645e-75 7.71501497314494e-77 2.317284903447639e-118 2.4701627789030874e-75
463.0 1.080594339880304e-72 2.327150735181152e-75 6.3005254690308936e-77 2.373230148287945e-118 2.0022310494300924e-75
464.0 8.646674738197106e-73 1.8869415368296163e-75 5.1485960804124505e-77 2.429676976109768e-118 1.6240106651283868e-75
465.0 6.923819328532444e-73 1.5310092852709815e-75 4.2099001201148445e-77 2.486606584809918e-118 1.3181001413532946e-75
466.0 5.548187403943635e-73 1.2430294961565948e-75 3.4444870517533648e-77 2.5439997482145905e-118 1.0705120601946407e-75
467.0 4.449015675020043e-73 1.0098760181391988e-75 2.8199797685974185e-77 2.601836834998915e-118 8.69995767014361e-76
468.0 3.570119910556576e-73 8.209873965496606e-76 2.310122359402603e-77 2.660097827980901e-118 7.074958997845388e-76
469.0 2.866859210696272e-73 6.678601403833371e-76 1.89360947404787e-77 2.718762343748288e-118 5.757192199805251e-76
470.0 2.3037389873886146e-73 5.4364320568367734e-76 1.553142085942661e-77 2.777809652585318e-118 4.687878520006871e-76
471.0 1.852516900268236e-73 4.4281326194295144e-76 1.274665385642681e-77 2.8372186986684687e-118 3.819615098868126e-76
472.0 1.4907051366111998e-73 3.609144762688745e-76 1.0467532878646537e-77 2.896968120488767e-118 3.1141483921317883e-76
473.0 1.2003852482669014e-73 2.9434985927957376e-76 8.601110350070136e-78 2.9570362714730996e-118 2.5405882069184863e-76
474.0 9.672696485079816e-74 2.4021384574047706e-76 7.071729867391129e-78 3.0174012407670962e-118 2.0739742212323985e-76
475.0 7.799579045064156e-74 1.961578730476629e-76 5.817771778365769e-78 3.0780408741471264e-118 1.6941246676944318e-76
476.0 6.293469762705332e-74 1.6028238338702862e-76 4.789018287748604e-78 3.138932795025735e-118 1.3847110388455645e-76
477.0 5.08163205528148e-74 1.3104999902116429e-76 3.9445188389164856e-78 3.200054425521799e-118 1.1325139604006955e-76
478.0 4.105906597894881e-74 1.0721567452979766e-76 3.2508597238461353e-78 3.2613830075586488e-118 9.2682437440736e-77
479.0 3.3197578743379154e-74 8.777047028051036e-77 2.6807605154355963e-78 3.322895623963422e-118 7.589613470410522e-77
480.0 2.6859255172282322e-74 7.189626177453555e-77 2.2119349008816024e-78 3.3845692195320725e-118 6.218835388328985e-77
481.0 2.1745552978419935e-74 5.892923456891457e-77 1.8261655477346852e-78 3.4463806220324064e-118 5.098759444763481e-77
482.0 1.7617107838542138e-74 4.833044181023221e-77 1.5085523349294303e-78 3.50830656311572e-118 4.182971599348674e-77
483.0 1.4281873185894614e-74 3.9662042935779234e-77 1.2469010934022384e-78 3.57032369910895e-118 3.4337535300282105e-77
484.0 1.1585662656786647e-74 3.2568115213840794e-77 1.0312262963160183e-78 3.632408631656579e-118 2.820434480967191e-77
485.0 9.40460332108945e-75 2.675914834746789e-77 8.53346215046014e-79 3.694537928188778e-118 2.3180590485733665e-77
486.0 7.639109560974717e-75 2.199950736792426e-77 7.065531525684284e-79 3.756688142188919e-118 1.9063096702255605e-77
487.0 6.209067942399994e-75 1.8097289263025452e-77 5.853446721941417e-79 3.8188358332337083e-118 1.5686345777110985e-77
488.0 5.049987134010006e-75 1.4896111206349083e-77 4.852044103839672e-79 3.8809575867846217e-118 1.291541599308424e-77
489.0 4.1099173972795843e-75 1.2268458443745479e-77 4.024232211160803e-79 3.9430300337053386e-118 1.0640259161238438e-77
490.0 3.3469841791217817e-75 1.0110292295284778e-77 3.3395314517392725e-79 4.005029869484131e-118 8.771060788963348e-78
491.0 2.727412073975284e-75 8.336676888680333e-78 2.77288110573931e-79 4.0669338731397675e-118 7.234475737611481e-78
492.0 2.2239406138037224e-75 6.8782299857941e-78 2.3036641436900674e-79 4.128718925790956e-118 5.970572312958229e-78
493.0 1.8145533545146702e-75 5.678240859896912e-78 1.9149096294795433e-79 4.190362028871326e-118 4.930349959292677e-78
494.0 1.4814576323881933e-75 4.690328437451361e-78 1.5926399935466566e-79 4.251840321969446e-118 4.0737216715436564e-78
495.0 1.21026501479506e-75 3.876537282412052e-78 1.3253365565709988e-79 4.313131100280256e-118 3.3678731376964537e-78
496.0 9.893325383492128e-76 3.205788632726767e-78 1.1035016308720039e-79 4.374211831647813e-118 2.7859274674647917e-78
497.0 8.092328469270211e-76 2.6526195268803147e-78 9.192995441347373e-80 4.435060173190901e-118 2.3058579476004577e-78
498.0 6.623277331015424e-76 2.1961558275975045e-78 7.66262194505333e-80 4.495653987491148e-118 1.9096022266543242e-78
499.0 5.424246834145976e-76 1.8192752576529187e-78 6.390474002205228e-80 4.55597135833218e-118 1.5823401839219428e-78
500.0 4.445000952905947e-76 1.5079248886149276e-78 5.332404660891305e-80 4.615990605985811e-118 1.3119048893355497e-78
501.0 3.6447608134069784e-76 1.2505642524081223e-78 4.451911466403304e-80 4.675690302020922e-118 1.0883018431127224e-78
502.0 2.990403720940025e-76 1.0377106873577885e-78 3.718796171385015e-80 4.735049283637502e-118 9.033163612845027e-79
503.0 2.4550090330299678e-76 8.615679337392746e-79 3.108062301013855e-80 4.794046667512035e-118 7.501927591066456e-79
504.0 2.0166833423809497e-76 7.157225590910064e-79 2.599007860345446e-80 4.8526618631456085e-118 6.233720505399949e-79
505.0 1.657610725931775e-76 5.948956818945284e-79 2.1744782300874988e-80 4.910874585710309e-118 5.182773667495346e-79
506.0 1.3632844646362546e-76 4.9473980357146626e-79 1.820250630732198e-80 4.968664868388442e-118 4.31138311351481e-79
507.0 1.1218851745380956e-76 4.1167245780577686e-79 1.5245267079513993e-80 5.026013074196202e-118 3.588471047907732e-79
508.0 9.237771366257686e-77 3.4273992742261165e-79 1.2775140195092997e-80 5.082899907292491e-118 2.98840697251527e-79
509.0 7.611001085028042e-77 2.8550553059646926e-79 1.071080660445785e-80 5.139306423768402e-118 2.4900410741077278e-79
510.0 6.274383145827008e-77 2.379579950600504e-79 8.984700910624506e-81 5.195214041910027e-118 2.075911204140244e-79
511.0 5.175518585185129e-77 1.9843626571265723e-79 7.540655469445358e-81 5.250604551943834e-118 1.7315919088731763e-79
512.0 4.2715865385006044e-77 1.655677635307706e-79 6.331953059954474e-81 5.3054601252533996e-118 1.4451597649745244e-79
513.0 3.527572639030024e-77 1.3821766105224667e-79 5.319716409432633e-81 5.359763323075365e-118 1.2067539953609838e-79
514.0 2.914828897942015e-77 1.154471854750741e-79 4.4715755947393215e-81 5.413497104671649e-118 1.0082151847209542e-79
515.0 2.4099023405689623e-77 9.647932364849761e-80 3.7605647901743795e-81 5.466644834978959e-118 8.427880478952615e-80
516.0 1.9935816744127016e-77 8.06705993868328e-80 3.164208408324182e-81 5.519190291744333e-118 7.048767599822501e-80
517.0 1.6501209441586065e-77 6.748783512982848e-80 2.6637637233628275e-81 5.571117672141405e-118 5.898434424782797e-80
518.0 1.3666069414907768e-77 5.6489007170972736e-80 2.2435928533428737e-81 5.622411598878437e-118 4.9384210245140616e-80
519.0 1.132443446835416e-77 4.7307464724374475e-80 1.8906417355978198e-81 5.673057125796007e-118 4.136817126956307e-80
520.0 9.389304786098652e-78 3.963891470239153e-80 1.5940076427400346e-81 5.7230397429694585e-118 3.467132577404435e-80
521.0 7.78920847962495e-78 3.3230681673394997e-80 1.344580007350766e-81 5.772345381305199e-118 2.907365003941518e-80
522.0 6.465396522255215e-78 2.7872840490257244e-80 1.134741975399838e-81 5.820960416658536e-118 2.43922984343516e-80
523.0 5.3695504025282235e-78 2.3390891125377407e-80 9.581222932106912e-82 5.868871673459965e-118 2.0475241125058537e-80
524.0 4.461907698088478e-78 1.9639704250560883e-80 8.093889336871044e-82 5.916066427868575e-118 1.7196004107351168e-80
525.0 3.7097284969427e-78 1.6498514446690956e-80 6.840773527334639e-82 5.96253241045885e-118 1.444931825784639e-80
526.0 3.0860399674167545e-78 1.3866777565264645e-80 5.784474923188559e-82 6.008257808443233e-118 1.2147518399725753e-80
527.0 2.568608042132786e-78 1.1660741278132163e-80 4.893646583893107e-82 6.05323126744648e-118 1.0217561521234897e-80
528.0 2.1390946514111777e-78 9.810604537483457e-81 4.142002375349118e-82 6.097441892834979e-118 8.598556389012846e-81
529.0 1.782366634826352e-78 8.258163582006261e-81 3.507489069624562e-82 6.140879250615211e-118 7.239715775948553e-81
530.0 1.4859287131623685e-78 6.954860130072764e-81 2.97159563378422e-82 6.18353336790301e-118 6.098658119793594e-81
531.0 1.2394579891201633e-78 5.860162202017707e-81 2.5187766880183448e-82 6.225394732985345e-118 5.139998253472521e-81
532.0 1.0344215841139488e-78 4.940220187518061e-81 2.1359710233602233e-82 6.266454294970763e-118 4.334177399078774e-81
533.0 8.637623886731915e-79 4.166750792523338e-81 1.8121993072763957e-82 6.306703463051445e-118 3.656491302694116e-81
534.0 7.216406496822971e-79 3.5161097490235932e-81 1.538227788142933e-82 6.346134105379417e-118 3.086282540079116e-81
535.0 6.032213559333212e-79 2.968520966401675e-81 1.3062870334545331e-82 6.384738547569951e-118 2.6062689174308657e-81
536.0 5.044992090517374e-79 2.507435404166656e-81 1.1098365809534948e-82 6.4225095708443e-118 2.2019847508145545e-81
537.0 4.221544566990177e-79 2.1189975648536143e-81 9.433679122352407e-83 6.459440409820991e-118 1.8613158162876831e-81
538.0 3.534340814884168e-79 1.7916013169903762e-81 8.022394288734347e-83 6.49552474996759e-118 1.5741120709120085e-81
539.0 2.9605383296001e-79 1.5155199041814516e-81 6.825381663561465e-83 6.530756724726262e-118 1.3318649765072542e-81
540.0 2.481174024401713e-79 1.282597594917268e-81 5.809638580357851e-83 6.56513091231955e-118 1.1274385147829247e-81
541.0 2.0804970514548627e-79 1.0859925750965317e-81 4.947316903670387e-83 6.598642332251426e-118 9.548448479013572e-82
542.0 1.745417777183778e-79 9.199624606878422e-82 4.2149069715622455e-83 6.6312864415176525e-118 8.090571212267633e-82
543.0 1.4650524467185768e-79 7.796852766283496e-82 3.592552452432519e-83 6.6630591305271e-118 6.858531814831972e-82
544.0 1.2303467202841847e-79 6.611099635907985e-82 3.06347484263119e-83 6.693956718761574e-118 5.816850402664503e-82
545.0 1.0337642546891963e-79 5.608314807676494e-82 2.6134898318679445e-83 6.723975950165471e-118 4.9356978808676663e-82
546.0 8.690289555835838e-80 4.759864067056309e-82 2.2306006809018708e-83 6.753113988296399e-118 4.1899838941588176e-82
547.0 7.309115386325682e-80 4.041656314105457e-82 1.9046561886249048e-83 6.781368411234608e-118 3.558593905408271e-82
548.0 6.150526900681933e-80 3.433413061515733e-82 1.627062855036247e-83 6.808737206267307e-118 3.023750708392605e-82
549.0 5.178164743982084e-80 2.918056929926224e-82 1.3905425403594054e-83 6.835218764362442e-118 2.5704798206275143e-82
550.0 4.361687526384039e-80 2.4811995088497914e-82 1.1889283348642563e-83 6.860811874434348e-118 2.1861616394722963e-82
551.0 3.6757629183101356e-80 2.1107122305877995e-82 1.0169925354942801e-83 6.885515717422694e-118 1.8601561002359784e-82
552.0 3.0992300142120748e-80 1.796366629190603e-82 8.703016129246916e-84 6.9093298601864885e-118 1.5834879483735484e-82
553.0 2.6144035343292996e-80 1.52953262170967e-82 7.450938784485086e-84 6.932254249233573e-118 1.3485827114499883e-82
554.0 2.206495551688833e-80 1.3029253330663148e-82 6.381762509102061e-84 6.954289204286767e-118 1.149045098485322e-82
555.0 1.8631346490800256e-80 1.1103925537361388e-82 5.4683710211332335e-84 6.975435411701623e-118 9.794729209912689e-83
556.0 1.5739658880466395e-80 9.467362248019274e-83 4.6877264329394815e-84 6.995693917745964e-118 8.353007681433709e-83
557.0 1.3303178404752887e-80 8.075624322503396e-83 4.020247208629949e-84 7.015066121757624e-118 7.126686167910068e-83
558.0 1.1249253009106032e-80 6.891552985249086e-83 3.449282295746991e-84 7.033553769171593e-118 6.083113474411504e-83
559.0 9.5169825281691e-81 5.883709148663865e-83 2.960666363417197e-84 7.051158944454313e-118 5.194657965547516e-83
560.0 8.055292772831933e-81 5.025480881871941e-83 2.5423434705074834e-84 7.067884063927871e-118 4.4379252549817046e-83
561.0 6.821329279121058e-81 4.294332021929152e-83 2.1840484943885807e-84 7.0837318685103815e-118 3.793099456225387e-83
562.0 5.779116999262412e-81 3.6711693161637136e-83 1.8770373361294575e-84 7.098705416378111e-118 3.243388223819515e-83
563.0 4.898441352892616e-81 3.1398091527969992e-83 1.6138583336172734e-84 7.112808075552895e-118 2.7745550178430126e-83
564.0 4.153913621255208e-81 2.686528002926996e-83 1.3881585038556292e-84 7.1260435164332255e-118 2.3745247028901653e-83
565.0 3.5241899331311493e-81 2.299683260476363e-83 1.1945192360315498e-84 7.138415704267321e-118 2.0330508325088957e-83
566.0 2.9913182838922676e-81 1.9693933111715805e-83 1.0283168984047279e-84 7.149928891587767e-118 1.741434844227907e-83
567.0 2.5401923343698007e-81 1.6872674563355768e-83 8.856045301933428e-85 7.160587610602397e-118 1.4922889591371285e-83
568.0 2.15809430765026e-81 1.4461778200128599e-83 7.630113858200504e-85 7.170396665564632e-118 1.2793358938918168e-83
569.0 1.8343122659545381e-81 1.240066626749456e-83 6.576576010353667e-85 7.179361125119414e-118 1.0972395938860611e-83
570.0 1.5598195109766809e-81 1.0637832923318443e-83 5.670816735876775e-85 7.187486314634563e-118 9.414621191764349e-84
571.0 1.3270058957315506e-81 9.129466543394682e-84 4.8917880783605585e-85 7.194777808531697e-118 8.081425886633275e-84
572.0 1.129452535412568e-81 7.838284113539917e-84 4.2214847356157834e-85 7.201241422614699e-118 6.939947373779557e-84
573.0 9.617428179838337e-82 6.7325446236662895e-84 3.644497830911854e-85 7.20688320640829e-118 5.96220186790805e-84
574.0 8.193037909826341e-82 5.785213607337957e-84 3.147635051335857e-85 7.21170943550818e-118 5.124349857911538e-84
575.0 6.982729796789211e-82 4.973255361822216e-84 2.719597146913626e-85 7.215726603960077e-118 4.406073645621446e-84
576.0 5.953865067435897e-82 4.277033074021199e-84 2.3507023130022588e-85 7.2189414166583855e-118 3.790049668225159e-84
577.0 5.078850626225832e-82 3.679800180308909e-84 2.032651270708831e-85 7.221360781780441e-118 3.2615009773216104e-84
578.0 4.3343484184178913e-82 3.1672688979091305e-84 1.758326952769502e-85 7.222991803262758e-118 2.807817534404111e-84
579.0 3.700610325163814e-82 2.7272440613773217e-84 1.521623626663066e-85 7.223841773319957e-118 2.4182339072869577e-84
580.0 3.1609184019747946e-82 2.349312246387775e-84 1.3173010689984406e-85 7.223918165010707e-118 2.0835555726767496e-84
581.0 2.7011135596497393e-82 2.0245777199860586e-84 1.1408600675234491e-85 7.223228624862653e-118 1.795926395359138e-84
582.0 2.3091985324996832e-82 1.7454380683301043e-84 9.884360880762611e-86 7.221780965556692e-118 1.5486310050721563e-84
583.0 1.9750032728830557e-82 1.505393458791259e-84 8.56708419152104e-86 7.219583158668727e-118 1.335926762257534e-84
584.0 1.689902828838369e-82 1.29888442587774e-84 7.428225097232527e-86 7.216643327489951e-118 1.1529008221867368e-84
585.0 1.446579365441152e-82 1.1211538572437044e-84 6.443235576836954e-86 7.212969739911387e-118 9.953484974881063e-85
586.0 1.2388213324683059e-82 9.681295201644379e-85 5.590996962320719e-86 7.208570801389642e-118 8.596697020842621e-85
587.0 1.061353904270552e-82 8.363240296369255e-85 4.8533337159338694e-86 7.203455047988256e-118 7.427807519231393e-85
588.0 9.096957585087249e-83 7.227496330058414e-85 4.2145971444092275e-86 7.197631139509223e-118 6.420392139280285e-85
589.0 7.800380486162518e-83 6.248455863850973e-85 3.6613088488108125e-86 7.191107852705522e-118 5.551798462741021e-85
590.0 6.691420855599316e-83 5.4041623666299e-85 3.181855217098578e-86 7.18389407458378e-118 4.802599705135117e-85
591.0 5.742527985475902e-83 4.675782092129381e-85 2.7662255489033083e-86 7.17599879580698e-118 4.1561286769110965e-85
592.0 4.930255091971807e-83 4.047153437306457e-85 2.40578749268857e-86 7.167431104181367e-118 3.59808003561121e-85
593.0 4.23463943882287e-83 3.5044022574551014e-85 2.0930944035023308e-86 7.158200178252199e-118 3.116170683490315e-85
594.0 3.638677366324002e-83 3.035613350758315e-85 1.8217200194119118e-86 7.148315280992941e-118 2.699849692593515e-85
595.0 3.12787950249243e-83 2.630549796922849e-85 1.5861165273546697e-86 7.1377857536014155e-118 2.3400504338781208e-85
596.0 2.6898937467118417e-83 2.2804130821807757e-85 1.3814926621178129e-86 7.12662100939639e-118 2.028978684491743e-85
597.0 2.3141855617265937e-83 1.9776380009364728e-85 1.2037089704690482e-86 7.114830527823996e-118 1.75993141820952e-85
598.0 1.9917667465136635e-83 1.7157172218546257e-85 1.0491877887554042e-86 7.102423848570147e-118 1.5271417738891867e-85
599.0 1.714965239998508e-83 1.489051167898326e-85 9.148358373420024e-87 7.089410565785682e-118 1.3256463672826852e-85
600.0 1.4772296653498219e-83 1.2928195065377508e-85 7.979776381968416e-87 7.075800322416374e-118 1.1511716809117668e-85
601.0 1.2729633015222667e-83 1.1228710956562794e-85 6.962982205001212e-87 7.061602804651555e-118 1.0000367504263839e-85
602.0 1.0973829919820066e-83 9.756296974298094e-86 6.077937999418106e-87 7.046827736482326e-118 8.690697769606228e-86
603.0 9.463991946364856e-84 8.4801316922994e-86 5.3072930597361085e-87 7.03148487437233e-118 7.555366445370827e-86
604.0 8.165139624062752e-84 7.373641780178675e-86 4.636017924477923e-87 7.0155840020482155e-118 6.570796188750909e-86
605.0 7.047341378534065e-84 6.413907717522734e-86 4.051089048519161e-87 6.999134925400121e-118 5.7166475694046914e-86
606.0 6.084974622835588e-84 5.5811538565008155e-86 3.54121695177979e-87 6.982147467503513e-118 4.975367719327018e-86
607.0 5.256096519021531e-84 4.858310691504231e-86 3.0966117626721114e-87 6.964631463748677e-118 4.331802817988777e-86
608.0 4.541907911498825e-84 4.230638966177695e-86 2.7087809374926316e-87 6.946596757097508e-118 3.77286525610863e-86
609.0 3.926296448322323e-84 3.685406757931109e-86 2.370354675585571e-87 6.9280531934489235e-118 3.287247653005182e-86
610.0 3.3954470332401652e-84 3.2116119670486227e-86 2.0749351827997665e-87 6.909010617122575e-118 2.8651770378639243e-86
611.0 2.9375095503215095e-84 2.7997437350269384e-86 1.8169664778490647e-87 6.889478866461248e-118 2.498203473646095e-86
612.0 2.5423153255325866e-84 2.4415772530845844e-86 1.591621900841903e-87 6.869467769548693e-118 2.179018228682337e-86
613.0 2.201135078704845e-84 2.1299972208812195e-86 1.3947068816798786e-87 6.8489871400401535e-118 1.9012973063546888e-86
614.0 1.9064722112047076e-84 1.8588458977378067e-86 1.2225748677992936e-87 6.828046773112967e-118 1.6595667456094897e-86
615.0 1.6518861998130738e-84 1.6227922713579074e-86 1.0720546040050863e-87 6.806656441530911e-118 1.4490866196000292e-86
616.0 1.4318416516363599e-84 1.4172193669499642e-86 9.403872089095576e-88 6.784825891822614e-118 1.2657510995088238e-86
617.0 1.2415792400116134e-84 1.2381271452341775e-86 8.251717086861275e-88 6.762564840570921e-118 1.1060023265528413e-86
618.0 1.0770053056837267e-84 1.0820488017366215e-86 7.243178745788939e-88 6.73988297082312e-118 9.667561567168584e-87
619.0 9.345973864903163e-85 9.459785910700779e-87 6.360053702166564e-88 6.716789928606228e-118 8.453381178602436e-87
620.0 8.113233454830895e-85 8.27309566303387e-87 5.586483520009916e-88 6.693295319554664e-118 7.394281543134162e-87
621.0 7.045721128696547e-85 7.237798515733317e-87 4.908647838438722e-88 6.669408705653402e-118 6.470129356922313e-87
622.0 6.120943507241865e-85 6.334262613976762e-87 4.314498290540378e-88 6.645139602084952e-118 5.66344679352517e-87
623.0 5.319515989851429e-85 5.545442474719255e-87 3.793527695475839e-88 6.620497474188198e-118 4.959055838877214e-87
624.0 4.624726735057694e-85 4.856532971322296e-87 3.3365697778162465e-88 6.595491734524496e-118 4.343770979189215e-87
625.0 4.0221626750643574e-85 4.254670306139515e-87 2.9356253159711234e-88 6.570131740044727e-118 3.806133572014598e-87
626.0 3.4993886148123516e-85 3.728673496856969e-87 2.583711179755533e-88 6.544426789370822e-118 3.3361821638505625e-87
627.0 3.0456717748336056e-85 3.268820807110171e-87 2.2747291981989327e-88 6.518386120170767e-118 2.9252538183790314e-87
628.0 2.6517452519761644e-85 2.866656328489087e-87 2.0033522134852066e-88 6.4920189066439315e-118 2.565812206910513e-87
629.0 2.309604822050142e-85 2.5148225877977777e-87 1.764925034623375e-88 6.46533425710153e-118 2.2512988029333343e-87
630.0 2.0123343183105423e-85 2.206915626179447e-87 1.5553783130989187e-88 6.438341211651125e-118 1.976004029867653e-87
631.0 1.753955510337514e-85 1.9373594888284782e-87 1.371153629128817e-88 6.411048739973832e-118 1.7349556469955819e-87
632.0 1.5292989971143016e-85 1.7012974870349883e-87 1.2091383071388407e-88 6.383465739205934e-118 1.5238220332882663e-87
633.0 1.3338931309917443e-85 1.4944979580428554e-87 1.06660867771371e-88 6.35560103190725e-118 1.3388283511366099e-87
634.0 1.1638684186134036e-85 1.3132725611026692e-87 9.411806748977533e-89 6.3274633641277e-118 1.1766838492870317e-87
635.0 1.0158752116172698e-85 1.1544054173409453e-87 8.307668060492225e-89 6.299061403566264e-118 1.0345188029293903e-87
636.0 8.870128133027926e-86 1.015091632838893e-87 7.335386596955028e-89 6.270403737818064e-118 9.098297943569409e-88
637.0 7.747683953192507e-86 8.928839438978724e-88 6.478942277520143e-89 6.241498872710909e-118 8.004322145872892e-88
638.0 6.769643474882295e-86 7.856463953959379e-88 5.724294144289882e-89 6.212355230731005e-118 7.044190188070885e-88
639.0 5.917128798149567e-86 6.915141112939432e-88 5.0591318720083636e-89 6.182981149530729e-118 6.201248999173983e-88
640.0 5.173768634262643e-86 6.088583440687283e-88 4.472658971182178e-89 6.153384880525211e-118 5.460951577650813e-88
641.0 4.5253604071907515e-86 5.362560999840117e-88 3.955403580137938e-89 6.123574587565118e-118 4.810586393697908e-88
642.0 3.9595785794087476e-86 4.724637321207319e-88 3.499053281048638e-89 6.093558345695884e-118 4.239042097772104e-88
643.0 3.4657227874317285e-86 4.1639397507411294e-88 3.0963108425025265e-89 6.063344139992502e-118 3.736602859431663e-88
644.0 3.034500275146893e-86 3.6709596600196167e-88 2.740768196539459e-89 6.032939864473275e-118 3.294770288893787e-88
645.0 2.6578378868971345e-86 3.2373785782693437e-88 2.426796309598781e-89 6.002353321086746e-118 2.906108436420596e-88
646.0 2.3287195460226704e-86 2.855916831936384e-88 2.1494489117787027e-89 5.9715922187766245e-118 2.564108833553651e-88
647.0 2.041045714047321e-86 2.5202017340543856e-88 1.904378313437501e-89 5.940664172614785e-118 2.263072945481631e-88
648.0 1.789511814498259e-86 2.2246527600717875e-88 1.6877617679034355e-89 5.909576703008025e-118 1.9980097542330997e-88
649.0 1.569503025029705e-86 1.9643814878514052e-88 1.4962370385464031e-89 5.878337234971723e-118 1.7645464954377628e-88
650.0 1.3770032020055463e-86 1.7351043745870458e-88 1.3268460017571216e-89 5.846953097473367e-118 1.5588508336046497e-88
651.0 1.2085160114338397e-86 1.5330666986759112e-88 1.1769852679567045e-89 5.815431522837823e-118 1.3775629877939087e-88
652.0 1.0609966063874246e-86 1.3549762155817392e-88 1.04436293365066e-89 5.783779646218194e-118 1.2177365160341732e-88
653.0 9.317924199707874e-87 1.1979452680830525e-88 9.269606913486426e-90 5.752004505134556e-118 1.0767866369935551e-88
654.0 8.185918398062722e-87 1.0594402570555561e-88 8.23000623157757e-90 5.720113039060732e-118 9.524451148260958e-89
655.0 7.193796994623951e-87 9.372375225783656e-89 7.309160899936256e-90 5.688112089083941e-118 8.427208608841863e-89
656.0 6.323986680902776e-87 8.293848096394995e-89 6.493262033065636e-90 5.656008397612609e-118 7.458655167365233e-89
657.0 5.561157451327869e-87 7.341676006740939e-89 5.770134314915095e-90 5.62380860814465e-118 6.603433789928377e-89
658.0 4.891931751506533e-87 6.500796907953638e-89 5.129039499859684e-90 5.591519265086305e-118 5.8480510976008444e-89
659.0 4.304631910334848e-87 5.757974628212523e-89 4.560503935804712e-90 5.559146813628855e-118 5.180647488696442e-89
660.0 3.789060742180127e-87 5.1015738970831904e-89 4.0561671261691285e-90 5.5266975996717965e-118 4.590796067858147e-89
661.0 3.3363108982890912e-87 4.521363532264428e-89 3.608648723701112e-90 5.494177869796297e-118 4.069326716183403e-89
662.0 2.9385991442742584e-87 4.008344208769279e-89 3.211431677107581e-90 5.461593771289423e-118 3.608172110116753e-89
663.0 2.5891222562880008e-87 3.554597692499413e-89 2.858759537618219e-90 5.428951352212768e-118 3.200232908282646e-89
664.0 2.2819316736996447e-87 3.1531548216352084e-89 2.545546182284345e-90 5.3962565615178105e-118 2.8392596830756973e-89
665.0 2.0118244305169875e-87 2.7978798682694584e-89 2.267296428734319e-90 5.363515249200023e-118 2.5197494847897126e-89
666.0 1.7742482198672235e-87 2.4833692162349416e-89 2.0200362063862614e-90 5.3307331665041175e-118 2.236855196550114e-89
667.0 1.565218732772723e-87 2.2048625550878245e-89 1.8002511152814887e-90 5.297915966160485e-118 1.9863060736265898e-89
668.0 1.3812476604923363e-87 1.9581650199878113e-89 1.6048323488985834e-90 5.265069202667189e-118 1.7643380655374576e-89
669.0 1.219279964145263e-87 1.7395789072002925e-89 1.431029084171135e-90 5.2321983326085765e-118 1.5676326976607376e-89
670.0 1.076639200836149e-87 1.5458437690995285e-89 1.2764065528469851e-90 5.199308715009152e-118 1.3932634443657395e-89
671.0 9.509798560046038e-88 1.3740838442415528e-89 1.1388091053135775e-90 5.166405611723397e-118 1.2386486609678205e-89
672.0 8.402457706449604e-88 1.2217619102399716e-89 1.0163276628469555e-90 5.133494187860348e-118 1.1015102597028472e-89
673.0 7.426338723282907e-88 1.0866387623716031e-89 9.072710284706828e-91 5.100579512239399e-118 9.798374176901694e-90
674.0 6.565625231423333e-88 9.667376212710464e-90 8.101405915794349e-91 5.067666557878734e-118 8.718546944698017e-90
675.0 5.80643887930184e-88 8.60312860660772e-90 7.236080183608419e-91 5.034760202512676e-118 7.759940148675545e-90
676.0 5.136598044430316e-88 7.658225224759945e-90 6.46495569863287e-91 5.001865229138869e-118 6.9087004114778724e-90
677.0 4.545407048499677e-88 6.819041534253153e-90 5.777587331952196e-91 4.968986326594618e-118 6.152585179431005e-90
678.0 4.023471968724567e-88 6.073535552359228e-90 5.164708895800719e-91 4.936128090154191e-118 5.480772254231559e-90
679.0 3.562539638480633e-88 5.411060916641884e-90 4.6180977651285547e-91 4.903295022158468e-118 4.883692215592733e-90
680.0 3.155356873150128e-88 4.8222023974541614e-90 4.130455306506072e-91 4.870491532663134e-118 4.352880939917961e-90
681.0 2.795547341610442e-88 4.29863111552197e-90 3.6953012384903555e-91 4.837721940114375e-118 3.880849766638584e-90
682.0 2.477503837679433e-88 3.832977066326385e-90 3.306880273703707e-91 4.804990472043244e-118 3.4609711667479215e-90
683.0 2.196293995894199e-88 3.4187168494313025e-90 2.9600795913524847e-91 4.772301265781995e-118 3.087378032955322e-90
684.0 1.947577748040632e-88 3.050074760124283e-90 2.650355863128231e-91 4.7396583692009684e-118 2.7548749425579517e-90
685.0 1.7275350359423417e-88 2.7219356275143995e-90 2.3736707084166113e-91 4.707065741462608e-118 2.458859946836883e-90
686.0 1.5328024865234283e-88 2.429767981676385e-90 2.1264335891140537e-91 4.674527253796947e-118 2.1952556181965333e-90
687.0 1.3604179208571866e-88 2.1695563061276704e-90 1.9054512724070773e-91 4.642046690289673e-118 1.9604482415779296e-90
688.0 1.207771713089417e-88 1.9377412840235535e-90 1.7078830936324131e-91 4.609627748686451e-118 1.7512341726965039e-90
689.0 1.0725641406069908e-88 1.7311670796672381e-90 1.5312013425513287e-91 4.577274041216856e-118 1.5647725048030458e-90
690.0 9.527679760651267e-89 1.5470348136313502e-90 1.3731561765754733e-91 4.544989095427692e-118 1.3985432900620252e-90
691.0 8.465956670368972e-89 1.3828614920761854e-90 1.231744535044135e-91 4.5127763550310025e-118 1.2503106531594398e-90
692.0 7.524705319326662e-89 1.2364437405063605e-90 1.1051825907267841e-91 4.480639180764031e-118 1.118090214980409e-90
693.0 6.690014730702834e-89 1.105825770832352e-90 9.918813293622933e-92 4.4485808512614174e-118 1.0001203145640702e-90
694.0 5.9496077074180626e-89 9.89271079565709e-91 8.90424896144184e-92 4.416604563937509e-118 8.948365792723371e-91
695.0 5.292645770293603e-89 8.852374354876067e-91 7.995513904196164e-92 4.384713435879368e-118 8.00849447281356e-91
696.0 4.7095577601323956e-89 7.923547682343569e-91 7.181358271779948e-92 4.352910504747463e-118 7.169242940528904e-91
697.0 4.1918891880365385e-89 7.094056158681323e-91 6.451750167810031e-92 4.321198729685126e-118 6.419638561961486e-91
698.0 3.732169782980589e-89 6.353078304419435e-91 5.797741433579623e-92 4.289580992236273e-118 5.749926827993117e-91
699.0 3.3237970040805174e-89 5.690992765327083e-91 5.211348478334615e-92 4.258060097269852e-118 5.15143376526876e-91
700.0 2.960933563080851e-89 5.099242893169982e-91 4.685446440785615e-92 4.226638773909968e-118 4.616444150907337e-91
