200.0 0.0 0.0 0.0 0.0 0.0
201.0 0.0 0.0 0.0 0.0 0.0
202.0 0.0 0.0 0.0 0.0 0.0
203.0 0.0 0.0 0.0 0.0 0.0
204.0 0.0 0.0 0.0 0.0 0.0
205.0 0.0 0.0 0.0 0.0 0.0
206.0 0.0 0.0 0.0 0.0 0.0
207.0 0.0 0.0 0.0 0.0 0.0
208.0 0.0 0.0 0.0 0.0 0.0
209.0 0.0 0.0 0.0 0.0 0.0
210.0 0.0 0.0 0.0 0.0 0.0
211.0 0.0 0.0 0.0 0.0 0.0
212.0 0.0 0.0 0.0 0.0 0.0
213.0 0.0 0.0 0.0 0.0 0.0
214.0 0.0 0.0 0.0 0.0 0.0
215.0 0.0 0.0 0.0 0.0 0.0
216.0 0.0 0.0 0.0 0.0 0.0
217.0 0.0 0.0 0.0 0.0 0.0
218.0 0.0 0.0 0.0 0.0 0.0
219.0 0.0 0.0 0.0 0.0 0.0
220.0 0.0 0.0 0.0 0.0 0.0
221.0 0.0 0.0 0.0 0.0 0.0
222.0 0.0 0.0 0.0 0.0 0.0
223.0 0.0 0.0 0.0 0.0 0.0
224.0 0.0 0.0 0.0 0.0 0.0
225.0 0.0 0.0 0.0 0.0 0.0
226.0 0.0 0.0 0.0 0.0 0.0
227.0 0.0 0.0 0.0 0.0 0.0
228.0 0.0 0.0 0.0 0.0 0.0
229.0 0.0 0.0 0.0 0.0 0.0
230.0 0.0 0.0 0.0 0.0 0.0
231.0 0.0 0.0 0.0 0.0 0.0
232.0 0.0 0.0 0.0 0.0 0.0
233.0 0.0 0.0 0.0 0.0 0.0
234.0 0.0 0.0 0.0 0.0 0.0
235.0 0.0 0.0 0.0 0.0 0.0
236.0 0.0 0.0 0.0 0.0 0.0
237.0 0.0 0.0 0.0 0.0 0.0
238.0 0.0 0.0 0.0 0.0 0.0
239.0 0.0 0.0 0.0 0.0 0.0
240.0 0.0 0.0 0.0 0.0 0.0
241.0 0.0 0.0 0.0 0.0 0.0
242.0 0.0 0.0 0.0 0.0 0.0
243.0 0.0 0.0 0.0 0.0 0.0
244.0 0.0 0.0 0.0 0.0 0.0
245.0 0.0 0.0 0.0 0.0 0.0
246.0 0.0 0.0 0.0 0.0 0.0
247.0 0.0 0.0 0.0 0.0 0.0
248.0 0.0 0.0 0.0 0.0 0.0
249.0 0.0 0.0 0.0 0.0 0.0
250.0 0.0 0.0 0.0 0.0 0.0
251.0 0.0 0.0 0.0 0.0 0.0
252.0 0.0 0.0 0.0 0.0 0.0
253.0 0.0 0.0 0.0 0.0 0.0
254.0 0.0 0.0 0.0 0.0 0.0
255.0 0.0 0.0 0.0 0.0 0.0
256.0 0.0 0.0 0.0 0.0 0.0
257.0 0.0 0.0 0.0 0.0 0.0
258.0 0.0 0.0 0.0 0.0 0.0
259.0 0.0 0.0 0.0 0.0 0.0
260.0 0.0 0.0 0.0 0.0 0.0
261.0 0.0 0.0 0.0 0.0 0.0
262.0 0.0 0.0 0.0 0.0 0.0
263.0 0.0 0.0 0.0 0.0 0.0
264.0 0.0 0.0 0.0 0.0 0.0
265.0 0.0 0.0 0.0 0.0 0.0
266.0 0.0 0.0 0.0 0.0 0.0
267.0 0.0 0.0 0.0 0.0 0.0
268.0 0.0 0.0 0.0 0.0 0.0
269.0 0.0 0.0 0.0 0.0 0.0
270.0 0.0 0.0 0.0 0.0 0.0
271.0 0.0 0.0 0.0 0.0 0.0
272.0 0.0 0.0 0.0 0.0 0.0
273.0 0.0 0.0 0.0 0.0 0.0
274.0 0.0 0.0 0.0 0.0 0.0
275.0 0.0 0.0 0.0 0.0 0.0
276.0 0.0 0.0 0.0 0.0 0.0
277.0 0.0 0.0 0.0 0.0 0.0
278.0 0.0 0.0 0.0 0.0 0.0
279.0 0.0 0.0 0.0 0.0 0.0
280.0 0.0 0.0 0.0 0.0 0.0
281.0 0.0 0.0 0.0 0.0 0.0
282.0 0.0 0.0 0.0 0.0 0.0
283.0 0.0 0.0 0.0 0.0 0.0
284.0 0.0 0.0 0.0 0.0 0.0
285.0 0.0 0.0 0.0 0.0 0.0
286.0 0.0 0.0 0.0 0.0 0.0
287.0 0.0 0.0 0.0 0.0 0.0
288.0 0.0 0.0 0.0 0.0 0.0
289.0 0.0 0.0 0.0 0.0 0.0
290.0 0.0 0.0 0.0 0.0 0.0
291.0 0.0 0.0 0.0 0.0 0.0
292.0 0.0 0.0 0.0 0.0 0.0
293.0 0.0 0.0 0.0 0.0 0.0
294.0 0.0 0.0 0.0 0.0 0.0
295.0 0.0 0.0 0.0 0.0 0.0
296.0 0.0 0.0 0.0 0.0 0.0
297.0 0.0 0.0 0.0 0.0 0.0
298.0 0.0 0.0 0.0 0.0 0.0
299.0 0.0 0.0 0.0 0.0 0.0
300.0 0.0 0.0 0.0 0.0 0.0
301.0 0.0 0.0 0.0 0.0 0.0
302.0 0.0 0.0 0.0 0.0 0.0
303.0 0.0 0.0 0.0 0.0 0.0
304.0 0.0 0.0 0.0 0.0 0.0
305.0 0.0 0.0 0.0 0.0 0.0
306.0 0.0 0.0 0.0 0.0 0.0
307.0 0.0 0.0 0.0 0.0 0.0
308.0 0.0 0.0 0.0 0.0 0.0
309.0 0.0 0.0 0.0 0.0 0.0
310.0 0.0 0.0 0.0 0.0 0.0
311.0 0.0 0.0 0.0 0.0 0.0
312.0 0.0 0.0 0.0 0.0 0.0
313.0 0.0 0.0 0.0 0.0 0.0
314.0 0.0 0.0 0.0 0.0 0.0
315.0 0.0 0.0 0.0 0.0 0.0
316.0 0.0 0.0 0.0 0.0 0.0
317.0 0.0 0.0 0.0 0.0 0.0
318.0 0.0 0.0 0.0 0.0 0.0
319.0 0.0 0.0 0.0 0.0 0.0
320.0 0.0 0.0 0.0 0.0 0.0
321.0 0.0 0.0 0.0 0.0 0.0
322.0 0.0 0.0 0.0 0.0 0.0
323.0 0.0 0.0 0.0 0.0 0.0
324.0 0.0 0.0 0.0 0.0 0.0
325.0 0.0 0.0 0.0 0.0 0.0
326.0 0.0 0.0 0.0 0.0 0.0
327.0 0.0 0.0 0.0 0.0 0.0
328.0 0.0 0.0 0.0 0.0 0.0
329.0 0.0 0.0 0.0 0.0 0.0
330.0 0.0 0.0 0.0 0.0 0.0
331.0 0.0 0.0 0.0 0.0 0.0
332.0 0.0 0.0 0.0 0.0 0.0
333.0 0.0 0.0 0.0 0.0 0.0
334.0 0.0 0.0 0.0 0.0 0.0
335.0 0.0 0.0 0.0 0.0 0.0
336.0 0.0 0.0 0.0 0.0 0.0
337.0 0.0 0.0 0.0 0.0 0.0
338.0 0.0 0.0 0.0 0.0 0.0
339.0 0.0 0.0 0.0 0.0 0.0
340.0 1.0779027171394587e-16 2.9934840726728144e-18 1.8470491425500537e-22 2.5681960947862068e-80 2.051333029660571e-20
341.0 1.0775123508688271e-16 3.0240145228013412e-18 1.9196874606445083e-22 4.05301906669221e-80 2.1027592280614373e-20
342.0 1.0771183263821072e-16 3.0546578332094214e-18 1.9947211314241593e-22 6.379224492800833e-80 2.155150408528021e-20
343.0 1.0767205984777535e-16 3.0854126618968572e-18 2.0722124399299754e-22 1.0013963898326674e-79 2.2085173916719767e-20
344.0 1.0763191211713287e-16 3.116277655071364e-18 2.152224777339548e-22 1.5678447587417553e-79 2.2628709880228006e-20
345.0 2.1518276953857354e-16 6.29450289419156e-18 4.469645294689044e-22 4.8966479508672865e-79 4.636443991290871e-20
346.0 2.1510094609677672e-16 6.356665320862174e-18 4.640143344481838e-22 7.626816040929435e-79 4.749162395467102e-20
347.0 2.1501834423896505e-16 6.41903981115537e-18 4.816077197452242e-22 1.1848841358661334e-78 4.863918720360513e-20
348.0 3.224024312048524e-16 9.722435343043554e-18 7.496373910182894e-22 2.754213034242333e-78 7.471101687377931e-20
349.0 4.2970153160383605e-16 1.3088827492541521e-17 1.0369595191687604e-21 5.676411371684983e-78 1.0199262113932032e-19
350.0 4.2953153817578353e-16 1.3214815024734472e-17 1.0755724935744261e-21 8.752416921311718e-78 1.044125982975052e-19
351.0 5.366998842189444e-16 1.667650496092117e-17 1.394229953778657e-21 1.682743450425113e-77 1.335938093964551e-19
352.0 7.510765819688596e-16 2.3568979916115584e-17 2.0237400845260164e-21 3.6146039920884645e-77 1.9141569034739466e-19
353.0 8.580232991989856e-16 2.7190325677031463e-17 2.3974375195873547e-21 6.32282765830521e-77 2.2385812718070857e-19
354.0 1.072087449485694e-15 3.430680253393507e-17 3.1057535686681157e-21 1.2067931492146005e-76 2.863036945734387e-19
355.0 1.2859697608662812e-15 4.15519712952255e-17 3.861603820675209e-21 2.2059068840405472e-76 3.514741760784869e-19
356.0 1.6067866832422913e-15 5.2421119096551315e-17 5.000434229927001e-21 4.190256499824576e-76 4.493970977422685e-19
357.0 1.9273254434190468e-15 6.348437524947285e-17 6.2148432889606195e-21 7.62332107382135e-76 5.515442915162262e-19
358.0 2.3546096554547384e-15 7.830169903550133e-17 7.865629811773071e-21 1.4093024177353586e-75 6.893534515569069e-19
359.0 2.8884960185049877e-15 9.697090339089915e-17 9.994023215609288e-21 2.610062833822379e-75 8.650423330891019e-19
360.0 3.421903906908748e-15 1.1596635494609174e-16 1.2260428367287668e-20 4.657437726019998e-75 1.048144768567519e-18
361.0 4.168600600007575e-15 1.4260223361830099e-16 1.546369713126288e-20 8.526759146051101e-75 1.3058021972635856e-18
362.0 5.021452802307367e-15 1.7338629812462178e-16 1.928209878371249e-20 1.5401397433458669e-74 1.6084085136122413e-18
363.0 6.08709670913677e-15 2.1214003124393492e-16 2.4191028617420223e-20 2.7932424178029704e-74 1.9934425184398083e-18
364.0 7.365228063717171e-15 2.590618943941966e-16 3.0287789215581865e-20 5.045345935973757e-74 2.4657745111264025e-18
365.0 8.962229737517726e-15 3.181386078582582e-16 3.8128822082207207e-20 9.144788929196385e-74 3.0669339138866314e-18
366.0 1.077099252486837e-14 3.8584886736693243e-16 4.7398909357355914e-20 1.6335053368064768e-73 3.7671527262288004e-18
367.0 1.2897785285782974e-14 4.662472276683314e-16 5.869797250668217e-20 2.901010372635941e-73 4.609886155825298e-18
368.0 1.5555209976548216e-14 5.67407668658867e-16 7.319810646712818e-20 5.177845105526267e-73 5.680902133065983e-18
369.0 1.8742466254553375e-14 6.898315087905511e-16 9.117757549280125e-20 9.213321940207939e-73 6.993325990225119e-18
370.0 2.2458737561260038e-14 8.340220485297819e-16 1.1292911798126737e-19 1.6269565664081802e-72 8.560667458240948e-18
371.0 2.691596520552748e-14 1.0084564719285411e-15 1.3986609162986545e-19 2.8674368605885126e-72 1.0479668593014379e-17
372.0 3.221931651574417e-14 1.217861227511459e-15 1.7299115774036088e-19 5.037244298931613e-72 1.281208092241804e-17
373.0 3.8580002517694176e-14 1.4711516906547732e-15 2.1399260602744629e-19 8.833615029025629e-72 1.566686908575146e-17
374.0 4.6102548148297996e-14 1.7734275951826179e-15 2.6412823203777507e-19 1.5428175828129532e-71 1.911669247858498e-17
375.0 5.510357071612513e-14 2.1381657630629207e-15 3.260228678392968e-19 2.6896998533347405e-71 2.3328513433282516e-17
376.0 6.568675289311965e-14 2.5709430146398027e-15 4.0128247063128807e-19 4.667284847785109e-71 2.838942784184234e-17
377.0 7.83797524436865e-14 3.094223369000623e-15 4.943181926074512e-19 8.090731407293788e-71 3.457854080167408e-17
378.0 9.328502569918425e-14 3.714266621559533e-15 6.072559489413421e-19 1.3961594749455785e-70 4.200407474184244e-17
379.0 1.1103447317248849e-13 4.458746140222436e-15 7.459371166526621e-19 2.4047433401029017e-70 5.10231412830604e-17
380.0 1.3204675679455732e-13 5.347576156683381e-15 9.15344623466783e-19 4.1303015709745493e-70 6.191850927244866e-17
381.0 1.5673950917583773e-13 6.401220141769435e-15 1.120924693134461e-18 7.067041043128012e-70 7.499089291266285e-17
382.0 1.860581820492726e-13 7.662473029145852e-15 1.3725143367818405e-18 1.2069285800848463e-69 9.081767091143531e-17
383.0 2.205230971325707e-13 9.157800694330388e-15 1.6777298126807635e-18 2.0541663992445638e-69 1.0980492704099167e-16
384.0 2.6118148726406587e-13 1.093648030726663e-14 2.0489924614181457e-18 3.487017964015367e-69 1.3265122369806716e-16
385.0 3.090779723936254e-13 1.3049162168663603e-14 2.4999240177824924e-18 5.903342758611489e-69 1.6010075100239435e-16
386.0 3.653600260689111e-13 1.5552365225149325e-14 3.0462943137866605e-18 9.964679449236152e-69 1.9300050916926664e-16
387.0 4.3148854243548483e-13 1.851770349131377e-14 3.7080364792656575e-18 1.6773526598604203e-68 2.3242070470772487e-16
388.0 5.092368224529383e-13 2.2032401541568393e-14 4.509732481257039e-18 2.8164001495960467e-68 2.7967253266018053e-16
389.0 6.003734869225469e-13 2.618602662946811e-14 5.478246994901023e-18 4.715505582798238e-68 3.3614966103528243e-16
390.0 7.072940550574444e-13 3.1098267119661456e-14 6.648790126404109e-18 7.875130772596244e-68 4.0369126914257883e-16
391.0 8.324927920496257e-13 3.689664721387255e-14 8.0608253442458e-18 1.3116382100111598e-67 4.843121416859685e-16
392.0 9.789828300972125e-13 4.373549350756664e-14 9.762587134568612e-18 2.1787891298160274e-67 5.804611418450888e-16
393.0 1.1502943433897796e-12 5.179679703659041e-14 1.1812030450212178e-17 3.6098758326162514e-67 6.950535434992576e-16
394.0 1.3503676444850014e-12 6.128630984711333e-14 1.4276729307227063e-17 5.965143266377446e-67 8.314398209040175e-16
395.0 1.583971397330978e-12 7.245343969740196e-14 1.7239356778755838e-17 9.832182700562466e-67 9.93697705956927e-16
396.0 1.8563849454065488e-12 8.557812409477189e-14 2.079577740688088e-17 1.6164350630912102e-66 1.1864845671710378e-15
397.0 2.1739203236917047e-12 1.0099604229441275e-13 2.506230461715821e-17 2.6508244962523727e-66 1.4154158062303753e-15
398.0 2.5436041379495474e-12 1.1908562745249754e-13 3.017411206039911e-17 4.3360980393631746e-66 1.6869253705028217e-15
399.0 2.973698011133927e-12 1.4029396679743602e-13 3.6293365259336745e-17 7.075045965897455e-66 2.0086719181254432e-15
400.0 3.473589168345837e-12 1.6513389670279212e-13 4.3610644308824353e-17 1.1515154630623057e-65 2.389552447477843e-15
401.0 4.054308515439265e-12 1.9421093479801354e-13 5.235440805295853e-17 1.8695992991473648e-65 2.8401504573123585e-15
402.0 4.728419622949747e-12 2.2822099285775806e-13 6.279341054624383e-17 3.028133642464329e-65 3.3727780862677605e-15
403.0 5.510012334864964e-12 2.679529566596118e-13 7.524053543447982e-17 4.89250248402604e-65 4.001589973894943e-15
404.0 6.41573933839848e-12 3.1434237206279697e-13 9.007149177758569e-17 7.885733204054563e-65 4.7434718762054964e-15
405.0 7.464492907760663e-12 3.6846030484821265e-13 1.0772656931489812e-16 1.267988153449716e-64 5.617992619763613e-15
406.0 8.677916003657038e-12 4.315430132784305e-13 1.2872438119506387e-16 2.0340313002119095e-64 6.6479760677103954e-15
407.0 1.0080598511868102e-11 5.050070040029143e-13 1.5367242714758817e-16 3.255132706953346e-64 7.85987555123207e-15
408.0 1.1701000266360921e-11 5.905012348277575e-13 1.8328998078346909e-16 5.197129055285873e-64 9.284748858530664e-15
409.0 1.3571434048168734e-11 6.899136155510746e-13 2.184187157706786e-16 8.278417540217581e-64 1.0958559793979135e-14
410.0 1.5728775038675657e-11 8.054147183653942e-13 2.6004593710499437e-16 1.3156048304327173e-63 1.2923085955217152e-14
411.0 1.8215270154788947e-11 9.395082689373705e-13 3.093320793641489e-16 2.0859694801306582e-63 1.52269818872721e-14
412.0 2.107882439700145e-11 1.095056332349683e-12 3.676321006783204e-16 3.299880061470834e-63 1.7926480848005198e-14
413.0 2.4374321090562085e-11 1.2753593028343816e-12 4.3653713853756475e-16 5.208422493141433e-63 2.1087031573587718e-14
414.0 2.816400310411326e-11 1.4841894405991647e-12 5.179037102870256e-16 8.202329415027748e-63 2.478424275998561e-14
415.0 3.2518678627624854e-11 1.7258691116572705e-12 6.139008583169657e-16 1.288833497859323e-62 2.910562011031561e-14
416.0 3.7519229880651756e-11 2.0053680250108867e-12 7.270681470013814e-16 2.0206708276268596e-62 3.415271076629634e-14
417.0 4.3256976825911595e-11 2.3283423499761458e-12 8.603571156982313e-16 3.1610896212074146e-62 4.004235243905476e-14
418.0 4.983589474276355e-11 2.7012752599756993e-12 1.0172136171805257e-15 4.9343248284041365e-62 4.69097312000675e-14
419.0 5.7373890771581824e-11 3.1315712674134566e-12 1.2016495706417652e-15 7.685550700539128e-62 5.4910779692961844e-14
420.0 6.600468974407045e-11 3.627687094420953e-12 1.4183344520719482e-15 1.1944984133444591e-61 6.422532821662982e-14
421.0 7.587960477202517e-11 4.199260623276069e-12 1.6726933109504924e-15 1.8525300927086216e-61 7.506036645599905e-14
422.0 8.717001549356256e-11 4.8572835017471756e-12 1.971030016094836e-15 2.8669525776081535e-61 8.765423819988875e-14
423.0 1.0006972713266822e-10 5.614272931346609e-12 2.3206599700537247e-15 4.427488011848539e-61 1.0228101358850071e-13
424.0 1.147978263701665e-10 6.484477152276403e-12 2.7300671919467635e-15 6.823105435635679e-61 1.1925567552292851e-13
425.0 1.316018250875709e-10 7.484104110393803e-12 3.209083512441169e-15 1.04930273265738e-60 1.3893996886009703e-13
426.0 1.5076108932964658e-10 8.63157397017049e-12 3.769091951382404e-15 1.6103475484374665e-60 1.617489565612311e-13
427.0 1.7259065310467268e-10 9.947802029561961e-12 4.423259089884293e-15 2.4662907385707249e-60 1.8815843983972508e-13
428.0 1.9744582260508658e-10 1.1456536658207175e-11 5.186809934674999e-15 3.769475815700941e-60 2.1871375399103067e-13
429.0 2.2572674702805755e-10 1.3184706331492276e-11 6.077327973238863e-15 5.749572279758947e-60 2.5403912778758493e-13
430.0 2.5788377151397677e-10 1.5162823685721235e-11 7.115104287292334e-15 8.752127087059847e-60 2.948485552217826e-13
431.0 2.944236674757603e-10 1.7425454420040025e-11 8.323543709866798e-15 1.3296001186816702e-59 3.419584100952873e-13
432.0 3.3591622322596994e-10 2.001172270091011e-11 9.729619153296688e-15 2.015875398022026e-59 3.963013301328519e-13
433.0 3.830011904674985e-10 2.296585387124125e-11 1.1364377920667909e-14 3.050330112119767e-59 4.58941440293215e-13
434.0 4.36397208952444e-10 2.6337853436241343e-11 1.32635534444237e-14 4.606555104764142e-59 5.310929664285079e-13
435.0 4.969105598720151e-10 3.0184197265244936e-11 1.5468228251846933e-14 6.943166868007499e-59 6.141398768772826e-13
436.0 5.654449640326012e-10 3.456860700440073e-11 1.8025589228400102e-14 1.0444704099865843e-58 7.096580962834395e-13
437.0 6.430132252634272e-10 3.956296293301546e-11 2.0989810157912188e-14 1.5681850786883605e-58 8.194414938961437e-13
438.0 7.307496895880622e-10 4.5248295721439785e-11 2.442304088672857e-14 2.3499934449447987e-58 9.455306125443966e-13
439.0 8.29923206727567e-10 5.171583995867488e-11 2.8396501313024393e-14 3.514870049494045e-58 1.0902438937840705e-12
440.0 9.419533141143621e-10 5.906832157394695e-11 3.299178311665639e-14 5.247235796171588e-58 1.2562151558160673e-12
441.0 1.0684261825546716e-09 6.742126983389613e-11 3.830225887185852e-14 7.818721505402265e-58 1.4464331554785028e-12
442.0 1.211113344487634e-09 7.690454528766774e-11 4.443471431046691e-14 1.1628665482203339e-57 1.6642874282947659e-12
443.0 1.3719924724643147e-09 8.766404478168545e-11 5.1511199366069866e-14 1.726307509095798e-57 1.9136198627104674e-12
444.0 1.5532692795856738e-09 9.986352979298072e-11 5.967108244790044e-14 2.558029813921689e-57 2.198781082968572e-12
445.0 1.7574029370231832e-09 1.1368673639917482e-10 6.90734175953967e-14 3.7835306424831997e-57 2.5246953466930956e-12
446.0 1.9871329647835544e-09 1.293396439249722e-10 7.989957379256367e-14 5.585963185306694e-57 2.896931606794269e-12
447.0 2.2455095792716623e-09 1.470530365824389e-10 9.235622823414218e-14 8.232144090260463e-57 3.3217840167390223e-12
448.0 2.5359267580019097e-09 1.6708531935892712e-10 1.0667872668861036e-13 1.2110074516399724e-56 3.806361425039868e-12
449.0 2.862158587263493e-09 1.8972563362705743e-10 1.2313486662667446e-13 1.7782976251520745e-56 4.358687285910028e-12
450.0 3.2283991518850374e-09 2.1529729935442528e-10 1.4202915141421949e-13 2.606697420736155e-56 4.987811057661226e-12
451.0 3.639306820522975e-09 2.441616515413366e-10 1.6370759470831496e-13 3.8142581960959335e-56 5.703933160167968e-12
452.0 4.1000520754763096e-09 2.767222262763693e-10 1.8856308493707374e-13 5.571440979255692e-56 6.518543030794358e-12
453.0 4.616370430650563e-09 3.1342941170435264e-10 2.170414281048629e-13 8.123956735748546e-56 7.444573554258483e-12
454.0 5.1946202738142255e-09 3.547855676124589e-10 2.4964812040312184e-13 1.182537394946297e-55 8.496572657599858e-12
455.0 5.84184636149738e-09 4.0135067817960103e-10 2.869559478271502e-13 1.7183591147588337e-55 9.690894345475838e-12
456.0 6.565849486151984e-09 4.5374859043456206e-10 3.296135091241623e-13 2.4926957648884783e-55 1.1045911270305885e-11
457.0 7.375261638255267e-09 5.126738095277366e-10 3.7835470536276053e-13 3.609818550342715e-55 1.2582249027005401e-11
458.0 8.279629648122191e-09 5.788990758528643e-10 4.3400942951435814e-13 5.218751901740312e-55 1.4323048610099169e-11
459.0 9.289505615537964e-09 6.532836299441178e-10 4.975154701031752e-13 7.532124696545019e-55 1.6294255882840413e-11
460.0 1.0416545702897806e-08 7.367822968024214e-10 5.699318118215791e-13 1.0852811624069868e-54 1.852494244745989e-11
461.0 1.1673618353520642e-08 8.304554899601661e-10 6.524535070838232e-13 1.5611522161593482e-54 2.1047661736796424e-11
462.0 1.3074921701246018e-08 9.354801464728212e-10 7.464282347013023e-13 2.2419747541660457e-54 2.3898842048907784e-11
463.0 1.4636111996422565e-08 1.053161751539291e-09 8.533747864278422e-13 3.2144220047901074e-54 2.7119222080526148e-11
464.0 1.6374443277539878e-08 1.1849475020557359e-09 9.750036520427283e-13 4.6011454151621505e-54 3.0754331952365373e-11
465.0 1.8308919389317657e-08 1.332440722724284e-09 1.1132399370767355e-12 6.575428582692537e-54 3.485502450307416e-11
466.0 2.046045913440226e-08 1.49741662913172e-09 1.2702488476017135e-12 9.381695154939481e-54 3.9478061330315754e-11
467.0 2.2852076109410458e-08 1.6818395911462119e-09 1.4484640425254423e-12 1.336416360848065e-53 4.4686759802408524e-11
468.0 2.5509073871188647e-08 1.8878819882707556e-09 1.6506191218742192e-12 1.9006821535015205e-53 5.055170589033043e-11
469.0 2.8459257742735318e-08 2.1179448002762644e-09 1.879782581751735e-12 2.6989102915585424e-53 5.715153924455535e-11
470.0 3.1733165124865905e-08 2.374680122588021e-09 2.1393966306688683e-12 3.826331579813933e-53 6.457381846426845e-11
471.0 3.536431400965308e-08 2.6610156389663737e-09 2.4333201466921177e-12 5.416214716272913e-53 7.291597055488444e-11
472.0 3.938947374313745e-08 2.9801814124537434e-09 2.7658763718771107e-12 7.654770008782785e-53 8.228633772803706e-11
473.0 4.384895756976377e-08 3.3357390256891006e-09 3.1419056785111662e-12 1.0801778694571754e-52 9.280532616362262e-11
474.0 4.878693850946996e-08 3.731613254775289e-09 3.5668239019819326e-12 1.5219103485648961e-52 1.0460666573955456e-10
475.0 5.425179258971818e-08 4.172126656320342e-09 4.046686956188408e-12 2.1410031762237388e-52 1.1783879560916425e-10
476.0 6.029646837765761e-08 4.662037068335068e-09 4.588262129396963e-12 3.007348396848463e-52 1.326663804134245e-10
477.0 6.697888723045777e-08 5.206578447877518e-09 5.199106893534601e-12 4.217859187100854e-52 1.4927197407328927e-10
478.0 7.436237457159822e-08 5.811505162099997e-09 5.8876558124412964e-12 5.906714608507294e-52 1.6785784003733394e-10
479.0 8.251612601810024e-08 6.483140127034077e-09 6.663316449250018e-12 8.259411813478831e-52 1.8864794519930667e-10
480.0 9.151570914161998e-08 7.228426961249578e-09 7.5365749992269e-12 1.1532011974182274e-51 2.1189013877988663e-10
481.0 1.0144360485451987e-07 8.054986579226956e-09 8.519112685116733e-12 1.60774607271051e-51 2.378585354330322e-10
482.0 1.1238979051619756e-07 8.971178511652613e-09 9.623933874918581e-12 2.23815306864697e-51 2.6685611854942545e-10
483.0 1.2445236660264018e-07 9.986167226999803e-09 1.0865506924301107e-11 3.111183162797201e-51 2.9921757992098585e-10
484.0 1.3773823195110797e-07 1.1109993990936656e-08 1.2259919091710647e-11 4.3184542608380054e-51 3.3531242040333107e-10
485.0 1.523638088794177e-07 1.2353654516325938e-08 1.3825046647707374e-11 5.985514237756342e-51 3.755483286105501e-10
486.0 1.6845582244816452e-07 1.3729182903356102e-08 1.558074163869843e-11 8.284159110724345e-51 4.2037486277099736e-10
487.0 1.861521370832178e-07 1.5249742298047814e-08 1.7549036774929774e-11 1.1449133076351022e-50 4.702874596516062e-10
488.0 2.0560265424656526e-07 1.692972274745375e-08 1.975437005675463e-11 1.5800736906584007e-50 5.258317968759001e-10
489.0 2.2697027511370368e-07 1.8784846765155407e-08 2.222383088996329e-11 2.1775391693372675e-50 5.876085370245966e-10
490.0 2.5043193247651333e-07 2.0832283156225584e-08 2.4987429586374867e-11 2.99668990399663e-50 6.562784840606624e-10
491.0 2.761796949350761e-07 2.3090769569013514e-08 2.8078392157226294e-11 4.118206292046528e-50 7.325681811317136e-10
492.0 3.044219506357121e-07 2.5580744604444432e-08 3.1533482858259934e-11 5.651556796142004e-50 8.172759913825345e-10
493.0 3.3538467127905684e-07 2.8324489786894038e-08 3.5393356443016893e-11 7.745064029650109e-50 9.11278688099175e-10
494.0 3.6931276542552615e-07 3.134628240856518e-08 3.970294306667582e-11 1.0599418256213981e-49 1.0155386041424502e-09
495.0 4.0647152301874863e-07 3.46725596843076e-08 4.451186823350921e-11 1.4485793986264395e-49 1.1311113738549397e-09
496.0 4.4714815803624556e-07 3.8332095088685206e-08 4.987491086240206e-11 1.9770104465029475e-49 1.2591543158765e-09
497.0 4.916534553253705e-07 4.2356187697910285e-08 5.58525026596754e-11 2.694542945217209e-49 1.4009355054386105e-09
498.0 5.403235253563706e-07 4.6778865179196786e-08 6.251127192630406e-11 3.667531178150489e-49 1.5578435804016869e-09
499.0 5.935216759020228e-07 5.163710154269212e-08 6.992463572492136e-11 4.98514879326039e-49 1.7313983425246025e-09
500.0 6.516404039562377e-07 5.697105030451815e-08 7.817344392265327e-11 6.767076126668355e-49 1.9232622019572145e-09
501.0 7.15103517366564e-07 6.282429426295594e-08 8.73466795658851e-11 9.173722919739213e-49 2.135252533180487e-09
502.0 7.843683908721905e-07 6.924411270067709e-08 9.754221975131859e-11 1.2419804594610968e-48 2.369354999754088e-09
503.0 8.599283641280252e-07 7.628176709908295e-08 1.088676617543918e-10 1.679234843082841e-48 2.627737916398097e-09
504.0 9.423152902961662e-07 8.399280656679316e-08 1.2144121959732078e-10 2.2674543772848816e-48 2.912767723234112e-09
505.0 1.0321022411062427e-06 9.24373939745682e-08 1.3539269621029319e-10 3.057729167898685e-48 3.2270256422004665e-09
506.0 1.129906377739676e-06 1.0168065412087826e-07 1.5086453708674373e-10 4.1180885349127077e-48 3.5733255994663642e-09
507.0 1.2363919941873242e-06 1.1179304504069638e-07 1.6801297132854315e-10 5.539000308276195e-48 3.954733492964489e-09
508.0 1.3522737431268837e-06 1.2285075390247932e-07 1.8700924677233696e-10 7.440617234455567e-48 4.374587898408674e-09
509.0 1.4783200519934173e-06 1.3493611875716864e-07 2.080409659583596e-10 9.982313305066906e-48 4.836522303724147e-09
510.0 1.6153567377262269e-06 1.4813807750470245e-07 2.313135301927641e-10 1.3375217629338965e-47 5.3444889682256e-09
511.0 1.7642708308937774e-06 1.625526456781272e-07 2.570516996817275e-10 1.7898667163652438e-47 5.902784514350929e-09
512.0 1.9260146168496117e-06 1.7828342440106106e-07 2.855012777280344e-10 2.3921776272704614e-47 6.516077354249041e-09
513.0 2.10160990519258e-06 1.9544214023838397e-07 3.1693092794690904e-10 3.193167892457738e-47 7.189437069901759e-09
514.0 2.2921525353647605e-06 2.141492183785688e-07 3.5163413344067983e-10 4.257046141687372e-47 7.928365858740564e-09
515.0 2.498817130938936e-06 2.3453439105707728e-07 3.8993130806599244e-10 5.668339970647607e-47 8.738832177465154e-09
516.0 2.7228621108619155e-06 2.567373427705791e-07 4.3217206982175657e-10 7.538188337558196e-47 9.627306707402331e-09
517.0 2.965634969058566e-06 2.809083941587436e-07 4.787376873967573e-10 1.0012539652762967e-46 1.060080078054773e-08
518.0 3.2285778323414936e-06 3.0720922633198515e-07 5.300437112664476e-10 1.3282819588664533e-46 1.1666907405813782e-08
519.0 3.5132333089993695e-06 3.3581364769118496e-07 5.865428017132581e-10 1.7599795657698218e-46 1.2833845049194953e-08
520.0 3.821250636633439e-06 3.669084049641815e-07 6.487277661533699e-10 2.329157457288951e-46 1.4110504313710997e-08
521.0 4.154392142221156e-06 4.006940406399642e-07 7.171348195053894e-10 3.078693599870826e-46 1.550649768655954e-08
522.0 4.514540025371594e-06 4.3738579883248535e-07 7.923470816952901e-10 4.064554849289e-46 1.7032212519933405e-08
523.0 4.9037034740946575e-06 4.772145814853335e-07 8.74998326789635e-10 5.359705051024537e-46 1.8698867411804243e-08
524.0 5.324026127467313e-06 5.204279573567614e-07 9.657769998422776e-10 7.05915369950352e-46 2.0518572178172705e-08
525.0 5.7777938937372504e-06 5.672912257019584e-07 1.0654305172803595e-09 9.286470258066357e-46 2.2504391592984155e-08
526.0 6.2674431363592785e-06 6.180885369903106e-07 1.1747698681014713e-09 1.2202179673818612e-45 2.4670413093155414e-08
527.0 6.795569239545428e-06 6.731240729493816e-07 1.2946745338030604e-09 1.6014569574717298e-45 2.7031818649611397e-08
528.0 7.3649355633785356e-06 7.327232881163946e-07 1.4260977454963163e-09 2.0993585586569902e-45 2.960496100599315e-08
529.0 7.978482800703439e-06 7.972342153303375e-07 1.5700720978981562e-09 2.748867630536825e-45 3.2407444502019854e-08
530.0 8.63933874555787e-06 8.670288373953142e-07 1.7277155402997677e-09 3.595168391092055e-45 3.5458210695795744e-08
531.0 9.350828484898243e-06 9.425045273817156e-07 1.9002377658752745e-09 4.6966173044927006e-45 3.877762901428877e-08
532.0 1.0116485022798748e-05 1.0240855598129012e-06 2.0889470210992315e-09 6.128496542870017e-45 4.2387592657872495e-08
533.0 1.0940060348734375e-05 1.1122246952653445e-06 2.2952573584492452e-09 7.987812087226656e-45 4.6311620001818615e-08
534.0 1.1825536958654015e-05 1.207404840655071e-06 2.520696355938541e-09 1.0399420187981134e-44 5.057496173285413e-08
535.0 1.2777139837907238e-05 1.310140787551137e-06 2.766913328038493e-09 1.3523841032543874e-44 5.520471396719958e-08
536.0 1.3799348916779647e-05 1.420981031063559e-06 3.0356880538959277e-09 1.756721297066462e-44 6.022993761086746e-08
537.0 1.4896912004678936e-05 1.5405096714040857e-06 3.3289400487427714e-09 2.279395938088516e-44 6.568178420990546e-08
538.0 1.607485821287141e-05 1.669348400640656e-06 3.648738406213392e-09 2.9542889280570983e-44 7.159362856156589e-08
539.0 1.733851187157526e-05 1.8081585767747495e-06 3.997312239415519e-09 3.8247639582944176e-44 7.800120834654283e-08
540.0 1.869350694872683e-05 1.9576433874498906e-06 4.377061749939057e-09 4.946260081790904e-44 8.494277105548402e-08
541.0 2.0145801975980658e-05 2.118550105441017e-06 4.790569954620661e-09 6.389576069954093e-44 9.245922848174462e-08
542.0 2.170169548667564e-05 2.2916724380068823e-06 5.240615100706573e-09 8.245026544357492e-44 1.0059431905477226e-07
543.0 2.336784196990499e-05 2.4778529721414783e-06 5.730183800932812e-09 1.0627695489470665e-43 1.0939477829174632e-07
544.0 2.5151268344268386e-05 2.6779857177156698e-06 6.262484920928256e-09 1.3684069615726096e-43 1.1891051764829997e-07
545.0 2.7059390952016816e-05 2.8930187502063005e-06 6.8409642516511055e-09 1.7600404846866073e-43 1.291948120411586e-07
546.0 2.9100033075904702e-05 3.123956954884764e-06 7.469320000941768e-09 2.2613267275175262e-43 1.4030449632791595e-07
547.0 3.1281442977621904e-05 3.3718648739740233e-06 8.151519138405053e-09 2.9022799347667816e-43 1.523001710176881e-07
548.0 3.361231245615838e-05 3.6378696582227745e-06 8.891814628633499e-09 3.7209397845825744e-43 1.6524641748783147e-07
549.0 3.6101795923230236e-05 3.923164124206192e-06 9.69476358838673e-09 4.765465857540137e-43 1.7921202297961698e-07
550.0 3.875952999209011e-05 4.2290099185643555e-06 1.0565246404026657e-08 6.096765116910673e-43 1.9427021564502286e-07
551.0 4.159565357176235e-05 4.556740789906874e-06 1.1508486845211468e-08 7.791784530448163e-43 2.1049890989810538e-07
552.0 4.462082846157305e-05 4.9077659693946525e-06 1.2530073212399426e-08 9.947632833382509e-43 2.2798096234011703e-07
553.0 4.784626043515448e-05 5.2835736603626515e-06 1.3635980554942274e-08 1.2686734769757947e-42 2.468044385004862e-07
554.0 5.128372080280104e-05 5.68573463727475e-06 1.4832593997122514e-08 1.6163269654525495e-42 2.6706289063418147e-07
555.0 5.49455684403818e-05 6.115905954186973e-06 1.612673320993941e-08 2.057120584410601e-42 2.888556468122174e-07
556.0 5.884477226875143e-05 6.5758347623760135e-06 1.752567806579785e-08 2.6154316213456115e-42 3.1228811151880125e-07
557.0 6.299493416757262e-05 7.067362236728815e-06 1.903719551370743e-08 3.3218650090673515e-42 3.3747207796600575e-07
558.0 6.741031230402561e-05 7.5924276100437335e-06 2.066956771199237e-08 4.214804803511949e-42 3.645260523156223e-07
559.0 7.210584485605805e-05 8.153072314230175e-06 2.243162145556445e-08 5.3423421909133386e-42 3.935755899891466e-07
560.0 7.709717410498336e-05 8.75144422677005e-06 2.43327589335371e-08 6.764668940008166e-42 4.2475364421539177e-07
561.0 8.240067087409454e-05 9.389802020925576e-06 2.6382989853608754e-08 8.557045619305894e-42 4.5820092696860445e-07
562.0 8.80334592831021e-05 1.0070519617308732e-05 2.8592964967503662e-08 1.081347884659919e-41 4.940662824049935e-07
563.0 9.401344178883721e-05 1.0796090734391457e-05 3.097401103176655e-08 1.365127230871682e-41 5.325070728995794e-07
564.0 0.00010035932447873958 1.1569133534977213e-05 3.353816723667725e-08 1.7216653467609558e-41 5.736895777532486e-07
565.0 0.00010709064258103192 1.239239536523027e-05 3.629822313474655e-08 2.1691723184207516e-41 6.17789404613163e-07
566.0 0.00011422778615415809 1.3268757582575392e-05 3.9267758099229e-08 2.7303030668572554e-41 6.649919136289045e-07
567.0 0.00012179202591271857 1.4201240468022397e-05 4.246118234054413e-08 3.4332143279896154e-41 7.154926543213244e-07
568.0 0.00012980553914837702 1.5193008218460897e-05 4.5893779507977305e-08 4.312866225455891e-41 7.694978151316758e-07
569.0 0.00013829143569672782 1.624737401344161e-05 4.958175090036757e-08 5.412623443704572e-41 8.272246855572118e-07
570.0 0.00014727378390216747 1.736780515090813e-05 5.354226130851342e-08 6.786223013959347e-41 8.889021307654341e-07
571.0 0.00015677763652814547 1.8557928245617695e-05 5.779348650890042e-08 8.50019026889792e-41 9.547710785303437e-07
572.0 0.0001668290565574161 1.9821534483472606e-05 6.235466242563782e-08 1.0636802122349963e-40 1.0250850182941453e-06
573.0 0.00017745514282465903 2.116258492451573e-05 6.724613597473148e-08 1.3297718109243187e-40 1.1001105121191105e-06
574.0 0.0001886840554204973 2.2585215846735974e-05 7.248941760143071e-08 1.660842532138107e-40 1.1801277172470596e-06
575.0 0.00020054504080300895 2.4093744122258343e-05 7.810723551788096e-08 2.072367438419176e-40 1.2654309199369544e-06
576.0 0.00021306845654989973 2.569267261690923e-05 8.412359164454029e-08 2.583412099787412e-40 1.3563290802019656e-06
577.0 0.00022628579568327974 2.7386695603759186e-05 9.056381925545633e-08 3.2174432576993025e-40 1.4531463870270527e-06
578.0 0.00024022971049311942 2.9180704180288213e-05 9.745464232205177e-08 4.00331736696275e-40 1.5562228235763643e-06
579.0 0.00025493403578586294 3.107979167860076e-05 1.0482423654675528e-07 4.976484891230584e-40 1.6659147418651557e-06
580.0 0.0002704338114801934 3.308925905730578e-05 1.1270229207233493e-07 6.1804560407644095e-40 1.782595446303658e-06
581.0 0.00028676530446895956 3.521462026302939e-05 1.2112007784754644e-07 7.66858301257887e-40 1.9066557854597827e-06
582.0 0.0003039660296658619 3.746160754918651e-05 1.3011050762524182e-07 9.506225022759331e-40 2.038504751341908e-06
583.0 0.0003220747701515119 3.9836176738851916e-05 1.3970820756286264e-07 1.1773375863947945e-39 2.1785700854320855e-06
584.0 0.00034113159633075257 4.2344512417927385e-05 1.4994958538917606e-07 1.4567849798491473e-39 2.3272988906347056e-06
585.0 0.0003611778840120719 4.4993033044352215e-05 1.6087290109544584e-07 1.8009140807216082e-39 2.4851582482494212e-06
586.0 0.00038225633131626347 4.7788395958326007e-05 1.725183391021214e-07 2.224309314308033e-39 2.6526358390012827e-06
587.0 0.00040441097432323707 5.073750227839876e-05 1.849280818470807e-07 2.744754848245202e-39 2.8302405671201143e-06
588.0 0.000427687201358927 5.384750166707998e-05 1.9814638473225548e-07 3.3839167542310134e-39 3.0185031863587645e-06
589.0 0.00045213176582571213 5.712579694945514e-05 2.1221965235961547e-07 4.1681662804200195e-39 3.2179769267927914e-06
590.0 0.0004777927974784395 6.0580048567780344e-05 2.2719651598012277e-07 5.129572508971632e-39 3.429238121176457e-06
591.0 0.0005047198120470156 6.421817885453687e-05 2.431279120717119e-07 6.307098150204578e-39 3.6528868295622916e-06
592.0 0.0005329637191015306 6.804837610543061e-05 2.6006716195255615e-07 7.748038725032232e-39 3.889547460793503e-06
593.0 0.0005625768280624241 7.207909843429084e-05 2.780700523312742e-07 9.50975309490912e-39 4.139869389461914e-06
594.0 0.0005936128522509193 7.631907739053696e-05 2.9719491668429867e-07 1.1661742428749339e-38 4.404527566807353e-06
595.0 0.0006261269108770142 8.077732131977424e-05 3.1750271734323627e-07 1.4288145501906945e-38 4.684223123982285e-06
596.0 0.0006601755288624357 8.546311844772868e-05 3.3905712816652136e-07 1.74907309986933e-38 4.9796839660389716e-06
597.0 0.0006958166344003358 9.03860396679334e-05 3.6192461766305783e-07 2.1392482582536059e-38 5.291665354961002e-06
598.0 0.0007331095541409406 9.555594101159103e-05 3.861745324199874e-07 2.614189030949124e-38 5.6209504798971024e-06
599.0 0.0007721150059099732 0.0001009829657799465 4.118791806862452e-07 3.1918082963037775e-38 5.968351012816419e-06
600.0 0.0008128950888574709 0.00010667754631796471 4.3911391594934207e-07 3.893696062802989e-38 6.3347076476654215e-06
601.0 0.0008555132709343543 0.00011265040540771128 4.6795722033264693e-07 4.745851593853656e-38 6.720890621031568e-06
602.0 0.0009000343736061115 0.00011891255726105629 4.9849078763677e-07 5.77955666713945e-38 7.12780021233993e-06
603.0 0.0009465245537012632 0.00012547530808944832 5.307996058320891e-07 7.032416257633055e-38 7.556367221446093e-06
604.0 0.000995051282310941 0.0001323502562306303 5.649720388091689e-07 8.549597653940312e-38 8.007553421563127e-06
605.0 0.001045683320636989 0.00013954929180934412 6.01099907172771e-07 1.0385304552822923e-37 8.482351985238901e-06
606.0 0.001098490692717419 0.00014708459591292078 6.392785678719097e-07 1.2604529161797854e-37 8.981787881278881e-06
607.0 0.0011535446549302704 0.00015496863925866796 6.796069924320172e-07 1.528513292990684e-37 9.506918240217283e-06
608.0 0.001210917662206151 0.00016321418033356006 7.221878435608198e-07 1.8520315403350993e-37 1.0058832686103999e-05
609.0 0.0012706833308729426 0.00017183426298557466 7.671275498849095e-07 2.2421541073594217e-37 1.0638653632253647e-05
610.0 0.0013329163980531705 0.00018084221344534456 8.145363785610371e-07 2.712200619162113e-37 1.1247536538509474e-05
611.0 0.0013976926775607827 0.00019025163676009515 8.645285055107616e-07 3.2780741641533443e-37 1.1886670127727385e-05
612.0 0.001465089012226487 0.00020007641261924562 9.172220830057762e-07 3.9587464418487925e-37 1.2557276558976532e-05
613.0 0.0015351832226008703 0.00021033069055356312 9.727393043323699e-07 4.776830940964104e-37 1.326061155505913e-05
614.0 0.0016080540519826851 0.00022102888448932684 1.0312064652516217e-06 5.7592595455107e-37 1.3997964481877825e-05
615.0 0.0016837811077359602 0.00023218566664103538 1.0927540219716011e-06 6.93808055566778e-37 1.4770658377263503e-05
616.0 0.0017624447988487826 0.00024381596072455832 1.1575166453304801e-06 8.351399116285955e-37 1.558004992672896e-05
617.0 0.0018441262697191992 0.000255934934477017 1.225633270900158e-06 1.0044484533310665e-36 1.6427529383848014e-05
618.0 0.001928907330130168 0.000268557991466351 1.2972471446949556e-06 1.207107300031999e-36 1.7314520432708343e-05
619.0 0.0020168703814120825 0.0002817007621785177 1.3725058641840013e-06 1.4494898938296191e-36 1.824247999016448e-05
620.0 0.0021080983387840114 0.00029537909436924356 1.4515614142922041e-06 1.7391493567515103e-36 1.9212897945517457e-05
621.0 0.0022026745498695426 0.00030960904266789756 1.5345701980687613e-06 2.0850295591160953e-36 2.022729683525397e-05
622.0 0.002300682709406964 0.00032440685742440747 1.6216930617098602e-06 2.497712610159565e-36 2.1287231450664008e-05
623.0 0.0024022067701696976 0.0003397889727896924 1.7130953136119491e-06 2.9897088165027695e-36 2.2394288376099282e-05
624.0 0.002507330850123562 0.0003557719940216638 1.8089467371317515e-06 3.575796116200567e-36 2.355008545571219e-05
625.0 0.0026161391358681257 0.0003723726840118982 1.9094215967369846e-06 4.273417104559385e-36 2.4756271186693383e-05
626.0 0.0027287157823958894 0.00038960794902634214 2.0146986372159985e-06 5.103143043702284e-36 2.601452403689339e-05
627.0 0.002845144809248133 0.00040749482365999497 2.1249610756413305e-06 6.089215715141249e-36 2.7326551685133827e-05
628.0 0.0029655099931103854 0.0004260504550006658 2.2403965857515156e-06 7.26017966045827e-36 2.8694090182182146e-05
629.0 0.003089894756951541 0.00044529208600586304 2.361197274456023e-06 8.649619290811949e-36 3.0118903030953093e-05
630.0 0.0032183820557751854 0.0004652370380921383 2.4875596501390803e-06 1.029701756611308e-35 3.160278018418263e-05
631.0 0.0033510542590938245 0.00048590269294256853 2.6196845824669153e-06 1.2248755489364313e-35 3.3147536958247315e-05
632.0 0.0034879930302319103 0.0005073064735377861 2.757777253398322e-06 1.4559274575533081e-35 3.4755012861791834e-05
633.0 0.0036292792025770485 0.0005294658244183084 2.9020470991079207e-06 1.729242778829556e-35 3.642707033799616e-05
634.0 0.0037749926529145384 0.0005523981911886868 3.052707742544504e-06 2.0523048249410495e-35 3.8165593419518756e-05
635.0 0.003925212171983978 0.0005761209992750028 3.2099769163510374e-06 2.43387693789579e-35 3.997248629524199e-05
636.0 0.004080015332407134 0.000600651631949291 3.3740763758836315e-06 2.884213509320245e-35 4.1849671788111724e-05
637.0 0.004239478354152402 0.0006260074076374125 3.5452318020834255e-06 3.4153044352591504e-35 4.379908974359743e-05
638.0 0.0044036759677197656 0.0006522055565302354 3.723672693975458e-06 4.041158080778245e-35 4.5822695328566754e-05
639.0 0.004572681275202592 0.0006792631965145712 3.909632250551618e-06 4.7781285640142514e-35 4.7922457240172665e-05
640.0 0.0047465656094478545 0.0007071973084506 4.103347241855817e-06 5.645294005258501e-35 5.01003558251142e-05
641.0 0.004925398391506504 0.0007360247108188671 4.30505786907356e-06 6.66489333665839e-35 5.235838110943195e-05
642.0 0.0051092469865771815 0.0007657620337623321 4.515007613446647e-06 7.862830346942589e-35 5.469853073922327e-05
643.0 0.00529817655868785 0.0007964256925559321 4.733443073880321e-06 9.269254859697417e-35 5.7122807833218294e-05
644.0 0.005492249924322717 0.0008280318605313761 4.9606137930902886e-06 1.09192323314233e-34 5.963321874789307e-05
645.0 0.005691527405249772 0.0008605964414928941 5.196772072191868e-06 1.2853514727657046e-34 6.223177075643644e-05
646.0 0.005896066680797557 0.0008941350416595777 5.442172773643048e-06 1.5119427314711966e-34 6.492046964296488e-05
647.0 0.006105922639829496 0.0009286629411707822 5.69707311246864e-06 1.7771888016787258e-34 6.770131721352295e-05
648.0 0.006321147232675001 0.0009641950651936297 5.9617324357194665e-06 2.0874578261990105e-34 7.057630872568069e-05
649.0 0.006541789323316583 0.0010007459546787017 6.23641199017659e-06 2.4501286808201294e-34 7.354743023914832e-05
650.0 0.006767894542063946 0.0010383297368005964 6.521374678266886e-06 2.8737450935814526e-34 7.661665588924496e-05
651.0 0.006999505139049224 0.0010769600951367644 6.81688480227404e-06 3.368192265950843e-34 7.978594508638278e-05
652.0 0.007236659838790652 0.0011166502396257748 7.123207796869815e-06 3.944899128821389e-34 8.305723964394573e-05
653.0 0.007479393696143917 0.001157412876358255 7.440609950082663e-06 4.617069780117289e-34 8.643246083794173e-05
654.0 0.00772773795392019 0.001199260177248545 7.769358112806629e-06 5.399948116160623e-34 8.991350640154645e-05
655.0 0.007981719902490072 0.001242203749642464 8.109719397019641e-06 6.311120191877054e-34 9.350224745832561e-05
656.0 0.008241362741669067 0.001286254605913962 8.461960862884395e-06 7.3708594319806e-34 9.720052539785908e-05
657.0 0.008506685445185767 0.001331423133105377 8.826349194938717e-06 8.602520473861336e-34 0.00010101014869776578
658.0 0.008777702628042217 0.0013777190626684018 9.203150367620283e-06 1.0032988161125043e-33 0.00010493288969644276
659.0 0.009054424417095452 0.001425151440367007 9.592629300422117e-06 1.1693189033583142e-33 0.00010897048132129015
660.0 0.009336856325123039 0.0014737285963942947 9.995049502937736e-06 1.3618673584748998e-33 0.00011312461377662877
661.0 0.009624999128736876 0.0015234581157722619 1.0410672710193868e-05 1.5850278592751403e-33 0.00011739693119695914
662.0 0.00991884875040309 0.001574346809087815 1.083975850859042e-05 1.8434879986648314e-33 0.00012178902827016771
663.0 0.010218396144894252 0.001626400683630171 1.128256395287357e-05 2.1426248001051758e-33 0.0001263024468363366
664.0 0.010523627190486636 0.0016796249149938066 1.1739343174590144e-05 2.4886017812076436e-33 0.00013093867246789743
665.0 0.0108345225851508 0.0017340238192018618 1.2210346982435804e-05 2.888479045277589e-33 0.000135699131036304
666.0 0.01115105774809844 0.0017896008254241749 1.2695822455072611e-05 3.3503380594536846e-33 0.00014058518527205313
667.0 0.011473202726899187 0.0018463584493414195 1.3196012526863888e-05 3.8834229770658724e-33 0.00014559813132327312
668.0 0.011800922110498456 0.001904298267226432 1.3711155567141354e-05 4.4983005831780346e-33 0.0001507391953197852
669.0 0.01213417494838635 0.0019634208908019374 1.424148495356796e-05 5.2070411882011295e-33 0.0001560095299487755
670.0 0.012472914676186544 0.0020237259429377137 1.4787228640218108e-05 6.0234230675510846e-33 0.0001614102110486721
671.0 0.012817089047911252 0.002085212034247561 1.5348608721009125e-05 6.96316334830615e-33 0.00016694223422776403
672.0 0.013166640075154928 0.002147876740651515 1.592584098918788e-05 8.044178579747587e-33 0.00017260651151466532
673.0 0.01352150397341995 0.0022117165819568064 1.6519134493520737e-05 9.286878596752379e-33 0.0001784038680469228
674.0 0.013881611115850023 0.0022767270015251273 1.7128691091971467e-05 1.0714497696972651e-32 0.00018433503880534955
675.0 0.0142468859945308 0.0023429023470757358 1.775470500355087e-05 1.2353467608294809e-32 0.00019040066540036653
676.0 0.01461724718960397 0.002410235852688639 1.8397362359163566e-05 1.423383722670025e-32 0.0001966012929179682
677.0 0.01499260734635136 0.002478719622058193 1.9056840752206002e-05 1.638974466073656e-32 0.00020293736683194732
678.0 0.01537287316043248 0.002548344613052405 1.973330878973919e-05 1.8859947732565612e-32 0.0002094092299895607
679.0 0.015757945371439906 0.0026191006236306637 2.042692564507169e-05 2.1688419762307268e-32 0.00021601711967774071
680.0 0.016147718764910224 0.002690976279168723 2.1137840612591062e-05 2.492501820810014e-32 0.00022276116477677757
681.0 0.0165420821829086 0.0027639590212369634 2.1866192665689992e-05 2.86262345553165e-32 0.00022964138300829025
682.0 0.016940918543318504 0.0028380350978805605 2.261211001868487e-05 3.2856034751716375e-32 0.00023665767828464214
683.0 0.017344104867930265 0.002913189555444219 2.3375709693608262e-05 3.768680047835753e-32 0.00024380983816658805
684.0 0.017751512319374368 0.0029894062319765066 2.4157097092724295e-05 4.3200382636915144e-32 0.00025109753143540733
685.0 0.01816300624701867 0.003066667752261113 2.4956365577742804e-05 4.9489279631702e-32 0.0002585203057869148
686.0 0.01857844624180494 0.003144955524498638 2.577359605654577e-05 5.665795433793567e-32 0.00026607758565285437
687.0 0.018997686200113263 0.003224249738681315 2.6608856578416314e-05 6.482430508768294e-32 0.0002737686701568461
688.0 0.01942057439662158 0.0033045293666830017 2.7462201938624892e-05 7.412130758146738e-32 0.00028159273121045996
689.0 0.01984695356615033 0.0033857721640902136 2.833367329327735e-05 8.46988463591229e-32 0.00028954881175534587
690.0 0.020276660994486634 0.0034679546738008373 2.922329778536037e-05 9.67257563507008e-32 0.0002976358241574995
691.0 0.020709528618119255 0.0035510522314061645 3.013108818285123e-05 1.1039209709020788e-31 0.0003058525487588668
692.0 0.021145383132808955 0.003635038972370559 3.105704252976571e-05 1.259116844267448e-31 0.000314197632591426
693.0 0.021584046110939975 0.0037198878410262285 3.2001143811064566e-05 1.4352490702480653e-31 0.0003226695882592004
694.0 0.02202533412750934 0.0038055706013851638 3.296335963222588e-05 1.6350185762419195e-31 0.00033126679299237064
695.0 0.022469058894655176 0.0038920578497772767 3.394364191436375e-05 1.8614581194897174e-31 0.0003399874878782719
696.0 0.0229150274045706 0.003979319029313998 3.4941926605705566e-05 2.1179709133268443e-31 0.00034882977727323974
697.0 0.023363042080642653 0.004067322446174762 3.595813341023489e-05 2.4083734858397024e-31 0.00035779162839911203
698.0 0.023812900936634112 0.004156035287709372 3.69921655342786e-05 2.7369432037524836e-31 0.00036687087112780215
699.0 0.02426439774373507 0.004245423642350156 3.8043909451834996e-05 3.1084709351997496e-31 0.0003760651979574381
700.0 0.024717322205221996 0.004335452521311602 3.9113234689300684e-05 3.528319369351701e-31 0.0003853721641821024
