200.0 1.7871751009236875e-11 6.3277430917312356e-18 1.9231838980855673e-26 2.7147212584813125e-117 1.169011624189583e-12
201.0 2.0825407498757325e-11 7.939065080248291e-18 2.66020807051786e-26 1.1130432854955864e-116 1.3808214110281266e-12
202.0 2.4223461997057272e-11 9.935470159421099e-18 3.6668182946589276e-26 4.498892919798584e-116 1.6278491505976359e-12
203.0 2.8109670201093023e-11 1.2395705536714778e-17 5.034004409516443e-26 1.7920351636968617e-115 1.9143007018450745e-12
204.0 3.257249876675958e-11 1.543197115811811e-17 6.889660944661547e-26 7.0422590494342275e-115 2.24763256598327e-12
205.0 3.770010734706791e-11 1.9176254723295667e-17 9.403142867008815e-26 2.731488066239784e-114 2.6356082273155484e-12
206.0 4.3580347752984295e-11 2.3782814467069944e-17 1.2797048808582267e-25 1.0457893723457333e-113 3.0862989899123447e-12
207.0 5.0300763228850513e-11 2.9430883696661354e-17 1.7361909257684947e-25 3.951844337951499e-113 3.6080846994849767e-12
208.0 5.799330125591851e-11 3.6355640959809766e-17 2.349251294564616e-25 1.474762872636985e-112 4.212902543537024e-12
209.0 6.67447716110265e-11 4.480120789439072e-17 3.16834367365144e-25 5.432493335046254e-112 4.909865770370077e-12
210.0 7.66863106787853e-11 5.507901462024322e-17 4.259321521422683e-25 1.9757209079758155e-111 5.711722587845948e-12
211.0 8.803778840717299e-11 6.76168061498209e-17 5.712848861470138e-25 7.101650627111149e-111 6.638410793431972e-12
212.0 1.0092918303847502e-10 8.284089991790289e-17 7.6405395929781925e-25 2.5218143699629414e-110 7.70383662237278e-12
213.0 1.1557905153049277e-10 1.0131619604659829e-16 1.019252229017128e-24 8.850570690282161e-110 8.92925072508604e-12
214.0 1.3216069457961196e-10 1.2365359180655788e-16 1.3557529096350178e-24 3.069336458468154e-109 1.0333198332707217e-11
215.0 1.5093568348905101e-10 1.5063910406762307e-16 1.798601332612215e-24 1.0522085395527496e-108 1.194187716366314e-11
216.0 1.7216466198678607e-10 1.831772543059723e-16 2.379848441983249e-24 3.566165958339385e-108 1.3782412393039708e-11
217.0 1.961073456879919e-10 2.223038948904255e-16 3.1402724281901228e-24 1.1949234174606779e-107 1.588285717730001e-11
218.0 2.2315551082088064e-10 2.693605417875028e-16 4.13393184770641e-24 3.960440775361265e-107 1.8283088658018887e-11
219.0 2.536109605506797e-10 3.2577553014320843e-16 5.427852372781514e-24 1.2982356585054354e-106 2.101703368349613e-11
220.0 2.8790717308032925e-10 3.9335197366760946e-16 7.109626176823801e-24 4.2102253184581035e-106 2.413082859327412e-11
221.0 3.2643186751341333e-10 4.740863667310125e-16 9.288782676941067e-24 1.3507881598266155e-105 2.766840699799893e-11
222.0 3.6970389869680587e-10 5.704478560196072e-16 1.2107028146410899e-23 4.28865214699983e-105 3.1686451195983084e-11
223.0 4.182402686563824e-10 6.852498102464549e-16 1.5742706384618215e-23 1.3475650415880641e-104 3.624349596194647e-11
224.0 4.726443238897271e-10 8.218375760387574e-16 2.0422933134974953e-23 4.1913527515010596e-104 4.1407654335718637e-11
225.0 5.335172514645834e-10 9.840086055759113e-16 2.6431970547930144e-23 1.2904931433635958e-103 4.724919833431066e-11
226.0 6.015901436271673e-10 1.1763145934397285e-15 3.413135673888236e-23 3.934041056581775e-103 5.3852378945176314e-11
227.0 6.77591473795957e-10 1.4039107633917785e-15 4.3971759463540087e-23 1.1874941829152363e-102 6.130406537913779e-11
228.0 7.624228741381926e-10 1.6729990079299353e-15 5.652532013134709e-23 3.5500083326007186e-102 6.97098135889456e-11
229.0 8.570266513497705e-10 1.990694309052434e-15 7.25065898183647e-23 1.0512146190261508e-101 7.91824657188939e-11
230.0 9.622978649246277e-10 2.364914135535076e-15 9.279618856846172e-23 3.0832749283487635e-101 8.983414867664844e-11
231.0 1.0794789756147153e-09 2.8054566840029593e-15 1.1851686910562328e-22 8.960085292142857e-101 1.0181327930581456e-10
232.0 1.2096766255568384e-09 3.323019210729378e-15 1.5104101662955473e-22 2.579875325026289e-100 1.1526020726005861e-10
233.0 1.3542559799206046e-09 3.930355765874919e-15 1.9209078032140297e-22 7.361118335806189e-100 1.3034452690796364e-10
234.0 1.514621017059723e-09 4.641930380022222e-15 2.4379037233765026e-22 2.081554844169599e-99 1.472449793551367e-10
235.0 1.6923890388928025e-09 5.4746580495345256e-15 3.0878222809546543e-22 5.834403916340055e-99 1.661667878597605e-10
236.0 1.8891715432656522e-09 6.447502333685514e-15 3.9030279112954444e-22 1.62104563630997e-98 1.8732097769927036e-10
237.0 2.1069230071692423e-09 7.582907917117106e-15 4.923813384674523e-22 4.465376322993223e-98 2.1095928459462492e-10
238.0 2.3475473393684294e-09 8.905834879730513e-15 6.1992644736684395e-22 1.2195775836791093e-97 2.3733604833573547e-10
239.0 2.613289763163448e-09 1.0445508898110612e-14 7.790083906254078e-22 3.303009775225023e-97 2.667479829783302e-10
240.0 2.9065178908161774e-09 1.2235107181913856e-14 9.77052179999145e-22 8.871657820904235e-97 2.9951329455756955e-10
241.0 3.229764610019451e-09 1.4312375730632913e-14 1.2231302431128037e-21 2.36338498469954e-96 3.359767556337912e-10
242.0 3.5857707424385372e-09 1.6720340168566757e-14 1.5283178440899317e-21 6.245103764365464e-96 3.765150076719985e-10
243.0 3.977614206023958e-09 1.9508546249901688e-14 1.906165874104806e-21 1.6370946941816044e-95 4.21551282388202e-10
244.0 4.408448546185036e-09 2.2732534172171625e-14 2.373085613934537e-21 4.2576454807687875e-95 4.715291012921512e-10
245.0 4.881848895768142e-09 2.645626943627732e-14 2.9490993367868728e-21 1.0986938435092632e-94 5.269500063479457e-10
246.0 5.401550592272943e-09 3.0751722765924037e-14 3.658422179550697e-21 2.813405823086659e-94 5.883471733672687e-10
247.0 5.971621301966702e-09 3.570069394235388e-14 4.5303916447012325e-21 7.149521660054598e-94 6.563051326020795e-10
248.0 6.596502708493243e-09 4.1396183566464915e-14 5.6005157969553946e-21 1.8032426865187056e-93 7.314660403905324e-10
249.0 7.280879435844283e-09 4.794279887786449e-14 6.911564686022985e-21 4.514399771077239e-93 8.145168708693543e-10
250.0 8.029893446278536e-09 5.545940027776519e-14 8.515158761245332e-21 1.1219055418507863e-92 9.06214823568311e-10
251.0 8.84896976544682e-09 6.407945264809595e-14 1.0473284900217522e-20 2.767949487281842e-92 1.0073697513865157e-09
252.0 9.743987202007862e-09 7.395376733722717e-14 1.2860430938515317e-20 6.780210294391418e-92 1.118865173734542e-09
253.0 1.0721319709338467e-08 8.525269464977205e-14 1.576600044931357e-20 1.6491141875255183e-91 1.2416653183383637e-09
254.0 1.1787704751813217e-08 9.81671193874174e-14 1.929688852802337e-20 3.983044746621386e-91 1.3768022029111457e-09
255.0 1.2950456620254672e-08 1.1291232309040505e-13 2.3581015313169328e-20 9.553748791749304e-91 1.5254025680764688e-09
256.0 1.421733516574992e-08 1.2972936904077222e-13 2.877093076669767e-20 2.2759383697641244e-90 1.6886751462191933e-09
257.0 1.5596715148556565e-08 1.4888922969200955e-13 3.504856716543267e-20 5.385309655036531e-90 1.8679331549565592e-09
258.0 1.709754062307867e-08 1.7069539680679328e-13 4.263040565096957e-20 1.2657809578416927e-89 2.0645918368627667e-09
259.0 1.8729365571350695e-08 1.954875030885223e-13 5.177366892837093e-20 2.9555442051122968e-89 2.280176228047085e-09
260.0 2.0502436051776345e-08 2.236457478242044e-13 6.278368184685889e-20 6.856160208700026e-89 2.516334262076293e-09
261.0 2.2427644761994406e-08 2.5559436814275393e-13 7.602208341157091e-20 1.5802323182227993e-88 2.7748345750201487e-09
262.0 2.4516699057960165e-08 2.9180780710980607e-13 9.191706006499151e-20 3.6190146922901065e-88 3.0575906597388244e-09
263.0 2.6782031468624414e-08 3.328145070185375e-13 1.1097438895287735e-19 8.23607755524969e-88 3.366653646920718e-09
264.0 2.9236924903934346e-08 3.7920355415886946e-13 1.3379100817135148e-19 1.8626978073177662e-87 3.704231752410312e-09
265.0 3.189550853049107e-08 4.316303465178037e-13 1.610702559846396e-19 4.1868424283458145e-87 4.0726939517027955e-09
266.0 3.477288164271711e-08 4.908244583601102e-13 1.9364012341400156e-19 9.353704458118892e-87 4.4745900967241865e-09
267.0 3.788506696352551e-08 5.575958653459047e-13 2.324735027051796e-19 2.0771263714611592e-86 4.9126496471858404e-09
268.0 4.124917618861402e-08 6.328447328822779e-13 2.787127608441567e-19 4.585156767235018e-86 5.389807851866184e-09
269.0 4.488332076918275e-08 7.175682621530759e-13 3.336965215559995e-19 1.0062035101414981e-85 5.909199368695866e-09
270.0 4.880681898891856e-08 8.128726804955416e-13 3.989924999211562e-19 2.1952628694098405e-85 6.474190650688674e-09
271.0 5.304019081536076e-08 9.199829711198696e-13 4.7643389285508e-19 4.761946544638941e-85 7.0883851956619885e-09
272.0 5.7605194858691463e-08 1.0402540014164327e-12 5.681614066557975e-19 1.0270872551514812e-84 7.755634426692487e-09
273.0 6.252486543682026e-08 1.1751825051206701e-12 6.766714096204123e-19 2.2028341723625488e-84 8.480048798459162e-09
274.0 6.782376023852277e-08 1.3264240850090462e-12 8.048735152650436e-19 4.6982405601679735e-84 9.266037886569636e-09
275.0 7.352778491071813e-08 1.4958035559777132e-12 9.561519330834134e-19 9.96537773836997e-84 1.0118293721038595e-08
276.0 7.966443989457666e-08 1.685334273487654e-12 1.134440408248165e-18 2.1022455802179598e-83 1.1041831589207258e-08
277.0 8.626289832018443e-08 1.8972358657421e-12 1.3443062070756893e-18 4.410931191787517e-83 1.204200871228846e-08
278.0 9.3353871897472e-08 2.1339485380242396e-12 1.5910424468073471e-18 9.205747394290738e-83 1.3124513566579725e-08
279.0 1.0097002513991947e-07 2.3981607715081572e-12 1.8807821413017656e-18 1.9111513112445868e-82 1.4295432024904764e-08
280.0 1.0914579870916984e-07 2.692825810238734e-12 2.2206185240390198e-18 3.9469610133774e-82 1.5561231704281456e-08
281.0 1.1791756959860595e-07 3.021187072461608e-12 2.6187474338247687e-18 8.109357510364416e-82 1.6928793602711828e-08
282.0 1.2732381078952887e-07 3.3868057650689877e-12 3.084629723832009e-18 1.6576386667284368e-81 1.8405444594133692e-08
283.0 1.3740516558486817e-07 3.7935885084778e-12 3.629174086138508e-18 3.371295317625185e-81 1.9998978434295364e-08
284.0 1.482043970511808e-07 4.245813376287518e-12 4.26494069517189e-18 6.82229038062762e-81 2.1717658885180446e-08
285.0 1.597667133115958e-07 4.748168404861035e-12 5.00638208371032e-18 1.373766953444561e-80 2.357027796433236e-08
286.0 1.7213975681654732e-07 5.305783562921135e-12 5.870106985889957e-18 2.7527577584312485e-80 2.5566166196751833e-08
287.0 1.8537371982501484e-07 5.9242685692404934e-12 6.8751819950801e-18 5.489303597370552e-80 2.771522164536304e-08
288.0 1.9952145815415414e-07 6.609753418402842e-12 8.043472376551739e-18 1.0893884386245235e-79 3.002793933793226e-08
289.0 2.1463860552345606e-07 7.368931836795175e-12 9.400026761760508e-18 2.151721873598379e-79 3.2515441428594484e-08
290.0 2.3078372769821913e-07 8.209109230131955e-12 1.0973512758464199e-17 4.230081431132139e-79 3.5189514073672646e-08
291.0 2.480184357319643e-07 9.138252672242394e-12 1.2796706139956167e-17 8.277355720619056e-79 3.806263890998291e-08
292.0 2.6640745576666746e-07 1.016504266752377e-11 1.4907038775959778e-17 1.6122616026802396e-78 4.114801845736078e-08
293.0 2.860189067180767e-07 1.129893638621116e-11 1.7347226079578167e-17 3.1260864229721164e-78 4.445963420951324e-08
294.0 3.069242449829133e-07 1.255022242581898e-11 2.0165953123637534e-17 6.034039672448262e-78 4.801225424031835e-08
295.0 3.2919854028968914e-07 1.3930092205990793e-11 2.3418663716051273e-17 1.1595166196389442e-77 5.182149256519657e-08
296.0 3.529205851437511e-07 1.5450709671996183e-11 2.716843560254966e-17 2.2183347594707546e-77 5.590384372924013e-08
297.0 3.7817308639006225e-07 1.7125289151113882e-11 3.1486966788376495e-17 4.225498158085994e-77 6.027673108117581e-08
298.0 4.0504269022871424e-07 1.896817081847179e-11 3.6455665703600254e-17 8.013985327361222e-77 6.495852941704364e-08
299.0 4.3362033780295133e-07 2.099491628267495e-11 4.216689826675353e-17 1.51341452119113e-76 6.996864105650798e-08
300.0 4.640012063176691e-07 2.322239092895387e-11 4.8725344194821734e-17 2.8459321078337525e-76 7.53275066743855e-08
301.0 4.962851450294712e-07 2.5668875654353502e-11 5.624955907282938e-17 5.329260091330162e-76 8.105669654757607e-08
302.0 5.305765329697847e-07 2.835415668860975e-11 6.487365615433379e-17 9.938093908564058e-76 8.717890929404638e-08
303.0 5.6698475402904e-07 3.129965292465521e-11 7.474924880344452e-17 1.8456570695082348e-75 9.371807174800695e-08
304.0 6.056241768980106e-07 3.452852517348599e-11 8.604755588197626e-17 3.4137231347376504e-75 1.006993592332934e-07
305.0 6.466145043847484e-07 3.806581242855339e-11 9.896179098221846e-17 6.288577511845111e-75 1.081492774212294e-07
306.0 6.900807520331855e-07 4.1938555239812376e-11 1.137097652929082e-16 1.1538265488128201e-74 1.1609568379963232e-07
307.0 7.361536780200611e-07 4.6175953221866745e-11 1.3053684671770328e-16 2.1086748532685602e-74 1.2456788529440416e-07
308.0 7.849698415343048e-07 5.080950992857466e-11 1.4971918621572852e-16 3.8386316355807524e-74 1.3359667509979969e-07
309.0 8.366718668204564e-07 5.587319894517367e-11 1.7156732869124104e-16 6.960773802437365e-74 1.4321440496212907e-07
310.0 8.914087047413982e-07 6.140364015640868e-11 1.964302167603706e-16 1.2573877305351085e-73 1.534550584891171e-07
311.0 9.493356485805465e-07 6.744026936887974e-11 2.246995687609671e-16 2.262703223746421e-73 1.6435428334375097e-07
312.0 1.0106148808582901e-06 7.402555489619443e-11 2.568148410904474e-16 4.056473079222488e-73 1.7594951587507815e-07
313.0 1.075415404740778e-06 8.120518319818597e-11 2.932685717680736e-16 7.245158774753694e-73 1.8828000109646116e-07
314.0 1.143913506575896e-06 8.902829368650819e-11 3.3461241248474485e-16 1.2892615978510842e-72 2.0138690565134465e-07
315.0 1.216292808671716e-06 9.754769623233136e-11 3.8146367842036665e-16 2.2858267269136496e-72 2.1531336082525975e-07
316.0 1.2927446473197907e-06 1.0682012594433569e-10 4.345126628628706e-16 4.038032388150258e-72 2.3010456363222305e-07
317.0 1.3734682864252305e-06 1.1690649953747228e-10 4.945306526366943e-16 7.107803986545897e-72 2.458078505549388e-07
318.0 1.4586712119424588e-06 1.278721925975088e-10 5.623787822201379e-16 1.246679974283355e-71 2.62472786933513e-07
319.0 1.5485693021906653e-06 1.3978732127327415e-10 6.390177306104461e-16 2.178928394946969e-71 2.801512354721139e-07
320.0 1.6433872015495718e-06 1.527270571897456e-10 7.255184625280499e-16 3.795017099600151e-71 2.9889746257923534e-07
321.0 1.7433585692954363e-06 1.6677194859584851e-10 8.230739866214452e-16 6.586906689535956e-71 3.187682238967983e-07
322.0 1.848726328928138e-06 1.8200825845929474e-10 9.330122641153776e-16 1.1393582204068658e-70 3.3982285120449e-07
323.0 1.9597430366140852e-06 1.9852833220152757e-10 1.0568104333978385e-15 1.9641014746397428e-70 3.6212336261511785e-07
324.0 2.076671005751761e-06 2.1643096035673049e-10 1.19611028137781e-15 3.374473768970213e-70 3.8573452943408725e-07
325.0 2.1997827949545538e-06 2.3582179702982683e-10 1.3527353918522417e-15 5.7783014375783025e-70 4.1072401141535955e-07
326.0 2.3293615319909404e-06 2.568137843016959e-10 1.5287098507865846e-15 9.861879314671793e-70 4.371624638694747e-07
327.0 2.4657009940256308e-06 2.795275710423778e-10 1.7262785510484036e-15 1.6776357860240783e-69 4.65123600479794e-07
328.0 2.609106131624505e-06 3.0409200168839697e-10 1.947929682041799e-15 2.8446392351117095e-69 4.946843405197296e-07
329.0 2.759893388494356e-06 3.3064460798346557e-10 2.1964191902045935e-15 4.80796262931512e-69 5.259249199628238e-07
330.0 2.9183909796744054e-06 3.5933212015717494e-10 2.4747974598586203e-15 8.100504044316764e-69 5.589289962635784e-07
331.0 3.084939128513905e-06 3.903109975149882e-10 2.7864383861055537e-15 1.36048138624297e-68 5.937837465853442e-07
332.0 3.2598906642267083e-06 4.2374803054350613e-10 3.1350714076335092e-15 2.2777977830071545e-68 6.305800369113859e-07
333.0 3.4436112147599543e-06 4.598209221132902e-10 3.524816081826694e-15 3.801823707621301e-68 6.694125156847627e-07
334.0 3.636479440052861e-06 4.987188999890623e-10 3.960219752684001e-15 6.326086292693482e-68 7.103797161993314e-07
335.0 3.838887704193813e-06 5.406434186203304e-10 4.446299031081006e-15 1.0494373956638404e-67 7.535842462332893e-07
336.0 4.051242224479171e-06 5.858088235645563e-10 4.988584385352816e-15 1.7356735885552506e-67 7.991328780872196e-07
337.0 4.2739635001098155e-06 6.344430852438061e-10 5.593168923139128e-15 2.8620771495176975e-67 8.471366946309338e-07
338.0 4.50748669848923e-06 6.867885614397596e-10 6.26676136570491e-15 4.705523087578429e-67 8.97711229078752e-07
339.0 4.752262080857337e-06 7.431028013926168e-10 7.016743644461401e-15 7.713636465814147e-67 9.509766145548727e-07
340.0 5.008755344680181e-06 8.036593741884751e-10 7.851233306148088e-15 1.260800496019048e-66 1.0070577190530333e-06
341.0 5.277448006368438e-06 8.687487406716372e-10 8.779151257983927e-15 2.054852451565818e-66 1.0660842901884183e-06
342.0 5.558837980333337e-06 9.386791976287063e-10 9.810295555092558e-15 3.339434934549554e-66 1.1281911416613813e-06
343.0 5.8534397573854735e-06 1.0137777980987488e-09 1.0955420688917163e-14 5.411706886555503e-66 1.1935182609941283e-06
344.0 6.161785021345429e-06 1.0943913860881603e-09 1.2226324206700996e-14 8.745310374931841e-66 1.2622110077128917e-06
345.0 6.4844229430731235e-06 1.1808876219365733e-09 1.3635939889357078e-14 1.409309847527902e-65 1.334420248300773e-06
346.0 6.8219207137164695e-06 1.2736560946596294e-09 1.5198439006996756e-14 2.264845282934002e-65 1.410302541917666e-06
347.0 7.174863875416936e-06 1.3731094457989799e-09 1.6929339372142837e-14 3.629792151858e-65 1.4900202867121883e-06
348.0 7.543856929551195e-06 1.4796845938959015e-09 1.8845623803828704e-14 5.801581487165916e-65 1.5737419255279055e-06
349.0 7.929523664681635e-06 1.593843958259724e-09 2.096586743012824e-14 9.247888703723104e-65 1.6616420959241483e-06
350.0 8.332507680576199e-06 1.7160767723425044e-09 2.3310375561929966e-14 1.4702133883815752e-64 1.7539018229229098e-06
351.0 8.753472752817823e-06 1.8469004200436748e-09 2.590133200746924e-14 2.3311468734913497e-64 1.8507086805993485e-06
352.0 9.193103432391277e-06 1.986861876267234e-09 2.876295964822506e-14 3.6865504347139886e-64 1.952257005209426e-06
353.0 9.652105524744896e-06 2.136539183172114e-09 3.192169318929844e-14 5.8148924503014e-64 2.058748085552956e-06
354.0 1.0131206487202106e-05 2.2965429684628823e-09 3.5406364949336206e-14 9.148370212399264e-64 2.170390338095744e-06
355.0 1.0631155944394812e-05 2.467518050786384e-09 3.924840523292795e-14 1.4356076967978357e-63 2.2873995092654094e-06
356.0 1.1152726200332701e-05 2.650145109633605e-09 4.3482057939600237e-14 2.2471247633567563e-63 2.4099988794470823e-06
357.0 1.1696712827850699e-05 2.8451424412081888e-09 4.814461277442704e-14 3.508546287348748e-63 2.5384194861644894e-06
358.0 1.22639350194304e-05 3.0532677266659697e-09 5.327665390947536e-14 5.464431698885327e-63 2.6729002980614576e-06
359.0 1.2855236211827931e-05 3.275319935737461e-09 5.89223282261189e-14 8.48964653995338e-63 2.813688450276927e-06
360.0 1.3471484550914885e-05 3.512141265745678e-09 6.512963271505903e-14 1.3157396998385005e-62 2.961039447672478e-06
361.0 1.4113573551294237e-05 3.764619206169389e-09 7.195072387558372e-14 2.0342061473728705e-62 3.1152174131208523e-06
362.0 1.4782422439141729e-05 4.033688599531683e-09 7.944224810441192e-14 3.1374246900131196e-62 3.2764952687160923e-06
363.0 1.5478976807394956e-05 4.320333862840473e-09 8.766569748901027e-14 4.827404331449344e-62 3.4451549878655816e-06
364.0 1.620420915063556e-05 4.625591261747986e-09 9.668779057414397e-14 7.410109395805867e-62 3.62148782357179e-06
365.0 1.695911939833744e-05 4.950551269161874e-09 1.0658088024148214e-13 1.1347876655280316e-61 3.8057945387417467e-06
366.0 1.7744735484721965e-05 5.296361021936966e-09 1.1742339066868548e-13 1.7337720999993673e-61 3.9983856471145585e-06
367.0 1.8562113916113883e-05 5.664226867743814e-09 1.2930028499529605e-13 2.642804948644985e-61 4.199581656178381e-06
368.0 1.941234029774224e-05 6.055416992561646e-09 1.4230356533099737e-13 4.019222987820931e-61 4.409713303399228e-06
369.0 2.0296530014062844e-05 6.471264191181003e-09 1.5653280851834136e-13 6.098613131653873e-61 4.629121829749136e-06
370.0 2.1215828672304823e-05 6.913168663477825e-09 1.7209573703000822e-13 9.232941301727766e-61 4.858159202125846e-06
371.0 2.2171412739583747e-05 7.382600970743247e-09 1.891088302661155e-13 1.394687792116772e-60 5.097188382068488e-06
372.0 2.3164490216123104e-05 7.881105110582507e-09 2.0769797774645328e-13 2.1020822417051076e-60 5.346583605646441e-06
373.0 2.4196301072375337e-05 8.410301620398744e-09 2.2799917426131814e-13 3.1613016949169676e-60 5.606730611656662e-06
374.0 2.5268118034369092e-05 8.971890907470552e-09 2.5015926463702277e-13 4.7438767688422193e-60 5.878026952539257e-06
375.0 2.6381247055714574e-05 9.567656586565568e-09 2.743367351441863e-13 7.103291897785403e-60 6.1608822357098405e-06
376.0 2.7537027864314054e-05 1.0199468955134345e-08 3.007025576316019e-13 1.0613344081587658e-59 6.4557183842735566e-06
377.0 2.8736834779419788e-05 1.0869288686680239e-08 3.2944109190422566e-13 1.5824084019361534e-59 6.762969963622014e-06
378.0 2.9982077215387335e-05 1.1579170534690638e-08 3.607510435731264e-13 2.354322886610842e-59 7.083084437720612e-06
379.0 3.127420033752781e-05 1.2331267216340054e-08 3.948464854253075e-13 3.495440020396556e-59 7.4165224634544695e-06
380.0 3.261468556145719e-05 1.3127833363170953e-08 4.319579423641694e-13 5.178849242742836e-59 7.763758150515009e-06
381.0 3.4005051437417765e-05 1.3971229755184916e-08 4.723335504658393e-13 7.657154206847142e-59 8.12527941520572e-06
382.0 3.544685402726561e-05 1.4863927489725348e-08 5.162402827930956e-13 1.1298252522555511e-58 8.501588216558825e-06
383.0 3.6941687745658564e-05 1.5808512474145608e-08 5.639652585388238e-13 1.6636880487945695e-58 8.893200905439792e-06
384.0 3.8491185848490834e-05 1.6807689916355484e-08 6.158171289345493e-13 2.444872159105132e-58 9.30064849213384e-06
385.0 4.0097021191007864e-05 1.786428907242264e-08 6.721275530873613e-13 3.585674671009971e-58 9.724476981139836e-06
386.0 4.1760906904738644e-05 1.898126811155287e-08 7.332527636868389e-13 5.248350648571369e-58 1.0165247689435428e-05
387.0 4.3484596880046615e-05 2.0161719044374883e-08 7.995752250270027e-13 7.666881028847453e-58 1.0623537520030491e-05
388.0 4.526988666974895e-05 2.1408872996388615e-08 8.715053991892974e-13 1.1178026859374782e-57 1.109993934048489e-05
389.0 4.7118613850618176e-05 2.272610539261405e-08 9.49483608893927e-13 1.6265546875565096e-57 1.1595062231969898e-05
390.0 4.9032659075771377e-05 2.4116941627830205e-08 1.033982025291472e-12 2.3623039355968563e-57 1.210953190999787e-05
391.0 5.1013946392743545e-05 2.5585062557015788e-08 1.1255067596267109e-12 3.4243084682395714e-57 1.2643990967847713e-05
392.0 5.3064444097825265e-05 2.7134310409881026e-08 1.2246000893579162e-12 4.9543461060811037e-57 1.3199099254155146e-05
393.0 5.518616539548059e-05 2.8768694788221927e-08 1.3318428111957187e-12 7.154552116846359e-57 1.3775534205452575e-05
394.0 5.7381168978026245e-05 3.0492398797659463e-08 1.447856729350176e-12 1.0312582393934922e-56 1.4373991161285604e-05
395.0 5.96515599096381e-05 3.230978551966574e-08 1.5733072954869958e-12 1.4837046060665223e-56 1.4995183757943049e-05
396.0 6.199949008633344e-05 3.4225404447312025e-08 1.708906390083483e-12 2.130730839342331e-56 1.563984421892249e-05
397.0 6.442715907588303e-05 3.6243998310090486e-08 1.8554152725127954e-12 3.054336698113327e-56 1.6308723743012783e-05
398.0 6.693681472507218e-05 3.837050996812773e-08 2.013647692595195e-12 4.370371727906473e-56 1.700259283670729e-05
399.0 6.953075391830998e-05 4.061008958671276e-08 2.1844731819776664e-12 6.242217727320293e-56 1.7722241687376242e-05
400.0 7.221132317900743e-05 4.296810192273632e-08 2.368820525266765e-12 8.899884535500725e-56 1.8468480499184817e-05
401.0 7.498091949891809e-05 4.545013394837328e-08 2.5676814316217434e-12 1.2666614601040555e-55 1.924213988962836e-05
402.0 7.784199093402204e-05 4.806200254872953e-08 2.7821144020008464e-12 1.7995884955592916e-55 2.0044071229242136e-05
403.0 8.079703723727275e-05 5.0809762449149974e-08 3.01324880955047e-12 2.5522781990001924e-55 2.0875146992884908e-05
404.0 8.38486107925046e-05 5.369971454810294e-08 3.262289213903214e-12 3.613521089230046e-55 2.1736261191318357e-05
405.0 8.699931708847669e-05 5.6738414187868805e-08 3.5305198925449618e-12 5.1072430879436856e-55 2.2628329686949396e-05
406.0 9.025181553275712e-05 5.993267986062367e-08 3.819309628829517e-12 7.206117438357901e-55 2.3552290599620035e-05
407.0 9.360882011063715e-05 6.328960204737522e-08 4.130116750259251e-12 1.0150337333649829e-54 2.450910467493141e-05
408.0 9.707310011675989e-05 6.681655233771517e-08 4.46449443754106e-12 1.427346319594206e-54 2.549975567395503e-05
409.0 0.00010064748088438474 7.052119278807648e-08 4.824096314123278e-12 2.0037952552122778e-54 2.6525250764964777e-05
410.0 0.00010433484443490761 7.441148546737027e-08 5.210682325215331e-12 2.808392038308614e-54 2.7586620896696247e-05
411.0 0.0001081381301633053 7.849570227117792e-08 5.626124924536134e-12 3.9295948843526445e-54 2.8684921183318033e-05
412.0 0.00011206033570912991 8.278243512230412e-08 6.07241559121721e-12 5.489448126794972e-54 2.9821231341131227e-05
413.0 0.00011610451740856732 8.728060612436967e-08 6.551671660009495e-12 7.656064811502674e-54 3.0996656016708207e-05
414.0 0.00012027379127298167 9.199947835782923e-08 7.066143528730078e-12 1.06606486041111e-53 3.221232525715348e-05
415.0 0.00012457133343453394 9.694866654652128e-08 7.618222202064483e-12 1.4820669362354633e-53 3.346939484097512e-05
416.0 0.00012900038104311554 1.0213814832893559e-07 8.210447241602092e-12 2.0571368087235294e-53 3.476904673164822e-05
417.0 0.00013356423293235165 1.0757827563133891e-07 8.845515101229969e-12 2.850851878392906e-53 3.611248947207871e-05
418.0 0.00013826625024579946 1.1327978628202338e-07 9.5262878743233e-12 3.944638057586482e-53 3.750095857041188e-05
419.0 0.0001431098572100107 1.192538160225902e-07 1.0255802483117748e-11 5.4496116824978555e-53 3.89357169277199e-05
420.0 0.00014809854182946144 1.25511910744309e-07 1.1037280314765001e-11 7.517174953187501e-53 4.041805524701625e-05
421.0 0.00015323585657780185 1.3206603901055816e-07 1.1874137327495302e-11 1.0353310313901903e-52 4.1949292443498374e-05
422.0 0.0001585254190487035 1.3892860483721804e-07 1.2769994643637485e-11 1.4237836430163802e-52 4.353077604589542e-05
423.0 0.00016397091279123785 1.4611246093172497e-07 1.3728689667896883e-11 1.955030968002091e-52 4.516388265062164e-05
424.0 0.00016957608784055894 1.5363092197109518e-07 1.4754287713640306e-11 2.6804813530601137e-52 4.6850018294641186e-05
425.0 0.000175344761546971 1.6149777844725123e-07 1.58510942066954e-11 3.6696617700836924e-52 4.8590618912359e-05
426.0 0.00018128081917505317 1.6972731062071925e-07 1.70236674466323e-11 5.0164666516646266e-52 5.0387150731423305e-05
427.0 0.00018738821461295637 1.7833430288658568e-07 1.8276831976592427e-11 6.84751465860433e-52 5.22411107008944e-05
428.0 0.00019367097107762953 1.873340584584076e-07 1.961569257692704e-11 9.333308540251993e-52 5.41540269204638e-05
429.0 0.00020013318189138877 1.9674241444837307e-07 2.1045648915481124e-11 1.2703117261429976e-51 5.612745909183322e-05
430.0 0.00020677901091815416 2.065757569450157e-07 2.257241083740885e-11 1.7264794041532502e-51 5.8162998876854524e-05
431.0 0.00021361269351991585 2.1685103692852393e-07 2.4202014409030364e-11 2.3431130662295357e-51 6.026227040320973e-05
432.0 0.00022063853702337263 2.2758578604484717e-07 2.594083863930432e-11 3.175485522560386e-51 6.24269306348539e-05
433.0 0.00022786092144500887 2.387981329717745e-07 2.7795622984183263e-11 4.2975044359790405e-51 6.465866981669366e-05
434.0 0.0002352843003234449 2.5050682024998387e-07 2.977348565156659e-11 5.807858870784592e-51 6.695921195196562e-05
435.0 0.0002429132011378587 2.6273122103276996e-07 3.188194267225115e-11 7.838148365221454e-51 6.933031516415773e-05
436.0 0.0002507522260592155 2.754913565305611e-07 3.4128927856004584e-11 1.0563619526279677e-50 7.17737721548138e-05
437.0 0.0002588060526593279 2.888079137755625e-07 3.652281362272807e-11 1.4217327597659545e-50 7.429141065148613e-05
438.0 0.0002670794345415838 3.027022636652714e-07 3.907243273514089e-11 1.9108790781549046e-50 7.688509383516688e-05
439.0 0.00027557720193082145 3.1719647932304587e-07 4.178710096986009e-11 2.5648530261988173e-50 7.955672075755338e-05
440.0 0.0002843042624080789 3.3231335499214746e-07 4.46766407893696e-11 3.438031072890287e-50 8.230822680167056e-05
441.0 0.00029326560141798043 3.48076425043986e-07 4.775140599579473e-11 4.602344269542829e-50 8.514158407859477e-05
442.0 0.0003024662830321172 3.64509983658923e-07 5.102230747605169e-11 6.152821517761042e-50 8.805880189969132e-05
443.0 0.00031191145048575737 3.8163910462601076e-07 5.450084000246085e-11 8.214844115871757e-50 9.106192718489791e-05
444.0 0.0003216063268952371 3.9948966174310664e-07 5.8199110192328003e-11 1.095362780111369e-49 9.415304492500624e-05
445.0 0.0003315562157124818 4.180883492858972e-07 6.212986559142653e-11 1.4586600558011848e-49 9.733427856874283e-05
446.0 0.00034176650147096975 4.3746270322517996e-07 6.630652501853973e-11 1.939954027735599e-49 0.0001006077904963232
447.0 0.00035224265037914903 4.5764112265845616e-07 7.074321013769566e-11 2.5767588100647684e-49 0.000103975782450059
448.0 0.00036299021079889054 4.786528914896045e-07 7.545477830270054e-11 3.4182576653373357e-49 0.0001074404959322664
449.0 0.00037401481405144587 5.005282009372631e-07 8.045685680819427e-11 4.5288527228467265e-49 0.00011100421270113855
450.0 0.00038532217473944894 5.232981718191285e-07 8.576587842930656e-11 5.99277013736845e-49 0.00011466925512492703
451.0 0.00039691809146986706 5.469948777690356e-07 9.13991184759861e-11 7.920027262688042e-49 0.00011843798665575301
452.0 0.00040880844746153113 5.71651368724633e-07 9.737473330859042e-11 1.045415534352107e-48 0.00012231281227079378
453.0 0.0004209992110371174 5.973016946738095e-07 1.0371180035868872e-10 1.3782182224873765e-48 0.00012629617888014605
454.0 0.00043349643607413585 6.239809297548333e-07 1.1043035971863276e-10 1.8147521118796897e-48 0.00013039057572313649
455.0 0.00044630626281868787 6.517251972976345e-07 1.1755145745587948e-10 2.386659177054666e-48 0.00013459853487460995
456.0 0.0004594349181050798 6.805716944458572e-07 1.2509719046735005e-10 3.135022968202128e-48 0.00013892263157385746
457.0 0.00047288871623333575 7.105587181577704e-07 1.33090753244708e-10 4.113123061127684e-48 0.0001433654847524509
458.0 0.0004866740590687205 7.417256904991396e-07 1.4155648623106052e-10 5.389974742081451e-48 0.00014792975732817452
459.0 0.0005007974369451147 7.741131855606073e-07 1.5051992625159542e-10 7.054872562509699e-48 0.0001526181567428011
460.0 0.0005152654289745586 8.077629559337515e-07 1.6000785869711733e-10 9.223215789825143e-48 0.00015743343532110507
461.0 0.0005300847034989342 8.427179598295381e-07 1.7004837171697096e-10 1.2043968951324775e-47 0.00016237839067326918
462.0 0.0005452620187196515 8.790223889221473e-07 1.8067091250476085e-10 1.570920564195383e-47 0.00016745586615247868
463.0 0.0005608042230645549 9.167216962292967e-07 1.9190634560292346e-10 2.04663036371316e-47 0.00017266875123295888
464.0 0.0005767182556961269 9.558626246612765e-07 2.037870134144554e-10 2.6633510522716713e-47 0.00017801998193173386
465.0 0.0005930111469040748 9.964932358328706e-07 2.163467989053534e-10 3.4619789423822356e-47 0.00018351254119537282
466.0 0.0006096900186381552 1.0386629395590178e-06 2.2962119065299947e-10 4.495009396009264e-47 0.00018914945933045933
467.0 0.0006267620848893672 1.0824225235564107e-06 2.4364735020819626e-10 5.829752257318366e-47 0.00019493381438776922
468.0 0.0006442346521736736 1.1278241837747158e-06 2.5846418193142895e-10 7.552418033860706e-47 0.00020086873257856822
469.0 0.0006621151197554288 1.1749215547338835e-06 2.741124052347651e-10 9.773305031102847e-47 0.00020695738861017596
470.0 0.0006804109803376589 1.2237697411350961e-06 2.906346295908683e-10 1.263337703748046e-46 0.0002132030061672258
471.0 0.00069912982019958 1.2744253489685249e-06 3.080754319785393e-10 1.6312595452932434e-46 0.00021960885822086914
472.0 0.0007182793196920083 1.3269465177098486e-06 3.26481437204809e-10 2.1040462683301035e-46 0.00022617826744968097
473.0 0.0007378672536170214 1.3813929527827866e-06 3.459014009945584e-10 2.7109349640746303e-46 0.00023291460662469088
474.0 0.000757901491491532 1.437825958270291e-06 3.663862959174179e-10 3.48913249561825e-46 0.000239821298957803
475.0 0.0007783899979861474 1.4963084704171154e-06 3.8798940036764966e-10 4.485938394930173e-46 0.0002469018185054002
476.0 0.0007993408332115459 1.5569050913189446e-06 4.107663905309572e-10 5.761420003006824e-46 0.00025415969052385484
477.0 0.0008207621529617485 1.619682122989813e-06 4.347754354659843e-10 7.391780063650525e-46 0.0002615984918109867
478.0 0.0008426622092041569 1.6847076023820745e-06 4.600772955411045e-10 9.473591704866099e-46 0.0002692218511258488
479.0 0.0008650493501632806 1.7520513360835096e-06 4.867354239764938e-10 1.2129118835290238e-45 0.00027703344947900815
480.0 0.0008879320207596136 1.8217849361824167e-06 5.148160719770162e-10 1.5512993444760052e-45 0.0002850370205355913
481.0 0.0009113187626791743 1.8939818558625247e-06 5.443883971576861e-10 1.9820587504960876e-45 0.0002932363508998689
482.0 0.0009352182148688465 1.968717426335335e-06 5.755245758004365e-10 2.5298499146779127e-45 0.0003016352805358682
483.0 0.0009596391135548582 2.0460688932672574e-06 6.082999185195421e-10 3.22576741112796e-45 0.0003102377030344606
484.0 0.0009845902926497161 2.1261154544824367e-06 6.427929899377384e-10 4.108980869739655e-45 0.00031904756600479185
485.0 0.0010100806837548997 2.208938297283444e-06 6.790857319906061e-10 5.2287834900060285e-45 0.00032806887133465036
486.0 0.0010361193165157024 2.2946206369894356e-06 7.172635914298913e-10 6.647147897717617e-45 0.00033730567556388243
487.0 0.001062715318715373 2.3832477553871424e-06 7.574156512405774e-10 8.441911930125537e-45 0.0003467620901727394
488.0 0.0010898779164693008 2.4749070398649685e-06 7.996347663050047e-10 1.0710745816768363e-44 0.0003564422819017713
489.0 0.0011176164343735852 2.569688022916478e-06 8.440177033251261e-10 1.3576087727115277e-44 0.00036635047305604663
490.0 0.0011459402955383599 2.667682421843683e-06 8.906652850508155e-10 1.7191278269086468e-44 0.00037649094177058913
491.0 0.0011748590218986254 2.7689841795638944e-06 9.39682539220685e-10 2.1748178052683077e-44 0.00038686802236575997
492.0 0.001204382234085382 2.8736895048664323e-06 9.911788517813627e-10 2.7486618044835586e-44 0.0003974861055573407
493.0 0.0012345196516827346 2.981896914025072e-06 1.0452681251277027e-09 3.470611285255255e-44 0.0004083496387921377
494.0 0.0012652810931877835 3.0937072721760107e-06 1.1020689409477696e-09 4.3780365438931463e-44 0.00041946312648463946
495.0 0.0012966764760699275 3.209223835382472e-06 1.1617047280959686e-09 5.517521210053561e-44 0.0004308311302849661
496.0 0.0013287158168906789 3.328552293309918e-06 1.2243039355944309e-09 6.947080351058174e-44 0.00044245826936568434
497.0 0.0013614092311996105 3.4518008118044236e-06 1.2900002106257383e-09 8.73889970215309e-44 0.00045434922063289937
498.0 0.0013947669335279693 3.5790800761523307e-06 1.3589325819125052e-09 1.098271542289938e-43 0.00046650871896801514
499.0 0.001428799237478498 3.7105033350384335e-06 1.4312456486244884e-09 1.3789980438198415e-43 0.00047894155750019367
500.0 0.0014635165555911386 3.846186444382084e-06 1.5070897746288436e-09 1.7298995873503681e-43 0.0004916525878024011
501.0 0.001498929399305489 3.98624791185613e-06 1.5866212885079763e-09 2.1681225572983447e-43 0.0005046467201179271
502.0 0.0015350483789117234 4.130808941818356e-06 1.6700026893761334e-09 2.714905966157537e-43 0.0005179289235813498
503.0 0.0015718842033140808 4.279993480173828e-06 1.7574028584276631e-09 3.3965351361870647e-43 0.0005315042263744178
504.0 0.0016094476801730077 4.43392826068564e-06 1.84899727696107e-09 4.2455121964284504e-43 0.0005453777160077285
505.0 0.0016477497155396779 4.592742850348338e-06 1.944968250049534e-09 5.3019914495505005e-43 0.0005595545394291769
506.0 0.0016868013137272162 4.756569695808034e-06 2.045505136786822e-09 6.615538042052869e-43 0.0005740399032099051
507.0 0.0017266135772770496 4.925544170477864e-06 2.150804587122123e-09 8.247280927748716e-43 0.0005888390737606859
508.0 0.0017671977066650109 5.099804621344693e-06 2.2610707849925616e-09 1.0272546296814984e-42 0.0006039573774577831
509.0 0.0018085649999957344 5.2794924161316565e-06 2.37651569816121e-09 1.2784075988789853e-42 0.0006194002007621023
510.0 0.0018507268529328004 5.464751991542887e-06 2.4973593352338776e-09 1.589595755479598e-42 0.0006351729904165172
511.0 0.0018936947584044963 5.655730901270315e-06 2.623830009420524e-09 1.9748419341979e-42 0.0006512812535643261
512.0 0.0019374803061900508 5.8525798640252665e-06 2.7561646092821683e-09 2.4513676167908907e-42 0.0006677305578238572
513.0 0.0019820951827772865 6.055452812758756e-06 2.8946088771503973e-09 3.0403049926176557e-42 0.0006845265314536562
514.0 0.00202755117099449 6.26450694359764e-06 3.039417694695243e-09 3.767563610630876e-42 0.000701674863437569
515.0 0.0020738601496294597 6.479902765105837e-06 3.190855376060919e-09 4.6648843304689193e-42 0.0007191813035624487
516.0 0.002121034093035732 6.701804147865368e-06 3.3491959687180037e-09 5.771120018516021e-42 0.0007370516624884505
517.0 0.0021690850708656925 6.930378374817895e-06 3.5147235624083543e-09 7.133790524143555e-42 0.0007552918118605059
518.0 0.002218025247614464 7.165796191374757e-06 3.687732605850117e-09 8.81096917285677e-42 0.0007739076843513379
519.0 0.0022678668820437812 7.4082318554722e-06 3.868528231423254e-09 1.0873569642474468e-41 0.0007929052736592877
520.0 0.0023186223269445424 7.657863189053367e-06 4.057426588758785e-09 1.3408116018045186e-41 0.0008122906346210706
521.0 0.0023703040285322115 7.914871628703044e-06 4.254755186228853e-09 1.652009548392826e-41 0.0008320698831933922
522.0 0.0024229245259698093 8.179442277009108e-06 4.4608532412953995e-09 2.0338013046065933e-41 0.0008522491964756436
523.0 0.002476496450804723 8.451763953950316e-06 4.676072039515883e-09 2.5018291489566884e-41 0.0008728348126989871
524.0 0.00253103252646193 8.732029248776761e-06 4.900775302617056e-09 3.0751188213137255e-41 0.0008938330312317856
525.0 0.002586545567686023 9.020434572018785e-06 5.1353395656064655e-09 3.776793450532796e-41 0.0009152502125636004
526.0 0.002643048479899047 9.317180207490885e-06 5.380154563003205e-09 4.634934327260143e-41 0.0009370927782558227
527.0 0.0027005542586119474 9.622470364755776e-06 5.63562362461253e-09 5.683617941481616e-41 0.0009593672109075143
528.0 0.0027590759886808812 9.936513231306547e-06 5.9021640805841154e-09 6.964164439753547e-41 0.0009820800540624283
529.0 0.0028186268438274162 1.0259521025946479e-05 6.1802076767842544e-09 8.526639481490362e-41 0.0010052379122059312
530.0 0.002879220085687961 1.0591710050730534e-05 6.470200999099152e-09 1.0431659581902045e-40 0.0010288474505906061
531.0 0.002940869063301526 1.0933300744716017e-05 6.772605908754322e-09 1.2752560667145314e-40 0.0010529153952137606
532.0 0.003003587212266321 1.128451773674611e-05 7.087899987173854e-09 1.5578000998790556e-40 0.0010774485326729669
533.0 0.003067388053949377 1.164558989862893e-05 7.416576991350748e-09 1.901508319140774e-40 0.0011024537100361256
534.0 0.003132285194749791 1.2016750398723826e-05 7.759147319922007e-09 2.3193096123735057e-40 0.0011279378347265566
535.0 0.003198292325134649 1.2398236754855398e-05 8.116138489431093e-09 2.8267996584139635e-40 0.001153907874322051
536.0 0.0032654232189721676 1.279029088854002e-05 8.488095622217714e-09 3.4427773034906846e-40 0.0011803708564564039
537.0 0.0033336917324980854 1.3193159177975909e-05 8.875581944469208e-09 4.189886052993461e-40 0.0012073338685844503
538.0 0.003403111803508576 1.3607092512058281e-05 9.279179296065017e-09 5.0953807337935705e-40 0.0012348040578241146
539.0 0.003473697450257705 1.4032346343369725e-05 9.699488651031353e-09 6.192043102892629e-40 0.0012627886306868475
540.0 0.0035454627707169626 1.4469180742737688e-05 1.0137130650525329e-08 7.519274572194258e-40 0.0012912948529345445
541.0 0.0036184219414017627 1.4917860452179195e-05 1.0592746146363951e-08 9.124399398327076e-40 0.0013203300492745798
542.0 0.0036925892164901856 1.537865493912061e-05 1.1066996757241856e-08 1.1064217795671258e-39 0.0013499016031560584
543.0 0.0037679789266125076 1.5851838449356755e-05 1.1560565436046328e-08 1.3406855621799572e-39 0.001380016956441105
544.0 0.0038446054778970484 1.6337690061132686e-05 1.2074157050119646e-08 1.6233965754539628e-39 0.0014106836091645042
545.0 0.003922483350825162 1.6836493738498e-05 1.2608498973334334e-08 1.9643346237889e-39 0.0014419091192185575
546.0 0.004001627099100715 1.734853838475878e-05 1.3164341690733302e-08 2.3752051984290602e-39 0.0014737011020379146
547.0 0.0040820513484658115 1.787411789572523e-05 1.3742459415685876e-08 2.870009057497181e-39 0.0015060672302592986
548.0 0.0041637707955649705 1.8413531213182642e-05 1.4343650720055461e-08 3.465480884894169e-39 0.0015390152333936893
549.0 0.0042468002066183745 1.8967082377522904e-05 1.4968739176734307e-08 4.1816095913919155e-39 0.0015725528974225853
550.0 0.004331154416279721 1.953508058116342e-05 1.561857401596393e-08 5.042255042860368e-39 0.0016066880644567886
551.0 0.004416848326268972 2.0117840220935644e-05 1.6294030794205428e-08 6.07587860252123e-39 0.001641428632306366
552.0 0.004503896904052171 2.071568095061626e-05 1.6996012076626573e-08 7.316407921967884e-39 0.001676782554062081
553.0 0.004592315181671912 2.1328927734087584e-05 1.7725448133800225e-08 8.80425998174519e-39 0.0017127578377272097
554.0 0.004682118254077953 2.1957910896114796e-05 1.8483297650306756e-08 1.0587550551049469e-38 0.0017493625456574122
555.0 0.004773321277983568 2.2602966175428855e-05 1.9270548449239676e-08 1.272352311230635e-38 0.0017866047941902591
556.0 0.004865939470324042 2.3264434775856396e-05 2.008821822929292e-08 1.5280235985352854e-38 0.001824492753120578
557.0 0.004959988106763227 2.3942663417512615e-05 2.0937355316225485e-08 1.8338553031789988e-38 0.0018630346451873187
558.0 0.005055482520245147 2.4638004388047038e-05 2.181903942888113e-08 2.1994491069509315e-38 0.001902238745571058
559.0 0.005152438099456317 2.53508155932858e-05 2.2734382459359857e-08 2.6361986161334354e-38 0.0019421133813517628
560.0 0.005250870287265922 2.6081460607564337e-05 2.3684529267743262e-08 3.157615146767217e-38 0.001982666930951798
561.0 0.0053507945791088545 2.68303087235565e-05 2.4670658491352454e-08 3.779711160772388e-38 0.002023907823550868
562.0 0.005452226521381637 2.759773500192532e-05 2.569398336898285e-08 4.5214512734370853e-38 0.002065844538499226
563.0 0.005555181709814361 2.8384120320599365e-05 2.6755752580097782e-08 5.405282411038546e-38 0.0021084856047152377
564.0 0.005659675787752643 2.9189851423315296e-05 2.7857251098790005e-08 6.457756624566043e-38 0.0021518396000421575
565.0 0.00576572444438275 3.001532096755738e-05 2.899980106275691e-08 7.71026230405101e-38 0.002195915150576365
566.0 0.005873343413136433 3.08609275731051e-05 3.018476265860546e-08 9.199882136792666e-38 0.0022407209300570954
567.0 0.005982548469767978 3.172707586854735e-05 3.14135350211018e-08 1.0970399166351356e-37 0.002286265659124593
568.0 0.006093355430543424 3.261417653799305e-05 3.268755714860978e-08 1.3073475805230314e-37 0.0023325581046136344
569.0 0.006205780150507175 3.3522646367816355e-05 3.400830883474791e-08 1.5570034703714828e-37 0.002379607078869678
570.0 0.00631983852142108 3.445290829124339e-05 3.5377311614195796e-08 1.853187506624263e-37 0.0024274214389324775
571.0 0.006435546470050977 3.540539143436661e-05 3.679612972636608e-08 2.2043563436999978e-37 0.0024760100858454404
572.0 0.0065529199560243325 3.638053115938518e-05 3.8266371092824973e-08 2.6204644251771995e-37 0.002525381963793147
573.0 0.006671974970067761 3.7378769109438375e-05 3.9789688313039846e-08 3.113222271551566e-37 0.0025755460593773513
574.0 0.006792727531683178 3.840055324983106e-05 4.136777967316754e-08 3.696398094566523e-37 0.002626511400669279
575.0 0.006915193687503308 3.944633791251598e-05 4.300239017521849e-08 4.386169801304069e-37 0.0026782870565162896
576.0 0.0070393895087856 4.0516583835191695e-05 4.4695312577526205e-08 5.201535567544299e-37 0.002730882135508199
577.0 0.007165331089650668 4.161175820402014e-05 4.644838845625765e-08 6.164792450379551e-37 0.002784305785223557
578.0 0.007293034544695034 4.273233469218921e-05 4.8263509279681366e-08 7.302093994361685e-37 0.002838567191225959
579.0 0.007422516007012095 4.3878793500190735e-05 5.014261750168658e-08 8.644099498761243e-37 0.002893675576210711
580.0 0.007553791625722336 4.505162139258647e-05 5.208770766883344e-08 1.0226729583260293e-36 0.0029496401989526928
581.0 0.0076868775640103176 4.6251311737068486e-05 5.410082754756229e-08 1.2092044959588051e-36 0.0030064703534434414
582.0 0.007821789996638481 4.7478364539733884e-05 5.618407926474365e-08 1.4289267923698938e-36 0.0030641753678162698
583.0 0.007958545107667688 4.873328648083381e-05 5.83396204664689e-08 1.6875969084329075e-36 0.0031227646033435575
584.0 0.008097159088153111 5.001659094962884e-05 6.056966549362831e-08 1.9919445288936278e-36 0.0031822474534162625
585.0 0.008237648133813958 5.132879807831521e-05 6.287648657429926e-08 2.3498318665413586e-36 0.0032426333425049796
586.0 0.008380028442413224 5.267043477333895e-05 6.526241503092601e-08 2.7704391238711647e-36 0.003303931724998498
587.0 0.008524316211575777 5.404203474858816e-05 6.772984250780863e-08 3.264479479374108e-36 0.0033661520842062334
588.0 0.008670527636083723 5.5444138554467995e-05 7.028122221163565e-08 3.844448162387098e-36 0.0034293039311463908
589.0 0.008818678905445073 5.6877293607776104e-05 7.291907017110213e-08 4.524910865258686e-36 0.0034933968034329857
590.0 0.008968786201336565 5.834205421986951e-05 7.564596651257723e-08 5.3228375250029435e-36 0.0035584402641045854
591.0 0.009120865695054587 5.983898162393586e-05 7.84645567528601e-08 6.257988403865229e-36 0.0036244439004475245
592.0 0.009274933544808583 6.136864400025945e-05 8.13775531075912e-08 7.353360424369155e-36 0.0036914173227477645
593.0 0.009431005893120167 6.2931616501158e-05 8.438773581749796e-08 8.635702888168856e-36 0.003759370163075695
594.0 0.009589098864164184 6.452848127451326e-05 8.749795449110703e-08 1.0136113048935993e-35 0.0038283120740390283
595.0 0.009749228561018168 6.615982748562572e-05 9.071112946353397e-08 1.1890723541416787e-35 0.0038982527274901623
596.0 0.009911411062820827 6.78262513373433e-05 9.403025317122684e-08 1.3941495417673797e-35 0.003969201813187943
597.0 0.01007566242213441 6.95283560904443e-05 9.745839154537638e-08 1.6337132537573178e-35 0.004041169037531756
598.0 0.010241998662084455 7.12667520813688e-05 1.0099868542001301e-07 1.9134135335720177e-35 0.004114164122197541
599.0 0.010410435773409858 7.304205673812468e-05 1.0465435195580748e-07 2.2398014581908927e-35 0.004188196802728351
600.0 0.010580989711649738 7.485489459591293e-05 1.0842868608171398e-07 2.6204688708420695e-35 0.004263276827170354
601.0 0.010753676394304969 7.670589731135339e-05 1.1232506195289444e-07 3.0642091643046427e-35 0.00433941395468952
602.0 0.010928511697617433 7.859570367271396e-05 1.163469344210228e-07 3.581202191694341e-35 0.0044166179540246825
603.0 0.011105511453972578 8.052495961325702e-05 1.2049784052726515e-07 4.1832268178663703e-35 0.004494898602182411
604.0 0.011284691448466411 8.249431821727703e-05 1.247814010026011e-07 4.883905119474657e-35 0.004574265682785075
605.0 0.011466067416192877 8.450443972992965e-05 1.2920132179172402e-07 5.698982805840563e-35 0.004654728984700224
606.0 0.011649655038987357 8.655599156173758e-05 1.3376139558694093e-07 6.646651071698987e-35 0.0047362983004404485
607.0 0.01183546994234088 8.864964829288014e-05 1.3846550337951718e-07 7.747915819952147e-35 0.004818983424622402
608.0 0.012023527692223689 9.078609167534191e-05 1.433176160254712e-07 9.027021016584496e-35 0.004902794152379211
609.0 0.01221384379198212 9.296601063411065e-05 1.483217958275354e-07 1.0511933875157463e-34 0.004987740277792916
610.0 0.012406433679080845 9.519010126568528e-05 1.534821981304266e-07 1.2234900628168552e-34 0.005073831592254088
611.0 0.012601312721854479 9.745906683507578e-05 1.588030729310892e-07 1.4233082844097068e-34 0.005161077882815208
612.0 0.012798496216234297 9.977361777100972e-05 1.6428876650330935e-07 1.6549285609530057e-34 0.005249488930523858
613.0 0.01299799938245115 0.00010213447165932353 1.699437230364923e-07 1.923279043620984e-34 0.005339074508736135
614.0 0.013199837361714702 0.00010454235323450559 1.7577248628836597e-07 2.234030749596524e-34 0.005429844381410322
615.0 0.013404025212868933 0.00010699799436936016 1.8177970125136116e-07 2.5937063758042364e-34 0.005521808301380734
616.0 0.013610577908865256 0.00010950213406148356 1.8797011583022165e-07 3.0098045831862974e-34 0.00561497600854627
617.0 0.013819510333562903 0.00011205551842058158 1.9434858253745133e-07 3.4909418838124706e-34 0.005709357228183548
618.0 0.01403083727802848 0.00011465890064998517 2.0092006019507863e-07 4.047014547322445e-34 0.00580496166904341
619.0 0.014244573437259125 0.00011731304102973188 2.0768961565505712e-07 4.689383264694358e-34 0.005901799021611844
620.0 0.014460733406532832 0.00012001870689476958 2.1466242552697504e-07 5.4310836693473465e-34 0.005999878956206642
621.0 0.01467933167792795 0.00012277667261262717 2.2184377792029486e-07 6.287066224632017e-34 0.00609921112113358
622.0 0.014900382636757317 0.00012558771955845907 2.2923907419722215e-07 7.27446944737267e-34 0.0061998051407969315
623.0 0.015123900557885624 0.00012845263608713585 2.368538307352305e-07 8.412930956419765e-34 0.00630167061375097
624.0 0.015349899602310525 0.00013137221750556232 2.446936807047644e-07 9.724941420286961e-34 0.00640481711085082
625.0 0.01557839381321767 0.0001343472660385079 2.527643758494701e-07 1.1236247135843723e-33 0.006509254173173782
626.0 0.015809397112551422 0.00013737859079673834 2.6107178828476175e-07 1.2976307712047017e-33 0.006614991310144941
627.0 0.01604292329724989 0.00014046700774020845 2.6962191230107845e-07 1.4978816165267431e-33 0.0067220379975125215
628.0 0.01627898603542939 0.00014361333963865182 2.784208661756354e-07 1.7282289670526886e-33 0.006830403675291305
629.0 0.016517598862644412 0.00014681841603064307 2.8747489399436515e-07 1.9930740266293393e-33 0.006940097745726945
630.0 0.016758775178251962 0.00015008307318140044 2.967903674842844e-07 2.297443599373274e-33 0.007051129571293731
631.0 0.017002528241414898 0.0001534081540351559 3.0637378784770145e-07 2.6470764279268828e-33 0.007163508472530165
632.0 0.017248871167429722 0.0001567945081681314 3.1623178760961024e-07 3.0485210861881484e-33 0.007277243726000225
633.0 0.017497816923756567 0.00016024299173654982 3.2637113246688425e-07 3.509246923799404e-33 0.007392344562118733
634.0 0.017749378326186956 0.00016375446742353594 3.367987231464278e-07 4.037769747425864e-33 0.007508820163024028
635.0 0.018003568035026164 0.0001673298043838031 3.47521597269683e-07 4.643794134088884e-33 0.007626679660446367
636.0 0.018260398551011 0.00017096987818349422 3.585469312175603e-07 5.338374507379397e-33 0.0077459321334537295
637.0 0.018519882211490077 0.00017467557073999935 3.698820420051605e-07 6.134097371456699e-33 0.007866586606297977
638.0 0.01878203118649629 0.0001784477702583307 3.8153438915883333e-07 7.045287392974587e-33 0.007988652046204922
639.0 0.019046857474618904 0.00018228737116309513 3.93511576592847e-07 8.088240351673024e-33 0.008112137361068576
640.0 0.019314372899077583 0.0001861952740298203 4.0582135449305254e-07 9.281486350327398e-33 0.00823705139722037
641.0 0.01958458910381227 0.00019017238551389992 4.1847162120344997e-07 1.0646087088024486e-32 0.008363402937194805
642.0 0.01985751754928427 0.00019421961827416508 4.3147042510848194e-07 1.2205971462651591e-32 0.008491200697361364
643.0 0.02013316950841805 0.00019833789089514326 4.4482596651916547e-07 1.39883142849811e-32 0.008620453325605529
644.0 0.020411556062652908 0.00020252812780774488 4.5854659956206664e-07 1.6023963463016087e-32 0.008751169399046289
645.0 0.020692688097830144 0.0002067912592056665 4.726408340644907e-07 1.834792165844073e-32 0.008883357421672879
646.0 0.02097657629997828 0.00021112822095803262 4.871173374361962e-07 2.099988913501041e-32 0.00901702582192706
647.0 0.02126323115130106 0.00021553995452128972 5.019849365538563e-07 2.402487531963259e-32 0.009152182950361737
648.0 0.02155266292600375 0.00022002740684670894 5.172526196393441e-07 2.747388748892495e-32 0.009288837077219713
649.0 0.021844881686080862 0.0002245915302846575 5.329295381336496e-07 3.140470598902873e-32 0.009426996389985192
650.0 0.022139897277336253 0.0002292332824883983 5.490250085722724e-07 3.588275650482276e-32 0.009566668991024927
651.0 0.02243771932503414 0.00023395362631124393 5.655485144468242e-07 4.0982091127266175e-32 0.009707862895059906
652.0 0.022738357229754563 0.00023875352970286886 5.825097080656481e-07 4.6786491342297764e-32 0.009850586026714502
653.0 0.023041820163271866 0.0002436339656029468 5.999184124085231e-07 5.339070759176153e-32 0.009994846218065383
654.0 0.023348117064247973 0.00024859591182988016 6.177846229691632e-07 6.090185175569921e-32 0.01014065120609987
655.0 0.023657256634160823 0.00025364035096900827 6.361185095953923e-07 6.944096079574474e-32 0.010288008630265837
656.0 0.023969247332869707 0.0002587682702539374 6.549304183105027e-07 7.914475189629547e-32 0.010436926029853735
657.0 0.02428409737459568 0.00026398066144923173 6.742308731353748e-07 9.016759177547641e-32 0.010587410841548585
658.0 0.024601814723571556 0.0002692785207265038 6.940305778906854e-07 1.0268370542337523e-31 0.010739470396828233
659.0 0.02492240708986858 0.0002746628485392916 7.143404179917936e-07 1.1688965240255973e-31 0.01089311191942826
660.0 0.025245881925044886 0.00028013464949285563 7.351714622255397e-07 1.3300710203220025e-31 0.011048342522719056
661.0 0.025572246418060017 0.000285694932213739 7.565349645205786e-07 1.5128594231725974e-31 0.011205169207188982
662.0 0.025901507490806868 0.0002913447092119138 7.784423656915888e-07 1.7200776140058444e-31 0.011363598857750288
663.0 0.026233671794087084 0.00029708499674463684 8.009052951803242e-07 1.9548974466894053e-31 0.011523638241229109
664.0 0.02656874570323589 0.00030291681467317964 8.239355727693121e-07 2.2208903545018716e-31 0.011685294003692165
665.0 0.02690673531381014 0.0003088411863169679 8.475452102789825e-07 2.5220761257643633e-31 0.01184857266779105
666.0 0.027247646437485517 0.0003148591383068246 8.717464132520582e-07 2.8629774399018587e-31 0.012013480630188785
667.0 0.02759148459766642 0.00032097170043163644 8.965515826086632e-07 3.24868082095612e-31 0.012180024158850325
668.0 0.027938255025364938 0.00032717990548477465 9.219733162884185e-07 3.684904737907853e-31 0.01234820939044192
669.0 0.02828796265479648 0.00033348478910388455 9.480244108608024e-07 4.178075660944508e-31 0.012518042327595947
670.0 0.02864061211933165 0.0003398873896114537 9.747178631233854e-07 4.735412971241188e-31 0.012689528836323554
671.0 0.028996207747109395 0.0003463887478480294 1.002066871664006e-06 5.3650237192223445e-31 0.01286267464326829
672.0 0.029354753556863778 0.00035298990700451956 1.0300848384038712e-06 6.076008334189729e-31 0.013037485333044784
673.0 0.029716253253703747 0.00035969191245051405 1.0587853701118327e-06 6.8785785070755545e-31 0.013213966345547428
674.0 0.03008071022493349 0.0003664958115596485 1.08818227989158e-06 7.784188599443332e-31 0.013392122973268005
675.0 0.030448127535800448 0.00037340265353062415 1.1182895886365608e-06 8.805682076695022e-31 0.013571960358572078
676.0 0.03081850792537238 0.00038041348920630585 1.1491215264585117e-06 9.957454623303272e-31 0.013753483491023831
677.0 0.031191853802229805 0.00038752937088705393 1.1806925340769506e-06 1.12556357739121e-30 0.01393669720461976
678.0 0.031568167240544585 0.00039475135214529983 1.2130172641895442e-06 1.271829108856178e-30 0.014121606175185878
679.0 0.03194744997566533 0.00040208048763049195 1.2461105827892124e-06 1.436564711370995e-30 0.014308214917546136
680.0 0.032329703400203344 0.00040951783287670703 1.2799875704639962e-06 1.6220341606905884e-30 0.01449652778290587
681.0 0.0327149285597419 0.0004170644441019944 1.3146635236450855e-06 1.8307701761624e-30 0.014686548956058334
682.0 0.03310312614890548 0.0004247213780086798 1.3501539558300958e-06 2.0656053454781852e-30 0.014878282452744144
683.0 0.03349429650714154 0.00043248969157644773 1.3864745987549206e-06 2.3297064852804142e-30 0.015071732116873598
684.0 0.033888439614804984 0.0004403704418556878 1.4236414035362438e-06 2.6266128057976476e-30 0.015266901617876834
685.0 0.034285555088961056 0.0004483646857536151 1.461670541759687e-06 2.960278285571243e-30 0.01546379444791935
686.0 0.03468564217957472 0.0004564734798217799 1.5005784065398032e-06 3.335118704130141e-30 0.0156624139192837
687.0 0.035088699765337954 0.00046469788003525043 1.5403816135192227e-06 3.756063826188789e-30 0.01586276316158031
688.0 0.03549472634980284 0.00047303894157214334 1.5810970018336378e-06 4.228615281374718e-30 0.01606484511908851
689.0 0.03590372005745992 0.0004814977185888251 1.6227416350261419e-06 4.7589107386539925e-30 0.016268662548065527
690.0 0.036315678629846894 0.0004900752639918777 1.6653328019130147e-06 5.353795035281962e-30 0.016474218014061882
691.0 0.036730599421578955 0.0004987726292053598 1.708888017394566e-06 6.020898986587816e-30 0.01668151388919406
692.0 0.03714847939660469 0.0005075908639374419 1.7534250232233188e-06 6.768726675896784e-30 0.016890552349512273
693.0 0.037569315124330406 0.0005165310159416261 1.7989617887119652e-06 7.606752103758755e-30 0.01710133537230175
694.0 0.0379931027758903 0.0005255941307762929 1.8455165113923681e-06 8.54552616337003e-30 0.017313864733443436
695.0 0.038419838120397266 0.0005347812515603379 1.8931076176164178e-06 9.596795005000333e-30 0.017528142004759373
696.0 0.0388495165211783 0.0005440934187249346 1.941753763097353e-06 1.0773630957393493e-29 0.017744168551344478
697.0 0.039282132932157245 0.0005535316697636838 1.9914738333979553e-06 1.2090577289244858e-29 0.017961945528959234
698.0 0.03971768189427656 0.0005630970389796839 2.0422869443591208e-06 1.3563808219775388e-29 0.01818147388143412
699.0 0.04015615753174695 0.0005727905572265288 2.0942124424563854e-06 1.5211305725167166e-29 0.018402754337989356
700.0 0.04059755354866157 0.0005826132516507996 2.1472699051100793e-06 1.7053054838595057e-29 0.018625787410715484
