200.0 3.376032104141759e-08 1.1953313255877812e-14 3.632957161695936e-23 5.1281970735224416e-114 2.2083011179705628e-09
201.0 3.786076849693217e-08 1.443328804506201e-14 4.8362809667737465e-23 2.0235221885443422e-113 2.5103451052116347e-09
202.0 4.241065013330943e-08 1.7395108465186906e-14 6.419897693240136e-23 7.876701258968666e-113 2.850052597939477e-09
203.0 4.7453744727429394e-08 2.0925988887367798e-14 8.49822706908381e-23 3.0252499795369837e-112 3.2316543092477413e-09
204.0 5.303749020288802e-08 2.5127731985523822e-14 1.1218369443200667e-22 1.146684348705019e-111 3.6597987477608876e-09
205.0 5.921332506456717e-08 3.0119007195340506e-14 1.476895941135995e-22 4.290186478443052e-111 4.1395936958524566e-09
206.0 6.603698496459303e-08 3.6037926321275296e-14 1.9391275272823883e-22 1.5846770532710405e-110 4.676646481764792e-09
207.0 7.356866142177267e-08 4.3044887970633835e-14 2.539310224783151e-22 5.779870511458781e-110 5.277096103488977e-09
208.0 8.187347426460941e-08 5.132597334580243e-14 3.316613492269627e-22 2.0820328811152665e-109 5.947669136051893e-09
209.0 9.10216276754691e-08 6.109660376305547e-14 4.320754888363219e-22 7.408436252860868e-109 6.695715084495475e-09
210.0 1.0108892281914803e-07 7.260589548012779e-14 5.6146947314307e-22 2.60442178807014e-108 7.529269288565145e-09
211.0 1.1215704492574505e-07 8.614143201787841e-14 7.277968449712816e-22 9.04725303579928e-108 8.457101786235214e-09
212.0 1.2431384835034833e-07 1.0203462229229359e-13 9.410805197087964e-22 3.106103108313033e-107 9.488767755352075e-09
213.0 1.3765395199202456e-07 1.2066697729331614e-13 1.2139232459774242e-21 1.0540976212983515e-106 1.0634683659014656e-08
214.0 1.5227897573461455e-07 1.4247687155477152e-13 1.5621336213852861e-21 3.5365689743623934e-106 1.190617878615497e-08
215.0 1.682980859164248e-07 1.6796739043213169e-13 2.0054976703194564e-21 1.173245975359368e-105 1.3315572715708161e-08
216.0 1.8582840553455596e-07 1.9771500553632373e-13 2.568723664218545e-21 3.84919254777547e-105 1.4876245158921444e-08
217.0 2.0499551039415933e-07 2.3237936465764297e-13 3.2825988589827617e-21 1.2490808795811663e-104 1.6602715222908243e-08
218.0 2.2593392273303713e-07 2.727142323829729e-13 4.185401629686967e-21 4.0097504956866864e-104 1.8510723418780974e-08
219.0 2.4878764579878243e-07 3.1957974934203573e-13 5.3246224478448675e-21 1.2735450883916215e-103 2.061732001029126e-08
220.0 2.737107410672903e-07 3.7395615767726294e-13 6.7590571945454735e-21 4.0026230664767357e-103 2.2940960123247735e-08
221.0 3.0086776801003975e-07 4.369588915717238e-13 8.561343390981104e-21 1.245002890793813e-102 2.550159064215518e-08
222.0 3.3043457644221886e-07 5.098558504539765e-13 1.0821040112466283e-20 3.833118776126514e-102 2.8320769991361116e-08
223.0 3.6259878376706474e-07 5.940861423272346e-13 1.3648341912658774e-20 1.1682888562992262e-101 3.142176528694176e-08
224.0 3.9756051628831555e-07 6.912812754127895e-13 1.7178566272503716e-20 3.525518618566933e-101 3.482967551692671e-08
225.0 4.3553287997209826e-07 8.032881799554234e-13 2.1577544539516918e-20 1.0534845757479758e-100 3.8571535166714775e-08
226.0 4.767430025775607e-07 9.321957103070688e-13 2.7048125149844643e-20 3.117615149527024e-100 4.26764718575229e-08
227.0 5.214324091907984e-07 1.080362725851991e-12 3.3837941237637824e-20 9.138219364371892e-100 4.717580982056444e-08
228.0 5.698580557896955e-07 1.2504503659792337e-12 4.2248744267215054e-20 2.6533842504919206e-99 5.2103235866528256e-08
229.0 6.222929170367104e-07 1.445456762117704e-12 5.264753110232024e-20 7.632941293892619e-99 5.749493028339881e-08
230.0 6.790268787897582e-07 1.6687559253640658e-12 6.547983590524102e-20 2.1756533266457575e-98 6.338972973759794e-08
231.0 7.403676257468154e-07 1.924140581883965e-12 8.128555995331814e-20 6.145332353930412e-98 6.982929503209468e-08
232.0 8.066413916634775e-07 2.215868922352149e-12 1.0071777306290177e-19 1.7203227528179525e-97 7.685827106469622e-08
233.0 8.781940135296315e-07 2.548716753560416e-12 1.2456505700080538e-19 4.773462440806199e-97 8.452448054439197e-08
234.0 9.553916725220057e-07 2.928033864279377e-12 1.5377793451234418e-19 1.3130018279279298e-96 9.287909352377966e-08
235.0 1.0386221120048703e-06 3.359807216449465e-12 1.895001932321046e-19 3.580583883858647e-96 1.0197684822213113e-07
236.0 1.1282953255277877e-06 3.850728521906342e-12 2.3310578456558316e-19 9.681588844780537e-96 1.1187622652098223e-07
237.0 1.2248449376737545e-06 4.408270422565591e-12 2.8624244349449177e-19 2.5959152590843368e-95 1.2263970297527222e-07
238.0 1.3287289248025622e-06 5.040767530335333e-12 3.508828929890828e-19 6.902898119665678e-95 1.3433393526661404e-07
239.0 1.4404309849378448e-06 5.757507216524246e-12 4.293851524620308e-19 1.8206008728352165e-94 1.4703002524547367e-07
240.0 1.5604615514227818e-06 6.568827391443301e-12 5.245632120276887e-19 4.763046864649709e-94 1.6080375138025015e-07
241.0 1.6893588452345226e-06 7.486223132749915e-12 6.397698112940877e-19 1.2361908097607706e-93 1.7573581126078554e-07
242.0 1.827690355652109e-06 8.522464670602359e-12 7.789934116408646e-19 3.1831694606373974e-93 1.9191211533295256e-07
243.0 1.9760538355548163e-06 9.691723642990369e-12 9.46971272634733e-19 8.132983949787596e-93 2.094240379533783e-07
244.0 2.135078638169398e-06 1.1009711828089988e-11 1.1493214331022104e-18 2.0620424214215983e-92 2.2836871087342166e-07
245.0 2.305427046949843e-06 1.2493831829301053e-11 1.3926963985026236e-18 5.188522949449015e-92 2.488493238858828e-07
246.0 2.487795640684026e-06 1.416334079144431e-11 1.6849618631893914e-18 1.2957721347945069e-91 2.709754371653397e-07
247.0 2.6829166091902146e-06 1.603952760802376e-11 2.0354041850749104e-18 3.212121037080565e-91 2.948632962333022e-07
248.0 2.8915591910107826e-06 1.8145905543290925e-11 2.454971011569022e-18 7.904465736234268e-91 3.20636168204747e-07
249.0 3.1145311888197183e-06 2.0508421228527736e-11 2.9565499563401826e-18 1.9311182130830388e-90 3.484246951890747e-07
250.0 3.352680349476181e-06 2.3155679804340402e-11 3.555290695012653e-18 4.684234839846823e-90 3.783672413224339e-07
251.0 3.606895993015267e-06 2.6119189817274533e-11 4.2689771059913226e-18 1.1282337016823812e-89 4.106102762322344e-07
252.0 3.878110462021084e-06 2.943362638625748e-11 5.118456206354492e-18 2.6985261712950675e-89 4.453087474249604e-07
253.0 4.167300864121016e-06 3.3137117231304125e-11 6.128132457325137e-18 6.409989782063278e-89 4.826264950902983e-07
254.0 4.47549063320536e-06 3.7271549683118546e-11 7.32653605392449e-18 1.512260429868654e-88 5.227366559174723e-07
255.0 4.80375116834286e-06 4.188290188297417e-11 8.746975738614568e-18 3.5438002895312115e-88 5.658220851556689e-07
256.0 5.153203678431587e-06 4.702160102070392e-11 1.0428288039239356e-17 8.249347604328945e-88 6.12075812641485e-07
257.0 5.525020717055506e-06 5.2742905846486504e-11 1.241569509013237e-17 1.9077060219689612e-87 6.617014724517147e-07
258.0 5.920428265932834e-06 5.910732276637738e-11 1.4761787333524483e-17 4.38306627046112e-87 7.149138076664226e-07
259.0 6.340707294300304e-06 6.61810477272112e-11 1.7527645502790837e-17 1.0005806458627981e-86 7.719391234257195e-07
260.0 6.787195865424706e-06 7.403644577253747e-11 2.0784122665765908e-17 2.2696864949931868e-86 8.330158160942549e-07
261.0 7.261290719585618e-06 8.275255975689383e-11 2.4613304456090138e-17 5.116242204150238e-86 8.983948498294007e-07
262.0 7.764449617030112e-06 9.241566374020026e-11 2.911017425848915e-17 1.1461435805508563e-85 9.683403369645644e-07
263.0 8.29819298658592e-06 1.0311984776848329e-10 3.438450504317639e-17 2.5518811403838972e-85 1.0431300446297448e-06
264.0 8.864106161538157e-06 1.1496765039214095e-10 4.056301077445014e-17 5.6473624244618e-85 1.1230559851349838e-06
265.0 9.463841264305931e-06 1.2807073072363293e-10 4.7791786532656444e-17 1.2422944159252733e-84 1.2084249743241414e-06
266.0 1.0099119420301013e-05 1.425505907251002e-10 5.623907592741632e-17 2.7166048334832043e-84 1.2995592429762971e-06
267.0 1.0771732834022684e-05 1.5853934471448644e-10 6.609840401075574e-17 5.905823093152707e-84 1.3967970429506998e-06
268.0 1.1483547023114165e-05 1.7618054273747533e-10 7.759212160894763e-17 1.276482786083555e-83 1.500493285718997e-06
269.0 1.223650291463185e-05 1.956300465475408e-10 9.097540887451691e-17 2.7432043738200943e-83 1.6110201754018804e-06
270.0 1.3032619099224636e-05 2.1705696541029285e-10 1.0654079455783565e-16 5.861890898111017e-83 1.7287678745329423e-06
271.0 1.3873994200652712e-05 2.4064465473830525e-10 1.2462325200669276e-16 1.2456067319615563e-82 1.8541451979114275e-06
272.0 1.4762809107226287e-05 2.665917767244915e-10 1.4560593726187485e-16 2.6321746018672812e-82 1.9875803011786636e-06
273.0 1.5701329316877476e-05 2.95113430335614e-10 1.6992664546398279e-16 5.531787158452234e-82 2.1295213972486043e-06
274.0 1.6691907356411973e-05 3.264423538951628e-10 1.9808506787571123e-16 1.156270249432708e-81 2.2804374959407664e-06
275.0 1.7736985144519266e-05 3.6083020158585474e-10 2.306509390102916e-16 2.4039314814069086e-81 2.4408191493306244e-06
276.0 1.883909651252976e-05 3.985489018202412e-10 2.6827317642580676e-16 4.971403480797136e-81 2.611179232031941e-06
277.0 2.0000869543061068e-05 4.398920947714701e-10 3.1169011935872794e-16 1.0227161508404601e-80 2.792053710007681e-06
278.0 2.122502923351375e-05 4.851766636109386e-10 3.6174099433535836e-16 2.0930278904206345e-80 2.984002467859569e-06
279.0 2.251439993592605e-05 5.347443525498035e-10 4.1937873406425404e-16 4.261504827774714e-80 3.1876101191372614e-06
280.0 2.3871908077767084e-05 5.889634871127388e-10 4.85684304009703e-16 8.632626414594164e-80 3.403486869991931e-06
281.0 2.5300584492044237e-05 6.482307857368726e-10 5.6188268583167e-16 1.73995686618692e-79 3.6322693416406047e-06
282.0 2.680356736347346e-05 7.129732915478564e-10 6.493607132979665e-16 3.489577431938439e-79 3.8746214943961806e-06
283.0 2.838410469947529e-05 7.836504031928349e-10 7.496869334941663e-16 6.964163163809185e-79 4.131235498646357e-06
284.0 3.004555708112125e-05 8.607560281020582e-10 8.646337197413334e-16 1.38308659617126e-78 4.402832660070597e-06
285.0 3.179140040037936e-05 9.448208566008708e-10 9.962018625876592e-16 2.733609171053499e-78 4.69016435764622e-06
286.0 3.362522854102882e-05 1.0364147608422056e-09 1.146647890127992e-15 5.377148803805164e-78 4.994012987946015e-06
287.0 3.5550756213442916e-05 1.1361493303734766e-09 1.3185144003198792e-15 1.052732254366521e-77 5.315192946691243e-06
288.0 3.75718218577884e-05 1.2446805484363832e-09 1.5146637060779303e-15 2.051423878343516e-77 5.65455163569221e-06
289.0 3.969239015750072e-05 1.362711599792511e-09 1.7383151032351082e-15 3.979106363881119e-77 6.012970426171047e-06
290.0 4.191655528955939e-05 1.4909958529347113e-09 1.993086162739885e-15 7.682969850424036e-77 6.391365747461275e-06
291.0 4.424854349154061e-05 1.630339976990235e-09 2.2830383818493677e-15 1.476748829246654e-76 6.790690088180912e-06
292.0 4.669271607391057e-05 1.7816072368844692e-09 2.612727662090282e-15 2.825779520102886e-76 7.2119330793668065e-06
293.0 4.925357237413622e-05 1.945720957522422e-09 2.9872600556549383e-15 5.383242864900113e-76 7.656122584316854e-06
294.0 5.1935752613118416e-05 2.123668161774681e-09 3.4123532753018167e-15 1.0210415006590998e-75 8.124325788476363e-06
295.0 5.4744040861392526e-05 2.3165033971798893e-09 3.894404520331575e-15 1.9282170920053212e-75 8.617650321265188e-06
296.0 5.768336811278921e-05 2.525352759603315e-09 4.440565208946778e-15 3.625773783522045e-75 9.137245410153993e-06
297.0 6.075881517871523e-05 2.751418109487995e-09 5.0588232332854485e-15 6.788855972694495e-75 9.684303021925785e-06
298.0 6.397561573049796e-05 2.995981501870265e-09 5.7580934467328985e-15 1.2657916267631092e-74 1.0260059042310847e-05
299.0 6.733915932696674e-05 3.2604098317404937e-09 6.54831711790984e-15 2.35026018582519e-74 1.0865794468654806e-05
300.0 7.085499442589326e-05 3.546159702654814e-09 7.440571154377958e-15 4.345861624742772e-74 1.150283661520467e-05
301.0 7.452883154393878e-05 3.85478253525404e-09 8.447187981640647e-15 8.00313149765938e-74 1.217256035770267e-05
302.0 7.836654615310125e-05 4.187929903972477e-09 9.581886972427669e-15 1.4678638171200298e-73 1.2876389350521797e-05
303.0 8.237418193117966e-05 4.547359141629182e-09 1.0859918501157052e-14 2.6814564262243334e-73 1.3615797316508214e-05
304.0 8.655795366715625e-05 4.934939185337626e-09 1.2298221635326867e-14 4.879014084982306e-73 1.4392309295630376e-05
305.0 9.092425060113416e-05 5.352656714502231e-09 1.3915596730645384e-14 8.842736958950718e-73 1.520750298036677e-05
306.0 9.547963925464414e-05 5.802622538536894e-09 1.5732894067700392e-14 1.5964355232122354e-72 1.606300998187683e-05
307.0 0.00010023086673668597 6.287078299015502e-09 1.7773220019465513e-14 2.87106231374697e-72 1.696051719009948e-05
308.0 0.00010518486378601692 6.8084034546158275e-09 2.0062162104818237e-14 5.143712845375746e-72 1.7901768105091043e-05
309.0 0.00011034874796008545 7.3691225827338115e-09 2.262803455299832e-14 9.180572508686463e-72 1.8888564207945232e-05
310.0 0.00011572982664193934 7.971912987485077e-09 2.550214599879991e-14 1.6324415871476696e-71 1.9922766315622022e-05
311.0 0.00012133560027592068 8.619612651097584e-09 2.8719091185628465e-14 2.8919850877825627e-71 2.1006295989464037e-05
312.0 0.0001271737653387726 9.315228506674957e-09 3.2317068504486406e-14 5.104584993266351e-71 2.214113691296957e-05
313.0 0.000133252217743012 1.0061945091807694e-08 3.633822559185039e-14 8.977307470027218e-71 2.3329336358918586e-05
314.0 0.00013957905564913404 1.0863133521356064e-08 4.0829034952915327e-14 1.5731426832384236e-70 2.4573006568526732e-05
315.0 0.0001461625828313425 1.172236087306591e-08 4.584070225257264e-14 2.746890682314219e-70 2.5874326241133673e-05
316.0 0.00015301131165651197 1.2643399928936907e-08 5.142960956276534e-14 4.779479331075545e-70 2.723554197073082e-05
317.0 0.00016013396616750572 1.3630239319482266e-08 5.765779638365896e-14 8.287055874214864e-70 2.8658969714489065e-05
318.0 0.00016753948534954175 1.4687094091460839e-08 6.459348136390088e-14 1.431906790076917e-69 3.0146996308058616e-05
319.0 0.00017523702605204392 1.58184166669566e-08 7.23116276089744e-14 2.465688370360374e-69 3.17020809333431e-05
320.0 0.000183235966175196 1.70289082565995e-08 8.089455505915955e-14 4.231404651569254e-69 3.332675664711182e-05
321.0 0.0001915459077145646 1.8323530705463882e-08 9.043260328674992e-14 7.237151571109125e-69 3.5023631897796085e-05
322.0 0.00020017667974503596 1.9707518789804717e-08 1.0102484844271112e-13 1.2336760830008427e-68 3.679539204434103e-05
323.0 0.0002091383416269451 2.1186393005037048e-08 1.127798784460743e-13 2.0960346204515292e-68 3.864480092887414e-05
324.0 0.00021844118586768397 2.2765972803521346e-08 1.25816630351669e-13 3.5495466047902245e-68 4.0574702399330026e-05
325.0 0.0002280957412453032 2.4452390353579913e-08 1.4026529465590593e-13 5.991527675215103e-68 4.258802189284614e-05
326.0 0.00023811277582939732 2.625210479846061e-08 1.562682911215661e-13 1.0081043351411147e-67 4.4687768013155325e-05
327.0 0.00024850329973879175 2.8171917008716726e-08 1.739813210292964e-13 1.6907890680865394e-67 4.6877034070910046e-05
328.0 0.0002592785683604454 3.021898492053246e-08 1.935745016674168e-13 2.8268454833705595e-67 4.9158999722417384e-05
329.0 0.0002704500851433965 3.2400839378117194e-08 2.1523358818055198e-13 4.711464246718318e-67 5.153693254092542e-05
330.0 0.00028202960449020604 3.472540054926487e-08 2.3916128910018867e-13 7.828224414416379e-67 5.401418961756509e-05
331.0 0.00029402913474650574 3.720099493070443e-08 2.6557868196437993e-13 1.2966906255568408e-66 5.6594219192626845e-05
332.0 0.00030646094088509194 3.983637290773146e-08 2.9472673542970635e-13 2.1413480500639355e-66 5.928056223967269e-05
333.0 0.00031933754740785363 4.264072694533593e-08 3.268679454317435e-13 3.52555785991494e-66 6.207685410206644e-05
334.0 0.0003326717412228272 4.5623710397681405e-08 3.622880927744967e-13 5.787218590972176e-66 6.498682613587777e-05
335.0 0.0003464765743361195 4.879545692787566e-08 4.012981299452924e-13 9.471636105234428e-66 6.801430732744214e-05
336.0 0.00036076536643887824 5.216660056004555e-08 4.442362056059104e-13 1.5456269546408533e-65 7.116322590006453e-05
337.0 0.00037555170782881727 5.5748296441318055e-08 4.914698361850763e-13 2.514897381345412e-65 7.443761099619406e-05
338.0 0.00039084946194587356 5.9552242228308805e-08 5.433982331550533e-13 4.080214296739558e-65 7.784159429373354e-05
339.0 0.00040667276800081644 6.35907001780882e-08 6.004547964093897e-13 6.600910975723699e-65 8.137941164964244e-05
340.0 0.0004230360435372851 6.787651993612223e-08 6.631097840002645e-13 1.0648634577295391e-64 8.505540473929463e-05
341.0 0.00043995398696637677 7.242316204144187e-08 7.318731692799289e-13 1.7130259314787856e-64 8.887402269896847e-05
342.0 0.00045744158011291316 7.72447221706304e-08 8.072976971037974e-13 2.748049859609342e-64 9.28398237791465e-05
343.0 0.00047551409057359443 8.235595610228839e-08 8.89982150951267e-13 4.396291728063706e-64 9.695747696788439e-05
344.0 0.000494187074126327 8.777230545473851e-08 9.805748441561432e-13 7.01390803402373e-64 0.00010123176363194128
345.0 0.0005134763772281311 9.350992422128577e-08 1.0797773488799215e-12 1.1159779694407213e-63 0.00010566757918363274
346.0 0.0005333981391259521 9.958570603318644e-08 1.1883484760606212e-12 1.7708564933863817e-63 0.00011026993467557734
347.0 0.0005539687941743034 1.0601731226774035e-07 1.307108522335352e-12 2.8025501478260145e-63 0.0001150439584440527
348.0 0.0005752050740423388 1.1282320096198269e-07 1.4369437989991495e-12 4.4235980878901243e-63 0.00011999489773603993
349.0 0.000597124009888824 1.2002265656033364e-07 1.578811459563039e-12 6.964020311041482e-63 0.00012512812033560328
350.0 0.0006197429344241672 1.2763582049469575e-07 1.7337446429189362e-12 1.0934935729723664e-62 0.00013044911617230887
351.0 0.0006430794838212598 1.3568372260125234e-07 1.902857949981563e-12 1.7125919854309053e-62 0.00013596349890279062
352.0 0.0006671515999080809 1.4418831347829866e-07 2.0873532739545696e-12 2.6753620676075824e-62 0.00014167700755635232
353.0 0.000691977531929223 1.5317249765362387e-07 2.2885260020731524e-12 4.168805361563619e-62 0.00014759550809434395
354.0 0.000717575838352499 1.6266016766996084e-07 2.5077716107779126e-12 6.4796324435929684e-62 0.00015372499498244097
355.0 0.000743965388755463 1.7267623911417623e-07 2.7465926762688828e-12 1.004634344406972e-61 0.00016007159278356054
356.0 0.0007711653654790328 1.8324668653500197e-07 3.006606322118084e-12 1.5537947926663015e-61 0.00016664155770428817
357.0 0.0007991952653205182 1.9439858032266199e-07 3.2895521285600435e-12 2.3972663279639112e-61 0.0001734412791523394
358.0 0.0008280749010310842 2.0616012450934814e-07 3.5973005273967243e-12 3.6896467007338635e-61 0.00018047728125405516
359.0 0.0008578244028129959 2.1856069554835304e-07 3.931861709115543e-12 5.6651047504893604e-61 0.00018775622437336944
360.0 0.0008884642198533853 2.316308820970811e-07 4.295395069550272e-12 8.677496838073066e-61 0.00019528490664028292
361.0 0.0009200151216216459 2.4540252574837824e-07 4.690219223117335e-12 1.3260287405432705e-60 0.00020307026542880268
362.0 0.0009524981990841481 2.5990876275778115e-07 5.1188226126111016e-12 2.0215843372780416e-60 0.00021111937881684617
363.0 0.0009859348659934386 2.751840668222697e-07 5.583874747118696e-12 3.074819674353307e-60 0.00021943946706252143
364.0 0.0010203468598978867 2.9126429282792524e-07 6.088238098242693e-12 4.665998681715232e-60 0.00022803789401810922
365.0 0.0010557562433409287 3.0818672170616266e-07 6.634980690491963e-12 7.064394881640768e-60 0.00023692216858519822
366.0 0.00109218540458352 3.259901062230598e-07 7.227389416735307e-12 1.067133733339558e-59 0.0002460999460620124
367.0 0.001129657058748031 3.447147179687523e-07 7.868984120190557e-12 1.608363831093255e-59 0.0002555790295830629
368.0 0.0011681942482502706 3.64402395227442e-07 8.5635324734397e-12 2.418684766902505e-59 0.0002653673713963697
369.0 0.001207820343805372 3.850965921185581e-07 9.31506570189324e-12 3.62920607823428e-59 0.0002754730742669126
370.0 0.001248559044876983 4.0684242868217225e-07 1.0127895184885298e-11 5.433618715133654e-59 0.0002859043927510946
371.0 0.0012904343801133466 4.296867420765047e-07 1.1006629979998124e-11 8.117448795938332e-59 0.0002966697344636141
372.0 0.0013334707079249019 4.5367813895271126e-07 1.1956195316025672e-11 1.2100698391419234e-58 0.0003077776613723492
373.0 0.0013776927165801468 4.788670488107828e-07 1.2981852094935494e-11 1.7999868273138585e-58 0.0003192368909777348
374.0 0.001423125424596102 5.053057786004099e-07 1.4089217456518845e-11 2.671798363339699e-58 0.00033105629755416125
375.0 0.001469794180838574 5.330485683825845e-07 1.5284286449902107e-11 3.957499459412869e-58 0.0003432449133187041
376.0 0.0015177246643718174 5.62151648063768e-07 1.6573454862520202e-11 5.8496269689893415e-58 0.00035581192953463366
377.0 0.0015669428844424184 5.92673295346411e-07 1.7963543263016592e-11 8.628450574770703e-58 0.000368766697638691
378.0 0.001617475180441269 6.246738948543199e-07 1.9461822311575968e-11 1.2701117432529051e-57 0.00038211873035611763
379.0 0.0016693482212246937 6.58215998199073e-07 2.1076039386708844e-11 1.865789218419983e-57 0.0003958777026565338
380.0 0.0017225890051061664 6.933643854898421e-07 2.2814446602058744e-11 2.7352797094551e-57 0.0004100534528588297
381.0 0.0017772248590117844 7.301861277162435e-07 2.4685830256074785e-11 4.0019009619027315e-57 0.0004246559835292782
382.0 0.0018332834379182485 7.687506504348958e-07 2.6699541790163823e-11 5.843367428626188e-57 0.00043969546243595177
383.0 0.0018907927242603378 8.091297986515544e-07 2.886553031692836e-11 8.515283004278371e-57 0.00045518222348590854
384.0 0.0019497810267338276 8.51397902655688e-07 3.1194376776556516e-11 1.2384563487798748e-56 0.00047112676750628486
385.0 0.0020102769796031513 8.956318452733594e-07 3.369732980642284e-11 1.7976894625513862e-56 0.0004875397631345788
386.0 0.0020723095412865603 9.419111300196873e-07 3.638634337681383e-11 2.6043991692665618e-56 0.0005044320475226049
387.0 0.00213590799344306 9.903179506809151e-07 3.9274116285480846e-11 3.7658742748530385e-56 0.0005218146271487537
388.0 0.0022011019393337657 1.0409372617844593e-06 4.237413356674631e-11 5.434954316891645e-56 0.0005396986784408035
389.0 0.0022679213023770314 1.0938568503601838e-06 4.570070990830109e-11 7.828961261648464e-56 0.0005580955484310559
390.0 0.0023363963246247348 1.1491674088769644e-06 4.926903515238389e-11 1.1256330651466331e-55 0.0005770167553777497
391.0 0.0024065575650078037 1.2069626092785977e-06 5.309522196134906e-11 1.6154004996434529e-55 0.000596473989314666
392.0 0.0024784358972352464 1.2673391780491543e-06 5.719635572977833e-11 2.313984334595583e-55 0.000616479112498792
393.0 0.0025520625080675944 1.3303969726636122e-06 6.159054684691489e-11 3.3085944798974064e-55 0.0006370441599339188
394.0 0.002627468894899206 1.396239058886946e-06 6.629698537676846e-11 4.722104820925735e-55 0.0006581813397056578
395.0 0.002704686863711589 1.4649717894512147e-06 7.133599827282543e-11 6.727328444948369e-55 0.000679903033390699
396.0 0.002783748526407914 1.5367048835926021e-06 7.672910919976399e-11 9.56688325328433e-55 0.0007022217962929951
397.0 0.0028646862983646793 1.6115515078754195e-06 8.24991010807056e-11 1.358078893308356e-54 0.0007251503577147773
398.0 0.002947532895702751 1.6896283580339553e-06 8.867008145903193e-11 1.92447377237216e-54 0.0007487016211373905
399.0 0.003032321332317164 1.7710557418344377e-06 9.526755077858124e-11 2.722307598988532e-54 0.0007728886643203782
400.0 0.0031190849171159993 1.8559576632058052e-06 1.0231847370250506e-10 3.8442025982462834e-54 0.0007977247394326187
401.0 0.003207857250522264 1.9444619070802544e-06 1.0985135355105968e-10 5.419070846164458e-54 0.0008232232729741153
402.0 0.003298672221447234 2.036700125630106e-06 1.1789631000762857e-10 7.626028714205104e-54 0.0008493978657952401
403.0 0.0033915640036373076 2.13280792524412e-06 1.2648516017317395e-10 1.0713530053802619e-53 0.0008762622929327579
404.0 0.003486567052223592 2.2329249547204696e-06 1.3565150311394437e-10 1.502563185382055e-53 0.0009038305034739046
405.0 0.0035837160997559685 2.3371949942193295e-06 1.454308079976634e-10 2.1037991897128865e-53 0.000932116620263075
406.0 0.0036830461524371494 2.445766045402169e-06 1.5586050596756324e-10 2.9407123777716573e-53 0.000961134939634851
407.0 0.00378459248598775 2.5587904223827824e-06 1.6698008585952802e-10 4.1037682515140293e-53 0.000990899931025755
408.0 0.0038883906412948794 2.6764248435566814e-06 1.7883119389581045e-10 5.717423327699583e-53 0.0010214262365027089
409.0 0.003994476420177571 2.79883052451512e-06 1.914577375023067e-10 7.952621195759072e-53 0.0010527286702948916
410.0 0.004102885880669034 2.926173271616407e-06 2.049059933579092e-10 1.104378130217887e-52 0.0010848222181712075
411.0 0.004213655332300843 3.058623576514212e-06 2.1922471983436184e-10 1.531185939060492e-52 0.001117722036789313
412.0 0.0043268213312006665 3.19635671149197e-06 2.344652739591381e-10 2.119560065676377e-52 0.0011514434529662388
413.0 0.004442420675150328 3.3395528256848097e-06 2.5068173305266224e-10 2.9293830565804223e-52 0.0011860019629088652
414.0 0.004560490398044261 3.4883970417436374e-06 2.679310211551896e-10 4.042259338580785e-52 0.001221413231254211
415.0 0.004681067764679155 3.6430795535960704e-06 2.8627304044223193e-10 5.56922332693386e-52 0.0012576930901662352
416.0 0.004804190265200491 3.803795724785289e-06 3.057708077456261e-10 7.661122045331052e-52 0.0012948575383095716
417.0 0.004929895609133086 3.970746187279501e-06 3.264905963272411e-10 1.0522579173345269e-51 0.0013329227396786357
418.0 0.005058221719587387 4.14413694117922e-06 3.4850208309896635e-10 1.4430747824088846e-51 0.0013719050224403327
419.0 0.005189206727082716 4.324179454854641e-06 3.718785014153692e-10 1.9760456864482337e-51 0.0014118208776395813
420.0 0.005322888963283713 4.511090765706848e-06 3.9669679961996727e-10 2.701788086439798e-51 0.0014526869578464403
421.0 0.005459306954463175 4.70509358136214e-06 4.2303780549778014e-10 3.68855568537918e-51 0.001494520075693405
422.0 0.005598499414837723 4.906416381378099e-06 4.509863968119883e-10 5.0282484286219064e-51 0.0015373372023416874
423.0 0.005740505239738032 5.1152935193906345e-06 4.806316780930357e-10 6.844424614477014e-51 0.001581155465865416
424.0 0.005885363498648798 5.3319653256924954e-06 5.120671638566494e-10 9.302966777333301e-51 0.001625992149562735
425.0 0.0060331134278601576 5.556678209965762e-06 5.453909684041106e-10 1.2626260120617472e-50 0.001671864690121693
426.0 0.0061837944230968365 5.789684764443421e-06 5.807060024121226e-10 1.7112013640152328e-50 0.001718790675740688
427.0 0.006337446031977057 6.031243867328272e-06 6.181201764817843e-10 2.315820911774474e-50 0.0017667878441623523
428.0 0.006494107946225254 6.281620786347644e-06 6.577466118217225e-10 3.1296127044009843e-50 0.0018158740805988669
429.0 0.00665381999363955 6.54108728238748e-06 6.997038582484664e-10 4.2234003785299996e-50 0.001866067415547821
430.0 0.006816622129994673 6.809921713326883e-06 7.44116119708666e-10 5.691466295865633e-50 0.001917386022548255
431.0 0.006982554430623897 7.088409137771953e-06 7.911134874859049e-10 7.659149019872457e-50 0.0019698482158044426
432.0 0.007151657081933697 7.376841418879886e-06 8.408321813085063e-10 1.0292845407867804e-49 0.0020234724477476147
433.0 0.007323970372632174 7.675517327999747e-06 8.934147985271886e-10 1.38131606621111e-49 0.0020782773064733587
434.0 0.007499534684852224 7.984742648252226e-06 9.490105715762635e-10 1.8512173989636805e-49 0.002134281513104849
435.0 0.007678390484914219 8.304830277721393e-06 1.0077756338827514e-09 2.4776077852066338e-49 0.002191503919008728
436.0 0.00786057831405359 8.636100332532814e-06 1.0698732944586343e-09 3.3114824091961592e-49 0.0022499635029549847
437.0 0.008046138778968344 8.978880249610518e-06 1.1354743213586665e-09 4.4200894740049005e-49 0.0023096793681793362
438.0 0.00823511254203945 9.333504888881615e-06 1.2047572341817772e-09 5.891994001651267e-49 0.0023706707393050187
439.0 0.00842754031140657 9.700316635054099e-06 1.2779086058385786e-09 7.843683047681793e-49 0.0024329569591751113
440.0 0.008623462830896227 1.007966549890099e-05 1.3551233737868964e-09 1.0428170480954839e-48 0.0024965574855940437
441.0 0.00882292086965986 1.0471909217815581e-05 1.436605160914953e-09 1.3846192362408884e-48 0.002561491887936355
442.0 0.009025955211806347 1.0877413355895773e-05 1.5225666063180806e-09 1.8360754424866776e-48 0.0026277798437042473
443.0 0.009232606645492785 1.1296551402850522e-05 1.6132297060849188e-09 2.431601156602878e-48 0.0026954411348776653
444.0 0.009442915952260406 1.172970487258459e-05 1.7088261644228066e-09 3.216173876204653e-48 0.0027644956442845377
445.0 0.009656923895755948 1.2177263400355989e-05 1.8095977551820185e-09 4.248501002577005e-48 0.0028349633517405154
446.0 0.009874671210519081 1.2639624839242672e-05 1.9157966940939454e-09 5.605115804200147e-48 0.0029068643301554376
447.0 0.010096198590476713 1.3117195355403763e-05 2.027686021863637e-09 7.385666851578502e-48 0.002980218741501212
448.0 0.010321546677217604 1.3610389522135912e-05 2.1455399983277188e-09 9.719740367071085e-48 0.0030550468326615418
449.0 0.010550756048258659 1.4119630412918502e-05 2.269644507920942e-09 1.277564910856051e-47 0.003131368931225361
450.0 0.010783867204700736 1.4645349692568335e-05 2.4002974765248054e-09 1.6771741048481445e-47 0.0032092054410450795
451.0 0.011020920559302356 1.5187987707774973e-05 2.5378093001099163e-09 2.1990932931869225e-47 0.0032885768378634384
452.0 0.011261956423625007 1.5747993575128398e-05 2.68250328507863e-09 2.8799366220439854e-47 0.003369503664608903
453.0 0.011507014995666903 1.632582526845355e-05 2.834716100809571e-09 3.7670326541456164e-47 0.0034520065267797874
454.0 0.011756136346923565 1.692194970392659e-05 2.99479824436213e-09 4.921487580459954e-47 0.003536106087600918
455.0 0.012009360409231198 1.7536842823342245e-05 3.1631145176010576e-09 6.422103523761814e-47 0.003621823063057365
456.0 0.012266726961673208 1.817098967584613e-05 3.340044517000426e-09 8.370384847569255e-47 0.0037091782168891907
457.0 0.012528275617059506 1.8824884497333897e-05 3.5259831361867824e-09 1.0896927244773735e-46 0.0037981923553993043
458.0 0.012794045808330193 1.9499030787916627e-05 3.72134108148698e-09 1.4169562250326437e-46 0.0038888863221793126
459.0 0.013064076774779174 2.0193941387206023e-05 3.926545400631616e-09 1.8403727733736534e-46 0.003981280992721513
460.0 0.01333840754795938 2.0910138547099606e-05 4.142040024741941e-09 2.387565790165521e-46 0.004075397268874187
461.0 0.013617076937724019 2.1648154002662544e-05 4.3682863239032186e-09 3.093914062473574e-46 0.004171256073278033
462.0 0.013900123517569448 2.240852903970378e-05 4.605763676232467e-09 4.004678325088468e-46 0.004268878343528644
463.0 0.014187585610290019 2.3191814560508903e-05 4.854970050904855e-09 5.17769701146794e-46 0.004368285026372706
464.0 0.014479501273250824 2.3998571146546727e-05 5.116422605081073e-09 6.686799762551816e-46 0.004469497071725763
465.0 0.014775908283453534 2.4829369118301058e-05 5.3906582949297695e-09 8.626125090387551e-46 0.004572535426564146
466.0 0.015076844122364617 2.568478859205704e-05 5.678234500869662e-09 1.1115575771368685e-45 0.004677421028680775
467.0 0.015382345960884355 2.6565419534171747e-05 5.979729667305542e-09 1.430770435071015e-45 0.004784174800421709
468.0 0.015692450643702845 2.74718618114445e-05 6.295743956707527e-09 1.839639436300001e-45 0.004892817642169571
469.0 0.0160071946739723 2.840472523904673e-05 6.626899918498187e-09 2.3627793955039567e-45 0.0050033704258614494
470.0 0.01632661419723512 2.9364629624066e-05 6.9738431724480115e-09 3.031407176832956e-45 0.005115853988211098
471.0 0.01665074498584271 3.0352204806699307e-05 7.337243107172318e-09 3.8850705419267785e-45 0.005230289124019798
472.0 0.016979622422636214 3.1368090696814576e-05 7.717793593325627e-09 4.973818710431594e-45 0.0053466965791919945
473.0 0.01731328148484807 3.241293730745678e-05 8.116213711972687e-09 6.360924663625411e-45 0.005465097043754904
474.0 0.017651756727749678 3.348740478433839e-05 8.5332484980178e-09 8.126295923014106e-45 0.005585511144733463
475.0 0.017995082267980887 3.459216343105147e-05 8.969669698716609e-09 1.0370743544330487e-44 0.005707959438859377
476.0 0.018343291767038323 3.572789373077448e-05 9.426276547551857e-09 1.3221319832116698e-44 0.005832462405264615
477.0 0.01869641841428374 3.6895286363142304e-05 9.90389655321168e-09 1.683798557202867e-44 0.005959040437957095
478.0 0.01905449491018365 3.809504221751515e-05 1.0403386304054738e-08 2.1421929564399722e-44 0.006087713838303692
479.0 0.01941755344907615 3.932787240115879e-05 1.0925632287728284e-08 2.7225939564024846e-44 0.006218502807296735
480.0 0.0197856257020081 4.059449824326177e-05 1.1471551726224896e-08 3.456731761437656e-44 0.006351427437776347
481.0 0.020158742799342284 4.1895651294073934e-05 1.2042093426217982e-08 4.3843948133988586e-44 0.006486507706512762
482.0 0.020536935313341526 4.3232073319452e-05 1.2638238644773867e-08 5.55542687515865e-44 0.0066237634662146515
483.0 0.020920233240563624 4.460451629034813e-05 1.3261001970317455e-08 7.032206760583261e-44 0.006763214437410081
484.0 0.02130866598410843 4.601374236718685e-05 1.3911432218825043e-08 8.892724368908993e-44 0.006904880200212949
485.0 0.021702262335884667 4.7460523879358015e-05 1.4590613345292487e-08 1.1234392739381296e-43 0.007048780186029014
486.0 0.02210105045860385 4.8945643299073326e-05 1.5299665370220132e-08 1.4178767710584725e-43 0.00719493366910687
487.0 0.022505057867869282 5.046989321024581e-05 1.603974532126269e-08 1.787738570782898e-43 0.007343359758052876
488.0 0.0229143114140018 5.2034076271485455e-05 1.681204818970341e-08 2.2518977714194327e-43 0.007494077387193914
489.0 0.02332883726383824 5.363900517358893e-05 1.7617807901783788e-08 2.8338375450158774e-43 0.007647105307864347
490.0 0.023748660882474827 5.528550259133814e-05 1.8458298304736188e-08 3.5627496418300676e-43 0.007802462079608402
491.0 0.02417380701499168 5.6974401129566677e-05 1.9334834167395317e-08 4.474888045066247e-43 0.007960166061310055
492.0 0.024604299667806886 5.8706543262537695e-05 2.024877219493468e-08 5.6152354965885265e-43 0.008120235402134806
493.0 0.025040162090414805 6.0482781268260116e-05 2.120151205812329e-08 7.0395533207719645e-43 0.008282688032531437
494.0 0.025481416756763995 6.230397715588782e-05 2.2194497436316223e-08 8.816900398805474e-43 0.00844754165504945
495.0 0.025928085346542805 6.4171002586669e-05 2.3229217074136395e-08 1.1032725855351597e-42 0.008614813735059762
496.0 0.026380188726734238 6.608473878921557e-05 2.43072058519206e-08 1.3792662692129304e-42 0.008784521491499112
497.0 0.026837746932669763 6.80460764670755e-05 2.543004586898394e-08 1.7227177053126688e-42 0.008956681887382946
498.0 0.027300779149588818 7.005591570096459e-05 2.6599367540304433e-08 2.1497261012988183e-42 0.009131311620421334
499.0 0.027769303693647406 7.211516584290199e-05 2.781685070535524e-08 2.6801396912388226e-42 0.009308427113386893
500.0 0.02824333799328375 7.422474540439505e-05 2.9084225749582624e-08 3.33840697280284e-42 0.00948804450453728
501.0 0.02872289857043166 7.63855819372742e-05 3.040327473770119e-08 4.154616243460134e-42 0.009670179637923092
502.0 0.029208001021656042 7.859861190722439e-05 3.177583255848089e-08 5.1657639799891665e-42 0.009854848053606025
503.0 0.02969865999940661 8.08647805604046e-05 3.3203788080819466e-08 6.417301094634282e-42 0.0100420649778535
504.0 0.030194889193332953 8.318504178290451e-05 3.468908532063148e-08 7.965016317046141e-42 0.010231845313291688
505.0 0.03069670131132233 8.556035795198366e-05 3.62337246177107e-08 9.877328234205209e-42 0.010424203628902623
506.0 0.03120410806102236 8.799169978105724e-05 3.7839763822945654e-08 1.2238072277160055e-41 0.010619154150123829
507.0 0.0317171201309454 9.048004615583815e-05 3.9509319494361164e-08 1.5149886655680352e-41 0.010816710748745335
508.0 0.03223574717191537 9.302638396361158e-05 4.124456810232888e-08 1.873832248576445e-41 0.011016886932862402
509.0 0.032759997778425864 9.563170791433938e-05 4.3047747242890944e-08 2.3156828811404115e-41 0.011219695836738444
510.0 0.03328987947004424 9.829702035384713e-05 4.49211568587665e-08 2.85927937027297e-41 0.011425150210624402
511.0 0.03382539867308424 0.00010102333106964584 4.686716046773468e-08 3.52748590785824e-41 0.01163326241061168
512.0 0.034366560702062336 0.00010381165708786438 4.8888186397121664e-08 4.348177049147785e-41 0.011844044388353417
513.0 0.03491336974140937 0.00010666302246255905 5.0986729024341234e-08 5.355307517834782e-41 0.012057507680816234
514.0 0.03546582882729075 0.00010957845805688523 5.316535002262248e-08 6.590204381624815e-41 0.012273663400013424
515.0 0.036023939829422036 0.00011255900131567975 5.542667961103558e-08 8.103126551809745e-41 0.012492522222681187
516.0 0.036587703433132945 0.00011560569603013331 5.777341780843989e-08 9.955145389118633e-41 0.012714094379986338
517.0 0.03715711912141485 0.0001187195920936431 6.02083356901852e-08 1.222041070925039e-40 0.01293838964717479
518.0 0.0377321851571432 0.00012190174524934058 6.273427664704255e-08 1.4988878986011437e-40 0.013165417333227921
519.0 0.038312898565543735 0.00012515321682944218 6.535415764566033e-08 1.8369595413910085e-40 0.013395186270552249
520.0 0.03889925511667064 0.00012847507348559783 6.807097048930718e-08 2.249463914665102e-40 0.013627704804622578
521.0 0.039491249308146244 0.00013186838691095685 7.088778307841803e-08 2.7523861981291223e-40 0.013862980783666936
522.0 0.04008887434787495 0.0001353342335529275 7.380774066952106e-08 3.3650575606057403e-40 0.014101021548293652
523.0 0.04069212213730326 0.00013887369431845887 7.683406713261348e-08 4.110837197563121e-40 0.014341833921262514
524.0 0.0413009832544371 0.00014248785426914921 7.997006620459583e-08 5.01792962423997e-40 0.0145854241971244
525.0 0.0419154469374229 0.00014617780230881473 8.321912273921132e-08 6.120363292537605e-40 0.014831798132013992
526.0 0.042535501068172665 0.00014994463086171736 8.658470395151356e-08 7.459161476887259e-40 0.015080960933414248
527.0 0.043161132156072764 0.00015378943554149717 9.007036065581945e-08 9.083742136068074e-40 0.015332917249907449
528.0 0.04379232532228313 0.0001577133148125397 9.367972849707861e-08 1.1053590259736664e-39 0.015587671161093775
529.0 0.044429064283879875 0.00016171736964110995 9.741652917302169e-08 1.3440254231531728e-39 0.015845226167414288
530.0 0.04507133133860509 0.00016580270313891056 1.0128457164749589e-07 1.6329727198158923e-39 0.01610558518015073
531.0 0.04571910734959832 0.0001699704201967948 1.0528775335249112e-07 1.9825285572862082e-39 0.01636875051138142
532.0 0.046372371730553606 0.00017422162711019598 1.0943006137857687e-07 2.4050869912639595e-39 0.016634723864052785
533.0 0.04703110243108177 0.00017855743119544258 1.1371557365202477e-07 2.9155108828150825e-39 0.016903506322089517
534.0 0.04769527592245913 0.00018297894039761493 1.181484600977566e-07 3.5316104707573575e-39 0.017175098340609943
535.0 0.048364867183603395 0.00018748726288933152 1.2273298378644622e-07 4.274712131827754e-39 0.017449499736191428
536.0 0.04903984968739956 0.00019208350666090636 1.2747350206471929e-07 5.170333832669822e-39 0.017726709677231122
537.0 0.04972019538733158 0.00019676877910171492 1.3237446766699053e-07 6.248986706679846e-39 0.01800672667438853
538.0 0.05040587470445686 0.0002015441865728977 1.3744042980763171e-07 7.547125621153719e-39 0.018289548571124508
539.0 0.05109685651476324 0.0002064108339715747 1.4267603525216485e-07 9.108275619635831e-39 0.018575172534353358
540.0 0.05179310813680699 0.00021136982428617465 1.480860293657594e-07 1.0984365827912684e-38 0.018863595045172803
541.0 0.05249459531983678 0.0002164222581437176 1.5367525713812133e-07 1.3237307912359893e-38 0.019154811889748467
542.0 0.053201282232165824 0.00022156923334811483 1.5944866418261468e-07 1.594086260656832e-38 0.019448818150268096
543.0 0.053913131450077346 0.00022681184441068105 1.6541129770890622e-07 1.9182845327643757e-38 0.01974560819607159
544.0 0.05463010394702779 0.00023215118207192592 1.7156830746690152e-07 2.3067730661615052e-38 0.020045175674872944
545.0 0.05535215908324119 0.00023758833281504853 1.779249466606578e-07 2.771972571045041e-38 0.020347513504110036
546.0 0.05607925459589348 0.00024312437837202682 1.8448657283130496e-07 3.328639419453325e-38 0.02065261386249748
547.0 0.056811346589546285 0.0002487603952209232 1.9125864870630078e-07 3.9942927063347544e-38 0.020960468181659773
548.0 0.057548389527138366 0.0002544974540757765 1.9824674301433705e-07 4.789717149540681e-38 0.021271067137960047
549.0 0.05829033622133003 0.00026033661936826426 2.0545653126357328e-07 5.739554892380103e-38 0.02158440064445122
550.0 0.059037137826502266 0.0002662789487225452 2.1289379648253545e-07 6.873001452056713e-38 0.021900457843063333
551.0 0.05978874383107763 0.00027232549242190655 2.2056442992086413e-07 8.224623588596958e-38 0.02221922709690645
552.0 0.06054510205030595 0.0002784772928679169 2.2847443170863233e-07 9.835319806691587e-38 0.02254069598274388
553.0 0.061306158619656624 0.0002847353840328342 2.3662991147302493e-07 1.1753447610123712e-37 0.02286485128369094
554.0 0.062071857988745316 0.00029110079090507074 2.450370889104096e-07 1.4036145577506878e-37 0.023191678982115056
555.0 0.06284214291560204 0.0002975745289269231 2.537022943112529e-07 1.6750882902047008e-37 0.023521164252667454
556.0 0.0636169544616499 0.00030415760342639863 2.626319690375247e-07 1.997727433257039e-37 0.0238532914555866
557.0 0.06439623198714757 0.00031085100904213413 2.718326659498493e-07 2.3809204577194168e-37 0.0241880441301838
558.0 0.06517991314718175 0.00031765572914193684 2.8131104978292824e-07 2.835731331057128e-37 0.024525404988545618
559.0 0.06596793388822016 0.00032457273523515067 2.9107389746745623e-07 3.375190010408049e-37 0.024865355909459576
560.0 0.06676022844530836 0.000331602986379413 3.0112809839708294e-07 4.0146318040224995e-37 0.025207877932597104
561.0 0.06755672933967068 0.0003387474285807819 3.1148065463752504e-07 4.772093566577528e-37 0.02555295125286595
562.0 0.06835736737709833 0.0003460069941892947 3.2213868107767766e-07 5.668775949860315e-37 0.0259005552150791
563.0 0.06916207164683402 0.00035338260128870786 3.3310940551961263e-07 6.729582377533288e-37 0.026250668308833155
564.0 0.06997076952103877 0.0003608751530810169 3.4440016870597625e-07 7.983747079263266e-37 0.026603268163631167
565.0 0.07078338665497003 0.00036848553726661677 3.5601842428355686e-07 9.465566437372622e-37 0.02695833154430147
566.0 0.07159984698768526 0.00037621462541935556 3.6797173870029644e-07 1.1215250104834837e-36 0.027315834346644745
567.0 0.07242007274342527 0.0003840632723574879 3.8026779103463913e-07 1.3279910888584735e-36 0.027675751593370632
568.0 0.07324398443363707 0.00039203231551053876 3.9291437275518956e-07 1.5714715304018013e-36 0.028038057430311184
569.0 0.07407150085968983 0.00040012257428259933 4.0591938740913255e-07 1.8584220049228766e-36 0.028402725122934656
570.0 0.07490253911615087 0.0004083348494115858 4.192908502369002e-07 2.19639234822211e-36 0.028769727053111323
571.0 0.07573701459477232 0.0004166699223254944 4.3303688771201563e-07 2.5942065580883485e-36 0.02913903471619158
572.0 0.07657484098919272 0.00042512855449595034 4.4716573700440785e-07 3.062171490303417e-36 0.029510618718401053
573.0 0.07741593030029059 0.0004337114867889781 4.6168574536503327e-07 3.6123186832234263e-36 0.02988444877453132
574.0 0.07826019284213069 0.00044241943881291184 4.766053694296574e-07 4.258684399643207e-36 0.03026049370590591
575.0 0.07910753724882698 0.0004512531082655493 4.919331744419864e-07 5.017633729672387e-36 0.030638721438749607
576.0 0.0799578704818281 0.0004602131702780673 5.076778333914338e-07 5.9082354612890134e-36 0.031019099002773085
577.0 0.08081109783810948 0.0004693002767587072 5.238481260667258e-07 6.952695411086003e-36 0.03140159253016245
578.0 0.08166712295904797 0.0004785150557352994 5.404529380223457e-07 8.176857033124038e-36 0.031786167254890405
579.0 0.08252584783989748 0.00048785811069644255 5.575012594555694e-07 9.610779407869075e-36 0.032172787512319834
580.0 0.0833871728401167 0.0004973300199331176 5.750021839940735e-07 1.1289404177427428e-35 0.032561416739200044
581.0 0.08425099669437261 0.0005069313358800526 5.92964907391411e-07 1.3253324661866444e-35 0.03295201747399039
582.0 0.08511721652427184 0.000516662584457472 6.113987261290913e-07 1.5549672291860558e-35 0.03334455135753402
583.0 0.08598572785082144 0.0005265242644135884 6.303130359237348e-07 1.823313765610169e-35 0.03373897913408539
584.0 0.08685642460764674 0.000536516846668358 6.497173301380282e-07 2.1367145922771605e-35 0.03413526065270499
585.0 0.08772919915490406 0.0005466407736584771 6.696211980935199e-07 2.5025209192189866e-35 0.03453335486899982
586.0 0.08860394229406049 0.0005568964586850597 6.900343232851828e-07 2.929248151692417e-35 0.034933219847280254
587.0 0.08948054328331148 0.0005672842852629645 7.109664814946508e-07 3.426754593581871e-35 0.03533481276304569
588.0 0.09035888985368293 0.0005778046064724097 7.324275388010628e-07 4.0064466965961145e-35 0.035738089905820176
589.0 0.09123886822615022 0.0005884577443153922 7.544274494909522e-07 4.681514664464092e-35 0.03614300668247205
590.0 0.0921203631291962 0.0005992439890736502 7.769762538613253e-07 5.467202748214807e-35 0.03654951762079203
591.0 0.09300325781736722 0.0006101635986721214 8.000840759192888e-07 6.38111916567684e-35 0.036957576373553624
592.0 0.09388743409043639 0.0006212167980458263 8.237611209739011e-07 7.443591254328827e-35 0.03736713572290384
593.0 0.09477277231340084 0.0006324037785120396 8.48017673121101e-07 8.678072231761004e-35 0.03777814758517676
594.0 0.09565915143720981 0.0006437246971475308 8.728640926198704e-07 1.0111606803392375e-34 0.038190563016091965
595.0 0.09654644902028318 0.000655179676171692 8.983108131592268e-07 1.177536383541083e-34 0.03860433221636391
596.0 0.09743454125072235 0.0006667688023353355 9.243683390143123e-07 1.3705245416221218e-34 0.039019404537686035
597.0 0.09832330296929012 0.0006784921263161238 9.510472420914852e-07 1.5942582877850873e-34 0.03943572848912274
598.0 0.09921260769327318 0.0006903496621218656 9.783581588627857e-07 1.853493175741589e-34 0.039853251743957166
599.0 0.10010232764087791 0.000702341386499757 1.0063117871858895e-06 2.1536979267574193e-34 0.04027192114685792
600.0 0.10099233375650547 0.0007144672383543781 1.0349188830121706e-06 2.5011579636188184e-34 0.0406916827215054
601.0 0.1018824957368212 0.0007267271181743706 1.0641902569817465e-06 2.9030934693583333e-34 0.0411124816786466
602.0 0.10277268205744822 0.0007391208874670694 1.0941367709033435e-06 3.3677939358447056e-34 0.041534262424512414
603.0 0.10366276000046905 0.0007516483682028479 1.124769334120532e-06 3.904771423137718e-34 0.041956968569673736
604.0 0.10455259568261917 0.0007643093422688509 1.1560988997628908e-06 4.5249350382380325e-34 0.04238054293829205
605.0 0.10544205408427727 0.0007771035509333609 1.188136460883156e-06 5.240789465359084e-34 0.0428049275778092
606.0 0.1063309990791364 0.0007900306943204454 1.2208930464790264e-06 6.066660743334763e-34 0.043230063769032025
607.0 0.10721929346457165 0.0008030904308955087 1.25437971739986e-06 7.018952894015304e-34 0.043655892036620104
608.0 0.10810679899275064 0.0008162823769625687 1.2886075621388928e-06 8.116439463722408e-34 0.044082352159998
609.0 0.10899337640249511 0.0008296061061738538 1.3235876925114238e-06 9.380594553905307e-34 0.04450938318469732
610.0 0.10987888545173241 0.0008430611490510095 1.3593312392173831e-06 1.0835968493529725e-33 0.04493692343406554
611.0 0.11076318495076987 0.0008566469925201814 1.3958493472915142e-06 1.2510613951721266e-33 0.04536491052143815
612.0 0.11164613279612709 0.0008703630794594793 1.4331531714385443e-06 1.4436569012685666e-33 0.04579328136266853
613.0 0.1125275860051233 0.000884208808260847 1.4712538712564147e-06 1.66504045449569e-33 0.04622197218909775
614.0 0.11340740075113966 0.0008981835324062402 1.5101626063474045e-06 1.919384410331479e-33 0.046650918560933854
615.0 0.11428543239946728 0.0009122865600579397 1.5498905313168433e-06 2.211446561525808e-33 0.04708005538100563
616.0 0.11516153554384569 0.0009265171536643336 1.5904487906617928e-06 2.5466495236831303e-33 0.047509316908935936
617.0 0.1160355640437114 0.0009408745295818619 1.63184851355112e-06 2.9311705028231755e-33 0.047938636775744434
618.0 0.11690737106189084 0.0009553578577115251 1.6741008084945893e-06 3.3720427512731853e-33 0.04836794799877185
619.0 0.11777680910312308 0.0009699662611535619 1.7172167579075881e-06 3.8772701759720684e-33 0.04879718299708691
620.0 0.11864373005297664 0.000984698815877312 1.7612074125669145e-06 4.455956739165638e-33 0.049226273607196794
621.0 0.11950798521756663 0.00099955455041009 1.8060837859649769e-06 5.118452487621987e-33 0.04965515109923163
622.0 0.12036942536367407 0.0010145324455423366 1.8518568485584382e-06 5.8765182650128834e-33 0.05008374619343901
623.0 0.12122790075950252 0.0010296314340514827 1.8985375219164197e-06 6.743511405525831e-33 0.050511989077087475
624.0 0.12208326121603714 0.0010448504004447992 1.9461366727699474e-06 7.734594977708145e-33 0.05093980942176634
625.0 0.12293535612881705 0.0010601881807201254 1.9946651069616657e-06 8.866973448985103e-33 0.05136713640100391
626.0 0.12378403452035697 0.001075643562147009 2.044133563301759e-06 1.016015797654648e-32 0.05179389870830404
627.0 0.12462914508301018 0.001091215283067003 2.094552707329219e-06 1.16362649028738e-32 0.05222002457551524
628.0 0.12547053622231946 0.0011069020327140074 2.145933124981526e-06 1.3320351448125466e-32 0.05264544179155297
629.0 0.12630805610088017 0.0011227024510554037 2.198285316175894e-06 1.5240793051224564e-32 0.0530700777214862
630.0 0.12714155268261595 0.0011386151286535888 2.2516196883030214e-06 1.7429707321577884e-32 0.053493859325947614
631.0 0.127970873777574 0.0011546386065493675 2.3059465496381237e-06 1.9923430129214296e-32 0.05391671318091297
632.0 0.12879586708705884 0.0011707713761660973 2.3612761026691303e-06 2.2763049988464395e-32 0.05433856549777472
633.0 0.12961638024922403 0.001187011879236122 2.417618437347074e-06 2.599500758554921e-32 0.0547593421437603
634.0 0.13043226088507326 0.0012033585077495686 2.4749835242613626e-06 2.967176807049594e-32 0.055178968662675874
635.0 0.13124335664475234 0.0012198096039248922 2.533381207740842e-06 3.3852574586288147e-32 0.05559737029592571
636.0 0.13204951525432887 0.0012363634602034523 2.5928211988880543e-06 3.860429245157341e-32 0.056014472003890835
637.0 0.13285058456276097 0.0012530183192658506 2.6533130685445995e-06 4.4002354456516335e-32 0.0564301984875414
638.0 0.13364641258927815 0.0012697723740725244 2.7148662401955985e-06 5.013181888487583e-32 0.05684447421037697
639.0 0.13443684757104873 0.001286623767927918 2.777489982814823e-06 5.708855314976983e-32 0.05725722342064232
640.0 0.13522173801104698 0.001303570594567836 2.8411934036527036e-06 6.498055733805467e-32 0.057668370173781604
641.0 0.13600093272628788 0.001320610898272002 2.9059854409747417e-06 7.392944351203064e-32 0.0580778383552025
642.0 0.1367742808962189 0.001337742674000282 2.971874856750438e-06 8.407208833130875e-32 0.05848555170326076
643.0 0.13754163211133227 0.0013549638675535514 3.038870229298249e-06 9.556247844822023e-32 0.05889143383249197
644.0 0.13830283642200736 0.0013722723757597453 3.1069799458913803e-06 1.0857377021405296e-31 0.05929540825709443
645.0 0.13905774438748442 0.0013896660466845283 3.1762121953270687e-06 1.2330058752920483e-31 0.059697398414620885
646.0 0.13980620712499087 0.0014071426798671675 3.2465749604643267e-06 1.399615841987594e-31 0.06009732768988765
647.0 0.1405480763590104 0.0014247000265819071 3.318076010734962e-06 1.58802299937976e-31 0.06049511943909648
648.0 0.1412832044706589 0.0014423357901248617 3.3907228946321015e-06 1.8009834223400899e-31 0.06089069701415336
649.0 0.14201144454709314 0.0014600476261260335 3.4645229321794827e-06 2.0415892963707074e-31 0.061283983787151816
650.0 0.14273265043103417 0.0014778331428876277 3.5394832073886656e-06 2.3133083575539478e-31 0.061674903175054925
651.0 0.1434466767702974 0.0014956899017479306 3.6156105607071115e-06 2.620027772940724e-31 0.06206337866452937
652.0 0.1441533790673375 0.0015136154174711228 3.6929115814624688e-06 2.966102939429346e-31 0.06244933383693351
653.0 0.14485261372875533 0.0015316071586628207 3.7713926003075118e-06 3.3564117281940386e-31 0.06283269239343615
654.0 0.1455442381148113 0.0015496625482120906 3.851059681672404e-06 3.7964147554910867e-31 0.06321337818028394
655.0 0.14622811058884247 0.0015677789637591514 3.93191861622734e-06 4.292222319629847e-31 0.06359131521417184
656.0 0.14690409056660805 0.0015859537381893126 4.0139749133621896e-06 4.850668708525156e-31 0.06396642770772633
657.0 0.1475720385655376 0.0016041841601531117 4.0972337936882545e-06 5.479394653050719e-31 0.06433864009508865
658.0 0.1482318162537946 0.0016224674746119704 4.181700181565785e-06 6.186938778948266e-31 0.06470787705755884
659.0 0.1488832864992231 0.0016408008834103236 4.2673786976652674e-06 6.982838994921768e-31 0.06507406354932838
660.0 0.14952631341814562 0.0016591815458741048 4.35427365156771e-06 7.877744847398785e-31 0.06543712482328652
661.0 0.15016076242384602 0.0016776065794339623 4.442389034405587e-06 8.88354197397614e-31 0.06579698645682552
662.0 0.15078650027491705 0.0016960730602753563 4.531728511555654e-06 1.001348989857931e-30 0.0661535743777218
663.0 0.15140339512329468 0.0017145780240137452 4.622295415385078e-06 1.1282374532616805e-30 0.06650681489001355
664.0 0.15201131656205258 0.0017331184663958428 4.714092738059431e-06 1.2706676878866575e-30 0.0668566346999047
665.0 0.15261013567283732 0.0017516913440257245 4.807123124415318e-06 1.430475957938207e-30 0.06720296094164133
666.0 0.1531997250729985 0.0017702935751165052 4.901388864906026e-06 1.609707310645938e-30 0.06754572120338176
667.0 0.15377995896239313 0.0017889220402674958 4.9968918886260105e-06 1.810638356773301e-30 0.0678848435530495
668.0 0.15435071316971516 0.0018075735832651675 5.09363375641625e-06 2.035802428398479e-30 0.06822025656410115
669.0 0.15491186519852404 0.0018262450119100261 5.19161565406257e-06 2.2880173502623226e-30 0.06855188934128324
670.0 0.15546329427277142 0.0018449330988671128 5.290838385587337e-06 2.5704160832312093e-30 0.06887967154628757
671.0 0.15600488138190277 0.001863634582541046 5.391302366643506e-06 2.88648052265322e-30 0.06920353342333596
672.0 0.15653650932544164 0.0018823461679745475 5.493007618014931e-06 3.2400787607496705e-30 0.06952340582465152
673.0 0.15705806275713072 0.001901064527771318 5.595953759232084e-06 3.6355061508619805e-30 0.06983922023584634
674.0 0.15756942822848072 0.001919786303041471 5.700140002304748e-06 4.07753054254774e-30 0.07015090880115703
675.0 0.15807049423180122 0.0019385081043703702 5.805565145581351e-06 4.5714420904034226e-30 0.07045840434855839
676.0 0.1585611512426329 0.001957226512809832 5.912227567738474e-06 5.123108076291356e-30 0.07076164041471629
677.0 0.15904129176162232 0.0019759380808921315 6.020125221908991e-06 5.739033224608595e-30 0.07106055126979552
678.0 0.1595108103556934 0.0019946393336649154 6.129255629950296e-06 6.426426033597907e-30 0.07135507194205438
679.0 0.15996960369864974 0.002013326769748549 6.239615876864124e-06 7.193271692749472e-30 0.07164513824228301
680.0 0.16041757061107934 0.0020319968624142137 6.351202605370036e-06 8.048412207348882e-30 0.07193068678802507
681.0 0.16085461209953605 0.0020506460606822185 6.464012010638113e-06 9.001634406513447e-30 0.07221165502756785
682.0 0.16128063139504747 0.0020692707904410215 6.578039835189362e-06 1.0063766570962417e-29 0.07248798126372032
683.0 0.16169553399086964 0.0020878674555857486 6.693281363967543e-06 1.1246784481623293e-29 0.07275960467733966
684.0 0.1620992276794667 0.002106432439175712 6.809731419587673e-06 1.2563927760391392e-29 0.07302646535059347
685.0 0.16249162258875016 0.0021249621046111437 6.927384357769377e-06 1.402982745032439e-29 0.0732885042899699
686.0 0.16287263121746598 0.002143452796827466 7.046234062956787e-06 1.566064586470694e-29 0.07354566344898152
687.0 0.1632421684697957 0.002161900843507663 7.166273944133957e-06 1.747422982323524e-29 0.07379788575058993
688.0 0.16360015168910627 0.0021803025563116307 7.287496930839448e-06 1.949027848954298e-29 0.07404511510931756
689.0 0.16394650069082684 0.002198654232121904 7.4098954693852005e-06 2.1730527127932303e-29 0.07428729645303359
690.0 0.16428113779445466 0.002216952154305448 7.533461519285689e-06 2.4218948209095635e-29 0.07452437574441101
691.0 0.1646039878546572 0.0022351925939907576 7.658186549902279e-06 2.698197141536917e-29 0.07475630000203676
692.0 0.16491497829144905 0.002253371811359578 7.784061537307134e-06 3.0048724226335216e-29 0.07498301732116096
693.0 0.16521403911944743 0.0022714860569529407 7.911076961372928e-06 3.345129490605099e-29 0.0752044768940836
694.0 0.16550110297614565 0.0022895315729902677 8.039222803091215e-06 3.722501986457222e-29 0.07542062903014723
695.0 0.1657761051492434 0.002307504594701657 8.168488542126316e-06 4.1408797529525314e-29 0.07563142517534933
696.0 0.16603898360295952 0.0023254013516718942 8.2988631546071e-06 4.604543103911811e-29 0.07583681793153695
697.0 0.16628967900336444 0.0023432180691962336 8.430335111163205e-06 5.118200225701143e-29 0.07603676107519648
698.0 0.16652813474268227 0.00236095096964677 8.562892375208476e-06 5.687027981288481e-29 0.07623120957581173
699.0 0.1667542969625452 0.0023785962738486904 8.696522401475818e-06 6.316716409126607e-29 0.07642011961377873
700.0 0.1669681145762186 0.002396150202466106 8.831212134808694e-06 7.01351723263864e-29 0.07660344859788137
