200.0 0.00020328272486842664 7.197508835534153e-11 2.1875308302127596e-19 3.08786718434642e-110 1.3296954967943615e-05
201.0 0.00021830704619242537 8.322304604612681e-11 2.788623301448765e-19 1.166772808432935e-109 1.4474772874374472e-05
202.0 0.00023427344029588174 9.608935235960153e-11 3.546306208972042e-19 4.351034224472281e-109 1.574348954908121e-05
203.0 0.000251229687656102 1.1078640225899114e-10 4.499132670055587e-19 1.6016283052186362e-108 1.710902916910403e-05
204.0 0.0002692253506789872 1.2755170785215402e-10 5.694593458020893e-19 5.8207221857078816e-108 1.8577624950035635e-05
205.0 0.0002883118099808923 1.466505295868342e-10 7.191059469773834e-19 2.0889072306051354e-107 2.0155830629935208e-05
206.0 0.00030854230051891046 1.6837874562351777e-10 9.06011788073071e-19 7.404031299398803e-107 2.185053216725505e-05
207.0 0.0003299719471962236 1.9306597708885032e-10 1.138937590019817e-18 2.592401561140341e-106 2.3668959624356104e-05
208.0 0.00035265780011021743 2.2107898817322396e-10 1.428581880157559e-18 8.968046637891757e-106 2.5618699244697362e-05
209.0 0.00037665886871299286 2.528253805529396e-10 1.787982361774038e-18 3.0657034917943383e-105 2.7707705666861873e-05
210.0 0.00040203615625640136 2.887576039622757e-10 2.2329946995437684e-18 1.0357927414256799e-104 2.9944314369731578e-05
211.0 0.0004288526926731347 3.2937730390493823e-10 2.782862520063607e-18 3.459380396716474e-104 3.2337254210281215e-05
212.0 0.0004571735675326163 3.752400308109372e-10 3.4608946970911916e-18 1.1422928804758854e-103 3.489566016794145e-05
213.0 0.0004870659616257828 4.269603340937914e-10 4.295268567197711e-18 3.7297517734534653e-103 3.76290861831855e-05
214.0 0.0005185991782319515 4.852172675112643e-10 5.3199807027252214e-18 1.2044090492579087e-102 4.054751816260822e-05
215.0 0.0005518446732050417 5.50760332046517e-10 6.575970252213689e-18 3.847040436234302e-102 4.3661387078917524e-05
216.0 0.0005868760844808632 6.24415884958409e-10 8.112443745257137e-18 1.215637105830578e-101 4.698158220499675e-05
217.0 0.0006237692602778139 7.070940437554883e-10 9.988434664346738e-18 3.8007576594502055e-101 5.0519464417947284e-05
218.0 0.000662602286502082 7.997961162836705e-10 1.2274636124638073e-17 1.175949947934204e-100 5.428687960499182e-05
219.0 0.0007034555132035256 9.036225888992918e-10 1.5055550707261264e-17 3.6009919659231806e-100 5.8296172151775446e-05
220.0 0.0007464115796172347 1.0197817055738274e-09 1.8432007957128825e-17 1.0915188033950023e-99 6.256019846630586e-05
221.0 0.0007915554383437337 1.1495986733437868e-09 2.2524107402668468e-17 3.275488150424366e-99 6.709234057448126e-05
222.0 0.0008389743781581141 1.2945255296541297e-09 2.7474653219191563e-17 9.732300040244963e-99 7.190651973618752e-05
223.0 0.000888758045554246 1.4561517092258195e-09 3.3453156012633324e-17 2.863567576758149e-98 7.70172100804029e-05
224.0 0.0009409984650462165 1.6362153494309263e-09 4.066048772911254e-17 8.344660680935041e-98 8.24394522511316e-05
225.0 0.0009957900580199316 1.8366153741958152e-09 4.933428752912919e-17 2.408657336902751e-97 8.818886703580534e-05
226.0 0.0010532296602867482 2.059424398426797e-09 5.975522977566862e-17 6.887494367171058e-97 9.428166897829457e-05
227.0 0.0011134165378704586 2.30690249524222e-09 7.225428016632682e-17 1.9512873361227357e-96 0.00010073467992364091
228.0 0.0011764524015682157 2.5815118715124865e-09 8.722108277916407e-17 5.477820734583965e-96 0.00010756534253027009
229.0 0.0012424414198167722 2.885932496807337e-09 1.0511363941613957e-16 1.5239579559608847e-95 0.00011479173369630095
230.0 0.001311490229658995 3.2230787324667208e-09 1.264694634510735e-16 4.2021135983697355e-95 0.00012243257786754625
231.0 0.0013837079465195776 3.596117011043008e-09 1.5191841368164207e-16 1.1485301242825106e-94 0.00013050726027938437
232.0 0.001459206171665946 4.0084846135046475e-09 1.8219743936863335e-16 3.1120465725078734e-94 0.0001390358400154695
233.0 0.001538098998280196 4.463909597601643e-09 2.181674965234657e-16 8.360405201378e-94 0.00014803906295484737
234.0 0.0016205030152335474 4.966431927593944e-09 2.6083292718662555e-16 2.2270692558452895e-93 0.00015753837450784022
235.0 0.0017065373094878042 5.520425861615484e-09 3.113636289540294e-16 5.883179182234545e-93 0.00016755593221399255
236.0 0.001796323465864928 6.130623647970945e-09 3.7112038078163517e-16 1.541375279614866e-92 0.00017811461806602265
237.0 0.0018899855652801149 6.802140589586538e-09 4.416837345979182e-16 4.005602846085809e-92 0.00018923805064967602
238.0 0.0019876501805725544 7.54050153110355e-09 5.248869295994315e-16 1.0326069101014105e-91 0.00020095059699959682
239.0 0.002089446370413919 8.35166882828311e-09 6.228533388290944e-16 2.6409095093730597e-91 0.0002132773842019777
240.0 0.002195505670606443 9.242071856239743e-09 7.380390151543637e-16 6.701412406584467e-91 0.00022624431065810727
241.0 0.0023059620835919094 1.0218638119501154e-08 8.732809676478848e-16 1.6873911326976745e-90 0.00023987805707459314
242.0 0.002420952065223132 1.12888260209287e-08 1.03185186860292e-15 4.216414807822165e-90 0.0002542060970666343
243.0 0.002540614509401497 1.2460659353229357e-08 1.2175219682548288e-15 1.0456586078667427e-89 0.00026925670741779903
244.0 0.002665090730063814 1.3742763572808767e-08 1.434629077573739e-15 2.5739239970293887e-89 0.0002850589779246767
245.0 0.0027945244408595035 1.514440391994316e-08 1.6881575712672122e-15 6.289270447043193e-89 0.00030164282084333137
246.0 0.0029290617320877244 1.6675525446025018e-08 1.983827462668231e-15 1.525606248143699e-88 0.0003190389798731648
247.0 0.003068851045106513 1.834679501192378e-08 2.3281947113766786e-15 3.6741809148621305e-88 0.0003372790386810585
248.0 0.0032140431441236676 2.0169645320296116e-08 2.728764043041281e-15 8.786018970831938e-88 0.00035639542893684006
249.0 0.0033647910850236012 2.2156321042914196e-08 3.1941156894596136e-15 2.0862880971729564e-87 0.0003764214378018631
250.0 0.003521250181697834 2.4319927108801093e-08 3.734047597993614e-15 4.919754065878367e-87 0.0003973912149016203
251.0 0.0036835779692750616 2.667447921219245e-08 4.359734810601922e-15 1.1522197523185638e-86 0.0004193397786950282
252.0 0.0038519341646302985 2.9234956604898437e-08 5.083907878463537e-15 2.6803117794492446e-86 0.00044230302226125806
253.0 0.004026480623913122 3.2017357233055556e-08 5.921052356126748e-15 6.19338523867361e-86 0.0004663177184539742
254.0 0.004207381297004354 3.503875527828101e-08 6.88763161214185e-15 1.4216667557344848e-85 0.0004914215243906321
255.0 0.004394802178854194 3.8317361162470155e-08 8.002335401504377e-15 3.242112400927821e-85 0.0005176529852489801
256.0 0.004588911257951702 4.1872584076959084e-08 9.286356870527073e-15 7.346017439734419e-85 0.0005450515373778731
257.0 0.004789878461327055 4.572509708823748e-08 1.0763700905419005e-14 1.6538725288333148e-84 0.0005736575106299324
258.0 0.004997875596674237 4.9896904880795736e-08 1.2461526998316283e-14 3.700073536536979e-84 0.0006035121299621887
259.0 0.005213076290873196 5.441141418434512e-08 1.4410530081961794e-14 8.226374440502443e-84 0.0006346575161962469
260.0 0.005435655925497726 5.929350694244361e-08 1.6645363087274433e-14 1.817721941454519e-83 0.0006671366859843411
261.0 0.005665791568800062 6.456961626706344e-08 1.9205105297806164e-14 3.992067397332866e-83 0.0007009935508968707
262.0 0.005903661904339963 7.026780522738454e-08 2.2133780921393252e-14 8.714647563119927e-83 0.0007362729156274788
263.0 0.006149447156255668 7.64178485169593e-08 2.548093266797036e-14 1.891093428075667e-82 0.0007730204752917401
264.0 0.0064033290108412785 8.305131703617907e-08 2.930225551518355e-14 4.079590089319975e-82 0.0008112828117534519
265.0 0.006665490534893408 9.020166543313888e-08 3.366029626685949e-14 8.749620201399402e-82 0.0008511073890118868
266.0 0.006936116090407187 9.790432263211582e-08 3.8625224954331425e-14 1.8657751941148123e-81 0.0008925425475735794
267.0 0.007215391245422285 1.061967853765173e-07 4.4275684607514086e-14 3.955985995934985e-81 0.000935637497757586
268.0 0.007503502681686122 1.1511871482136046e-07 5.069972643457395e-14 8.340708658418236e-81 0.000980442311994927
269.0 0.007800638098352282 1.2471203618612383e-07 5.799583798007733e-14 1.7487630820076872e-80 0.0010270079159975566
270.0 0.008106986112014873 1.3502104148827822e-07 6.627407240765519e-14 3.6464096540625284e-80 0.0010753860788097344
271.0 0.00842273615325275 1.4609249537209644e-07 7.565728765861217e-14 7.561929681024395e-80 0.0011256294017402604
272.0 0.00874807835920155 1.5797574403119782e-07 8.628250487289468e-14 1.559762068654253e-79 0.0011777913060872208
273.0 0.009083203462581025 1.707228272320384e-07 9.830239614197062e-14 3.200133393667783e-79 0.0012319260196865692
274.0 0.009428302676701555 1.843885934243593e-07 1.1188691236952987e-13 6.531108551551508e-79 0.0012880885621959631
275.0 0.009783567577003991 1.9903081793638518e-07 1.2722506277815203e-13 1.3259878106228887e-78 0.0013463347291633979
276.0 0.010149189978418474 2.1471032422247064e-07 1.4452685837924352e-13 2.678245124569708e-78 0.0014067210747589272
277.0 0.010525361809466454 2.314911081553517e-07 1.6402543257548307e-13 5.381994764180262e-78 0.0014693048932709716
278.0 0.010912274982075339 2.49440465309171e-07 1.8597935291622226e-13 1.0760737068554773e-77 0.0015341441992013898
279.0 0.011310121257667975 2.6862912120258855e-07 2.1067513896229936e-13 2.1407693067297835e-77 0.0016012977060109689
280.0 0.01171909210980702 2.8913136445995114e-07 2.384300021780923e-13 4.237890987708804e-77 0.0016708248035313747
281.0 0.012139378582660282 3.110251828162183e-07 2.6959482475582503e-13 8.348421801395144e-77 0.001742785533916448
282.0 0.012571171145821186 3.34392401910716e-07 3.0455739534751955e-13 1.6366506192483346e-76 0.0018172405661833406
283.0 0.01301465954552774 3.59318826796e-07 3.4374592077014287e-13 3.193203152120468e-76 0.0018942511693269928
284.0 0.01347003265177063 3.858943860631003e-07 3.8763283387598356e-13 6.20065774129355e-76 0.0019738791839109364
285.0 0.013937478302308579 4.142132785155984e-07 4.3673891900556897e-13 1.1984252983110255e-75 0.002056186992258926
286.0 0.014417183142249785 4.443741222505282e-07 4.916377776132659e-13 2.3055111430096606e-75 0.0021412374870296963
287.0 0.01490933246070602 4.7648010607271974e-07 5.5296065801166e-13 4.4149652058664214e-75 0.0022290940383724923
288.0 0.015414110023230333 5.106391430788715e-07 6.214016744263708e-13 8.416113938992829e-75 0.0023198204594523566
289.0 0.01593169790134916 5.469640263136405e-07 6.977234420049379e-13 1.5971303379600154e-74 0.0024134809705179975
290.0 0.01646227629788044 5.85572586307417e-07 7.82763155747171e-13 3.0174037821631107e-74 0.002510140161296223
291.0 0.01700602336958619 6.265878503857895e-07 8.774391428910012e-13 5.67558231741093e-74 0.00260986295192518
292.0 0.01756311504567484 6.701382035279015e-07 9.827579196650816e-13 1.062895778577532e-73 0.002712714552182592
293.0 0.018133724843705137 7.163575506427592e-07 1.099821784993681e-12 1.9819525807674894e-73 0.0028187604192255974
294.0 0.0187180236816993 7.653854800234215e-07 1.2298369851925486e-12 3.679907968544075e-73 0.0029280662136419934
295.0 0.01931617968755419 8.17367427809169e-07 1.3741224854265256e-12 6.80362414606757e-73 0.0030406977539624972
296.0 0.019928358005005517 8.72454843203677e-07 1.534119385252113e-12 1.2526265432682076e-72 0.0031567209695019575
297.0 0.020554720597045457 9.30805354249053e-07 1.7114010173531375e-12 2.2966714752726564e-72 0.003276201851653958
298.0 0.021195426046068572 9.925829338756784e-07 1.9076837701836887e-12 4.1936279172066817e-72 0.00339920640350989
299.0 0.02185062935165188 1.057958066003261e-06 2.1248386770879276e-12 7.626270466350346e-72 0.0035258005879311
300.0 0.022520481725341886 1.1271079113880654e-06 2.3649038161103816e-12 1.3812843836046971e-71 0.003656050273961256
301.0 0.023205130383285085 1.200216472963811e-06 2.6300975666112073e-12 2.491837132429391e-71 0.0037900211817002514
302.0 0.023904718336244943 1.277474760350117e-06 2.922832770480007e-12 4.47753190955591e-71 0.003927778825555227
303.0 0.02461938417739615 1.3590809532275009e-06 3.24573184761422e-12 8.014137969505804e-71 0.004069388455920958
304.0 0.02534926186817827 1.4452405632612008e-06 3.6016429171324995e-12 1.428862403267233e-70 0.0042149149993270275
305.0 0.026094480521929836 1.5361665942112606e-06 3.99365697751846e-12 2.537789707479979e-70 0.004364422996997686
306.0 0.02685516418608888 1.6320796999107696e-06 4.425126200818641e-12 4.490228327531512e-70 0.004517976541947447
307.0 0.027631431622435865 1.7332083397076203e-06 4.8996833976156764e-12 7.914883367661771e-70 0.004675639214520047
308.0 0.028423396086174346 1.8397889310263035e-06 5.421262711432934e-12 1.389950818922803e-69 0.004837474016499019
309.0 0.029231165103421664 1.9520659986206727e-06 5.994121602755989e-12 2.4319155015915254e-69 0.005003543303715075
310.0 0.03005484024798823 2.0702923201554322e-06 6.6228641847549865e-12 4.2394231927515654e-69 0.005173908717297176
311.0 0.030894516916924186 2.1947290676528316e-06 7.312465974169381e-12 7.363583483727313e-69 0.005348631113478776
312.0 0.03175028410572364 2.3256459444194368e-06 8.068300122657043e-12 1.2744139748184977e-68 0.005527770492112517
313.0 0.03262222418264877 2.4633213169592204e-06 8.896165195113045e-12 2.1977850860883964e-68 0.005711385923803676
314.0 0.0335104126633274 2.6080423414852436e-06 9.802314563274518e-12 3.77683172080845e-68 0.005899535475866321
315.0 0.03441491798467239 2.7601050844784837e-06 1.0793487483745939e-11 6.467730366655312e-68 0.006092276136942518
316.0 0.03533580127964491 2.9198146369133316e-06 1.1876941931451375e-11 1.1037532456566458e-67 0.006289663740557934
317.0 0.03627311615207405 3.0874852215861283e-06 1.3060489260032377e-11 1.8771616508248347e-67 0.006491752887485647
318.0 0.03722690845216661 3.263440293077546e-06 1.4352530762069964e-11 3.181665675707231e-67 0.006698596867039813
319.0 0.03819721605319118 3.4480126298633576e-06 1.5762096202874263e-11 5.3745737144914046e-67 0.006910247577398527
320.0 0.03918406862905348 3.641544418012707e-06 1.7298884402007396e-11 9.048641144274983e-67 0.007126755444919665
321.0 0.04018748743364926 3.844387326004587e-06 1.8973305937676854e-11 1.5183980764171039e-66 0.007348169342624983
322.0 0.04120748508165837 4.056902570078314e-06 2.07965280490324e-11 2.539590967869304e-66 0.007574536507809943
323.0 0.042244065331604706 4.279460969630866e-06 2.2780521812039538e-11 4.233801547571019e-66 0.007805902458948668
324.0 0.043297222871001136 4.512442992075142e-06 2.4938111664135945e-11 7.03555558115764e-66 0.008042310911882997
325.0 0.04436694310423945 4.756238786647108e-06 2.7283027352997993e-11 1.1654131112770973e-65 0.008283803695440175
326.0 0.04545320194329818 5.011248206589258e-06 2.9829958383970646e-11 1.924364191105546e-65 0.008530420666518636
327.0 0.046555965601495226 5.277880819146548e-06 3.259461104000069e-11 3.1676165980879074e-65 0.008782199624710782
328.0 0.047675190391148994 5.556555902880529e-06 3.5593768047331534e-11 5.19789959803755e-65 0.00903917622665426
329.0 0.048810822524503625 5.847702431639785e-06 3.884535095791423e-11 8.503249132096903e-65 0.009301383900022216
330.0 0.0499627979190974 6.1517590447242735e-06 4.2368485319059876e-11 1.3868047476427688e-64 0.009568853757407339
331.0 0.051131042007444845 6.469174002639192e-06 4.618356869808094e-11 2.2549174558217718e-64 0.009841614510111514
332.0 0.05231546955167122 6.800405127924171e-06 5.031234162795825e-11 3.655461880039537e-64 0.010119692382000424
333.0 0.05351598446279202 7.1459197304295235e-06 5.477796153663241e-11 5.908284233576539e-64 0.010403111023403234
334.0 0.05473247962584061 7.506194516605381e-06 5.960507972086262e-11 9.521362483521218e-64 0.010691891425330087
335.0 0.055964836730505035 7.881715482183663e-06 6.481992142088673e-11 1.5299117096614108e-63 0.010986051833986519
336.0 0.057212926107861106 8.272977787755165e-06 7.045036904914096e-11 2.4511732270499846e-63 0.011285607665743646
337.0 0.058476606573522334 8.680485616720987e-06 7.652604862190672e-11 3.915909891395057e-63 0.011590571422674625
338.0 0.05975572527750024 9.104752015103905e-06 8.307841943809335e-11 6.238109255042612e-63 0.011900952608764568
339.0 0.06105011756119461 9.54629871273596e-06 9.014086704449023e-11 9.909352747172455e-63 0.01221675764692842
340.0 0.06235960682168229 1.0005655925315026e-05 9.774879952096231e-11 1.5697117906913878e-62 0.012537989796923735
341.0 0.06368400438381842 1.0483362136890148e-05 1.0593974711356374e-10 2.479630919635851e-62 0.012864649074316122
342.0 0.06502310938047096 1.0979963862325784e-05 1.147534652368623e-10 3.906220037108559e-62 0.013196732170619487
343.0 0.06637670864093799 1.1496015389267277e-05 1.242320408593334e-10 6.136755585565289e-62 0.013534232374680124
344.0 0.067744576588387 1.203207849928073e-05 1.3442000227954285e-10 9.61486560195546e-62 0.013877139495535406
345.0 0.06912647514605895 1.2588722167681509e-05 1.453644322910364e-10 1.5023792094299095e-61 0.014225439786758368
346.0 0.0705221536531527 1.3166522241787796e-05 1.5711508472744786e-10 2.3413020137062838e-61 0.014579115872539456
347.0 0.07193134879019379 1.3766061097171205e-05 1.69724504368301e-10 3.639035525200587e-61 0.014938146675532673
348.0 0.07335378451446445 1.438792727163639e-05 1.8324815017786337e-10 5.6412517128422396e-61 0.015302507346652476
349.0 0.07478917200582472 1.5032715076652328e-05 1.9774452183895894e-10 8.722364270555961e-61 0.01567216919696017
350.0 0.07623720962316122 1.570102418597069e-05 2.1327528953283612e-10 1.3451528708710838e-60 0.016047099631760816
351.0 0.07769758287166947 1.6393459201191974e-05 2.299054269048971e-10 2.0691728015126533e-60 0.016427262087026755
352.0 0.07916996438151051 1.711062919414384e-05 2.477033471453584e-10 3.1748154336933203e-60 0.01681261596833585
353.0 0.08065401389780484 1.7853147225855957e-05 2.6674104210015727e-10 4.858985589190862e-60 0.017203116592393014
354.0 0.08214937828256935 1.8621629842087387e-05 2.870942243165141e-10 7.418000276637579e-60 0.01759871513134071
355.0 0.08365569152852254 1.9416696545259614e-05 3.08842471912322e-10 1.1296678862340689e-59 0.01799935855992129
356.0 0.08517257478539123 2.0238969242845172e-05 3.3206937614704787e-10 1.7161131594300087e-59 0.018404989605706655
357.0 0.08669963639857602 2.1089071672133517e-05 3.5686269155503135e-10 2.600642521345084e-59 0.018815546702445774
358.0 0.08823647196075476 2.1967628801506162e-05 3.8331448848989374e-10 3.931545410312756e-59 0.019230963946737123
359.0 0.08978266437632079 2.2875266208241432e-05 4.1152130791105973e-10 5.929281060342681e-59 0.019651171058086885
360.0 0.09133778393915089 2.3812609433061252e-05 4.415843182301921e-10 8.920824425089117e-59 0.020076093342544357
361.0 0.09290138842381303 2.4780283311593857e-05 4.736094740178088e-10 1.338998764163917e-58 0.020505651660023917
362.0 0.0944730231902361 2.5778911282951605e-05 5.077076763535076e-10 2.005097586119572e-58 0.020939762395403863
363.0 0.09605222130221475 2.6809114675768054e-05 5.439949345879637e-10 2.995565630269061e-58 0.021378337433570024
364.0 0.09763850365986611 2.7871511972030517e-05 5.825925292668573e-10 4.464963310684137e-58 0.021821284138516937
365.0 0.09923137914607272 2.896671804907702e-05 6.236271759488586e-10 6.639881614332998e-58 0.022268505336601258
366.0 0.10083034478703372 3.0095343400204996e-05 6.672311896325587e-10 9.85175793550663e-58 0.022719899304061382
367.0 0.10243488592731123 3.125799333448015e-05 7.135426494912328e-10 1.4584299216457936e-57 0.02317535975897746
368.0 0.10404447641901977 3.2455267156180445e-05 7.627055635917017e-10 2.1541861772727805e-57 0.02363477585768061
369.0 0.1056585788255392 3.36877573245792e-05 8.148700332598141e-10 3.174783058241258e-57 0.02409803219578354
370.0 0.10727664463979054 3.49560485947438e-05 8.701924167351127e-10 4.6685848490965026e-57 0.024565008813929336
371.0 0.10889811451680503 3.6260717139983555e-05 9.288354917362439e-10 6.85021169760487e-57 0.0250355812082836
372.0 0.11052241852101012 3.760232965686443e-05 9.909686165458313e-10 1.0029455045879194e-56 0.025509620345952316
373.0 0.11214897638809633 3.8981442453603634e-05 1.0567678892014981e-09 1.465251850183261e-56 0.025986992685381224
374.0 0.11377719780108203 4.039860052262472e-05 1.1264163043589498e-09 2.136071252866441e-56 0.026467560201732653
375.0 0.11540648268110106 4.1854336598429375e-05 1.200103907383304e-09 3.1073812835659827e-56 0.02695118041744491
376.0 0.11703622149241628 4.334917020166447e-05 1.2780279451986853e-09 4.510819739982352e-56 0.027437706437942938
377.0 0.11866579556180275 4.488360667054142e-05 1.3603930134143057e-09 6.534392300362661e-56 0.02792698699261499
378.0 0.12029457741192992 4.645813618065176e-05 1.44741119922372e-09 9.44605254337537e-56 0.02841886648104981
379.0 0.12192193110898042 4.8073232754506524e-05 1.539302219564052e-09 1.362691268722781e-55 0.028913185024668817
380.0 0.12354721262400406 4.972935326192092e-05 1.6362935539982849e-09 1.961792295483423e-55 0.029409778523713806
381.0 0.1251697702078776 5.1426936412561253e-05 1.7386205717726034e-09 2.8185348705654574e-55 0.029908478719634854
382.0 0.12678894478002944 5.316640174215557e-05 1.8465266524903422e-09 4.0412430228399095e-55 0.030409113262990922
383.0 0.12840407033001408 5.4948148593499264e-05 1.960263299816724e-09 5.782743839301906e-55 0.030911505786717506
384.0 0.13001447433246116 5.677255509402928e-05 2.080090247634968e-09 8.258222280480509e-55 0.03141547598495695
385.0 0.13161947817452083 5.8639977131227926e-05 2.206275558043578e-09 1.17700670793911e-54 0.03192083969730902
386.0 0.1332183975957602 6.055074732751184e-05 2.3390957105852303e-09 1.6742377387020068e-54 0.03242740899855624
387.0 0.1348105431402212 6.250517401622526e-05 2.4788356820853036e-09 2.37687933164364e-54 0.03293499229385736
388.0 0.13639522062025128 6.450354022036165e-05 2.625789016467701e-09 3.367866702883383e-54 0.033443394419375494
389.0 0.13797173159158616 6.654610263562978e-05 2.780257883906421e-09 4.762843140548769e-54 0.03395241674827198
390.0 0.13953937383963855 6.863309061974624e-05 2.9425531286739315e-09 6.722752104525006e-54 0.03446185730210965
391.0 0.14109744187621454 7.076470518954694e-05 3.112994305030001e-09 9.471158364105491e-54 0.034971510867527075
392.0 0.14264522744643143 7.294111802780912e-05 3.2919097005020593e-09 1.331802941056805e-53 0.03548116911817694
393.0 0.14418202004534098 7.51624705015906e-05 3.4796363459018344e-09 1.8692325682245294e-53 0.03599062074185172
394.0 0.14570710744384 7.742887269397366e-05 3.676520011425696e-09 2.618657963332789e-53 0.03649965157273604
395.0 0.14721977622310228 7.97404024509521e-05 3.882915188180115e-09 3.6617761617162175e-53 0.03700804472863394
396.0 0.14871931231744784 8.209710444558559e-05 4.099185054493369e-09 5.111023086146639e-53 0.03751558075318548
397.0 0.15020500156467398 8.449898926111492e-05 4.325701426360537e-09 7.120857959588146e-53 0.038022037762860894
398.0 0.1516761302636369 8.69460324951494e-05 4.56284469139432e-09 9.903086578366363e-53 0.03852719159870681
399.0 0.15313198573824938 8.943817388673412e-05 4.811003725649275e-09 1.3747631689972796e-52 0.039030815982659055
400.0 0.154571856907431 9.197531646831682e-05 5.070575792708427e-09 1.9050636636360625e-52 0.039532682678325
401.0 0.15599503486036606 9.455732574454624e-05 5.341966424430525e-09 2.635242404943639e-52 0.040032561656088095
402.0 0.15740081343644882 9.718402889986084e-05 5.62558928277358e-09 3.638867527065086e-52 0.040530221262389525
403.0 0.15878848980927757 9.985521403681849e-05 5.9218660021285825e-09 5.015931458009277e-52 0.04102542839303204
404.0 0.1601573650739237 0.00010257062944702743 6.23122601161242e-09 6.902106198542682e-52 0.04151794867031151
405.0 0.16150674483696403 0.00010532998291670335 6.5541063368026116e-09 9.4811572530622e-52 0.042007546623844705
406.0 0.16283593980854164 0.00010813294106872552 6.8909513804133835e-09 1.3001565658475157e-51 0.04249398587489942
407.0 0.16414426639562207 0.00011097912874298437 7.2422126814366166e-09 1.7798746670782123e-51 0.0429770293240025
408.0 0.16543104729593397 0.00011386812841700304 7.608348652313972e-09 2.4324699244224355e-51 0.0434564393416801
409.0 0.16669561209166187 0.00011679947966851055 7.989824293721323e-09 3.3187504907119995e-51 0.04393197796206974
410.0 0.16793729784239222 0.00011977267868190372 8.387110886600428e-09 4.5203860009575166e-51 0.044403407079252055
411.0 0.16915544967634025 0.00012278717780018415 8.800685661088988e-09 6.146882590855781e-51 0.04487048864602108
412.0 0.170349421379234 0.0001258423851241377 9.231031442053876e-09 8.344828758304853e-51 0.04533298487489804
413.0 0.1715185759801569 0.0001289376641604489 9.678636270973028e-09 1.1310131279903408e-50 0.04579065844116976
414.0 0.17266228633339384 0.00013207233352018524 1.0143993003939874e-08 1.530418175315489e-50 0.04624327268765879
415.0 0.17377993569577527 0.00013524566666936762 1.0627598885634793e-08 2.0675181823528102e-50 0.0466905918310477
416.0 0.17487091829852539 0.00013845689173291913 1.1129955099130124e-08 2.7886227924160053e-50 0.04713238116944421
417.0 0.17593463991302155 0.0001417051913535079 1.1651566291465906e-08 3.7552238923458775e-50 0.047568407290976424
418.0 0.17697051840956127 0.0001449897026064972 1.2192940074969082e-08 5.048843378251465e-50 0.047998438283118845
419.0 0.17797798430855646 0.0001483095169723875 1.2754586504362067e-08 6.777387116612138e-50 0.04842224394253247
420.0 0.17895648132320358 0.0001516636803677516 1.3337017529738282e-08 9.083459988839274e-50 0.04883959598509693
421.0 0.17990546689300826 0.00015505119323584317 1.3940746425560806e-08 1.215523029340734e-49 0.049250268255897116
422.0 0.18082441270738325 0.00015847101069783634 1.4566287195889698e-08 1.6240603091654226e-49 0.049654036938879445
423.0 0.18171280521855668 0.00016192204276555873 1.5214153956102553e-08 2.166568176253966e-49 0.050050680765891996
424.0 0.18257014614314448 0.00016540315461659267 1.588486029144634e-08 2.8858778297933494e-49 0.05043998122485192
425.0 0.18339595295154834 0.00016891316693232175 1.657891859280291e-08 3.838159243520271e-49 0.050821722766724683
426.0 0.18418975934458176 0.00017245085629961373 1.729683937013506e-08 5.0969638681850165e-49 0.051195693011062894
427.0 0.18495111571657205 0.00017601495567657008 1.8039130544132783e-08 6.7584585221128826e-49 0.05156168294980552
428.0 0.1856795896042868 0.00017960415492273237 1.8806296716650137e-08 8.948191304878268e-49 0.05191948714906134
429.0 0.18637476612100032 0.0001832171013939901 1.959883842058801e-08 1.182982495072459e-48 0.05226890394858869
430.0 0.18703624837510793 0.000186852400602385 2.0417251349952758e-08 1.5616393037953416e-48 0.05260973565870461
431.0 0.18766365787256856 0.00019050861694074425 2.1262025570871788e-08 2.058478649241171e-48 0.05294178875431757
432.0 0.18825663490267586 0.0001941842744721639 2.213364471443816e-08 2.7094370127919074e-48 0.053264874065836555
433.0 0.18881483890646908 0.00019787785778401984 2.3032585152299143e-08 3.5610871870148527e-48 0.05357880696665202
434.0 0.1893379488273454 0.0002015878129063006 2.3959315155998505e-08 4.6736993677919553e-48 0.0538834075569527
435.0 0.18982566344317103 0.00020531254829364275 2.49142940411154e-08 6.125157902594856e-48 0.0541785008435643
436.0 0.19027770167953967 0.00020905043587064618 2.589797129734677e-08 8.01596570633409e-48 0.054463916915592214
437.0 0.19069380290358087 0.0002127998121396583 2.6910785705713305e-08 1.0475629294081794e-47 0.05473949111557953
438.0 0.1910737271978749 0.0002165589793502125 2.7953164444150522e-08 1.3670793796392007e-47 0.05500506420593148
439.0 0.19141725561408243 0.0002203262067292066 2.9025522182807866e-08 1.781559301308595e-47 0.05526048253037134
440.0 0.19172419040582167 0.00022409973177068133 3.012826017043279e-08 2.318479921675694e-47 0.05550559817016874
441.0 0.19199435524045907 0.0002278777615840312 3.126176531328403e-08 3.013050682906724e-47 0.055740269094917805
442.0 0.1922275953894438 0.000231658474299299 3.242640924807085e-08 3.910327039969756e-47 0.0559643593076311
443.0 0.19242377789686085 0.00023544002052808773 3.362254741047011e-08 5.067884930636816e-47 0.05617773898392688
444.0 0.19258279172596157 0.0002392205248785699 3.4850518100834604e-08 6.559200006512127e-47 0.05638028460511022
445.0 0.19270454788335006 0.00024299808752281494 3.611064154873702e-08 8.477911534990643e-47 0.05657187908492442
446.0 0.19278897952067686 0.00024677078581472085 3.74032189780669e-08 1.0943195301893606e-46 0.05675241188979939
447.0 0.192836042013598 0.0002505366759565472 3.872853167441701e-08 1.410652485216401e-46 0.05692177915239527
448.0 0.1928457130178807 0.0002542937947120672 4.008684005655526e-08 1.8160168432642194e-46 0.057079883778276136
449.0 0.1928179925025199 0.00025804016116416677 4.1478382753804046e-08 2.334785301415259e-46 0.057226635545543345
450.0 0.19275290275979137 0.0002617737785146534 4.2903375691188124e-08 2.9978130387410116e-46 0.05736195119727663
451.0 0.19265048839219434 0.00026549263592393703 4.436201118424332e-08 3.844110795217254e-46 0.05748575452663948
452.0 0.19251081627625943 0.00026919471038811075 4.585445704539601e-08 4.922936380490133e-46 0.057597976454513256
453.0 0.1923339755032567 0.00027287796865091434 4.738085570385554e-08 6.296405857602866e-46 0.05769855509954227
454.0 0.19212007729685535 0.00027654036914795 4.8941323340971957e-08 8.042749305309901e-46 0.05778743584047904
455.0 0.19186925490782714 0.0002801798639804295 5.053594904302635e-08 1.0260365049065859e-45 0.057864571370731914
456.0 0.19158166348592554 0.0002837944009156729 5.216479397342873e-08 1.3072861718738108e-45 0.05792992174503095
457.0 0.19125747992909864 0.00028738192541149436 5.38278905663048e-08 1.6635320833525224e-45 0.0579834544181379
458.0 0.1908969027102401 0.00029094038266154297 5.5525241743444725e-08 2.1142065511334042e-45 0.0580251442755416
459.0 0.19050015168170042 0.00029446771965860113 5.725682015658928e-08 2.6836285374209214e-45 0.05805497365608823
460.0 0.1900674678578389 0.00029796188727280564 5.90225674570098e-08 3.40219462067784e-45 0.05807293236651581
461.0 0.1895991131759028 0.0003014208423416764 6.082239359432637e-08 4.3078508344353253e-45 0.0580790176878666
462.0 0.18909537023557332 0.00030484254976881803 6.265617614648526e-08 5.447909362818337e-45 0.058073234373770516
463.0 0.18855654201754551 0.000308224984628116 6.452375968279027e-08 6.881288126916313e-45 0.058055594640603746
464.0 0.18798295158152978 0.00031156613427019955 6.64249551618475e-08 8.681268313580183e-45 0.05802611814953628
465.0 0.18737494174411728 0.0003148640004279623 6.835953936625453e-08 1.0938885483600592e-44 0.05798483198050257
466.0 0.18673287473695802 0.0003181166013178633 7.03272543758097e-08 1.376709476663751e-44 0.05793177059813456
467.0 0.18605713184573863 0.0003213219737337509 7.232780708098041e-08 1.7305880660591259e-44 0.057866975809712395
468.0 0.18534811303047624 0.0003244781751299328 7.436086873830802e-08 2.1728518121003745e-44 0.05779049671520041
469.0 0.1846062365276901 0.000327583285690262 7.642607456938107e-08 2.7249235161635845e-44 0.05770238964945486
470.0 0.18383193843498277 0.0003306354103799145 7.852302340492585e-08 3.413257952756018e-44 0.05760271811668388
471.0 0.1830256722786629 0.0003336326809766853 8.065127737551697e-08 4.2704854851285197e-44 0.05749155271727642
472.0 0.18218790856502584 0.0003365732580785747 8.281036165032967e-08 5.336806707945844e-44 0.05736897106711579
473.0 0.18131913431588717 0.0003394553330844063 8.499976422525856e-08 6.66169122512396e-44 0.05723505770949168
474.0 0.1804198525891124 0.00034227713014445694 8.721893576169326e-08 8.305944474188437e-44 0.057089904019775504
475.0 0.17949058198476336 0.00034503690807789484 8.946728947710367e-08 1.0344219418761613e-43 0.056933608102990266
476.0 0.17853185613757594 0.0003477329622539774 9.174420108851875e-08 1.2868065340692384e-43 0.056766274684439906
477.0 0.1775442231965293 0.0003503636264340927 9.404900880991091e-08 1.5989624335195034e-43 0.05658801499358346
478.0 0.17652824529220154 0.00035292727457163925 9.638101340435921e-08 1.984610798975081e-43 0.056398946641322764
479.0 0.1754844979926648 0.00035542232256686714 9.873947829177565e-08 2.460521274887412e-43 0.05619919349089595
480.0 0.17441356974872976 0.00035784722997399233 1.0112362971290925e-07 3.0471663381106315e-43 0.055988885522592784
481.0 0.17331606132927757 0.0003602005016578045 1.0353265695018348e-07 3.769511064924127e-43 0.05576815869248935
482.0 0.17219258524746106 0.00036248068939712634 1.0596571260582569e-07 4.6579652766659324e-43 0.055537154785418937
483.0 0.17104376517863362 0.00036468639343273867 1.0842191293768134e-07 5.749530170211417e-43 0.05529602126242587
484.0 0.16987023537072363 0.00036681626395716906 1.1090033825289949e-07 7.089177627356503e-43 0.05504491110290869
485.0 0.1686726400479511 0.00036886900254419106 1.1340003335965711e-07 8.73150758828357e-43 0.054783982641721955
486.0 0.16745163280864248 0.0003708433635157164 1.159200080768942e-07 1.0742737359018068e-42 0.05451339940146588
487.0 0.1662078760179884 0.00037273815524402603 1.1845923780194847e-07 1.3203086722540018e-42 0.054233329920226225
488.0 0.16494204019658557 0.00037455224138741293 1.210166641358702e-07 1.6209634495283216e-42 0.05394394757503161
489.0 0.16365480340551317 0.0003762845420572294 1.2359119556600436e-07 1.98797360137456e-42 0.05364543040127032
490.0 0.16234685062887386 0.0003779340349148507 1.2618170820543223e-07 2.4355107296053364e-42 0.0533379609083725
491.0 0.1610188731544874 0.00037949975619666534 1.2878704658857173e-07 2.980670070139145e-42 0.053021725891989405
492.0 0.15967156795367976 0.0003809808016659335 1.3140602452230994e-07 3.644051926999505e-42 0.05269691624298991
493.0 0.1583056370608463 0.0003823763274898644 1.34037425991711e-07 4.450454310338457e-42 0.052363726753512245
494.0 0.1569217869537207 0.0003836855510410528 1.366800061194404e-07 5.4296971757124265e-42 0.052022355920397244
495.0 0.15552072793500768 0.00038490775162188076 1.3933249217770341e-07 6.617602237877716e-42 0.051673005746243436
496.0 0.15410317351626726 0.0003860422711112427 1.419935846515782e-07 8.057156505262333e-42 0.05131588153840521
497.0 0.15266983980476345 0.00038708851453267895 1.4466195835237913e-07 9.799892545329677e-42 0.050951191706201576
498.0 0.1512214448940482 0.00038804595054332217 1.4733626357961521e-07 1.1907524154663273e-41 0.05057914755662656
499.0 0.14975870825901846 0.000388914111843161 1.5001512733000043e-07 1.445388269513831e-41 0.05019996308884565
500.0 0.14828235015620064 0.0003896925955043495 1.526971545518858e-07 1.7527207011535595e-41 0.0498138547877724
501.0 0.1467930910299353 0.0003903810632202626 1.553809294433069e-07 2.1232848729567682e-41 0.049421041416995756
502.0 0.14529165092518206 0.0003909792414743221 1.5806501679182965e-07 2.569646503319352e-41 0.0490217438113488
503.0 0.14377874890760964 0.0003914869216286416 1.6074796335420554e-07 3.106778294941207e-41 0.04861618466939409
504.0 0.1422551024916475 0.0003919039599327923 1.634282992738228e-07 3.752503297078582e-41 0.048204588346109065
505.0 0.14072142707711144 0.0003922302774529933 1.6610453953378448e-07 4.528016579793625e-41 0.04778718064603635
506.0 0.13917843539503494 0.00039246585992228945 1.6877518544340897e-07 5.458498440191221e-41 0.04736418861717348
507.0 0.13762683696328734 0.00039261075751233633 1.7143872615583507e-07 6.573834484863278e-41 0.046935840345863025
508.0 0.13606733755256142 0.0003926650845276134 1.740936402143812e-07 7.909460380247074e-41 0.0465023647529471
509.0 0.13450063866329284 0.0003926290190230341 1.7673839712522245e-07 9.507351879619244e-41 0.04606399139144629
510.0 0.1329274370139556 0.0003925028023457774 1.7937145895379138e-07 1.141718397446507e-40 0.04562095024598593
511.0 0.13134842404137292 0.00039228673860292274 1.819912819425102e-07 1.3697686738398006e-40 0.0451734715342606
512.0 0.12976428541337084 0.00039198119405577347 1.8459631814706063e-07 1.6418229700815594e-40 0.04472178551072452
513.0 0.12817570055431163 0.00039158659644254935 1.8718501708864205e-07 1.966067148104896e-40 0.04426612227276881
514.0 0.1265833421838958 0.00039110343423089187 1.897558274194803e-07 2.3521517017504566e-40 0.043806711569597916
515.0 0.12498787586964012 0.000390532255801865 1.9230719859887062e-07 2.811443113688519e-40 0.043343782614025314
516.0 0.12338995959337098 0.00038987366856712885 1.948375825769593e-07 3.357316453475743e-40 0.042877563897387436
517.0 0.12179024333211325 0.0003891283380212568 1.9734543548353542e-07 4.00549566029245e-40 0.04240828300778963
518.0 0.1201893686536552 0.0003882969867310553 1.9982921931899743e-07 4.774448907880719e-40 0.04193616645186515
519.0 0.11858796832708712 0.0003873803932639708 2.022874036447113e-07 5.685847536174943e-40 0.041461439480235215
520.0 0.11698666594855886 0.0003863793910576708 2.0471846726992978e-07 6.765098271392998e-40 0.040984325916840425
521.0 0.11538607558253063 0.0003852948672331658 2.0712089993256104e-07 8.041959863349505e-40 0.040505047992325696
522.0 0.11378680141863096 0.00038412776135346574 2.0949320397083658e-07 9.55125686713638e-40 0.04002382618160438
523.0 0.1121894374443894 0.0003828790641304342 2.118338959832783e-07 1.1333705110387759e-39 0.03954087904578216
524.0 0.1105945671339478 0.0003815498160821297 2.1414150847414162e-07 1.3436865444161358e-39 0.03905642307856397
525.0 0.10900276315284586 0.00038014110614302614 2.1641459148157144e-07 1.5916244705247707e-39 0.03857067255726472
526.0 0.10741458707904944 0.0003786540702299006 2.1865171418593375e-07 1.8836565454152253e-39 0.038083839398569456
527.0 0.10583058914018002 0.0003770898897656096 2.2085146649547943e-07 2.2273229033504433e-39 0.037596133019115484
528.0 0.10425130796712588 0.0003754497901638522 2.230124606070248e-07 2.631399985795848e-39 0.037107760201045926
529.0 0.10267727036389601 0.0003737350392770485 2.2513333253880588e-07 3.106094264495206e-39 0.03661892496257182
530.0 0.10110899109382288 0.00037194694581042516 2.272127436332629e-07 3.6632648577411806e-39 0.03612982843366489
531.0 0.09954697268205154 0.0003700868577049287 2.2924938202729585e-07 4.3166791211484835e-39 0.03564066873694374
532.0 0.0979917052342121 0.000368156160491542 2.31241964087551e-07 5.0823058367595465e-39 0.03515164087379997
533.0 0.09644366627124491 0.0003661562756199237 2.3318923580858087e-07 5.978651234136782e-39 0.03466293661583604
534.0 0.09490332058025266 0.0003640886587640576 2.350899741716489e-07 7.027143761905338e-39 0.03417474440165123
535.0 0.09337112008123745 0.0003619547981076052 2.369429884620442e-07 8.252574296511786e-39 0.03368724923900561
536.0 0.0918475037096255 0.0003597562126118946 2.387471215430046e-07 9.683599336116263e-39 0.03320063261240546
537.0 0.09033289731433865 0.0003574944502690327 2.4050125108416744e-07 1.1353315691856801e-38 0.03271507239610224
538.0 0.08882771357126677 0.00035517108634300446 2.422042907428137e-07 1.3299916267556322e-38 0.032230742772527896
539.0 0.08733235191193944 0.00035278772160150747 2.438551912962052e-07 1.5567437724767842e-38 0.031747814156169056
540.0 0.08584719846711773 0.00035034598054098744 2.45452941723252e-07 1.82066121765362e-38 0.03126645312285216
541.0 0.08437262602514244 0.0003478475096078424 2.469965702342065e-07 2.1275836555447378e-38 0.030786822344451674
542.0 0.08290899400468754 0.0003452939754180474 2.484851452467269e-07 2.4842274975817187e-38 0.030309080528963625
543.0 0.08145664844169741 0.00034268706297799944 2.4991777630716706e-07 2.8983111274333026e-38 0.029833382365931835
544.0 0.08001592199019915 0.0003400284739090338 2.512936149558433e-07 3.3786970987653353e-38 0.029359878477180433
545.0 0.07858713393668869 0.00033731992467813 2.5261185553523926e-07 3.9355534330999406e-38 0.028888715372806798
546.0 0.07717059022774618 0.0003345631448371121 2.5387173594009246e-07 4.580536430192949e-38 0.028420035412371022
547.0 0.07576658351057648 0.00033175987527284226 2.5507253830861324e-07 5.326997687393062e-38 0.02795397677123058
548.0 0.07437539318610965 0.00032891186647062695 2.562135896540378e-07 6.19021833928729e-38 0.027490673411944267
549.0 0.07299728547431145 0.0003260208767930954 2.5729426243591915e-07 7.187673877599593e-38 0.02703025506067267
550.0 0.07163251349133834 0.000323088670776728 2.5831397507064706e-07 8.339333297073037e-38 0.02657284718849429
551.0 0.07028131733817089 0.00032011701744817704 2.592721923808582e-07 9.66799673949213e-38 0.026118570997553964
552.0 0.0689439242003238 0.0003171076886623237 2.6016842598339306e-07 1.1199676278934634e-37 0.025667543411944486
553.0 0.06762054845824672 0.0003140624574640426 2.6100223461565724e-07 1.2964025010971828e-37 0.025219877073225892
554.0 0.06631139180805126 0.00031098309647569703 2.617732244004785e-07 1.4994820181372152e-37 0.024775680340492164
555.0 0.06501664339210678 0.0003078713763119064 2.6248104904931256e-07 1.7330506720752478e-37 0.024335057294858305
556.0 0.06373647993914246 0.00030472906402350167 2.631254100041611e-07 2.0014808245877097e-37 0.023898107748273428
557.0 0.06247106591344779 0.00030155792157231606 2.637060565185015e-07 2.3097413351537675e-37 0.023464927256546274
558.0 0.06122055367270293 0.00029835970433808996 2.642227856774125e-07 2.663474585526578e-37 0.023035607136444203
559.0 0.05998508363411221 0.00029513615965937853 2.6467544235776347e-07 3.069082857717031e-37 0.02261023448677758
560.0 0.058764784448336764 0.00029188902540941495 2.650639191287205e-07 3.5338251245813253e-37 0.02218889221331231
561.0 0.057559773180869876 0.0002886200286085042 2.653881560935289e-07 4.065925422603205e-37 0.02177165905740633
562.0 0.05637015550041775 0.0002853308840740586 2.6564814067330445e-07 4.674694097387264e-37 0.021358609628233174
563.0 0.05519602587385636 0.0002820232931093102 2.6584390733366797e-07 5.370663344604695e-37 0.020949814438456064
564.0 0.054037467767387104 0.00027869894223191095 2.659755372553974e-07 6.165738613592639e-37 0.02054533994323338
565.0 0.052894553853423 0.0002753595019430739 2.6604315794990513e-07 7.073367598463229e-37 0.020145248582399723
566.0 0.051767346222874364 0.000272006625538494 2.660469428210874e-07 8.108728713526021e-37 0.019749598825716107
567.0 0.0506558966023351 0.0002686419479613353 2.659871106743378e-07 9.288941137130307e-37 0.019358445221017404
568.0 0.04956024657586795 0.00026526708469846647 2.658639251745404e-07 1.0633298711955726e-36 0.018971838445157166
569.0 0.048480427810903545 0.0002618836307200712 2.656776942539874e-07 1.2163530211508047e-36 0.01858982535757864
570.0 0.047416462287918466 0.0002584931594634345 2.654287694719863e-07 1.3904088723541022e-36 0.01821244905639539
571.0 0.04636836253349649 0.000255097221861263 2.651175453276145e-07 1.5882473162669067e-36 0.017839748936839817
572.0 0.045336131856371455 0.00025169734541475794 2.6474445852710977e-07 1.812958520812474e-36 0.0174717607519336
573.0 0.04431976458611902 0.0002482950333119103 2.6430998720774083e-07 2.0680125270018327e-36 0.017108516675258367
574.0 0.0433192463140838 0.00024489176359092477 2.638146501195885e-07 2.3573031420231226e-36 0.0167500453656719
575.0 0.04233455413623304 0.00024148898834914243 2.632590057672672e-07 2.6851965584070105e-36 0.016396372033853735
576.0 0.04136565689755363 0.00023808813299729472 2.6264365151315753e-07 3.056585167775132e-36 0.016047518510533283
577.0 0.040412515437673026 0.00023469059555916017 2.619692226441221e-07 3.4769470796800236e-36 0.01570350331627663
578.0 0.03947508283735481 0.00023129774601640503 2.6123639140345425e-07 3.952411901342943e-36 0.015364341732694744
579.0 0.03855330466555364 0.0002279109256984606 2.6044586598999227e-07 4.48983338291585e-36 0.015030045874947376
580.0 0.037647119226729336 0.00022453144671726177 2.5959838952640943e-07 5.096869585460716e-36 0.014700624765421283
581.0 0.03675645780808055 0.00022116059144631603 2.5869473899838824e-07 5.7820712853741866e-36 0.014376084408444281
582.0 0.03588124492644501 0.00021779961204396574 2.577357241669044e-07 6.554979389758391e-36 0.014056427865929188
583.0 0.03502139857455029 0.0002144497300202132 2.567221864553778e-07 7.426232202474504e-36 0.013741655333815404
584.0 0.03417683046635218 0.00021111213584667886 2.5565499781375335e-07 8.407683450604321e-36 0.013431764219195494
585.0 0.033347446281197644 0.00020778798860914235 2.5453505956148477e-07 9.512532056046189e-36 0.01312674921801258
586.0 0.03253314590656027 0.00020447841570207722 2.5336330121144377e-07 1.0755464717275858e-35 0.012826602393217658
587.0 0.031733823679084255 0.0002011845125643948 2.5214067927656426e-07 1.2152812452190414e-35 0.012531313253269852
588.0 0.030949368623731238 0.00019790734245586457 2.5086817606139927e-07 1.3722722344759916e-35 0.012240868830884545
589.0 0.030179664690790375 0.00019464793627336236 2.4954679844044166e-07 1.5485345836200298e-35 0.011955253761919964
590.0 0.029424590990539606 0.0001914072924061583 2.48177576625133e-07 1.7463045005908075e-35 0.011674450364302529
591.0 0.028684022025358462 0.00018818637662943068 2.4676156292152904e-07 1.9680618398781693e-35 0.011398438716895361
592.0 0.027957827919104176 0.00018498612203516634 2.452998304805375e-07 2.2165548074113618e-35 0.011127196738217942
593.0 0.02724587464355395 0.00018180742899944182 2.437934720424844e-07 2.494826967732736e-35 0.01086070026492054
594.0 0.026548024241771814 0.0001786511651853551 2.4224359867811494e-07 2.806246746981969e-35 0.010598923129938405
595.0 0.025864135048202827 0.0001755181655804075 2.406513385275306e-07 3.1545396394310184e-35 0.01034183724022784
596.0 0.02519406190536969 0.00017240923256752247 2.390178355390747e-07 3.5438233403906104e-35 0.01008941265401439
597.0 0.02453765637702973 0.0001693251360286915 2.3734424820992315e-07 3.9786460442770737e-35 0.009841617657476076
598.0 0.023894766957635614 0.0001662666134800417 2.3563174832983208e-07 4.464028163521005e-35 0.00959841884077812
599.0 0.023265239278018397 0.00016323437023755446 2.3388151973011125e-07 5.005507741872132e-35 0.009359781173405305
600.0 0.02264891630714291 0.00016022907961210937 2.3209475703906678e-07 5.609189854501958e-35 0.009125668078710203
601.0 0.0220456385498671 0.00015725138313301586 2.3027266444584012e-07 6.28180030721638e-35 0.008896041507627824
602.0 0.02145524424057619 0.00015430189079869525 2.2841645447381115e-07 7.030743968040959e-35 0.00867086201148253
603.0 0.020877569532646478 0.00015138118135369166 2.2652734676545016e-07 7.864168086522084e-35 0.00845008881384658
604.0 0.020312448683629657 0.00014848980259067493 2.2460656687969992e-07 8.791030979276529e-35 0.00823367988138365
605.0 0.019759714236119885 0.00014562827167653708 2.2265534510358844e-07 9.821176484706266e-35 0.008021591993639268
606.0 0.01921919719421407 0.0001427970755012473 2.2067491527905002e-07 1.0965414615334495e-34 0.007813780811719084
607.0 0.018690727195552995 0.00013999667104863835 2.1866651364665668e-07 1.2235608863047207e-34 0.0076102009458269525
608.0 0.018174132678866146 0.00013722748578776035 2.1663137770708507e-07 1.3644770640518903e-34 0.007410806021608584
609.0 0.01766924104700785 0.00013448991808386482 2.145707451017352e-07 1.520716137145079e-34 0.007215548745272666
610.0 0.01717587882545291 0.0001317843376278889 2.1248585251355404e-07 1.6938402772846622e-34 0.007024380967453613
611.0 0.016693871816224806 0.00012911108588329739 2.1037793458902915e-07 1.885559590446364e-34 0.006837253745782008
612.0 0.016223045247261137 0.0001264704765493363 2.0824822288255585e-07 2.0977449593859286e-34 0.006654117406141833
613.0 0.015763223917183933 0.0001238627960394307 2.0609794482379336e-07 2.332441887999826e-34 0.006474921602578618
614.0 0.015314232335507121 0.00012128830397391349 2.0392832270928072e-07 2.591885415438482e-34 0.006299615375849121
615.0 0.014875894858258538 0.0001187472336858178 2.0174057271876142e-07 2.8785161715911424e-34 0.0061281472105809125
616.0 0.014448035819051252 0.00011623979273887931 1.9953590395726826e-07 3.194997649430872e-34 0.005960465091034003
617.0 0.014030479655612039 0.00011376616345665353 1.9731551752353093e-07 3.5442347737025113e-34 0.005796516555445738
618.0 0.013623051031788527 0.00011132650346173791 1.9508060560532595e-07 3.929393849567266e-34 0.005636248748946126
619.0 0.013225574955074999 0.00010892094622420972 1.928323506025046e-07 4.353923979082878e-34 0.005479608475038664
620.0 0.012837876889680487 0.00010654960161824352 1.9057192427809625e-07 4.82158003778265e-34 0.005326542245635214
621.0 0.012459782865182614 0.00010421255648601035 1.8830048693802896e-07 5.336447308137651e-34 0.00517699632964206
622.0 0.012091119580808373 0.00010190987520793068 1.8601918663986857e-07 5.9029678713177945e-34 0.005030916800093656
623.0 0.011731714505393105 9.964160027842137e-05 1.8372915843099798e-07 6.525968863425189e-34 0.004888249579835065
624.0 0.011381395973060558 9.740775288619998e-05 1.8143152361643916e-07 7.210692707230695e-34 0.004748940485751082
625.0 0.011039993274687757 9.520833349837272e-05 1.791273890567044e-07 7.962829435419345e-34 0.004612935271548952
626.0 0.010707336745210558 9.304332244746609e-05 1.7681784649586324e-07 8.788551226412761e-34 0.004480179669098882
627.0 0.010383257846822562 9.09126805205274e-05 1.7450397191984224e-07 9.694549278982513e-34 0.0043506194283354825
628.0 0.01006758924814761 8.881634954965579e-05 1.721868249453189e-07 1.0688073157117838e-33 0.004224200355735291
629.0 0.00976016489944058 8.675425300311069e-05 1.6986744823908413e-07 1.1776972741896495e-33 0.004100868351375282
630.0 0.009460820103885792 8.47262965762669e-05 1.6754686696786683e-07 1.2969742932467435e-33 0.003980569444583809
631.0 0.009169391585077378 8.273236878182976e-05 1.65226088278811e-07 1.4275571243673813e-33 0.003863249828202167
632.0 0.008885717550741863 8.077234153851651e-05 1.629061008103002e-07 1.5704388453256178e-33 0.003748855891465384
633.0 0.008609637752783776 7.884607075759866e-05 1.6058787423308017e-07 1.726692245703142e-33 0.00363733425151984
634.0 0.008340993543735525 7.69533969267187e-05 1.5827235882160738e-07 1.897475549590413e-33 0.0035286317835960725
635.0 0.008079627929686218 7.509414569034577e-05 1.5596048505532897e-07 2.0840384923978235e-33 0.0034226956498527605
636.0 0.00782538561977112 7.326812842631311e-05 1.5365316324969358e-07 2.2877287692434606e-33 0.003319473326911359
637.0 0.0075781130723015745 7.147514281787778e-05 1.513512832165784e-07 2.5099988729175964e-33 0.003218912632100523
638.0 0.0073376585376235225 6.971497342083705e-05 1.4905571395393562e-07 2.7524133399501087e-33 0.0031209617484334574
639.0 0.007103872097781288 6.798739222514829e-05 1.467673033641883e-07 3.0166564238202944e-33 0.003025569248336974
640.0 0.006876605703073515 6.62921592106129e-05 1.4448687800105696e-07 3.304540214852564e-33 0.00293268411615582
641.0 0.0066557132055865414 6.462902289619009e-05 1.4221524284442852e-07 3.618013226828236e-33 0.0028422557694556525
642.0 0.006441050389788229 6.299772088250887e-05 1.3995318110280352e-07 3.9591694708128173e-33 0.002754234079147561
643.0 0.006232475000268212 6.139798038719404e-05 1.3770145404287517e-07 4.3302580371454726e-33 0.002668569388458746
644.0 0.00602984676670977 5.9829518772641347e-05 1.3546080084575982e-07 4.733693206963908e-33 0.002585212530774119
645.0 0.005833027426175332 5.829204406586838e-05 1.3323193848930883e-07 5.172065115030841e-33 0.002504114846372698
646.0 0.005641880742795927 5.6785255470175145e-05 1.3101556165608145e-07 5.6481509860018175e-33 0.002425228198086672
647.0 0.0054562725249447195 5.530884386827481e-05 1.2881234266633705e-07 6.164926966601352e-33 0.002348504985907126
648.0 0.005276070639976913 5.386249231660138e-05 1.266229314354292e-07 6.725580576470467e-33 0.002273898160561775
649.0 0.005101145026626996 5.24458765306167e-05 1.2444795545518092e-07 7.333523800712241e-33 0.0022013612360942494
650.0 0.0049313677051370085 5.105866536079267e-05 1.2228801979841967e-07 7.992406847357678e-33 0.0021308483014674594
651.0 0.004766612785204546 4.970052125912513e-05 1.2014370714620608e-07 8.706132593150598e-33 0.0020623140312205045
652.0 0.004606756471829333 4.837110073596376e-05 1.1801557783705403e-07 9.478871741151007e-33 0.0019957136952047276
653.0 0.004451677069137834 4.7070054806978713e-05 1.1590416993747483e-07 1.0315078713709503e-32 0.0019310031674252372
654.0 0.004301254982267061 4.5797029430130434e-05 1.1380999933322371e-07 1.1219508304359641e-32 0.0018681389340153387
655.0 0.004155372717384915 4.4551665932499974e-05 1.1173355984054963e-07 1.2197233112099976e-32 0.0018070781003700974
656.0 0.0040139148799254315 4.3333601426878426e-05 1.0967532333680408e-07 1.3253661781398657e-32 0.0017477783974660733
657.0 0.0038767681711132825 4.214246921799999e-05 1.0763573990967239e-07 1.4394558071027452e-32 0.001690198187392939
658.0 0.003743821382853031 4.097789919834674e-05 1.0561523802435105e-07 1.562606077454454e-32 0.0016342964681235383
659.0 0.003614965391059069 3.983951823348833e-05 1.0361422470804446e-07 1.6954704514876226e-32 0.0015800328775495433
660.0 0.0034900931474941598 3.872695053686287e-05 1.016330857509568e-07 1.8387441434958438e-32 0.0015273676968067162
661.0 0.0033690996701914834 3.7639818034011694e-05 9.967218592319389e-08 1.9931663805872036e-32 0.0014762618529171865
662.0 0.0032518820325269653 3.6577740716222014e-05 9.773186920679133e-08 2.1595227573231925e-32 0.00142667692077296
663.0 0.0031383393510121802 3.554033698360007e-05 9.581245904223625e-08 2.3386476861852863e-32 0.0013785751244867485
664.0 0.003028372771872305 3.452722397756323e-05 9.391425858871843e-08 2.531426945784707e-32 0.0013319193381339837
665.0 0.0029218854564759095 3.353801790279442e-05 9.203755099746063e-08 2.738800328635068e-32 0.0012866730859112255
666.0 0.0028187825656797666 3.257233433869139e-05 9.018259969742669e-08 2.9617643901997805e-32 0.0012428005417348892
667.0 0.002718971243149823 3.162978854035022e-05 8.834964869268357e-08 3.2013753008053486e-32 0.0012002665283036295
668.0 0.0026223605977203196 3.070999572915969e-05 8.65389228707816e-08 3.4587518018821767e-32 0.0011590365156483842
669.0 0.0025288616848493845 2.981257137307114e-05 8.47506283214528e-08 3.735078267848608e-32 0.0011190766191927423
670.0 0.0024383874872275957 2.893713145661495e-05 8.29849526649274e-08 4.031607874796781e-32 0.0010803535973457803
671.0 0.002350852894597821 2.8083292740783747e-05 8.124206538928355e-08 4.349665876972182e-32 0.001042834848650568
672.0 0.0022661746828377617 2.7250673012850265e-05 7.95221181960854e-08 4.690652991849917e-32 0.0010064884085087616
673.0 0.002184271492359432 2.6438891326246843e-05 7.782524535371099e-08 5.056048894417335e-32 0.0009712829455031921
674.0 0.002105063805877086 2.5647568230629135e-05 7.615156405774787e-08 5.447415821062263e-32 0.0009371877573393911
675.0 0.002028473925592012 2.4876325992235664e-05 7.450117479779685e-08 5.866402283236232e-32 0.0009041727664258528
676.0 0.0019544259498429834 2.4124788804684946e-05 7.287416173009157e-08 6.314746890827213e-32 0.00087220851511322
677.0 0.0018828457492680113 2.339258299033946e-05 7.127059305530419e-08 6.794282284916444e-32 0.0008412661606113912
678.0 0.0018136609425235773 2.2679337192397306e-05 6.969052140099557e-08 7.30693917933395e-32 0.0008113174696039958
679.0 0.0017468008716038752 2.1984682557851864e-05 6.813398420809884e-08 7.85475051013352e-32 0.0007823348125782502
680.0 0.001682196576801044 2.1308252911464866e-05 6.660100412083819e-08 8.439855691812193e-32 0.0007542911578877058
681.0 0.0016197807713495002 2.064968492094756e-05 6.509158937963728e-08 9.064504978797935e-32 0.000727160065566533
682.0 0.0015594878157896776 2.0008618253470838e-05 6.360573421634036e-08 9.731063930376757e-32 0.0007009156809106688
683.0 0.0015012536920916896 1.93846957237123e-05 6.214341925134535e-08 1.0442017976915728e-31 0.0006755327278436509
684.0 0.0014450159775732236 1.8777563433591897e-05 6.070461189207161e-08 1.1199977084863715e-31 0.0006509865020823408
685.0 0.0013907138186462916 1.8186870903872824e-05 5.928926673227173e-08 1.2007680517641676e-31 0.0006272528641180278
686.0 0.0013382879044268761 1.761227119781768e-05 5.7897325951743326e-08 1.286800168916443e-31 0.0006043082320282854
687.0 0.0012876804402383094 1.7053421037068658e-05 5.6528719715936324e-08 1.3783953106315354e-31 0.0005821295741336523
688.0 0.00123883512103958 1.650998090994484e-05 5.5183366575039725e-08 1.4758691396308694e-31 0.0005606944015134988
689.0 0.0011916971048069078 1.5981615172331215e-05 5.386117386207953e-08 1.579552241442494e-31 0.0005399807603942712
690.0 0.0011462129858971703 1.546799214135579e-05 5.2562038089642195e-08 1.689790642719391e-31 0.0005199672244235418
691.0 0.0011023307684192114 1.4968784182035535e-05 5.128584534480098e-08 1.8069463365633496e-31 0.0005006328868422413
692.0 0.0010599998396386818 1.4483667787083767e-05 5.003247168187039e-08 1.931397814270812e-31 0.00048195735256738846
693.0 0.001019170943440002 1.4012323650061011e-05 4.8801783512596423e-08 2.063540602868577e-31 0.0004639207301967896
694.0 0.0009797961538690323 1.3554436732067653e-05 4.7593637993459827e-08 2.2037878077624156e-31 0.000446503623947282
695.0 0.0009418288487773075 1.3109696322154953e-05 4.6407883409707236e-08 2.3525706597687816e-31 0.00042968712553693045
696.0 0.0009052236835894805 1.267779609165753e-05 4.5244359555839593e-08 2.5103390657561793e-31 0.0004134528060220372
697.0 0.0008699365652126081 1.2258434142623176e-05 4.410289811220447e-08 2.677562162067054e-31 0.0003977827075985266
698.0 0.0008359246261057308 1.185131305052742e-05 4.298332301739961e-08 2.8547288698436014e-31 0.00038265933537725053
699.0 0.0008031461985281272 1.145613990147331e-05 4.188545083626129e-08 3.0423484513324306e-31 0.0003680656491428043
700.0 0.0007715607889810948 1.1072626324039963e-05 4.0809091123095855e-08 3.240951066185134e-31 0.00035398505510388236
