200.0 0.0 0.0 0.0 0.0 0.0
201.0 0.0 0.0 0.0 0.0 0.0
202.0 0.0 0.0 0.0 0.0 0.0
203.0 0.0 0.0 0.0 0.0 0.0
204.0 0.0 0.0 0.0 0.0 0.0
205.0 0.0 0.0 0.0 0.0 0.0
206.0 0.0 0.0 0.0 0.0 0.0
207.0 0.0 0.0 0.0 0.0 0.0
208.0 0.0 0.0 0.0 0.0 0.0
209.0 0.0 0.0 0.0 0.0 0.0
210.0 0.0 0.0 0.0 0.0 0.0
211.0 0.0 0.0 0.0 0.0 0.0
212.0 0.0 0.0 0.0 0.0 0.0
213.0 0.0 0.0 0.0 0.0 0.0
214.0 0.0 0.0 0.0 0.0 0.0
215.0 0.0 0.0 0.0 0.0 0.0
216.0 0.0 0.0 0.0 0.0 0.0
217.0 0.0 0.0 0.0 0.0 0.0
218.0 0.0 0.0 0.0 0.0 0.0
219.0 0.0 0.0 0.0 0.0 0.0
220.0 0.0 0.0 0.0 0.0 0.0
221.0 0.0 0.0 0.0 0.0 0.0
222.0 0.0 0.0 0.0 0.0 0.0
223.0 0.0 0.0 0.0 0.0 0.0
224.0 0.0 0.0 0.0 0.0 0.0
225.0 0.0 0.0 0.0 0.0 0.0
226.0 0.0 0.0 0.0 0.0 0.0
227.0 0.0 0.0 0.0 0.0 0.0
228.0 0.0 0.0 0.0 0.0 0.0
229.0 0.0 0.0 0.0 0.0 0.0
230.0 0.0 0.0 0.0 0.0 0.0
231.0 0.0 0.0 0.0 0.0 0.0
232.0 0.0 0.0 0.0 0.0 0.0
233.0 0.0 0.0 0.0 0.0 0.0
234.0 0.0 0.0 0.0 0.0 0.0
235.0 0.0 0.0 0.0 0.0 0.0
236.0 0.0 0.0 0.0 0.0 0.0
237.0 0.0 0.0 0.0 0.0 0.0
238.0 0.0 0.0 0.0 0.0 0.0
239.0 0.0 0.0 0.0 0.0 0.0
240.0 0.0 0.0 0.0 0.0 0.0
241.0 0.0 0.0 0.0 0.0 0.0
242.0 0.0 0.0 0.0 0.0 0.0
243.0 0.0 0.0 0.0 0.0 0.0
244.0 0.0 0.0 0.0 0.0 0.0
245.0 0.0 0.0 0.0 0.0 0.0
246.0 0.0 0.0 0.0 0.0 0.0
247.0 0.0 0.0 0.0 0.0 0.0
248.0 0.0 0.0 0.0 0.0 0.0
249.0 0.0 0.0 0.0 0.0 0.0
250.0 0.0 0.0 0.0 0.0 0.0
251.0 0.0 0.0 0.0 0.0 0.0
252.0 0.0 0.0 0.0 0.0 0.0
253.0 0.0 0.0 0.0 0.0 0.0
254.0 0.0 0.0 0.0 0.0 0.0
255.0 0.0 0.0 0.0 0.0 0.0
256.0 0.0 0.0 0.0 0.0 0.0
257.0 0.0 0.0 0.0 0.0 0.0
258.0 0.0 0.0 0.0 0.0 0.0
259.0 0.0 0.0 0.0 0.0 0.0
260.0 0.0 0.0 0.0 0.0 0.0
261.0 0.0 0.0 0.0 0.0 0.0
262.0 0.0 0.0 0.0 0.0 0.0
263.0 0.0 0.0 0.0 0.0 0.0
264.0 0.0 0.0 0.0 0.0 0.0
265.0 0.0 0.0 0.0 0.0 0.0
266.0 0.0 0.0 0.0 0.0 0.0
267.0 0.0 0.0 0.0 0.0 0.0
268.0 0.0 0.0 0.0 0.0 0.0
269.0 0.0 0.0 0.0 0.0 0.0
270.0 0.0 0.0 0.0 0.0 0.0
271.0 0.0 0.0 0.0 0.0 0.0
272.0 0.0 0.0 0.0 0.0 0.0
273.0 0.0 0.0 0.0 0.0 0.0
274.0 0.0 0.0 0.0 0.0 0.0
275.0 0.0 0.0 0.0 0.0 0.0
276.0 0.0 0.0 0.0 0.0 0.0
277.0 0.0 0.0 0.0 0.0 0.0
278.0 0.0 0.0 0.0 0.0 0.0
279.0 0.0 0.0 0.0 0.0 0.0
280.0 0.0 0.0 0.0 0.0 0.0
281.0 0.0 0.0 0.0 0.0 0.0
282.0 0.0 0.0 0.0 0.0 0.0
283.0 0.0 0.0 0.0 0.0 0.0
284.0 0.0 0.0 0.0 0.0 0.0
285.0 0.0 0.0 0.0 0.0 0.0
286.0 0.0 0.0 0.0 0.0 0.0
287.0 0.0 0.0 0.0 0.0 0.0
288.0 0.0 0.0 0.0 0.0 0.0
289.0 0.0 0.0 0.0 0.0 0.0
290.0 0.0 0.0 0.0 0.0 0.0
291.0 0.0 0.0 0.0 0.0 0.0
292.0 0.0 0.0 0.0 0.0 0.0
293.0 0.0 0.0 0.0 0.0 0.0
294.0 0.0 0.0 0.0 0.0 0.0
295.0 0.0 0.0 0.0 0.0 0.0
296.0 0.0 0.0 0.0 0.0 0.0
297.0 0.0 0.0 0.0 0.0 0.0
298.0 0.0 0.0 0.0 0.0 0.0
299.0 0.0 0.0 0.0 0.0 0.0
300.0 0.0 0.0 0.0 0.0 0.0
301.0 0.0 0.0 0.0 0.0 0.0
302.0 0.0 0.0 0.0 0.0 0.0
303.0 0.0 0.0 0.0 0.0 0.0
304.0 0.0 0.0 0.0 0.0 0.0
305.0 0.0 0.0 0.0 0.0 0.0
306.0 0.0 0.0 0.0 0.0 0.0
307.0 0.0 0.0 0.0 0.0 0.0
308.0 0.0 0.0 0.0 0.0 0.0
309.0 0.0 0.0 0.0 0.0 0.0
310.0 0.0 0.0 0.0 0.0 0.0
311.0 0.0 0.0 0.0 0.0 0.0
312.0 0.0 0.0 0.0 0.0 0.0
313.0 0.0 0.0 0.0 0.0 0.0
314.0 0.0 0.0 0.0 0.0 0.0
315.0 0.0 0.0 0.0 0.0 0.0
316.0 0.0 0.0 0.0 0.0 0.0
317.0 0.0 0.0 0.0 0.0 0.0
318.0 0.0 0.0 0.0 0.0 0.0
319.0 0.0 0.0 0.0 0.0 0.0
320.0 0.0 0.0 0.0 0.0 0.0
321.0 0.0 0.0 0.0 0.0 0.0
322.0 0.0 0.0 0.0 0.0 0.0
323.0 0.0 0.0 0.0 0.0 0.0
324.0 0.0 0.0 0.0 0.0 0.0
325.0 0.0 0.0 0.0 0.0 0.0
326.0 0.0 0.0 0.0 0.0 0.0
327.0 0.0 0.0 0.0 0.0 0.0
328.0 0.0 0.0 0.0 0.0 0.0
329.0 0.0 0.0 0.0 0.0 0.0
330.0 0.0 0.0 0.0 0.0 0.0
331.0 0.0 0.0 0.0 0.0 0.0
332.0 0.0 0.0 0.0 0.0 0.0
333.0 0.0 0.0 0.0 0.0 0.0
334.0 0.0 0.0 0.0 0.0 0.0
335.0 0.0 0.0 0.0 0.0 0.0
336.0 0.0 0.0 0.0 0.0 0.0
337.0 0.0 0.0 0.0 0.0 0.0
338.0 0.0 0.0 0.0 0.0 0.0
339.0 0.0 0.0 0.0 0.0 0.0
340.0 0.0 0.0 0.0 0.0 0.0
341.0 0.0 0.0 0.0 0.0 0.0
342.0 0.0 0.0 0.0 0.0 0.0
343.0 0.0 0.0 0.0 0.0 0.0
344.0 0.0 0.0 0.0 0.0 0.0
345.0 0.0 0.0 0.0 0.0 0.0
346.0 0.0 0.0 0.0 0.0 0.0
347.0 0.0 0.0 0.0 0.0 0.0
348.0 0.0 0.0 0.0 0.0 0.0
349.0 0.0 0.0 0.0 0.0 0.0
350.0 0.0 0.0 0.0 0.0 0.0
351.0 0.0 0.0 0.0 0.0 0.0
352.0 0.0 0.0 0.0 0.0 0.0
353.0 0.0 0.0 0.0 0.0 0.0
354.0 0.0 0.0 0.0 0.0 0.0
355.0 0.0 0.0 0.0 0.0 0.0
356.0 0.0 0.0 0.0 0.0 0.0
357.0 0.0 0.0 0.0 0.0 0.0
358.0 0.0 0.0 0.0 0.0 0.0
359.0 0.0 0.0 0.0 0.0 0.0
360.0 0.0 0.0 0.0 0.0 0.0
361.0 0.0 0.0 0.0 0.0 0.0
362.0 0.0 0.0 0.0 0.0 0.0
363.0 0.0 0.0 0.0 0.0 0.0
364.0 0.0 0.0 0.0 0.0 0.0
365.0 0.0 0.0 0.0 0.0 0.0
366.0 0.0 0.0 0.0 0.0 0.0
367.0 0.0 0.0 0.0 0.0 0.0
368.0 0.0 0.0 0.0 0.0 0.0
369.0 0.0 0.0 0.0 0.0 0.0
370.0 0.0 0.0 0.0 0.0 0.0
371.0 0.0 0.0 0.0 0.0 0.0
372.0 0.0 0.0 0.0 0.0 0.0
373.0 0.0 0.0 0.0 0.0 0.0
374.0 0.0 0.0 0.0 0.0 0.0
375.0 0.0 0.0 0.0 0.0 0.0
376.0 0.0 0.0 0.0 0.0 0.0
377.0 0.0 0.0 0.0 0.0 0.0
378.0 0.0 0.0 0.0 0.0 0.0
379.0 0.0 0.0 0.0 0.0 0.0
380.0 0.0 0.0 0.0 0.0 0.0
381.0 0.0 0.0 0.0 0.0 0.0
382.0 0.0 0.0 0.0 0.0 0.0
383.0 0.0 0.0 0.0 0.0 0.0
384.0 0.0 0.0 0.0 0.0 0.0
385.0 0.0 0.0 0.0 0.0 0.0
386.0 0.0 0.0 0.0 0.0 0.0
387.0 0.0 0.0 0.0 0.0 0.0
388.0 0.0 0.0 0.0 0.0 0.0
389.0 0.0 0.0 0.0 0.0 0.0
390.0 0.0 0.0 0.0 0.0 0.0
391.0 0.0 0.0 0.0 0.0 0.0
392.0 0.0 0.0 0.0 0.0 0.0
393.0 0.0 0.0 0.0 0.0 0.0
394.0 0.0 0.0 0.0 0.0 0.0
395.0 0.0 0.0 0.0 0.0 0.0
396.0 0.0 0.0 0.0 0.0 0.0
397.0 0.0 0.0 0.0 0.0 0.0
398.0 0.0 0.0 0.0 0.0 0.0
399.0 0.0 0.0 0.0 0.0 0.0
400.0 0.0 0.0 0.0 0.0 0.0
401.0 0.0 0.0 0.0 0.0 0.0
402.0 0.0 0.0 0.0 0.0 0.0
403.0 0.0 0.0 0.0 0.0 0.0
404.0 0.0 0.0 0.0 0.0 0.0
405.0 0.0 0.0 0.0 0.0 0.0
406.0 0.0 0.0 0.0 0.0 0.0
407.0 1.1083123300890876e-16 1.0253875168224056e-19 1.6895529129730854e-21 3.5788586470785803e-69 8.641547400325873e-20
408.0 1.1082787267068016e-16 1.0430630936103673e-19 1.7360600110813758e-21 4.92254289445846e-69 8.794196571644956e-20
409.0 1.108244696749438e-16 1.0609541215726274e-19 1.7836094738738388e-21 6.760164256673838e-69 8.948771170816504e-20
410.0 1.1082102371660952e-16 1.0790619189707293e-19 1.8322187768887447e-21 9.269423318508222e-69 9.105283861034156e-20
411.0 1.1081753449052585e-16 1.097387798524295e-19 1.8819055705825094e-21 1.2690560878109682e-68 9.263747263368216e-20
412.0 1.1081400169146732e-16 1.1159330673152867e-19 1.9326876802579344e-21 1.7347879930414278e-68 9.424173955808908e-20
413.0 1.1081042501414315e-16 1.134699026693668e-19 1.9845831059694938e-21 2.367850607915808e-68 9.586576472321454e-20
414.0 1.1080680415317874e-16 1.1536869721839265e-19 2.0376100224047283e-21 3.2270764412680338e-68 9.750967301908445e-20
415.0 2.2160627760625845e-16 2.3457963867861936e-19 4.183573557485797e-21 8.78306271867478e-68 1.9834717775369842e-19
416.0 2.2159885731694313e-16 2.3846679478394557e-19 4.2942637969800066e-21 1.1934635861134988e-67 2.017152725192306e-19
417.0 2.2159134682720245e-16 2.4239911825281264e-19 4.407328158581286e-21 1.6193228422409072e-67 2.051238773067602e-19
418.0 2.2158374552563788e-16 2.4637686334785056e-19 4.522804385432896e-21 2.1939330732628252e-67 2.0857323811611033e-19
419.0 3.323640792010291e-16 3.7560042461520967e-19 6.961095852095915e-21 4.4522010750624324e-67 3.180953999358454e-19
420.0 3.323524020608545e-16 3.8170444376284035e-19 7.141717715810113e-21 6.014639542617873e-67 3.2339281024893037e-19
421.0 3.3234058594998297e-16 3.878777281341796e-19 7.32613034485455e-21 8.113786812022795e-67 3.287524525800372e-19
422.0 4.431048399335362e-16 5.254942019196083e-19 1.0019189911127127e-20 1.4573366263677155e-66 4.455662531105786e-19
423.0 4.4308871085694986e-16 5.339114472078903e-19 1.0275417590628697e-20 1.9604030226881078e-66 4.528798444307556e-19
424.0 5.538404910144891e-16 6.780281662515107e-19 1.3171170586582508e-20 3.291797575096032e-66 5.753473212542283e-19
425.0 5.538198557144923e-16 6.887849369334389e-19 1.3504783589842305e-20 4.4157798542264826e-66 5.8470096030865995e-19
426.0 6.645587773658776e-16 8.395922765246318e-19 1.6614254713385813e-20 7.098453604190668e-66 7.129935800443992e-19
427.0 7.752890120527682e-16 9.949165137486365e-19 1.9869582205995932e-20 1.1078746593430799e-65 8.452205742813847e-19
428.0 8.860104128339841e-16 1.1548300897027051e-18 2.327508149263025e-20 1.6914993589491473e-65 9.814472694803487e-19
429.0 9.967228315391929e-16 1.3194059210335746e-18 2.6835151905706843e-20 2.538790833727944e-65 1.1217394575695332e-18
430.0 1.1074261187680957e-15 1.4887173963192695e-18 3.055427753071829e-20 3.758411812455793e-65 1.2661633929762133e-18
431.0 1.218120123889409e-15 1.6628383724069575e-18 3.4437028048693126e-20 5.500959468298284e-65 1.4147857896124832e-18
432.0 1.439538419626254e-15 1.9953301015999067e-18 4.1695397873296935e-20 8.63885065378326e-65 1.6983133026339732e-18
433.0 1.6609380912948383e-15 2.3374691232105587e-18 4.9283210188635537e-20 1.3228182053583755e-64 1.9902635783619142e-18
434.0 1.7715941963497415e-15 2.5312043655854316e-18 5.3844602630527556e-20 1.8700729796956058e-64 2.1560202442757707e-18
435.0 1.992960321029182e-15 2.8906927229713582e-18 6.20384584913903e-20 2.784697526610704e-64 2.463132211344865e-18
436.0 2.325022296808335e-15 3.4232665201860622e-18 7.411843686828209e-20 4.2947008922964595e-64 2.9180044070114357e-18
437.0 2.5463443947660044e-15 3.8054958317158174e-18 8.312004068175451e-20 6.210042232705088e-64 3.245003637314465e-18
438.0 2.8783521702745634e-15 4.366052611751367e-18 9.61999898770371e-20 9.256396312943927e-64 3.724353399605825e-18
439.0 3.3210308306435414e-15 5.112572506726137e-18 1.136317861441858e-19 1.4065146877989545e-63 4.362733268364085e-18
440.0 3.6529729666807456e-15 5.706967243999716e-18 1.2794486737493235e-19 2.0349215004606002e-63 4.8717064166235275e-18
441.0 4.0955751712631725e-15 6.4928770863216816e-18 1.4682322747257393e-19 2.997133746009482e-63 5.544581193531795e-18
442.0 4.648822012640473e-15 7.478246284376728e-18 1.7056130951911768e-19 4.4636281416063034e-63 6.388317053257031e-18
443.0 5.202016533882051e-15 8.49052489478194e-18 1.9530873248968183e-19 6.545429647111022e-63 7.25563905427613e-18
444.0 5.865834036220489e-15 9.713374737131601e-18 2.253444853389359e-19 9.660255659064541e-63 8.303573040545285e-18
445.0 6.529587301504356e-15 1.096921257936424e-17 2.566405807687917e-19 1.4057614857442917e-62 9.38044333979448e-18
446.0 7.414606891478069e-15 1.2635696158702057e-17 2.981299897729953e-19 2.0842954076718846e-62 1.0809346649944511e-17
447.0 8.299539258139952e-15 1.434691465546005e-17 3.413542070978907e-19 3.042650260166883e-62 1.227751469353763e-17
448.0 9.184383071241364e-15 1.6103503010674706e-17 3.8635906513027115e-19 4.385913868724173e-62 1.378552488744077e-17
449.0 1.0290436704559599e-14 1.8299640096627566e-17 4.427118597777162e-19 6.393586726790065e-62 1.5670967999543844e-17
450.0 1.1507021870824687e-14 2.0753090166122825e-17 5.062362101860361e-19 9.291082923720631e-62 1.7778114857494163e-17
451.0 1.2944759430758276e-14 2.3675426411918333e-17 5.822964468224438e-19 1.3567049218500536e-61 2.0288490695843228e-17
452.0 1.438234746099743e-14 2.667415519848782e-17 6.614500879400441e-19 1.954375177363723e-61 2.2866039036213072e-17
453.0 1.615166731069229e-14 3.0374461469095965e-17 7.593803383090423e-19 2.842394223198779e-61 2.6046929535811937e-17
454.0 1.8031421539222748e-14 3.4381510790748775e-17 8.665716179785409e-19 4.1047909433646465e-61 2.9493066894632494e-17
455.0 2.0132206805646324e-14 3.891918585096864e-17 9.889093495922875e-19 5.921819733688612e-61 3.3396819604954566e-17
456.0 2.2343374855156196e-14 4.378973253527822e-17 1.121664181796648e-18 8.482563603114914e-61 3.75888811721576e-17
457.0 2.499671978773246e-14 4.966285188621345e-17 1.2823445477875074e-18 1.2234633456179545e-60 4.2644582477744726e-17
458.0 2.776037038562378e-14 5.590789341420997e-17 1.4551692558983468e-18 1.7497701213706686e-60 4.802305795861593e-17
459.0 3.09660840879009e-14 6.32131882372179e-17 1.6584419580389355e-18 2.5107946145556093e-60 5.431605498723735e-17
460.0 3.450319743266431e-14 7.138858050686287e-17 1.8878110255845673e-18 3.5948260857783754e-60 6.136100823861789e-17
461.0 3.8371650821400286e-14 8.04641657773495e-17 2.1446407954109585e-18 5.131569827229729e-60 6.918450666392789e-17
462.0 4.268195857664905e-14 9.070553497242289e-17 2.436650843647205e-18 7.318733968256867e-60 7.801571662675055e-17
463.0 4.743404039733449e-14 1.0215319283968925e-16 2.7656944756489326e-18 1.0417590632441395e-59 8.789043675167183e-17
464.0 5.262781450315782e-14 1.1484832283546555e-16 3.1336828049591794e-18 1.4788180783120309e-59 9.884508741605262e-17
465.0 5.848431032596139e-14 1.293217195641284e-16 3.556030181947071e-18 2.100393789383103e-59 1.11337650579538e-16
466.0 6.489285501705373e-14 1.4538754191806087e-16 4.028749978752894e-18 2.9755196572301607e-59 1.2520951232981108e-16
467.0 7.207442991051942e-14 1.6360076835953204e-16 4.56839105607201e-18 4.214997660171026e-59 1.409400494680043e-16
468.0 7.991835129997418e-14 1.8378082757471913e-16 5.171287656718519e-18 5.954719674268124e-59 1.5837536911598385e-16
469.0 8.853502015622361e-14 2.0625013872242596e-16 5.847889297365494e-18 8.39614578928961e-59 1.7779496305617935e-16
470.0 9.814533281253158e-14 2.3160628719305305e-16 6.6167932983927985e-18 1.1834198853919874e-58 1.9971594006503646e-16
471.0 1.0863857758004041e-13 2.5968239698161176e-16 7.475118546377827e-18 1.6638520472455892e-58 2.239966346240591e-16
472.0 1.203461087905235e-13 2.9136984745265056e-16 8.450543435073271e-18 2.3387511857883284e-58 2.5140829798259e-16
473.0 1.3315718080592245e-13 3.265184863682464e-16 9.54110030650199e-18 3.280202035294133e-58 2.8182415912763694e-16
474.0 1.4729256219360318e-13 3.657895486338302e-16 1.0768591911425761e-17 4.59479691732595e-58 3.1581780472488587e-16
475.0 1.6286247221767155e-13 4.0959590209832617e-16 1.2148049133785717e-17 6.427235924583418e-58 3.537490036725269e-16
476.0 1.7997709753762193e-13 4.5836651697853595e-16 1.3695364305890944e-17 8.976542910592161e-58 3.9599185043609554e-16
477.0 1.9874659152694083e-13 5.125467633571635e-16 1.5427320709567446e-17 1.2515662347338748e-57 4.429350394473756e-16
478.0 2.1950201169433863e-13 5.731756357176288e-16 1.7379115479299502e-17 1.743537301681171e-57 4.954808635297915e-16
479.0 2.422429379212809e-13 6.404616658292798e-16 1.9561526102321547e-17 2.4247189970600015e-57 5.538145655052767e-16
480.0 2.6730030684852223e-13 7.155035651706057e-16 2.2012929023614746e-17 3.3682854760045504e-57 6.188915503718847e-16
481.0 2.948945129440837e-13 7.991476668178262e-16 2.476488872409516e-17 4.673685401161143e-57 6.914499643098186e-16
482.0 3.250250032145641e-13 8.916674716814332e-16 2.783187978432396e-17 6.472613793392803e-57 7.717330052043555e-16
483.0 3.5824337827073563e-13 9.948739962532085e-16 3.127699386877809e-17 8.955721751906457e-57 8.613152131621561e-16
484.0 3.9454895386283215e-13 1.1091049487253948e-15 3.511834138973416e-17 1.237014289193814e-56 9.60497044381324e-16
485.0 4.344931219726356e-13 1.236273929890044e-15 3.9424635834180347e-17 1.7068782848770906e-56 1.0709443860040288e-15
486.0 4.781854706810595e-13 1.3771035356298794e-15 4.422811966830995e-17 2.35157471317292e-56 1.1932929874150838e-15
487.0 5.261771525168271e-13 1.5336247277415668e-15 4.9604062270408914e-17 3.2362090144619186e-56 1.3293133254399967e-15
488.0 5.786879670330525e-13 1.7069747074494908e-15 5.560052855374515e-17 4.447265698783153e-56 1.4800029437875561e-15
489.0 6.361584080203235e-13 1.8989877990255124e-15 6.228955255039183e-17 6.103265507668482e-56 1.6469650541924606e-15
490.0 6.991392042815596e-13 2.1119017396234285e-15 6.975824314935562e-17 8.365959461480717e-56 1.8321546002377745e-15
491.0 7.680705352773668e-13 2.347703869694456e-15 7.808751363491209e-17 1.1452952440469481e-55 2.0373113785257544e-15
492.0 8.433924304439063e-13 2.608454141654981e-15 8.736262510851017e-17 1.565747874664206e-55 2.264240089376485e-15
493.0 9.25765475600163e-13 2.8969770093317166e-15 9.7696616054622e-17 2.1378773387638983e-55 2.5154111691362385e-15
494.0 1.0158500352073639e-12 3.2162042330148506e-15 1.092088871221317e-16 2.915528629601041e-55 2.7933909232297567e-15
495.0 1.1143062479334512e-12 3.5691767185967765e-15 1.2202540662978256e-16 3.971154147599828e-55 3.1008432316106247e-15
496.0 1.221794022171649e-12 3.9590463630630524e-15 1.3627891975591494e-16 5.4020116194069276e-55 3.4405312612398954e-15
497.0 1.3390833530946237e-12 4.389439534032536e-15 1.5212169411226577e-16 7.338944866666395e-55 3.8156335397878e-15
498.0 1.4671645889362228e-12 4.8648454549056224e-15 1.6973964722181236e-16 9.958611129976224e-55 4.2300822174261195e-15
499.0 1.606917426589479e-12 5.389550300112439e-15 1.893159428820019e-16 1.349693329709836e-54 4.687637001197248e-15
500.0 1.759331539766603e-12 5.968367260764945e-15 2.110565959850091e-16 1.8270092507107335e-54 5.192520031909394e-15
501.0 1.925506529463198e-12 6.606660235885896e-15 2.3519196556381715e-16 2.470140749201405e-54 5.749437102243093e-15
502.0 2.1066518732649685e-12 7.310367988514173e-15 2.6197830299235223e-16 3.3357035953129584e-54 6.363599307095225e-15
503.0 2.3039766037123067e-12 8.085641784356778e-15 2.9168539618683946e-16 4.499116382240151e-54 7.040408169589799e-15
504.0 2.5189098214650018e-12 8.939631451559074e-15 3.2462540290334907e-16 6.061148704136585e-54 7.786140478941677e-15
505.0 2.752769841221161e-12 9.87934541067489e-15 3.611124130975975e-16 8.155417458440846e-54 8.606956279036281e-15
506.0 3.007425683910939e-12 1.0914033209575769e-14 4.015499802148569e-16 1.0960948156864942e-53 9.510974888299579e-15
507.0 3.2845252028828472e-12 1.2052468413735018e-14 4.463332351990498e-16 1.4714577736543178e-53 1.0505909039685004e-14
508.0 3.5858258360349184e-12 1.3304136225776892e-14 4.958926342110856e-16 1.973029325679512e-53 1.1600099748921659e-14
509.0 3.9134149779962086e-12 1.4680087510890967e-14 5.507269086422898e-16 2.642522121676099e-53 1.280326191834073e-14
510.0 4.269489415081806e-12 1.6192175669391053e-14 6.113762029515183e-16 3.535154109256365e-53 1.4125820350357774e-14
511.0 4.656355262780646e-12 1.7853085347284456e-14 6.784242043005164e-16 4.723909253887677e-53 1.557893564704799e-14
512.0 5.0765380889887924e-12 1.9676788712975e-14 7.525166725951717e-16 6.305238150440042e-53 1.7174903341985113e-14
513.0 5.532672623513783e-12 2.16781664799437e-14 8.343484983889073e-16 8.406294877671528e-53 1.8926824410582366e-14
514.0 6.027943362147027e-12 2.3874783725877326e-14 9.24733676260669e-16 1.1195255392571167e-52 2.0850157052599025e-14
515.0 6.565203038601186e-12 2.6283486185990452e-14 1.0244760118155071e-15 1.489256750258354e-52 2.2959746375583044e-14
516.0 7.148074230494676e-12 2.89247960109512e-14 1.134540755152146e-15 1.978929802775012e-52 2.5273664321718952e-14
517.0 7.780178022430208e-12 3.181993256416824e-14 1.2559416357218436e-15 2.6267339631440336e-52 2.7810609907651683e-14
518.0 8.465244106641752e-12 3.499127807169476e-14 1.3897603328976284e-15 3.4827195155763185e-52 3.059031694093405e-14
519.0 9.207771415155199e-12 3.846517215758729e-14 1.537259717294042e-15 4.6126995026038374e-52 3.363599886401099e-14
520.0 1.00120367616574e-11 4.226790803299164e-14 1.6997278798643953e-15 6.102612025106595e-52 3.69708509983696e-14
521.0 1.0883085791163491e-11 4.6429924233818384e-14 1.8786478255600895e-15 8.065123711260022e-52 4.062171765833316e-14
522.0 1.1826182147139197e-11 5.098361522936566e-14 2.075613652602714e-15 1.0647411635424167e-51 4.461718059813584e-14
523.0 1.2846917405311285e-11 5.5963874774853233e-14 2.29235541941642e-15 1.4041568473928648e-51 4.8988036589358994e-14
524.0 1.3951210874926337e-11 6.140818548042692e-14 2.5307461421799787e-15 1.8497982448320476e-51 5.3767378381792415e-14
525.0 1.5145749621686863e-11 6.735866766133976e-14 2.7928901845259335e-15 2.4343297110402432e-51 5.899239168520486e-14
526.0 1.6437327773330103e-11 7.385930526068723e-14 3.0810135744498785e-15 3.200208162784121e-51 6.470192987681606e-14
527.0 1.7833506622802212e-11 8.095898766932338e-14 3.397594235165897e-15 4.2026785763594397e-51 7.093918109301468e-14
528.0 1.934228412221272e-11 8.871019346875953e-14 3.745312846536716e-15 5.513475218690848e-51 7.775051964504425e-14
529.0 2.0972314630435424e-11 9.717013409438755e-14 4.127106224592572e-15 7.225699204359376e-51 8.518651220314863e-14
530.0 2.273268851336338e-11 1.0639990168470354e-13 4.546137195688325e-15 9.45996511941471e-51 9.330117532469607e-14
531.0 2.463326182582246e-11 1.164661578941951e-13 5.005872420151758e-15 1.2372486988089189e-50 1.0215346052344794e-13
532.0 2.6684655846231584e-11 1.27441342614138e-13 5.510098835061812e-15 1.616537964844074e-50 1.1180744296823555e-13
533.0 2.8898146632217552e-11 1.3940335555384586e-13 6.0629175332488905e-15 2.1099788996500377e-50 1.2233204780656626e-13
534.0 3.1285884507737184e-11 1.5243681681860707e-13 6.668806274649136e-15 2.7512920562183105e-50 1.3380216198972481e-13
535.0 3.386078356528239e-11 1.6663277081231339e-13 7.332615478359828e-15 3.583962138503581e-50 1.4629838094758101e-13
536.0 3.66368509656127e-11 1.8209054753727814e-13 8.05965929837731e-15 4.6640415237620965e-50 1.599086494026027e-13
537.0 3.962874655459138e-11 1.9891586151665417e-13 8.855642125402995e-15 6.063646203971902e-50 1.747265996395878e-13
538.0 4.2852331951814385e-11 2.1722380036939242e-13 9.726801152323247e-15 7.875538816591453e-50 1.9085418335438618e-13
539.0 4.632466977728985e-11 2.3713916621237897e-13 1.0679934406090367e-14 1.021892355332635e-49 2.08401980841675e-13
540.0 5.006380308535956e-11 2.587956862283261e-13 1.1722378157423953e-14 1.3246770197960082e-49 2.274885164838566e-13
541.0 5.4089194183682626e-11 2.823386038223772e-13 1.2862137175523349e-14 1.715528730061068e-49 2.482425454883944e-13
542.0 5.842150396387618e-11 3.079239322886367e-13 1.4107866183407496e-14 2.2195816508400944e-49 2.7080240864176123e-13
543.0 6.308270091478099e-11 3.3571940187785217e-13 1.546892825475733e-14 2.8690014971817733e-49 2.9531687562354167e-13
544.0 6.809660940623605e-11 3.6590780649876487e-13 1.6955565967315414e-14 3.704937385084976e-49 3.2194810073802516e-13
545.0 7.348813965159739e-11 3.986833747898974e-13 1.8578752831813166e-14 4.7799339297943175e-49 3.5086844365338174e-13
546.0 7.92843850275521e-11 4.342581371386831e-13 2.0350507551107032e-14 6.161089180549669e-49 3.822660846791296e-13
547.0 8.55138519781896e-11 4.728583166681579e-13 2.2283748275219182e-14 7.933941439928551e-49 4.1634186408780695e-13
548.0 9.220711769225575e-11 5.14728457189917e-13 2.4392507924872393e-14 1.0207483733537073e-48 4.5331293065295875e-13
549.0 9.9396938414813e-11 5.601326711203584e-13 2.6692018906488394e-14 1.3120475152179873e-48 4.934138581132724e-13
550.0 1.0711780882698619e-10 6.093528090741602e-13 2.919865242812513e-14 1.684933022638695e-48 5.368950507007624e-13
551.0 1.1540694848181297e-10 6.626946924187514e-13 3.1930243532717974e-14 2.1618270147755717e-48 5.84028252090743e-13
552.0 1.2430375116453344e-10 7.204857640485561e-13 3.4906010407422536e-14 2.771190314096938e-48 6.351044969364903e-13
553.0 1.3385022214097897e-10 7.830783522874728e-13 3.8146743544623264e-14 3.549122233862413e-48 6.904370084145114e-13
554.0 1.4409108591844778e-10 8.508511425209354e-13 4.1674912478583256e-14 4.5413691519552667e-48 7.503625188969727e-13
555.0 1.550738938880717e-10 9.24210695867891e-13 4.5514777361397134e-14 5.805849466604244e-48 8.152426336499078e-13
556.0 1.6684957059282483e-10 1.0035956545977758e-12 4.969263618306641e-14 7.415843856840711e-48 8.854675666036315e-13
557.0 1.7947186281721997e-10 1.0894744823191424e-12 5.423675707910258e-14 9.463956254303862e-48 9.614541753507315e-13
558.0 1.9299832426776317e-10 1.182352443027924e-12 5.917776962317031e-14 1.2067148725328592e-47 1.0436521482286137e-12
559.0 2.0748987407409444e-10 1.282770107785125e-12 6.454864124238584e-14 1.5372982740388768e-47 1.132542719227628e-12
560.0 2.2301134225253454e-10 1.3913078872944596e-12 7.038495630314817e-14 1.9567486327721832e-47 1.2286427021844275e-12
561.0 2.3963190508352936e-10 1.508590072943501e-12 7.672517776074676e-14 2.4885005448245663e-47 1.3325080958175186e-12
562.0 2.5742486246517045e-10 1.635284865179948e-12 8.361071045226906e-14 3.1620458034075528e-47 1.4447341480445093e-12
563.0 2.764679633201074e-10 1.7721078587069651e-12 9.10861423948401e-14 4.014467910233712e-47 1.5659584746271799e-12
564.0 2.968441689882134e-10 1.9198284923687227e-12 9.919964521949538e-14 5.092365077081861e-47 1.6968668018629222e-12
565.0 3.1864121076424836e-10 2.0792689168186018e-12 1.0800299157318813e-13 6.454230521353733e-47 1.8381920132219782e-12
566.0 3.419524622720766e-10 2.251311388572831e-12 1.1755201621271063e-13 8.173439124529988e-47 1.9907207336535284e-12
567.0 3.668771538661774e-10 2.4369016228253228e-12 1.2790687740144433e-13 1.0341957052000037e-46 2.1552963477073742e-12
568.0 3.9352014869018245e-10 2.6370493112673223e-12 1.391321745930246e-13 1.3074940942098375e-46 2.332819513050601e-12
569.0 4.2199314237239565e-10 2.8528382123685215e-12 1.5129757501871492e-13 1.6516496223933808e-46 2.5242571439625638e-12
570.0 4.5241454777703714e-10 3.0854277289539173e-12 1.644780034506505e-13 2.0846792515455668e-46 2.7306438719292664e-12
571.0 4.849097081555718e-10 3.3360567360049877e-12 1.7875395558277065e-13 2.6290897565726168e-46 2.953085499298323e-12
572.0 5.196116573046819e-10 3.606051313323843e-12 1.9421202848143388e-13 3.3129758647972936e-46 3.19276591395639e-12
573.0 5.566615506385105e-10 3.8968304830284066e-12 2.1094535627592103e-13 4.171380025857719e-46 3.450952245182566e-12
574.0 5.962088769064828e-10 4.209910591721129e-12 2.2905398211543337e-13 5.24797423183332e-46 3.728998824718108e-12
575.0 6.384119978309288e-10 4.546912144193547e-12 2.486453719940259e-13 6.597142623439532e-46 4.0283533239175475e-12
576.0 6.834386871384678e-10 4.909566871013618e-12 2.698349533378841e-13 8.286556360363195e-46 4.3505631049796654e-12
577.0 7.314666689710574e-10 5.299725033200789e-12 2.927466790394761e-13 1.0400354539295515e-45 4.697281789325078e-12
578.0 7.826840462954285e-10 5.71936216799582e-12 3.175135732642107e-13 1.3043068773414308e-45 5.070275337691555e-12
579.0 8.372900568153228e-10 6.17058845556452e-12 3.442784354129095e-13 1.634446849936902e-45 5.471430460691393e-12
580.0 8.954953906878785e-10 6.655655162159463e-12 3.73194396508096e-13 2.0465524878566954e-45 5.902760445851428e-12
581.0 9.575233823167288e-10 7.176967807512406e-12 4.044258660294161e-13 2.560577388320679e-45 6.366416955454339e-12
582.0 1.0236097799203597e-09 7.737089088888207e-12 4.381489215160073e-13 3.201234333361738e-45 6.864692749322855e-12
583.0 1.0940042636762424e-09 8.338755105068022e-12 4.745524608227986e-13 3.999109705787538e-45 7.400036212271528e-12
584.0 1.168970760276529e-09 8.984882970302834e-12 5.138388900967763e-13 4.992029655917769e-45 7.975058255636347e-12
585.0 1.2487885217203183e-09 9.67858453850837e-12 5.562251766698043e-13 6.226740152601575e-45 8.592544650294043e-12
586.0 1.33375221969833e-09 1.0423172919552814e-11 6.019435098008904e-13 7.76096363149444e-45 9.255461972694283e-12
587.0 1.4241738963705979e-09 1.1222183732719951e-11 6.512428286923587e-13 9.665930093388295e-45 9.966976645198276e-12
588.0 1.5203826197249808e-09 1.2079378958917621e-11 7.043893727730145e-13 1.2029465000079118e-44 1.0730458539658027e-11
589.0 1.622726431873479e-09 1.2998769107036291e-11 7.616683128159115e-13 1.4959784087120828e-44 1.1549500855639033e-11
590.0 1.7315727667814803e-09 1.3984623868772585e-11 8.233847430413946e-13 1.8590125486701257e-44 1.242792979043598e-11
591.0 1.8473095221491478e-09 1.5041488355183423e-11 8.898650228306804e-13 2.308441672370267e-44 1.3369819179903807e-11
592.0 1.9703464572934037e-09 1.6174202528190803e-11 9.614583373056046e-13 2.86442024207113e-44 1.4379507994969302e-11
593.0 2.1011156071959375e-09 1.738791314681179e-11 1.0385378453273255e-12 3.5517087891995973e-44 1.5461611200570044e-11
594.0 2.24007322313661e-09 1.86880987189569e-11 1.1215026298578293e-12 4.4007060916388764e-44 1.6621042191993606e-11
595.0 2.3877007292184616e-09 2.008058706658366e-11 1.2107792470817423e-12 5.448706139510402e-44 1.7863028684214118e-11
596.0 2.544505568384722e-09 2.1571572456791002e-11 1.3068232809338473e-12 6.741428677003896e-44 1.919312823093534e-11
597.0 2.7110231375667874e-09 2.3167642504302873e-11 1.4101215234458463e-12 8.334884850982483e-44 2.0617252454625883e-11
598.0 2.8878180661733508e-09 2.4875800333493265e-11 1.5211939131325086e-12 1.0297645514678055e-43 2.214168708240836e-11
599.0 3.075485274679274e-09 2.670348548941587e-11 1.6405954364979778e-12 1.2713597507812166e-43 2.37731108883205e-11
600.0 3.2746520124756524e-09 2.8658603994722006e-11 1.7689186320348158e-12 1.5685295461616383e-43 2.551862279796554e-11
601.0 3.48597902118495e-09 3.074955168206222e-11 1.906795731070317e-12 1.9338027422721843e-43 2.7385763032064637e-11
602.0 3.71016278566442e-09 3.298524783453605e-11 2.054901483235896e-12 2.3824752357118046e-43 2.938254345277706e-11
603.0 3.947936583623123e-09 3.5375159162968276e-11 2.213955437545499e-12 2.9332079454473534e-43 3.1517469331548973e-11
604.0 4.20007273148984e-09 3.7929335196466494e-11 2.3847249849732884e-12 3.608751891473181e-43 3.379957130827131e-11
605.0 4.467384718212906e-09 4.065844377649426e-11 2.568028471360745e-12 4.436826134417633e-43 3.623843747481379e-11
606.0 4.75072846487769e-09 4.357379962348074e-11 2.764737934977286e-12 5.451179138095619e-43 3.8844239314881205e-11
607.0 5.051005106151906e-09 4.668740770123545e-11 2.9757828396839637e-12 6.692873496244236e-43 4.162777086250629e-11
608.0 5.3691628970380215e-09 5.0011999826012886e-11 3.2021534538312203e-12 8.211837469109866e-43 4.460048187533041e-11
609.0 5.706199551841465e-09 5.356107636611549e-11 3.44490462336616e-12 1.006873896251114e-42 4.777451558041445e-11
610.0 6.063164470710821e-09 5.734894811107359e-11 3.705159631771395e-12 1.2337246698714284e-42 5.11627466080525e-11
611.0 6.441161397741012e-09 6.139078345344948e-11 3.984114481203955e-12 1.510675780453062e-42 5.4778823702515424e-11
612.0 6.841350857411293e-09 6.570265484407169e-11 4.283042212207981e-12 1.8485684581756577e-42 5.863721182575101e-11
613.0 7.264953130774169e-09 7.030159179275104e-11 4.603297736972371e-12 2.2605414382357784e-42 6.275324014399656e-11
614.0 7.713250574618449e-09 7.520562903874274e-11 4.946322451565189e-12 2.7625073886052136e-42 6.714314574824712e-11
615.0 8.187591132358423e-09 8.043386773334207e-11 5.313649796305172e-12 3.373726345555475e-42 7.182412903503294e-11
616.0 8.689391078653615e-09 8.600653088696211e-11 5.706910547154515e-12 4.117494801694339e-42 7.681440401805867e-11
617.0 9.220137976637068e-09 9.194502246648469e-11 6.1278384522862175e-12 5.021973539557195e-42 8.213325194776468e-11
618.0 9.781394716514499e-09 9.827199900002644e-11 6.578276814509527e-12 6.121182071511074e-42 8.780108615588434e-11
619.0 1.0374802352876439e-08 1.0501143117102299e-10 7.060184531592616e-12 7.456191185893361e-42 9.383950801625173e-11
620.0 1.1002083914254292e-08 1.1218867695857404e-10 7.575643029987095e-12 9.076553408527648e-42 1.0027137327688225e-10
621.0 1.166504820624946e-08 1.1983055680316045e-10 8.126863470323426e-12 1.104201722400834e-41 1.0712086026477647e-10
622.0 1.2365593716656163e-08 1.279654319409585e-10 8.716194307120846e-12 1.3424580117856947e-41 1.144135409872262e-10
623.0 1.3105712839371308e-08 1.366232882457281e-10 9.346129369656602e-12 1.631094613044239e-41 1.2217645722416098e-10
624.0 1.3887495765392753e-08 1.458358189305801e-10 1.0019316019064748e-11 1.9805465010409786e-41 1.3043819567119484e-10
625.0 1.4713135451643381e-08 1.5563652088068283e-10 1.0738564398931338e-11 2.40336470788996e-41 1.3922897534521525e-10
626.0 1.5584931713421922e-08 1.6606078440155778e-10 1.1506856407216725e-11 2.9146361219816277e-41 1.4858072917956066e-10
627.0 1.6505296393662198e-08 1.771459969026737e-10 1.232735580433389e-11 3.532484879386918e-41 1.5852719816361632e-10
628.0 1.7476757980839143e-08 1.889316435276303e-10 1.3203418299464182e-11 4.2786705530591355e-41 1.69104022835678e-10
629.0 1.8501967410635424e-08 2.0145942335564698e-10 1.4138602916420195e-11 5.179301782786125e-41 1.803488487978693e-10
630.0 1.9583702881757016e-08 2.147733580595598e-10 1.513668304282086e-11 6.265686580657393e-41 1.923014255731182e-10
631.0 2.0724875854344217e-08 2.2891991646629402e-10 1.6201658806875878e-11 7.575345466233618e-41 2.0500371979137442e-10
632.0 2.1928536603945746e-08 2.439481376045085e-10 1.7337769577668353e-11 9.153217414406546e-41 2.1850002712297135e-10
633.0 2.3197880739582065e-08 2.5990976781213855e-10 1.8549507697824037e-11 1.1053094984973095e-40 2.3283709690705795e-10
634.0 2.4536254951512652e-08 2.7685939290654774e-10 1.984163211700542e-11 1.333933044454938e-40 2.4806425246790693e-10
635.0 2.5947164263285706e-08 2.948545908752558e-10 2.1219183748688238e-11 1.6088863974016705e-40 2.642335299267013e-10
636.0 2.7434278187591535e-08 3.139560762093789e-10 2.2687500506906266e-11 1.939363196471572e-40 2.813998096465709e-10
637.0 2.9001438384664866e-08 3.342278652569515e-10 2.4252234137903268e-11 2.336342655152999e-40 2.9962096663595444e-10
638.0 3.065266565664689e-08 3.557374383418355e-10 2.5919367124170482e-11 2.8129287536996903e-40 3.1895801818503263e-10
639.0 3.2392167793056064e-08 3.785559160264414e-10 2.7695230926279808e-11 3.3847524650728343e-40 3.394752843145518e-10
640.0 3.4224347616846374e-08 4.0275824239278875e-10 2.958652506948857e-11 4.07044841117746e-40 3.6124055465986905e-10
641.0 3.615381101408149e-08 4.284233729354127e-10 3.160033691316567e-11 4.892219369261152e-40 3.843252596374583e-10
642.0 3.8185375595563706e-08 4.556344748436813e-10 3.37441626895767e-11 5.87650451878705e-40 4.088046528754703e-10
643.0 4.032407966476899e-08 4.844791361764137e-10 3.602592957888713e-11 7.054770018612872e-40 4.347580017817399e-10
644.0 4.257519159926345e-08 5.150495854574819e-10 3.845401895413787e-11 8.464443807781514e-40 4.6226878762903777e-10
645.0 4.494421910437847e-08 5.474429153970065e-10 4.103729034716933e-11 1.0150020215106421e-39 4.914249095156535e-10
646.0 4.743691931094746e-08 5.81761322640713e-10 4.378510704099081e-11 1.2164364692339416e-39 5.223189028902841e-10
647.0 5.00593092833735e-08 6.181123587445417e-10 4.6707362960468614e-11 1.4570254018263738e-39 5.550481683433449e-10
648.0 5.281767650504152e-08 6.566091872965041e-10 4.981451050083992e-11 1.7442193343033184e-39 5.897152061138518e-10
649.0 5.5718589988198574e-08 6.97370855337653e-10 5.311758992904498e-11 2.086855883578506e-39 6.26427863638865e-10
650.0 5.876891189885143e-08 7.405225781385443e-10 5.662826031706894e-11 2.4954122907024635e-39 6.652995953105544e-10
651.0 6.197580947947958e-08 7.861960349515361e-10 6.035883185403067e-11 2.9823028631018484e-39 7.064497323142981e-10
652.0 6.534676726854735e-08 8.345296759762229e-10 6.432229957976604e-11 3.5622291362539185e-39 7.500037627701874e-10
653.0 6.888960037044508e-08 8.85669050479016e-10 6.853237933414556e-11 4.252591920635523e-39 7.960936311227678e-10
654.0 7.261246704868497e-08 9.397671344207729e-10 7.3003544286775e-11 5.073975812681538e-39 8.448580373383406e-10
655.0 7.652388312162e-08 9.969846895677194e-10 7.775106454099696e-11 6.050718765250436e-39 8.964427646574633e-10
656.0 8.063273567873009e-08 1.0574906227042982e-09 8.279104742361241e-11 7.211581129647015e-39 9.510010077110108e-10
657.0 8.494829848778036e-08 1.1214623759165266e-09 8.814048089592437e-11 8.590531314101695e-39 1.0086937288516965e-09
658.0 8.948024661221386e-08 1.189086316096845e-09 9.381727764086076e-11 1.0227667682051865e-38 1.0696900140787925e-09
659.0 9.423867293101125e-08 1.2605581592944413e-09 9.984032264757763e-11 1.2170300022337822e-38 1.134167460604434e-09
660.0 9.923410386590719e-08 1.3360833948823715e-09 1.0622952158432586e-10 1.4474217252208385e-38 1.202312564572175e-09
661.0 1.0447751689914896e-07 1.4158777441622613e-09 1.1300585272401261e-10 1.7205172981119288e-38 1.2743211400839008e-09
662.0 1.0998035761849522e-07 1.5001676237380887e-09 1.201914201206519e-10 2.0440625163310692e-38 1.350398742859925e-09
663.0 1.1575455854797206e-07 1.5891906444804858e-09 1.2780951052741345e-10 2.4271772629801307e-38 1.4307611262824216e-09
664.0 1.218125572871317e-07 1.683196113067275e-09 1.3588465146891373e-10 2.880593749199472e-38 1.5156347001265412e-09
665.0 1.2816731643147495e-07 1.782445570171324e-09 1.4444267323608824e-10 3.416935124664975e-38 1.605257022662257e-09
666.0 1.3483234355020274e-07 1.887213342394928e-09 1.5351077302120854e-10 4.0510410980394364e-38 1.6998773055320951e-09
667.0 1.4182171164987112e-07 1.9977871141455895e-09 1.6311758173027376e-10 4.800348314047181e-38 1.799756936995222e-09
668.0 1.4915008141075564e-07 2.1144685381242424e-09 1.7329323504773894e-10 5.685334518005005e-38 1.905170040376456e-09
669.0 1.5683272272178206e-07 2.237573850373715e-09 1.840694460373162e-10 6.730036861539117e-38 2.0164040370676902e-09
670.0 1.6488553809031886e-07 2.3674345265673924e-09 1.9547958231943824e-10 7.962656519530142e-38 2.1337602471413068e-09
671.0 1.733250862049997e-07 2.504397955984796e-09 2.075587459641825e-10 9.416263576645276e-38 2.2575545063797398e-09
672.0 1.8216860672278975e-07 2.6488281489896796e-09 2.2034385745559426e-10 1.112961845799286e-37 2.3881178139927063e-09
673.0 1.914340453110574e-07 2.801106464756554e-09 2.3387374269522653e-10 1.314812865184053e-37 2.525796999098498e-09
674.0 2.0114008001518893e-07 2.9616323753221254e-09 2.4818922443813386e-10 1.5524962528527593e-37 2.670955420482588e-09
675.0 2.113061483042533e-07 3.1308242573751104e-09 2.6333321751987133e-10 1.8322345384894764e-37 2.8239736919185873e-09
676.0 2.2195247522053885e-07 3.30912021873098e-09 2.793508285232848e-10 2.161306683381035e-37 2.9852504393396312e-09
677.0 2.3310010198623083e-07 3.496978950669366e-09 2.9628945921508665e-10 2.5482233101207246e-37 3.1552030819279914e-09
678.0 2.447709157072529e-07 3.6948806162623305e-09 3.141989146720156e-10 3.002930310108108e-37 3.3342686462817006e-09
679.0 2.569876807057415e-07 3.903327783654752e-09 3.3313151694191515e-10 3.537045320000759e-37 3.5229046217745913e-09
680.0 2.697740695488686e-07 4.1228463760131525e-09 3.5314222191717387e-10 4.164132217976615e-37 3.7215898316155413e-09
681.0 2.831546964484455e-07 4.353986679253594e-09 3.7428874299353875e-10 4.9000196386084126e-37 3.9308253567315085e-09
682.0 2.971551504563974e-07 4.597324369462845e-09 3.966316783566028e-10 5.763170352942615e-37 4.151135478133227e-09
683.0 3.1180203112856084e-07 4.853461601674681e-09 4.2023464554895885e-10 6.77510948265557e-37 4.3830686753994276e-09
684.0 3.2712298365545204e-07 5.123028114835633e-09 4.451644195295765e-10 7.96092062974324e-37 4.62719864053611e-09
685.0 3.4314673655864546e-07 5.406682401638127e-09 4.714910785086929e-10 9.349820491882655e-37 4.8841253511920205e-09
686.0 3.5990313991490887e-07 5.70511291284153e-09 4.992881550436992e-10 1.0975824028542394e-36 5.154476175836375e-09
687.0 3.7742320463818186e-07 6.019039305111019e-09 5.286327932674126e-10 1.2878514102675636e-36 5.438907019082893e-09
688.0 3.957391431354002e-07 6.349213738381356e-09 5.596059128762601e-10 1.5103931609493534e-36 5.738103512621657e-09
689.0 4.1488441143699386e-07 6.696422225531191e-09 5.922923802360453e-10 1.7705604491880285e-36 6.0527822543144506e-09
690.0 4.3489375236917915e-07 7.0614860285764115e-09 6.267811862087633e-10 2.0745736756925173e-36 6.383692090258044e-09
691.0 4.5580323997652654e-07 7.445263105742167e-09 6.631656311938436e-10 2.4296581756813356e-36 6.731615443791328e-09
692.0 4.776503256152098e-07 7.848649617425803e-09 7.015435182146737e-10 2.8442027598865723e-36 7.0973696987294326e-09
693.0 5.00473885070972e-07 8.272581481773914e-09 7.420173533506641e-10 3.327942659775331e-36 7.481808628479629e-09
694.0 5.243142672285189e-07 8.718035989602324e-09 7.846945545027725e-10 3.8921705420876584e-36 7.885823879874878e-09
695.0 5.492133446059704e-07 9.186033485244753e-09 8.296876692209681e-10 4.549979794178546e-36 8.310346517727312e-09
696.0 5.752145643610274e-07 9.677639091456766e-09 8.771145997594129e-10 5.3165448800450914e-36 8.756348610360336e-09
697.0 6.023630022140184e-07 1.019396452037339e-08 9.27098839279473e-10 6.209444294007531e-36 9.224844894154435e-09
698.0 6.307054165092895e-07 1.073616992554122e-08 9.797697152884374e-10 7.249032395836159e-36 9.71689447646492e-09
699.0 6.602903052838922e-07 1.1305465844553765e-08 1.0352626449436904e-09 8.458867367928351e-36 1.0233602621770285e-08
700.0 6.911679633543092e-07 1.1903115183219645e-08 1.0937193979164814e-09 9.866203516427695e-36 1.0776122576696975e-08
