200.0 0.0 0.0 0.0 0.0 0.0
201.0 0.0 0.0 0.0 0.0 0.0
202.0 0.0 0.0 0.0 0.0 0.0
203.0 0.0 0.0 0.0 0.0 0.0
204.0 0.0 0.0 0.0 0.0 0.0
205.0 0.0 0.0 0.0 0.0 0.0
206.0 0.0 0.0 0.0 0.0 0.0
207.0 0.0 0.0 0.0 0.0 0.0
208.0 0.0 0.0 0.0 0.0 0.0
209.0 0.0 0.0 0.0 0.0 0.0
210.0 0.0 0.0 0.0 0.0 0.0
211.0 0.0 0.0 0.0 0.0 0.0
212.0 0.0 0.0 0.0 0.0 0.0
213.0 0.0 0.0 0.0 0.0 0.0
214.0 0.0 0.0 0.0 0.0 0.0
215.0 0.0 0.0 0.0 0.0 0.0
216.0 0.0 0.0 0.0 0.0 0.0
217.0 0.0 0.0 0.0 0.0 0.0
218.0 0.0 0.0 0.0 0.0 0.0
219.0 0.0 0.0 0.0 0.0 0.0
220.0 0.0 0.0 0.0 0.0 0.0
221.0 0.0 0.0 0.0 0.0 0.0
222.0 0.0 0.0 0.0 0.0 0.0
223.0 0.0 0.0 0.0 0.0 0.0
224.0 0.0 0.0 0.0 0.0 0.0
225.0 0.0 0.0 0.0 0.0 0.0
226.0 0.0 0.0 0.0 0.0 0.0
227.0 0.0 0.0 0.0 0.0 0.0
228.0 0.0 0.0 0.0 0.0 0.0
229.0 0.0 0.0 0.0 0.0 0.0
230.0 0.0 0.0 0.0 0.0 0.0
231.0 0.0 0.0 0.0 0.0 0.0
232.0 0.0 0.0 0.0 0.0 0.0
233.0 0.0 0.0 0.0 0.0 0.0
234.0 0.0 0.0 0.0 0.0 0.0
235.0 0.0 0.0 0.0 0.0 0.0
236.0 0.0 0.0 0.0 0.0 0.0
237.0 0.0 0.0 0.0 0.0 0.0
238.0 0.0 0.0 0.0 0.0 0.0
239.0 0.0 0.0 0.0 0.0 0.0
240.0 0.0 0.0 0.0 0.0 0.0
241.0 0.0 0.0 0.0 0.0 0.0
242.0 0.0 0.0 0.0 0.0 0.0
243.0 0.0 0.0 0.0 0.0 0.0
244.0 0.0 0.0 0.0 0.0 0.0
245.0 0.0 0.0 0.0 0.0 0.0
246.0 0.0 0.0 0.0 0.0 0.0
247.0 0.0 0.0 0.0 0.0 0.0
248.0 0.0 0.0 0.0 0.0 0.0
249.0 0.0 0.0 0.0 0.0 0.0
250.0 0.0 0.0 0.0 0.0 0.0
251.0 0.0 0.0 0.0 0.0 0.0
252.0 0.0 0.0 0.0 0.0 0.0
253.0 0.0 0.0 0.0 0.0 0.0
254.0 0.0 0.0 0.0 0.0 0.0
255.0 0.0 0.0 0.0 0.0 0.0
256.0 0.0 0.0 0.0 0.0 0.0
257.0 0.0 0.0 0.0 0.0 0.0
258.0 0.0 0.0 0.0 0.0 0.0
259.0 0.0 0.0 0.0 0.0 0.0
260.0 0.0 0.0 0.0 0.0 0.0
261.0 0.0 0.0 0.0 0.0 0.0
262.0 0.0 0.0 0.0 0.0 0.0
263.0 0.0 0.0 0.0 0.0 0.0
264.0 0.0 0.0 0.0 0.0 0.0
265.0 0.0 0.0 0.0 0.0 0.0
266.0 0.0 0.0 0.0 0.0 0.0
267.0 0.0 0.0 0.0 0.0 0.0
268.0 0.0 0.0 0.0 0.0 0.0
269.0 0.0 0.0 0.0 0.0 0.0
270.0 0.0 0.0 0.0 0.0 0.0
271.0 0.0 0.0 0.0 0.0 0.0
272.0 0.0 0.0 0.0 0.0 0.0
273.0 0.0 0.0 0.0 0.0 0.0
274.0 0.0 0.0 0.0 0.0 0.0
275.0 0.0 0.0 0.0 0.0 0.0
276.0 0.0 0.0 0.0 0.0 0.0
277.0 0.0 0.0 0.0 0.0 0.0
278.0 0.0 0.0 0.0 0.0 0.0
279.0 0.0 0.0 0.0 0.0 0.0
280.0 0.0 0.0 0.0 0.0 0.0
281.0 0.0 0.0 0.0 0.0 0.0
282.0 0.0 0.0 0.0 0.0 0.0
283.0 0.0 0.0 0.0 0.0 0.0
284.0 0.0 0.0 0.0 0.0 0.0
285.0 0.0 0.0 0.0 0.0 0.0
286.0 0.0 0.0 0.0 0.0 0.0
287.0 0.0 0.0 0.0 0.0 0.0
288.0 0.0 0.0 0.0 0.0 0.0
289.0 0.0 0.0 0.0 0.0 0.0
290.0 0.0 0.0 0.0 0.0 0.0
291.0 0.0 0.0 0.0 0.0 0.0
292.0 0.0 0.0 0.0 0.0 0.0
293.0 0.0 0.0 0.0 0.0 0.0
294.0 0.0 0.0 0.0 0.0 0.0
295.0 0.0 0.0 0.0 0.0 0.0
296.0 0.0 0.0 0.0 0.0 0.0
297.0 0.0 0.0 0.0 0.0 0.0
298.0 0.0 0.0 0.0 0.0 0.0
299.0 0.0 0.0 0.0 0.0 0.0
300.0 0.0 0.0 0.0 0.0 0.0
301.0 0.0 0.0 0.0 0.0 0.0
302.0 0.0 0.0 0.0 0.0 0.0
303.0 0.0 0.0 0.0 0.0 0.0
304.0 0.0 0.0 0.0 0.0 0.0
305.0 0.0 0.0 0.0 0.0 0.0
306.0 0.0 0.0 0.0 0.0 0.0
307.0 0.0 0.0 0.0 0.0 0.0
308.0 0.0 0.0 0.0 0.0 0.0
309.0 0.0 0.0 0.0 0.0 0.0
310.0 0.0 0.0 0.0 0.0 0.0
311.0 0.0 0.0 0.0 0.0 0.0
312.0 0.0 0.0 0.0 0.0 0.0
313.0 0.0 0.0 0.0 0.0 0.0
314.0 0.0 0.0 0.0 0.0 0.0
315.0 0.0 0.0 0.0 0.0 0.0
316.0 0.0 0.0 0.0 0.0 0.0
317.0 0.0 0.0 0.0 0.0 0.0
318.0 0.0 0.0 0.0 0.0 0.0
319.0 0.0 0.0 0.0 0.0 0.0
320.0 0.0 0.0 0.0 0.0 0.0
321.0 0.0 0.0 0.0 0.0 0.0
322.0 0.0 0.0 0.0 0.0 0.0
323.0 0.0 0.0 0.0 0.0 0.0
324.0 0.0 0.0 0.0 0.0 0.0
325.0 0.0 0.0 0.0 0.0 0.0
326.0 0.0 0.0 0.0 0.0 0.0
327.0 0.0 0.0 0.0 0.0 0.0
328.0 0.0 0.0 0.0 0.0 0.0
329.0 0.0 0.0 0.0 0.0 0.0
330.0 0.0 0.0 0.0 0.0 0.0
331.0 0.0 0.0 0.0 0.0 0.0
332.0 0.0 0.0 0.0 0.0 0.0
333.0 0.0 0.0 0.0 0.0 0.0
334.0 0.0 0.0 0.0 0.0 0.0
335.0 0.0 0.0 0.0 0.0 0.0
336.0 0.0 0.0 0.0 0.0 0.0
337.0 0.0 0.0 0.0 0.0 0.0
338.0 0.0 0.0 0.0 0.0 0.0
339.0 0.0 0.0 0.0 0.0 0.0
340.0 0.0 0.0 0.0 0.0 0.0
341.0 0.0 0.0 0.0 0.0 0.0
342.0 0.0 0.0 0.0 0.0 0.0
343.0 0.0 0.0 0.0 0.0 0.0
344.0 0.0 0.0 0.0 0.0 0.0
345.0 0.0 0.0 0.0 0.0 0.0
346.0 0.0 0.0 0.0 0.0 0.0
347.0 0.0 0.0 0.0 0.0 0.0
348.0 0.0 0.0 0.0 0.0 0.0
349.0 0.0 0.0 0.0 0.0 0.0
350.0 0.0 0.0 0.0 0.0 0.0
351.0 0.0 0.0 0.0 0.0 0.0
352.0 0.0 0.0 0.0 0.0 0.0
353.0 0.0 0.0 0.0 0.0 0.0
354.0 0.0 0.0 0.0 0.0 0.0
355.0 0.0 0.0 0.0 0.0 0.0
356.0 0.0 0.0 0.0 0.0 0.0
357.0 0.0 0.0 0.0 0.0 0.0
358.0 0.0 0.0 0.0 0.0 0.0
359.0 0.0 0.0 0.0 0.0 0.0
360.0 0.0 0.0 0.0 0.0 0.0
361.0 0.0 0.0 0.0 0.0 0.0
362.0 0.0 0.0 0.0 0.0 0.0
363.0 0.0 0.0 0.0 0.0 0.0
364.0 0.0 0.0 0.0 0.0 0.0
365.0 0.0 0.0 0.0 0.0 0.0
366.0 0.0 0.0 0.0 0.0 0.0
367.0 0.0 0.0 0.0 0.0 0.0
368.0 0.0 0.0 0.0 0.0 0.0
369.0 0.0 0.0 0.0 0.0 0.0
370.0 0.0 0.0 0.0 0.0 0.0
371.0 0.0 0.0 0.0 0.0 0.0
372.0 0.0 0.0 0.0 0.0 0.0
373.0 0.0 0.0 0.0 0.0 0.0
374.0 0.0 0.0 0.0 0.0 0.0
375.0 0.0 0.0 0.0 0.0 0.0
376.0 0.0 0.0 0.0 0.0 0.0
377.0 0.0 0.0 0.0 0.0 0.0
378.0 0.0 0.0 0.0 0.0 0.0
379.0 0.0 0.0 0.0 0.0 0.0
380.0 0.0 0.0 0.0 0.0 0.0
381.0 0.0 0.0 0.0 0.0 0.0
382.0 0.0 0.0 0.0 0.0 0.0
383.0 0.0 0.0 0.0 0.0 0.0
384.0 0.0 0.0 0.0 0.0 0.0
385.0 0.0 0.0 0.0 0.0 0.0
386.0 0.0 0.0 0.0 0.0 0.0
387.0 0.0 0.0 0.0 0.0 0.0
388.0 0.0 0.0 0.0 0.0 0.0
389.0 0.0 0.0 0.0 0.0 0.0
390.0 0.0 0.0 0.0 0.0 0.0
391.0 0.0 0.0 0.0 0.0 0.0
392.0 0.0 0.0 0.0 0.0 0.0
393.0 0.0 0.0 0.0 0.0 0.0
394.0 0.0 0.0 0.0 0.0 0.0
395.0 0.0 0.0 0.0 0.0 0.0
396.0 0.0 0.0 0.0 0.0 0.0
397.0 0.0 0.0 0.0 0.0 0.0
398.0 0.0 0.0 0.0 0.0 0.0
399.0 0.0 0.0 0.0 0.0 0.0
400.0 0.0 0.0 0.0 0.0 0.0
401.0 0.0 0.0 0.0 0.0 0.0
402.0 0.0 0.0 0.0 0.0 0.0
403.0 0.0 0.0 0.0 0.0 0.0
404.0 0.0 0.0 0.0 0.0 0.0
405.0 0.0 0.0 0.0 0.0 0.0
406.0 0.0 0.0 0.0 0.0 0.0
407.0 0.0 0.0 0.0 0.0 0.0
408.0 0.0 0.0 0.0 0.0 0.0
409.0 0.0 0.0 0.0 0.0 0.0
410.0 0.0 0.0 0.0 0.0 0.0
411.0 0.0 0.0 0.0 0.0 0.0
412.0 0.0 0.0 0.0 0.0 0.0
413.0 0.0 0.0 0.0 0.0 0.0
414.0 0.0 0.0 0.0 0.0 0.0
415.0 0.0 0.0 0.0 0.0 0.0
416.0 0.0 0.0 0.0 0.0 0.0
417.0 0.0 0.0 0.0 0.0 0.0
418.0 0.0 0.0 0.0 0.0 0.0
419.0 0.0 0.0 0.0 0.0 0.0
420.0 0.0 0.0 0.0 0.0 0.0
421.0 0.0 0.0 0.0 0.0 0.0
422.0 0.0 0.0 0.0 0.0 0.0
423.0 0.0 0.0 0.0 0.0 0.0
424.0 0.0 0.0 0.0 0.0 0.0
425.0 0.0 0.0 0.0 0.0 0.0
426.0 0.0 0.0 0.0 0.0 0.0
427.0 0.0 0.0 0.0 0.0 0.0
428.0 0.0 0.0 0.0 0.0 0.0
429.0 0.0 0.0 0.0 0.0 0.0
430.0 0.0 0.0 0.0 0.0 0.0
431.0 0.0 0.0 0.0 0.0 0.0
432.0 0.0 0.0 0.0 0.0 0.0
433.0 0.0 0.0 0.0 0.0 0.0
434.0 0.0 0.0 0.0 0.0 0.0
435.0 0.0 0.0 0.0 0.0 0.0
436.0 0.0 0.0 0.0 0.0 0.0
437.0 0.0 0.0 0.0 0.0 0.0
438.0 0.0 0.0 0.0 0.0 0.0
439.0 0.0 0.0 0.0 0.0 0.0
440.0 0.0 0.0 0.0 0.0 0.0
441.0 0.0 0.0 0.0 0.0 0.0
442.0 0.0 0.0 0.0 0.0 0.0
443.0 0.0 0.0 0.0 0.0 0.0
444.0 0.0 0.0 0.0 0.0 0.0
445.0 0.0 0.0 0.0 0.0 0.0
446.0 0.0 0.0 0.0 0.0 0.0
447.0 0.0 0.0 0.0 0.0 0.0
448.0 0.0 0.0 0.0 0.0 0.0
449.0 0.0 0.0 0.0 0.0 0.0
450.0 0.0 0.0 0.0 0.0 0.0
451.0 0.0 0.0 0.0 0.0 0.0
452.0 0.0 0.0 0.0 0.0 0.0
453.0 0.0 0.0 0.0 0.0 0.0
454.0 0.0 0.0 0.0 0.0 0.0
455.0 0.0 0.0 0.0 0.0 0.0
456.0 0.0 0.0 0.0 0.0 0.0
457.0 0.0 0.0 0.0 0.0 0.0
458.0 0.0 0.0 0.0 0.0 0.0
459.0 0.0 0.0 0.0 0.0 0.0
460.0 0.0 0.0 0.0 0.0 0.0
461.0 0.0 0.0 0.0 0.0 0.0
462.0 0.0 0.0 0.0 0.0 0.0
463.0 0.0 0.0 0.0 0.0 0.0
464.0 0.0 0.0 0.0 0.0 0.0
465.0 0.0 0.0 0.0 0.0 0.0
466.0 0.0 0.0 0.0 0.0 0.0
467.0 0.0 0.0 0.0 0.0 0.0
468.0 0.0 0.0 0.0 0.0 0.0
469.0 0.0 0.0 0.0 0.0 0.0
470.0 0.0 0.0 0.0 0.0 0.0
471.0 0.0 0.0 0.0 0.0 0.0
472.0 0.0 0.0 0.0 0.0 0.0
473.0 0.0 0.0 0.0 0.0 0.0
474.0 0.0 0.0 0.0 0.0 0.0
475.0 0.0 0.0 0.0 0.0 0.0
476.0 0.0 0.0 0.0 0.0 0.0
477.0 0.0 0.0 0.0 0.0 0.0
478.0 0.0 0.0 0.0 0.0 0.0
479.0 0.0 0.0 0.0 0.0 0.0
480.0 0.0 0.0 0.0 0.0 0.0
481.0 0.0 0.0 0.0 0.0 0.0
482.0 0.0 0.0 0.0 0.0 0.0
483.0 0.0 0.0 0.0 0.0 0.0
484.0 0.0 0.0 0.0 0.0 0.0
485.0 0.0 0.0 0.0 0.0 0.0
486.0 0.0 0.0 0.0 0.0 0.0
487.0 0.0 0.0 0.0 0.0 0.0
488.0 0.0 0.0 0.0 0.0 0.0
489.0 1.0228225280951864e-16 8.465233805876852e-18 1.0014983188192703e-20 9.812897821496994e-60 2.648008639319503e-19
490.0 1.0223935178322605e-16 8.504822468104668e-18 1.0201169548853607e-20 1.2234048200250462e-59 2.6792704163608638e-19
491.0 1.0219642061445925e-16 8.544415257396811e-18 1.0390015007266166e-20 1.5238844495719936e-59 2.7107657565233142e-19
492.0 1.0215345977913063e-16 8.584011631268268e-18 1.0581544353586677e-20 1.8964666597088605e-59 2.742495077631594e-19
493.0 1.0211046975012278e-16 8.623611050982791e-18 1.0775782443029229e-20 2.358044937761401e-59 2.774458789670182e-19
494.0 1.0206745099729944e-16 8.663212981542387e-18 1.097275419450316e-20 2.9293750575328097e-59 2.8066572947930676e-19
495.0 1.0202440398751639e-16 8.702816891676582e-18 1.117248458924679e-20 3.6359361333817355e-59 2.8390909873341396e-19
496.0 2.0396265836926568e-16 1.748484450766307e-17 2.27499973389158e-20 9.017957449795957e-59 5.743520507636471e-19
497.0 2.03876454099045e-16 1.7564057088317858e-17 2.3160643073842145e-20 1.1173599110066783e-58 5.809330945945631e-19
498.0 2.0379019608017044e-16 1.7643270485009565e-17 2.3576956703264442e-20 1.3832581089866003e-58 5.875614031480582e-19
499.0 3.055558278337744e-16 2.6583725497194068e-17 3.599848299126061e-20 2.5664458911028433e-58 8.913555735872774e-19
500.0 3.0542628364508253e-16 2.6702543403116837e-17 3.664018423669861e-20 3.17175377702712e-58 9.01440155110915e-19
501.0 4.070622172017613e-16 3.576181055715007e-17 4.972081969368234e-20 5.2220075849374674e-58 1.215461271457545e-18
502.0 4.0688928925446414e-16 3.592022336660614e-17 5.0599800972071435e-20 6.442744918062396e-58 1.2290974280203271e-18
503.0 5.083953284887916e-16 4.5098284531372954e-17 6.436328067344753e-20 9.927747301655759e-58 1.5535360117401261e-18
504.0 6.098147093590038e-16 5.435553200954399e-17 7.859008847205206e-20 1.4673719574625547e-57 1.884983318073963e-18
505.0 7.111473623607584e-16 6.369195443084948e-17 9.328936122613276e-20 2.1068610705020912e-57 2.2235110847755267e-18
506.0 8.123932197163089e-16 7.310753847532695e-17 1.0847033828598113e-19 2.9608711569953965e-57 2.569191170203317e-18
507.0 9.135522153602168e-16 8.26022688912035e-17 1.2414236171703024e-19 4.092687453733207e-57 2.922095549503839e-18
508.0 1.116086713417647e-15 1.0139374136397255e-16 1.5434636416604828e-19 6.141045093281098e-57 3.61052594188648e-18
509.0 1.3184474322236035e-15 1.203434797828207e-16 1.8554241823024307e-19 8.902778073645164e-57 4.31347758804917e-18
510.0 1.520634245942871e-15 1.3945144655716776e-16 2.177495950870707e-19 1.2590911653818667e-56 5.031094842608758e-18
511.0 1.7226470320773848e-15 1.5871760034251338e-16 2.509871726002796e-19 1.7476390431500142e-56 5.763522270267128e-18
512.0 2.02577439098767e-15 1.8751778534267281e-16 3.002890902052123e-19 2.5160827615860904e-56 6.8535838297654494e-18
513.0 2.3286405288912795e-15 2.1655516929563097e-16 3.511680268792159e-19 3.5381162562849975e-56 7.966090424070634e-18
514.0 2.7324470145872587e-15 2.5528466513752215e-16 4.1917875155462266e-19 5.0747726607831495e-56 9.45130801158647e-18
515.0 3.135904901897257e-15 2.9433028030467346e-16 4.893465332966923e-19 7.113515782923598e-56 1.0966847602758866e-17
516.0 3.640128655518035e-15 3.432259586824649e-16 5.777604121770001e-19 1.0077622098003114e-55 1.2870514037886007e-17
517.0 4.1439162638112635e-15 3.925165690789824e-16 6.689457433571413e-19 1.3990638208016173e-55 1.481262232953774e-17
518.0 4.8493225715138414e-15 4.614281311436029e-16 7.961254355355674e-19 1.9950789539412306e-55 1.7523690107772057e-17
519.0 5.554117846002908e-15 5.308923175683344e-16 9.27273413381137e-19 2.7823753947120425e-55 2.0289198453737693e-17
520.0 6.3592420859599696e-15 6.106009765944828e-16 1.0795986197042135e-18 3.876133113390502e-55 2.3482393964329328e-17
521.0 7.365460791348819e-15 7.104038676721713e-16 1.271432309313465e-18 5.458318864020704e-55 2.749198843333828e-17
522.0 8.471658637820386e-15 8.207664922483885e-16 1.486861111225428e-18 7.62724906731548e-55 3.196141567131409e-17
523.0 9.778513596033028e-15 9.516173434897762e-16 1.7448410329497495e-18 1.0687829920598222e-54 3.72875583082651e-17
524.0 1.1285763108075908e-14 1.1031926780461314e-15 2.047234587977729e-18 1.4963851507992716e-54 4.3494855091737325e-17
525.0 1.2993144445565671e-14 1.2757285866906938e-15 2.395947806781873e-18 2.0883481078010365e-54 5.060803760136933e-17
526.0 1.5001073059777322e-14 1.4793897765123678e-15 2.8118019160923935e-18 2.92058156401261e-54 5.904842870904614e-17
527.0 1.720852011673046e-14 1.7045620082858312e-15 3.2785233987342784e-18 4.0553930505715345e-54 6.845307267515446e-17
528.0 1.971581326160764e-14 1.961488379174225e-15 3.817640575541845e-18 5.619948871983315e-54 7.925200129566118e-17
529.0 2.2723652130588872e-14 2.270616284862121e-15 4.471748960771837e-18 7.8290965023886e-54 9.230019211676894e-17
530.0 2.6030372554178367e-14 2.6123623945432887e-15 5.2056159048944056e-18 1.0832261052762927e-53 1.0683577316501148e-16
531.0 2.9836498585214394e-14 3.0073308523623013e-15 6.0632532726564666e-18 1.4985903739663642e-53 1.2373114051780044e-16
532.0 3.424178795963555e-14 3.466275145231896e-15 7.070566584558979e-18 2.0743437929220497e-53 1.4347146826583588e-16
533.0 3.9245450871179533e-14 3.989901174612663e-15 8.233812888258343e-18 2.8654804164195857e-53 1.6613440416317006e-16
534.0 4.4947025307334825e-14 4.589157863940158e-15 9.580774496634091e-18 3.952657744042084e-53 1.9222755743539788e-16
535.0 5.144587357862817e-14 5.275150634776161e-15 1.114069933358454e-17 5.445239113636188e-53 2.2227625053261134e-16
536.0 5.894142273860495e-14 6.069463433424202e-15 1.2966392397661699e-17 7.503517247715822e-53 2.5726128353238363e-16
537.0 6.733215858601339e-14 6.9629089213716425e-15 1.5046388084649915e-17 1.030258141657047e-52 2.9687335934082267e-16
538.0 7.701750581948236e-14 7.998145206539856e-15 1.7481754906509466e-17 1.4154523896632644e-52 3.430178127458155e-16
539.0 8.789564206743144e-14 9.166257187613551e-15 2.026392624867801e-17 1.938921208236975e-52 3.9541838079509805e-16
540.0 1.0036524505637501e-13 1.0510567056963172e-14 2.3500399168784067e-17 2.6556419112964807e-52 4.560568573962442e-16
541.0 1.1462424735339771e-13 1.2053985818294391e-14 2.725706706026847e-17 3.6354985956825724e-52 5.260683832905549e-16
542.0 1.3067027503772729e-13 1.3798620847601337e-14 3.1554797964824556e-17 4.96449637728095e-52 6.0569863521449415e-16
543.0 1.4900062010099082e-13 1.5799560346379067e-14 3.6537432114237845e-17 6.776548815312237e-52 6.975350921267328e-16
544.0 1.69812027106641e-13 1.808076543350796e-14 4.228197340154989e-17 9.238975819063951e-52 8.028396727260634e-16
545.0 1.934007337382658e-13 2.0677181907036127e-14 4.889420859814139e-17 1.2579481990228324e-51 9.233900159927694e-16
546.0 2.2006244946743372e-13 2.3624221241590244e-14 5.648505109859699e-17 1.710077433264951e-51 1.061021169724421e-15
547.0 2.5039162826113587e-13 2.699001886437498e-14 6.52486572095537e-17 2.3231236457210384e-51 1.2190833981939115e-15
548.0 2.8478224083067455e-13 3.0822058865181945e-14 7.533640829669455e-17 3.1525875264654236e-51 1.4000597287915461e-15
549.0 3.237272230153417e-13 3.517927557020683e-14 8.693359468688364e-17 4.273225165076102e-51 1.6070062180153726e-15
550.0 3.678182557981917e-13 4.0132247535432847e-14 1.0026154871331669e-16 5.785677772075623e-51 1.843575809269962e-15
551.0 4.17645963473149e-13 4.5752482148519406e-14 1.1555229125788588e-16 7.823431243314697e-51 2.1135386148643947e-15
552.0 4.739989890069293e-13 5.213431009643938e-14 1.3310470109211311e-16 1.0567190409958645e-50 2.4218005220388212e-15
553.0 5.377640601923661e-13 5.938428621339939e-14 1.5326046803319487e-16 1.4259149907055152e-50 2.773937936098392e-15
554.0 6.097268697818065e-13 6.759933032406222e-14 1.7634896546188132e-16 1.921697501199019e-50 3.175187326352627e-15
555.0 6.910693243286366e-13 7.692185403456913e-14 2.0283147375412926e-16 2.5873113568270255e-50 3.633036882448955e-15
556.0 7.828718548723611e-13 8.748501794252406e-14 2.331619201890088e-16 3.479574694151689e-50 4.154686367086829e-15
557.0 8.864115901203753e-13 9.944596150463562e-14 2.6787536124491064e-16 4.674248308633621e-50 4.748622491696481e-15
558.0 1.0031619161593372e-12 1.1298618815533495e-13 3.0759274721397756e-16 6.272232716946083e-50 5.424669321834618e-15
559.0 1.1347920361072932e-12 1.2831194961330437e-13 3.5302582523737505e-16 8.407705900278489e-50 6.1940394154939185e-15
560.0 1.283166529726609e-12 1.4565462935475666e-13 4.0498218257525963e-16 1.1258774227807388e-49 7.069385693623831e-15
561.0 1.4502457712502063e-12 1.6525982773284785e-13 4.64338688778347e-16 1.5060337606662528e-49 8.064302749846332e-15
562.0 1.6382839045791372e-12 1.874102225919479e-13 5.321089807435058e-16 2.012365354168344e-49 9.194468158480269e-15
563.0 1.849828182793744e-12 2.1242614379901359e-13 6.094511322053232e-16 2.6860529480854063e-49 1.0477720762517654e-14
564.0 2.0878173173472606e-12 2.4067756002229033e-13 6.977086256061524e-16 3.581652969780276e-49 1.1934706031910439e-14
565.0 2.355283700462285e-12 2.725504872316546e-13 7.983201075698297e-16 4.7707400776912514e-49 1.3587268503900142e-14
566.0 2.655847793143377e-12 3.085046268504129e-13 9.129931709328589e-16 6.348078360670809e-49 1.5461363348896762e-14
567.0 2.9935190491492013e-12 3.490514550849107e-13 1.043650905987128e-15 8.438477325284097e-49 1.7586051912562362e-14
568.0 3.372497367433677e-12 3.947318470099219e-13 1.1923732345143939e-15 1.120532304466413e-48 1.9992439250309066e-14
569.0 3.797765389295863e-12 4.4618608798385305e-13 1.3616161880266052e-15 1.4864169914955185e-48 2.2717280098746327e-14
570.0 4.274790501033303e-12 5.041204654062446e-13 1.5541255475415784e-15 1.9697790678915303e-48 2.5801403917675922e-14
571.0 4.809523733763804e-12 5.693082146365979e-13 1.7729514947217249e-15 2.6076338274453683e-48 2.9289854498339604e-14
572.0 5.4088919504851e-12 6.426490716083347e-13 2.021648018810039e-15 3.448638658379082e-48 3.3235062395176025e-14
573.0 6.0803025786281645e-12 7.251123728440625e-13 2.304113859207482e-15 4.556314819762235e-48 3.769405990235568e-14
574.0 6.831938218697044e-12 8.177733883075923e-13 2.6247221656255803e-15 6.013636682370817e-48 4.273047680916035e-14
575.0 7.6733460364509e-12 9.218858527915258e-13 2.9885747544761844e-15 7.929387037440567e-48 4.84184963887422e-14
576.0 8.61454835151837e-12 1.0387777436509557e-12 3.4011920838012943e-15 1.0444966282610795e-47 5.4837598352968245e-14
577.0 9.667025911575807e-12 1.16997134192432e-12 3.868925067745443e-15 1.374505511814688e-47 6.20790347634766e-14
578.0 1.084351780689616e-11 1.3171621642768757e-12 4.398919464268894e-15 1.807022248256032e-47 7.024497454669269e-14
579.0 1.215801861242653e-11 1.4822214088987544e-12 4.999156017124982e-15 2.3733275058989217e-47 7.944887537623753e-14
580.0 1.3626070446095112e-11 1.6672344795057608e-12 5.678614529775603e-15 3.114082848572279e-47 8.981780419864764e-14
581.0 1.5265054235591495e-11 1.874540189568468e-12 6.447448587916576e-15 4.0821303614092955e-47 1.0149485840885026e-13
582.0 1.709389089160086e-11 2.1066980174517967e-12 7.316919011119586e-15 5.345938607306944e-47 1.1463773711737902e-13
583.0 1.9133823178189803e-11 2.3665882349547096e-12 8.299787464855247e-15 6.994329046176922e-47 1.2942452703247143e-13
584.0 2.140831231062895e-11 2.6574042282654816e-12 9.410349523145043e-15 9.142309933614423e-47 1.4605372831715188e-13
585.0 2.3943229074260168e-11 2.9826812344099003e-12 1.0664597399990076e-14 1.1938631983440301e-46 1.6474628114725376e-13
586.0 2.6767338540178408e-11 3.3463622917739816e-12 1.2080524006586445e-14 1.5575632254183696e-46 1.8574970696198014e-13
587.0 2.991219548127021e-11 3.752791548059759e-12 1.3678177115354245e-14 2.030153699618758e-46 2.0933830800311566e-13
588.0 3.341282367869881e-11 4.206805985832266e-12 1.548007561272392e-14 2.643666059991057e-46 2.3581887514738644e-13
589.0 3.730800174751235e-11 4.713779242044812e-12 1.751146846899723e-14 3.439394588651323e-46 2.6553385071050107e-13
590.0 4.16404503090449e-11 5.279653681301079e-12 1.9800560586067304e-14 4.470509189207999e-46 2.988639015412835e-13
591.0 4.6457214281440295e-11 5.9109977944181995e-12 2.2378843150826307e-14 5.805403379545469e-46 3.362319887910766e-13
592.0 5.181023967290053e-11 6.615089449836272e-12 2.5281537014428785e-14 7.531990057701505e-46 3.7810901369149943e-13
593.0 5.77570465296052e-11 7.400013001636445e-12 2.8548109608960054e-14 9.763204323210716e-46 4.250204008173414e-13
594.0 6.436071621966361e-11 8.274670036966482e-12 3.222247904861648e-14 1.2643899003155123e-45 4.775478626078458e-13
595.0 7.169095281898994e-11 9.248928661234005e-12 3.635376779616816e-14 1.635979459201485e-45 5.363392199588715e-13
596.0 7.982455599639276e-11 1.033369942674536e-11 4.0996800896181504e-14 2.1148766880663456e-45 6.021142017735203e-13
597.0 8.884599014558449e-11 1.1541025023864742e-11 4.62126793534457e-14 2.731518912817571e-45 6.756711822300308e-13
598.0 9.8848146970628e-11 1.288419670385922e-11 5.2069485005819147e-14 3.5248175403069924e-45 7.578956460369258e-13
599.0 1.0993349584908442e-10 1.4377923449777351e-11 5.864323041738044e-14 4.544486785090369e-45 8.497719721430136e-13
600.0 1.222144516416745e-10 1.6038401516306035e-11 6.60184409791492e-14 5.853964868254363e-45 9.52389591328303e-13
601.0 1.358148126552601e-10 1.788352586194e-11 7.428934695629226e-14 7.534154840227608e-45 1.0669577335427894e-12
602.0 1.5087051330578817e-10 1.9933014869864154e-11 8.356076524903899e-14 9.68812643852226e-45 1.1948153407388139e-12
603.0 1.675309584506959e-10 2.2208614181134244e-11 9.394935013843033e-14 1.2447087941443535e-44 1.337445962774073e-12
604.0 1.8595996505348252e-10 2.473425185313874e-11 1.0558468941334143e-13 1.5977898920502655e-44 1.4964900612755086e-12
605.0 2.0633767329098914e-10 2.7536325398979318e-11 1.1861101139674414e-13 2.049262463651463e-44 1.6737656020019786e-12
606.0 2.288615779611517e-10 3.064387612710415e-11 1.3318847648857322e-13 2.626050864655329e-44 1.871282261242265e-12
607.0 2.5374843108083205e-10 3.408888326130334e-11 1.4949504325136984e-13 3.3623132691471537e-44 2.091263287951955e-12
608.0 2.8123565387755105e-10 3.7906496998788376e-11 1.677281426684388e-13 4.3013436627809057e-44 2.3361641142201285e-12
609.0 3.1158361813565197e-10 4.2135392886547674e-11 1.8810695926928653e-13 5.497974768495783e-44 2.60869888688344e-12
610.0 3.450777272896733e-10 4.681810510014009e-11 2.1087471256197373e-13 7.021595855382167e-44 2.9118663045824296e-12
611.0 3.8203029788484465e-10 5.200133808483634e-11 2.3630093209517643e-13 8.95993568203876e-44 3.2489746871104257e-12
612.0 4.227833079069832e-10 5.7736401580664236e-11 2.646843864791527e-13 1.1423824094526057e-43 3.623675338223206e-12
613.0 4.677112343886334e-10 6.407966518938228e-11 2.9635622254707107e-13 1.4553165139982763e-43 4.039997902437581e-12
614.0 5.172234959384405e-10 7.109296618356106e-11 3.3168301297717126e-13 1.852440440340343e-43 4.50238355881891e-12
615.0 5.717678561657196e-10 7.884415630857121e-11 3.710705753785827e-13 2.355989995964075e-43 5.0157277782264624e-12
616.0 6.318340111558975e-10 8.740768309399062e-11 4.1496810877514806e-13 2.9939649774299184e-43 5.5854262474741586e-12
617.0 6.979568769969094e-10 9.686513907162509e-11 4.638723411446425e-13 3.8015927493841084e-43 6.217419757960165e-12
618.0 7.707209311839473e-10 1.0730596645400733e-10 5.183325874279003e-13 4.823159971385565e-43 6.918250090324413e-12
619.0 8.507643488491557e-10 1.1882814469084636e-10 5.78955925276971e-13 6.114296372501631e-43 7.695116033862275e-12
620.0 9.38783803373758e-10 1.3153898209938563e-10 6.46413082477859e-13 7.744824886622555e-43 8.555937394044275e-12
621.0 1.0355393502262177e-09 1.4555593194076936e-10 7.214446754645442e-13 9.802311262811915e-43 9.50942199920197e-12
622.0 1.1418603583396504e-09 1.6100756916713524e-10 8.048684909872956e-13 1.2396489982755689e-42 1.056514469940959e-11
623.0 1.258650943009155e-09 1.780345124061266e-10 8.975867767577415e-13 1.5664762367430044e-42 1.1733624487539491e-11
624.0 1.3868967329448533e-09 1.9679054966264446e-10 1.0005948435866143e-12 1.9779040931080424e-42 1.3026416748108758e-11
625.0 1.5276717149343494e-09 2.1744379302303224e-10 1.1149901491198485e-12 2.495424783508571e-42 1.4456209434979418e-11
626.0 1.6821457335441435e-09 2.401779450383454e-10 1.2419823049487549e-12 3.1458865573358005e-42 1.603692876376413e-11
627.0 1.8515926437421018e-09 2.6519367850778116e-10 1.3829040557466572e-12 3.962802521567906e-42 1.778385476709821e-11
628.0 2.0373988257315962e-09 2.927100899128408e-10 1.5392230623359453e-12 4.9879722372149495e-42 1.9713744272801147e-11
629.0 2.2410731185020535e-09 3.229663798691946e-10 1.7125553313292662e-12 6.273491753822689e-42 2.1844971835879773e-11
630.0 2.4642564375465515e-09 3.5622351424883975e-10 1.9046790515863092e-12 7.884238535102177e-42 2.4197672359468513e-11
631.0 2.7087333833102968e-09 3.9276619942579594e-10 2.11755063738965e-12 9.900947681765785e-42 2.6793908122990622e-11
632.0 2.9764433373779976e-09 4.3290481376617773e-10 2.353321139321276e-12 1.242400871555671e-41 2.9657836347823485e-11
633.0 3.2694938313864816e-09 4.769777000447974e-10 2.6143552367613542e-12 1.5578158314020823e-41 3.281590506483815e-11
634.0 3.5901742626507732e-09 5.253535439888344e-10 2.90325141698392e-12 1.95182683492872e-41 3.629705904401186e-11
635.0 3.940970338902574e-09 5.784338961259506e-10 3.2228636979659867e-12 2.443647986533728e-41 4.013295994191198e-11
636.0 4.324580208243192e-09 6.366559799284778e-10 3.576325755530574e-12 3.057099457367756e-41 4.435823093575613e-11
637.0 4.7439316940423275e-09 7.00495705771833e-10 3.967077103284997e-12 3.821689746183047e-41 4.9010720812230095e-11
638.0 5.202200726947137e-09 7.704709077533255e-10 4.3988915028057414e-12 4.773946961501484e-41 5.4131789145326305e-11
639.0 5.702831161542227e-09 8.471448349088037e-10 4.875907872592413e-12 5.959055273868443e-41 5.976661526115732e-11
640.0 6.249555973161533e-09 9.311299004134752e-10 5.4026638153388924e-12 7.432864890899567e-41 6.59645317829669e-11
641.0 6.846420308517834e-09 1.0230917637872469e-09 5.984132303895647e-12 9.264359442048383e-41 7.277938864130928e-11
642.0 7.497806192967777e-09 1.1237537222543275e-09 6.625761513258866e-12 1.1538682358563356e-40 8.026994654989971e-11
643.0 8.208458889024758e-09 1.2339014155329515e-09 7.33351794624003e-12 1.43608459636843e-40 8.850030091121755e-11
644.0 8.983515091743519e-09 1.3543878771040057e-09 8.11393317649016e-12 1.7860273984471207e-40 9.754033920024175e-11
645.0 9.828533718659913e-09 1.4861390521584332e-09 8.9741550734897e-12 2.2196362049938163e-40 1.0746624125667498e-10
646.0 1.0749528331745432e-08 1.6301596442301205e-09 9.92200285099493e-12 2.7565277171742766e-40 1.1836101345496834e-10
647.0 1.1753002330479735e-08 1.7875394687468802e-09 1.0966027170240582e-11 3.4208268528629464e-40 1.303150704525307e-10
648.0 1.2845986335095947e-08 1.9594602333922786e-09 1.2115575003042822e-11 4.24218163624291e-40 1.434268597296918e-10
649.0 1.4036078419842835e-08 2.1472028529175205e-09 1.3380860102078007e-11 5.257001808377121e-40 1.5780353774695359e-10
650.0 1.5331487567970478e-08 2.352155364164064e-09 1.477303970747681e-11 6.5099695188695965e-40 1.7356170371224624e-10
651.0 1.6741079386014467e-08 2.5758213030904774e-09 1.6304296857147097e-11 8.055880093160751e-40 1.90828181999272e-10
652.0 1.8274425782747655e-08 2.8198288138328138e-09 1.7987930221788695e-11 9.961884067514735e-40 2.0974087429910514e-10
653.0 1.9941857458627983e-08 3.085940323346875e-09 1.983845068969912e-11 1.2310215396083113e-39 2.3044967063537683e-10
654.0 2.1754521192970048e-08 3.376063098594548e-09 2.1871686996721265e-11 1.520150999353726e-39 2.531174442262786e-10
655.0 2.372443944268791e-08 3.6922603140556833e-09 2.410489832796075e-11 1.8758837773924038e-39 2.779211040578136e-10
656.0 2.586457566428642e-08 4.036763169031552e-09 2.655689767175308e-11 2.313260045275857e-39 3.0505274704753095e-10
657.0 2.818890306209232e-08 4.4119837127603005e-09 2.9248184084332363e-11 2.8506474970762966e-39 3.347208860932168e-10
658.0 3.0712478364712407e-08 4.8205286391996046e-09 3.220108592534715e-11 3.510462189133147e-39 3.671517754831431e-10
659.0 3.345152070823521e-08 5.2652140791850826e-09 3.5439915659755565e-11 4.320042192452173e-39 4.02590837869608e-10
660.0 3.642349589399342e-08 5.749081447809567e-09 3.899113704373256e-11 5.31270573438116e-39 4.413041993926507e-10
661.0 3.9647205908641876e-08 6.275414345636524e-09 4.28835451378064e-11 6.52903185414234e-39 4.83580335120438e-10
662.0 4.314288473134118e-08 6.847756692415553e-09 4.714846083651455e-11 8.018409417400938e-39 5.297318409042549e-10
663.0 4.693230059696991e-08 7.469932139339512e-09 5.1819940764909467e-11 9.840909449894823e-39 5.800973378799364e-10
664.0 5.10388645050978e-08 8.146064745932067e-09 5.693500300052385e-11 1.206954663245995e-38 6.350435112912206e-10
665.0 5.548774684620618e-08 8.880601240061497e-09 6.253387142266088e-11 1.479300936199981e-38 6.949673112973436e-10
666.0 6.030600032238299e-08 9.67833459326951e-09 6.866023747380267e-11 1.8118952718002035e-38 7.602982981398747e-10
667.0 6.552269188259539e-08 1.054442936821711e-08 7.536154319398605e-11 2.2177968369678427e-38 8.315011705502055e-10
668.0 7.116904279311312e-08 1.1484448723758638e-08 8.268928547819194e-11 2.712836706342441e-38 9.090784721618752e-10
669.0 7.727857776078715e-08 1.2504383250809254e-08 9.069934355608898e-11 3.316193635559328e-38 9.935734932825887e-10
670.0 8.388728355161644e-08 1.3610681738254468e-08 9.945233123841244e-11 4.0510867903530913e-38 1.0855733799107488e-09
671.0 9.103377763971004e-08 1.481028398474573e-08 1.0901397565112195e-10 4.945608644436954e-38 1.1857124634585665e-09
672.0 9.87594876083333e-08 1.6110655804503308e-08 1.1945552448052925e-10 6.033725766263525e-38 1.2946758275269136e-09
673.0 1.0710884183354836e-07 1.7519826346471933e-08 1.3085418361535347e-10 7.356480556469697e-38 1.4132031261236988e-09
674.0 1.1612947188476768e-07 1.9046427832214474e-08 1.4329358703304725e-10 8.963433341244428e-38 1.5420926668865688e-09
675.0 1.2587242754570547e-07 2.0699737896559628e-08 1.5686430143490679e-10 1.0914391798040903e-37 1.6822057795269835e-09
676.0 1.3639240563821742e-07 2.2489724764146257e-08 1.7166436860621316e-10 1.328148368588312e-37 1.8344714941768748e-09
677.0 1.477479915693235e-07 2.442709512509819e-08 1.8779988575370032e-10 1.6151639271385212e-37 1.9998915246109045e-09
678.0 1.6000191750932564e-07 2.6523345395993266e-08 2.0538563040307263e-10 1.9629562865991036e-37 2.1795456186238696e-09
679.0 1.7322133423334348e-07 2.8790815923182086e-08 2.245457279562389e-10 2.384128717344568e-37 2.3745972463923378e-09
680.0 1.8747810090327032e-07 3.1242748882312825e-08 2.454143692331407e-10 2.893842248967374e-37 2.586299695663725e-09
681.0 2.028490913233221e-07 3.389334968315546e-08 2.68136578206505e-10 3.5103233095733676e-37 2.8160025659642824e-09
682.0 2.1941651886821535e-07 3.6757852297705826e-08 2.928690349273731e-10 4.255469826267481e-37 3.065158704344875e-09
683.0 2.3726828039854363e-07 3.985258862066209e-08 3.1978095637286476e-10 5.155574422152332e-37 3.335331600363923e-09
684.0 2.5649832069576837e-07 4.319506217746651e-08 3.4905503968840387e-10 6.242186806635918e-37 3.628203275601524e-09
685.0 2.772070178187727e-07 4.680402630951251e-08 3.808884709565472e-10 7.553141497683117e-37 3.945582688138476e-09
686.0 2.9950159156248176e-07 5.069956726849792e-08 4.1549400519050195e-10 9.133781844846871e-37 4.2894146983515624e-09
687.0 3.234965343815761e-07 5.490319218126097e-08 4.531011195943831e-10 1.1038416899124473e-36 4.6617896034867935e-09
688.0 3.493140684503764e-07 5.943792257712992e-08 4.939572482189646e-10 1.3332054439465101e-36 5.064953310664725e-09
689.0 3.7708462793193195e-07 6.432839339815582e-08 5.38329100036928e-10 1.609246117251273e-36 5.501318153689612e-09
690.0 4.0694736861876504e-07 6.960095793760787e-08 5.865040668850063e-10 1.941261040724623e-36 5.973474403922116e-09
691.0 4.390507065388616e-07 7.528379906200236e-08 6.387917271999684e-10 2.340358832762461e-36 6.484202518825231e-09
692.0 4.735528873014395e-07 8.140704710847522e-08 6.955254519930969e-10 2.81980427267633e-36 7.0364861758445464e-09
693.0 5.106225856156329e-07 8.80029044518311e-08 7.570641163141898e-10 3.395427286828494e-36 7.633526105790423e-09
694.0 5.504395396447306e-07 9.510577763701995e-08 8.237939273050156e-10 4.086107694017335e-36 8.278754818369073e-09
695.0 5.931952194296824e-07 1.0275241704853258e-07 8.961303723505404e-10 4.914349385200686e-36 8.975852233992421e-09
696.0 6.39093531695957e-07 1.1098206462026553e-07 9.745202955440127e-10 5.906960036004063e-36 9.728762282597252e-09
697.0 6.883515632560369e-07 1.198366100795788e-07 1.059444110885386e-09 7.095855275010265e-36 1.0541710530603863e-08
698.0 7.412003644661838e-07 1.293607560952597e-07 1.151418159818551e-09 8.519009529929727e-36 1.1419222887439983e-08
699.0 7.978857746563152e-07 1.396021927845041e-07 1.2509972217121887e-09 1.022157964241609e-35 1.2366145451560778e-08
700.0 8.586692911653997e-07 1.506117819902588e-07 1.358777185772665e-09 1.2257231858418316e-35 1.3387665553156547e-08
