200.0 3.4410477671150563e-09 7.776895369192079e-12 5.423989045132547e-19 3.78158046764038e-120 1.6284218907074633e-15
201.0 4.505611908078293e-09 1.0496220359252233e-11 7.946024553351285e-19 1.8478717897923793e-119 2.2924363907770963e-15
202.0 5.881741753005065e-09 1.4119469595177562e-11 1.1592770590398706e-18 8.885803183934588e-119 3.215179250363948e-15
203.0 7.65529534938228e-09 1.8931248056517667e-11 1.6844289313194554e-18 4.205777855211996e-118 4.492726294180414e-15
204.0 9.934274103424997e-09 2.5300655926763807e-11 2.4376290206958584e-18 1.9598244119568455e-117 6.255045633797171e-15
205.0 1.285412508149332e-08 3.370480689129594e-11 3.513604425293903e-18 8.992980226288979e-117 8.67731144991669e-15
206.0 1.6584209060987846e-08 4.475843718065805e-11 5.044624488824169e-18 4.0644174048586954e-116 1.1994774151377159e-14
207.0 2.1335664699323582e-08 5.925105470084409e-11 7.214653122360776e-18 1.8096384892269677e-115 1.6522232117987497e-14
208.0 2.7370942096666618e-08 7.819339808911885e-11 1.0278557080702017e-17 7.93913264671142e-115 2.267943731252403e-14
209.0 3.5015322759440876e-08 1.0287534299597316e-10 1.458807356641467e-17 3.432646535525748e-114 3.102412223468251e-14
210.0 4.4670795780820396e-08 1.3493783604485771e-10 2.0626778537814603e-17 1.4630031312878544e-113 4.2294779578090474e-14
211.0 5.6832721513726175e-08 1.7646196529405314e-10 2.9056993956553894e-17 6.147594673352389e-113 5.746587797128573e-14
212.0 7.210978001183644e-08 2.3007888780708271e-10 4.078246878949275e-17 2.5473639904409427e-112 7.781887609896115e-14
213.0 9.124777718355568e-08 2.9910505543697006e-10 5.703181928129912e-17 1.0410773383013432e-111 1.0503323348521326e-13
214.0 1.1515796813796227e-07 3.8770802666544187e-10 7.946918554500601e-17 4.1972034065094786e-111 1.4130264253864885e-13
215.0 1.4495064919639614e-07 5.011091220886037e-10 1.1034043165936962e-16 1.6695497666568764e-110 1.894829540208209e-13
216.0 1.8197487720363542e-07 6.45830319839348e-10 1.526655896301725e-16 6.553553464730157e-110 2.532797899646972e-13
217.0 2.2786528761192473e-07 8.299940814344638e-10 2.1049123957859466e-16 2.5390238690760924e-109 3.3748567391866616e-13
218.0 2.8459711001755306e-07 1.063686294175009e-09 2.8922028165445105e-16 9.71051104044906e-109 4.4827872536739714e-13
219.0 3.5455061679411877e-07 1.3593942180815808e-09 3.960412651320812e-16 3.666690622457082e-108 5.935976247013341e-13
220.0 4.4058638853597077e-07 1.7325332579545758e-09 5.404853120302649e-16 1.3672045035408233e-107 7.836107341394858e-13
221.0 5.461329382216559e-07 2.2020785621001418e-09 7.351459620812931e-16 5.0348733046867814e-107 1.0313010427579918e-12
222.0 6.752884076149294e-07 2.7913199137289695e-09 9.966062831937287e-16 1.8315002927712976e-106 1.3531930931475647e-12
223.0 8.329382254221445e-07 3.528761116770847e-09 1.34662868933604e-15 6.581957528668945e-106 1.7702533365728192e-12
224.0 1.0248908068456582e-06 4.449188144866165e-09 1.813676525031039e-15 2.3372104321407044e-105 2.3090015902206843e-12
225.0 1.2580335686122406e-06 5.5949337056004505e-09 2.434853104173842e-15 8.201608319909647e-105 3.0028785519750724e-12
226.0 1.5405117310710167e-06 7.017369585329167e-09 3.258364111748987e-15 2.8446008314273935e-104 3.893922806563046e-12
227.0 1.8819325825550994e-06 8.778662215668225e-09 4.346633774675128e-15 9.752730320209055e-104 5.0348205976674865e-12
228.0 2.293598084911092e-06 1.0953831334480699e-08 5.780234759371096e-15 3.3057805738891236e-103 6.491403004762677e-12
229.0 2.788768890864282e-06 1.3633156358988179e-08 7.662827229029541e-15 1.1079598053663952e-102 8.345678201051966e-12
230.0 3.3829630407373712e-06 1.692498023388936e-08 1.0127344953154999e-14 3.672267723107587e-102 1.069950141600828e-11
231.0 4.094292774654524e-06 2.0958965913382975e-08 1.334371689012697e-14 1.2038216156351665e-101 1.3679002195940928e-11
232.0 4.943843059982837e-06 2.5889866386585883e-08 1.7528472612893637e-14 3.903583804657173e-101 1.7439907813266486e-11
233.0 5.956095560796392e-06 3.1901875099025874e-08 2.295665069039632e-14 1.2522572102829482e-100 2.2173923335460253e-11
234.0 7.159401881301576e-06 3.921362980769523e-08 2.99765123168777e-14 3.9747182823197624e-100 2.8116353170417485e-11
235.0 8.586509971130788e-06 4.808394916374212e-08 3.902765977741092e-14 1.248403850942862e-99 3.555517595927102e-11
236.0 1.0275147598922797e-05 5.881838765934895e-08 5.06632727066148e-14 3.880538578293226e-99 4.4841814703027114e-11
237.0 1.226866675202383e-05 7.177670078739144e-08 6.55773064966013e-14 1.1939011714521023e-98 5.6403877028082306e-11
238.0 1.4616752717572309e-05 8.738131833801735e-08 8.463764889236009e-14 3.6360900884066776e-98 7.076017668116132e-11
239.0 1.7376201409718535e-05 1.0612692941407965e-07 1.0892640494870924e-13 1.09632752704207e-97 8.853838663016665e-11
240.0 2.061176824551181e-05 1.2859128796504105e-07 1.3978867959155477e-13 3.272910439318968e-97 1.1049571661369289e-10
241.0 2.4397091505612065e-05 1.554473520992711e-07 1.78891453329962e-13 9.675288000847296e-97 1.3754305343361084e-10
242.0 2.881569264837267e-05 1.874768739954712e-07 2.282944026649859e-13 2.8325442527951816e-96 1.7077305058690484e-10
243.0 3.396205546863354e-05 2.2558555967261196e-07 2.9053480480638295e-13 8.213320637592608e-96 2.1149270471330283e-10
244.0 3.994278528539836e-05 2.7081991886775413e-07 3.687289885762606e-13 2.3590415790515184e-95 2.6126100933141233e-10
245.0 4.6877848516270523e-05 3.243859246599287e-07 4.666931519908402e-13 6.71230792036376e-95 3.219323310256838e-10
246.0 5.490189202244318e-05 3.876695998390289e-07 5.890867634992205e-13 1.8922197684705965e-94 3.9570620883550076e-10
247.0 6.416564050474808e-05 4.622596422081136e-07 7.415821996841127e-13 5.285401147223925e-94 4.851843334030114e-10
248.0 7.483736897393597e-05 5.49972193578909e-07 9.310647479395282e-13 1.4629636886258535e-93 5.934355173347215e-10
249.0 8.710444592282857e-05 6.528778469793654e-07 1.1658676184144569e-12 4.013101996370786e-93 7.240695211588439e-10
250.0 0.00010117494128727315 7.733309731812813e-07 1.4560471644752904e-12 1.0910862351085654e-92 8.813206488093331e-10
251.0 0.00011727929160211458 9.14001430787834e-07 1.8137041032741616e-12 2.9404289668164717e-92 1.070142071190914e-09
252.0 0.00013567201294862265 1.0779087035486088e-06 2.253357154759807e-12 7.85551943310753e-92 1.2963118743631595e-09
253.0 0.00015663345036098043 1.2684584840444612e-06 2.7923761742735263e-12 2.0806113022964919e-91 1.5665518582923445e-09
254.0 0.0001804715503227461 1.4894816941721014e-06 3.4514825347750623e-12 5.463833364210831e-91 1.8886601308122243e-09
255.0 0.00020752364086729165 1.7452758998712883e-06 4.255325212260696e-12 1.4227624598854628e-90 2.271658547214843e-09
256.0 0.00023815820160939924 2.040649040078259e-06 5.233141732349481e-12 3.673949931113595e-90 2.725956036220889e-09
257.0 0.00027277660381963103 2.380965348040486e-06 6.419513835989027e-12 9.408855583029148e-90 3.2635288255525672e-09
258.0 0.0003118147984285172 2.7721932968498126e-06 7.855228403824789e-12 2.3898981490674288e-89 3.898118532223289e-09
259.0 0.0003557449276532553 3.2209553505131713e-06 9.588254825973001e-12 6.0213898104592664e-89 4.645449011341211e-09
260.0 0.00040507683382077846 3.7345792473797994e-06 1.1674850598481625e-11 1.5049568795781254e-88 5.523462760138592e-09
261.0 0.00046035943694497383 4.321150484496184e-06 1.4180807448477672e-11 3.731607967824987e-88 6.552577548335864e-09
262.0 0.0005221819507645771 4.98956561007108e-06 1.718285071406828e-11 9.180086555407408e-88 7.755963789593147e-09
263.0 0.0005911749053018521 5.7495858672232004e-06 2.077020500689333e-11 2.2408357105958046e-87 9.15984297940336e-09
264.0 0.000668010942605099 6.611890666209514e-06 2.5046339337058108e-11 5.427738471781228e-87 1.0793807300338512e-08
265.0 0.0007534053512565027 7.5881302953749515e-06 3.013090485307215e-11 1.3046864990589652e-86 1.2691160234766933e-08
266.0 0.0008481163044927035 8.690977213905478e-06 3.6161878111856926e-11 3.1124617102292922e-86 1.488927772668375e-08
267.0 0.0009529447664688733 9.934175203382554e-06 4.329792231451384e-11 7.369605530566934e-86 1.7429989097952893e-08
268.0 0.0010687340313292994 1.1332585591161932e-05 5.172097818922382e-11 1.7320410453311067e-85 2.0359976549961255e-08
269.0 0.0011963688603838982 1.2902229698131691e-05 6.163909514122047e-11 4.040887245267078e-85 2.3731191670505577e-08
270.0 0.0013367741838628958 1.46603266077433e-05 7.328951188911851e-11 9.359020083125394e-85 2.7601286919259528e-08
271.0 0.0014909133354936992 1.6625325304103968e-05 8.694199403827263e-11 2.1520342807058824e-84 3.203405958659137e-08
272.0 0.0016597857904947038 1.8816930185364763e-05 1.0290243387538776e-10 4.913181529028152e-84 3.709990521253273e-08
273.0 0.001844424380571695 2.1256118926581193e-05 1.215167150819332e-10 1.1137828357986476e-83 4.2876276920695434e-08
274.0 0.0020458919631548785 2.396515164532181e-05 1.431748420384983e-10 2.5072127989684354e-83 4.944814657192272e-08
275.0 0.0022652775263700443 2.6967570314372386e-05 1.6831532991059912e-10 5.6048415546803516e-83 5.6908463079909956e-08
276.0 0.002503691716167005 3.0288187371244983e-05 1.9742984776612262e-10 1.2443572651214849e-82 6.5358602665505e-08
277.0 0.0027622617775363172 3.395306249433401e-05 2.3106810257174299e-10 2.743874328427327e-82 7.490880526512235e-08
278.0 0.0030421259078801718 3.7989466552589787e-05 2.698429470654857e-10 6.009635783192894e-82 8.56785907634553e-08
279.0 0.003344427027214966 4.242583178928465e-05 3.144356892171763e-10 1.3074466563306758e-81 9.779714819959752e-08
280.0 0.0036703059770363724 4.7291687373084495e-05 3.6560157530745e-10 2.8256505137465204e-81 1.114036906133665e-07
281.0 0.004020894167185023 5.2617579540360927e-05 4.2417541261240724e-10 6.066776232209644e-81 1.2664776776415616e-07
282.0 0.004397305697919932 5.84349756628583e-05 4.910772913363605e-10 1.2941024997513834e-80 1.4368952858292656e-07
283.0 0.004800628992487642 6.477615170374595e-05 5.673183588518242e-10 2.7426875670853934e-80 1.6269992492022036e-07
284.0 0.005231917983680764 7.16740626725893e-05 6.540065925647964e-10 5.775724266248267e-80 1.8386084794253439e-07
285.0 0.005692182906095937 7.916219585513623e-05 7.523525109166732e-10 1.2086045127472997e-79 2.0736518841840042e-07
286.0 0.00618238075392806 8.727440677624599e-05 8.636747552690382e-10 2.5132432278388295e-79 2.3341681213680732e-07
287.0 0.0067034054719725044 9.604473805131782e-05 9.894054688008335e-10 5.1937614862183394e-79 2.6223044182260854e-07
288.0 0.0072560779550049715 0.00010550722149249533 1.1310953922143423e-09 1.0667213778447882e-78 2.940314371689325e-07
289.0 0.007841135937732446 0.00011569566405857258 1.290418590134255e-09 2.177537227140262e-78 3.290554650042044e-07
290.0 0.008459223863761136 0.00012664341846693118 1.4691767167087465e-09 4.418242852681096e-78 3.6754805215112244e-07
291.0 0.009110882827702034 0.00013838313952376874 1.6693027242774934e-09 8.911001981094023e-78 4.0976401423419496e-07
292.0 0.009796540689099121 0.00015094652746627338 1.89286391514646e-09 1.7865688750023062e-77 4.5596675453742213e-07
293.0 0.010516502460607617 0.00016436405984967756 2.142064233713282e-09 3.560838803789691e-77 5.064274280204135e-07
294.0 0.011270941075312948 0.0001786647137444997 2.4192456945085615e-09 7.055812192216556e-77 5.614239667522571e-07
295.0 0.012059888639452575 0.00019387568023512394 2.7268888413418223e-09 1.390037275578495e-76 6.212399643238173e-07
296.0 0.012883228276796239 0.00021002207342314024 3.0676121337570433e-09 2.7227826564402692e-76 6.861634182328596e-07
297.0 0.01374068666964882 0.00022712663633602935 3.4441701595535996e-09 5.303086804092333e-76 7.564853307975346e-07
298.0 0.014631827398705999 0.0002452094463181669 3.859450576287975e-09 1.0270596003165593e-75 8.324981708219334e-07
299.0 0.01555604517989842 0.0002642876226346281 4.316469690536483e-09 1.978041563944155e-75 9.144941999997072e-07
300.0 0.016512561090829783 0.00028437503914419886 4.818366591307105e-09 3.7885195603239576e-75 1.0027636698739322e-06
301.0 0.017500418872523384 0.0003054820449938813 5.3683957633746925e-09 7.21637850039509e-75 1.0975928970525798e-06
302.0 0.01851848238393221 0.00032761519634926103 5.96991811746174e-09 1.3671174280894363e-74 1.1992622262807703e-06
303.0 0.019565434277265387 0.0003507770022035523 6.626390387106839e-09 2.5760244668752315e-74 1.3080438928752857e-06
304.0 0.020639775951432366 0.0003749656872958983 7.341352856601892e-09 4.8280583268373366e-74 1.4241997978868027e-06
305.0 0.02173982882931458 0.00040017497512187566 8.118415400550755e-09 9.001065460862754e-74 1.547979211164836e-06
306.0 0.022863736991916603 0.00042639389392915917 8.961241833168187e-09 1.6693006603485188e-73 1.6796164192073735e-06
307.0 0.024009471189128002 0.00045360660846303176 9.873532584304922e-09 3.079743951225715e-73 1.8193283362665487e-06
308.0 0.025174834232874217 0.0004817922800578964 1.0859005739111278e-08 5.652675452561583e-73 1.967312098615138e-06
309.0 0.026357467764077006 0.0005109249574641073 1.1921376499020228e-08 1.0322210462380199e-72 2.123742663130369e-06
310.0 0.02755486037033954 0.0005409735005572479 1.3064335143113887e-08 1.8753841600571027e-72 2.288770432399975e-06
311.0 0.028764357016604705 0.0005719015387977607 1.4291523590560943e-08 3.390206453180524e-72 2.4625189293595537e-06
312.0 0.02998316973677745 0.0006036674660028191 1.5606510686537348e-08 6.098173150919916e-72 2.645082545037911e-06
313.0 0.031208389520164966 0.0006362244726533681 1.701276635532803e-08 1.091516327039472e-71 2.836524383260097e-06
314.0 0.032436999313296654 0.0006695206166019375 1.8513634785069247e-08 1.9441806827684933e-71 3.036874226165304e-06
315.0 0.03366588804494647 0.0007034989326660191 2.0112306828263855e-08 3.446178636366214e-71 3.2461266440877118e-06
316.0 0.034891865570569086 0.0007380975812004017 2.1811791820651094e-08 6.079284201433756e-71 3.464239272751294e-06
317.0 0.03611167842176001 0.0007732500353392524 2.3614889037761914e-08 1.0673311518050747e-70 3.6911312798178054e-06
318.0 0.03732202623705407 0.0008088853061934486 2.5524159023311308e-08 1.865075585113433e-70 3.92668204161841e-06
319.0 0.03851957874250181 0.0008449282048857527 2.75418950361616e-08 3.243862950302871e-70 4.170730049399735e-06
320.0 0.03970099314405069 0.0008812996399102579 2.967009487263968e-08 5.615850320578664e-70 4.423072062633403e-06
321.0 0.04086293178899197 0.0009179169479204051 3.1910433328316186e-08 9.677730815930154e-70 4.683462524899835e-06
322.0 0.0420020799505787 0.0009546942556853264 3.4264235567711545e-08 1.6601771325917596e-69 4.951613255577884e-06
323.0 0.0431151635884898 0.0009915428706137137 3.673245167165459e-08 2.8351493938926796e-69 5.227193428083667e-06
324.0 0.044198966938055466 0.0010283716969313901 3.93156326300456e-08 4.820096428251295e-69 5.509829842730805e-06
325.0 0.04525034978315252 0.0010650876743196478 4.201390804256167e-08 8.158517707646694e-69 5.799107499473519e-06
326.0 0.04626626427119996 0.0011015962355756747 4.482696578122817e-08 1.3748645742841978e-68 6.0945704728585895e-06
327.0 0.047243771133948655 0.0011378017796537946 4.775403385703397e-08 2.3068478829585206e-68 6.395723088524161e-06
328.0 0.0481800551843735 0.0011736081562822467 5.079386471771586e-08 3.853944810215224e-68 6.702031397545161e-06
329.0 0.049072439968079445 0.0012089191582324616 5.394472218583138e-08 6.411158658400612e-68 7.012924941907479e-06
330.0 0.04991840145693945 0.0012436390172438623 5.72043712253169e-08 1.062010813960697e-67 7.327798801416245e-06
331.0 0.050715580683193255 0.001277672899581093 6.057007070127799e-08 1.7518604009570202e-67 7.646015909467118e-06
332.0 0.051461795223585856 0.0013109273972171133 6.403856927182057e-08 2.8778280333888142e-67 7.966909622342186e-06
333.0 0.05215504945542923 0.001343311010700768 6.760610452293312e-08 4.708054629997777e-67 8.289786524110022e-06
334.0 0.05279354351927305 0.0013747346198730098 7.1268405427799e-08 7.670892025354293e-67 8.613929446806127e-06
335.0 0.0533756809362291 0.0014051119387456996 7.502069818111319e-08 1.2447847561790042e-66 8.938600683411545e-06
336.0 0.0539000748415352 0.0014343599510433127 7.885771542714043e-08 2.0118835850483702e-66 9.26304536922991e-06
337.0 0.05436555280967208 0.001462399323132422 8.277370886803944e-08 3.2388265640599623e-66 9.586495005639452e-06
338.0 0.054771160259905735 0.0014891547913185544 8.676246520656448e-08 5.193555160181184e-66 9.90817109885626e-06
339.0 0.05511616244452713 0.0015145555207751683 9.081732534529821e-08 8.295639165556973e-66 1.0227288885330595e-05
340.0 0.055400045034977786 0.0015385354336768635 9.49312067332428e-08 1.319953805176298e-65 1.054306111469147e-05
341.0 0.05562251333348298 0.0015610335044376703 9.909662872051668e-08 2.0922183109657224e-65 1.0854701860785456e-05
342.0 0.055783490149530754 0.001581994020298338 1.0330574075330194e-07 3.3037726491115426e-65 1.1161430331307112e-05
343.0 0.05588311239144817 0.0016013668058598195 1.0755035321445694e-07 5.1973694086029535e-65 1.1462474646789533e-05
344.0 0.055921726433352144 0.00161910741051983 1.1182197069070385e-07 8.145965630797807e-65 1.1757075560310248e-05
345.0 0.05589988232677775 0.0016351772581298409 1.161118274252739e-07 1.2720444338368432e-64 1.204449009015081e-05
346.0 0.05581832693425102 0.001649543758547036 1.2041092469558292e-07 1.97914569398711e-64 1.2323995038811492e-05
347.0 0.0556779960689347 0.001662180381105721 1.2471006983916615e-07 3.068202133748103e-64 1.259489037320819e-05
348.0 0.055480005730188894 0.0016730666903709411 1.289999166378265e-07 4.739534821461538e-64 1.2856502442538438e-05
349.0 0.05522564252943524 0.001682188344860182 1.3327100675988787e-07 7.295376958342157e-64 1.310818701217294e-05
350.0 0.05491635340411664 0.001689537059724252 1.3751381195368125e-07 1.1190117094363883e-63 1.334933209398298e-05
351.0 0.054553734719775655 0.0016951105346614554 1.4171877668186227e-07 1.7104520141554973e-63 1.357936055571303e-05
352.0 0.054139520861419266 0.001698912348599648 1.4587636088596527e-07 2.60549899881656e-63 1.3797732494334926e-05
353.0 0.05367557241538702 0.0017009518229143036 1.4997708257352768e-07 3.9553866912495895e-63 1.400394736072832e-05
354.0 0.05316386404197765 0.0017012438551575794 1.5401155992616804e-07 5.984380000196168e-63 1.4197545825501525e-05
355.0 0.05260647213718554 0.0016998087254516013 1.5797055263597544e-07 9.023927510887366e-63 1.4378111378262643e-05
356.0 0.05200556237909098 0.0016966718778477503 1.618450021892525e-07 1.356226361960446e-62 1.4545271655138428e-05
357.0 0.051363377250872415 0.0016918636790733484 1.6562607083090943e-07 2.03162116474004e-62 1.4698699491798093e-05
358.0 0.05068222362809467 0.0016854191571768692 1.6930517895931307e-07 3.033478612041262e-62 1.483811370163545e-05
359.0 0.04996446051300876 0.0016773777226437266 1.728740407199356e-07 4.514819496427317e-62 1.4963279581074753e-05
360.0 0.04921248699313293 0.0016677828745872393 1.7632469758639323e-07 6.6981452357656166e-62 1.5074009146167671e-05
361.0 0.0484287304955174 0.0016566818946259713 1.7964954973927572e-07 9.905965102138748e-62 1.517016110673153e-05
362.0 0.04761563540182044 0.0016441255310374987 1.8284138507590017e-07 1.4604285925641413e-61 1.5251640586197148e-05
363.0 0.04677565208288908 0.0016301676757369491 1.858934057080441e-07 2.1464376493674657e-61 1.531839859712069e-05
364.0 0.045911226404817804 0.0016148650365607592 1.8879925182875853e-07 3.1450216823321654e-61 1.5370431283891386e-05
365.0 0.04502478975179147 0.0015982768072527753 1.9155302285414638e-07 4.594193754462023e-61 1.54077789456032e-05
366.0 0.04411874960421529 0.0015804643374441303 1.9414929577027428e-07 6.690953759862074e-61 1.543052485326616e-05
367.0 0.04319548070401337 0.0015614908048009525 1.965831406398062e-07 9.71566317757408e-61 1.543879387658467e-05
368.0 0.04225731683242478 0.0015414208913807213 1.988501332465706e-07 1.406614513486604e-60 1.5432750936367465e-05
369.0 0.04130654321927201 0.0015203204660939396 2.0094636487910694e-07 2.0305250960439045e-60 1.5412599299279132e-05
370.0 0.04034538959663635 0.0014982562750170422 2.0286844927641258e-07 2.922701970647235e-60 1.537857873212532e-05
371.0 0.03937602390402378 0.0014752956411413051 2.046135267795994e-07 4.1948435251590107e-60 1.5330963533124192e-05
372.0 0.03840054664672346 0.0014515061749816116 2.0617926575299338e-07 6.003632466180438e-60 1.5270060457753513e-05
373.0 0.037420985903882785 0.0014269554972998456 2.075638613557772e-07 8.568236441402181e-60 1.5196206556673966e-05
374.0 0.03643929297822853 0.0014017109750346934 2.087660317622017e-07 1.2194376269884998e-59 1.5109766943057197e-05
375.0 0.03545733867498811 0.0013758394713611686 2.0978501194272015e-07 1.7307335512805062e-59 1.5011132506261549e-05
376.0 0.03447691019375694 0.0013494071106426634 2.106205451317562e-07 2.449710991310465e-59 1.4900717588338322e-05
377.0 0.03349970861361634 0.0013224790588798627 2.1127287211906684e-07 3.457999498149832e-59 1.4778957639249756e-05
378.0 0.03252734694876921 0.0012951193201070886 2.117427185110573e-07 4.868237243543302e-59 1.4646306865967773e-05
379.0 0.031561348749434344 0.0012673905490427674 2.1203128011648422e-07 6.835439574875437e-59 1.4503235889854579e-05
380.0 0.030603147220516325 0.0012393538801601964 2.1214020661669634e-07 9.572384063799584e-59 1.4350229425837403e-05
381.0 0.029654084828862004 0.0012110687732172195 2.12071583685293e-07 1.3370377110653436e-58 1.418778399598957e-05
382.0 0.02871541336848819 0.0011825928751606613 2.118279137244803e-07 1.86272125749357e-58 1.4016405689133123e-05
383.0 0.027788294452207322 0.001153981898212219 2.1141209538696363e-07 2.588471751860207e-58 1.3836607977094976e-05
384.0 0.026873800397375726 0.0011252895138397126 2.1082740205168716e-07 3.587904553597558e-58 1.3648909597200058e-05
385.0 0.025972915473163893 0.001096567262226863 2.1007745942019158e-07 4.9607877679248244e-58 1.3453832509550299e-05
386.0 0.02508653747673348 0.001067864476774937 2.091662223977269e-07 6.841999305084068e-58 1.3251899936612792e-05
387.0 0.02421547960587224 0.0010392282230959674 2.080979514187525e-07 9.413436309905879e-58 1.3043634491578367e-05
388.0 0.023360472596188713 0.0010107032518992672 2.068771883719842e-07 1.2919811689505335e-57 1.2829556400978097e-05
389.0 0.02252216709161191 0.000982331965119513 2.0550873227384697e-07 1.7689556079766034e-57 1.2610181826037289e-05
390.0 0.021701136217834763 0.0009541543945927474 2.0399761483245022e-07 2.4162409454366676e-57 1.238602128629823e-05
391.0 0.02089787832942787 0.0009262081925549798 2.0234907603713585e-07 3.2925757420140896e-57 1.2157578188154058e-05
392.0 0.020112819902492505 0.0008985286332110337 2.005685399002055e-07 4.476237174572986e-57 1.1925347460042926e-05
393.0 0.019346318546087437 0.0008711486246067366 1.986615904695057e-07 6.071298895881983e-57 1.1689814295267752e-05
394.0 0.018598666107029684 0.0008440987300263225 1.966339482214324e-07 8.215815029710808e-57 1.1451453002622751e-05
395.0 0.01787009184418109 0.0008174071981357032 1.9449144693526325e-07 1.1092498777685064e-56 1.1210725964322344e-05
396.0 0.017160765649838716 0.0007911000010946414 1.9224001114032874e-07 1.4942624574999242e-56 1.096808270006383e-05
397.0 0.01647080129744041 0.0007652008798713764 1.89885634218707e-07 2.0084086374433393e-56 1.0723959035484447e-05
398.0 0.01580025969635438 0.0007397313960062803 1.874343572367082e-07 2.6934802498795966e-56 1.0478776372725849e-05
399.0 0.015149152136130812 0.0007147109890910586 1.8489224856972033e-07 3.6042983284179885e-56 1.0232941060364305e-05
400.0 0.01451744350413826 0.0006901570392513113 1.8226538437587393e-07 4.812618841481904e-56 9.986843859532982e-06
401.0 0.013905055462082582 0.0006660849339475328 1.7955982996573142e-07 6.412161740409189e-56 9.740859502723053e-06
402.0 0.01331186956838845 0.0006425081384370347 1.7678162210662777e-07 8.525072497475882e-56 9.495346341428632e-06
403.0 0.012737730334910229 0.0006194382692712555 1.739367522926152e-07 1.1310206496285353e-55 9.250646078563346e-06
404.0 0.012182448207837728 0.0005968851702350807 1.7103115100324965e-07 1.4973728088398569e-55 9.007083581365282e-06
405.0 0.011645802464010717 0.000574856990168774 1.6807067296728515e-07 1.978264263126094e-55 8.764966770350221e-06
406.0 0.011127544015155227 0.0005533602621487454 1.6506108344077753e-07 2.6082037221578472e-55 8.524586579769988e-06
407.0 0.010627398113756147 0.000532399983538243 1.6200804550264344e-07 3.431700126651623e-55 8.286216984951843e-06
408.0 0.01014506695543606 0.0005119796964553361 1.589171083650607e-07 4.506044016894565e-55 8.050115091869587e-06
409.0 0.009680232173770254 0.0004921015682407448 1.557936966906016e-07 5.90482947758432e-55 7.81652128429096e-06
410.0 0.00923255722446907 0.0004727664715436255 1.5264310090321547e-07 7.72240486108491e-55 7.585659423883585e-06
411.0 0.008801689656778819 0.00045397406367811514 1.494704684757864e-07 1.007948597061861e-54 7.3577370987234834e-06
412.0 0.008387263270786153 0.0004357228649366626 1.4628079617285792e-07 1.3130221266756717e-54 7.132945915727345e-06
413.0 0.007988900160096827 0.0004180103355797554 1.4307892322388943e-07 1.7071067183660362e-54 6.911461832651065e-06
414.0 0.007606212640038169 0.00040083295125215403 1.3986952539898422e-07 2.2151915494296078e-54 6.693445525407045e-06
415.0 0.007238805062184581 0.00038418627660717945 1.3665710995677353e-07 2.869001706819524e-54 6.479042786615303e-06
416.0 0.006886275516542506 0.00036806503694818853 1.334460114314736e-07 3.708737117350663e-54 6.26838495144023e-06
417.0 0.006548217423246951 0.0003524631877247756 1.3024038822460922e-07 4.785240128393849e-54 6.061589346950107e-06
418.0 0.006224221016042588 0.0003373739817463204 1.2704421996515027e-07 6.16269226336974e-54 5.858759761402005e-06
419.0 0.005913874720203715 0.0003227900340000273 1.238613056007332e-07 7.921963002250333e-54 5.659986930043257e-06
420.0 0.005616766427867132 0.00030870338398311984 1.2069526218174083e-07 1.0164760431763774e-53 5.4653490342073916e-06
421.0 0.005332484674023973 0.00029510555548000855 1.175495242995038e-07 1.301876618521729e-53 5.27491221067618e-06
422.0 0.005060619716633674 0.00028198761373440947 1.1442734413948719e-07 1.6643976324598681e-53 5.088731068467229e-06
423.0 0.00480076452450357 0.00026934021998437725 1.113317921103077e-07 2.124051697649569e-53 4.906849210400652e-06
424.0 0.004552515676718949 0.0002571536833447917 1.0826575800971499e-07 2.705826010980129e-53 4.729299756993761e-06
425.0 0.0043154741774992 0.00024541801003617243 1.0523195268882511e-07 3.4408632586585147e-53 4.556105870411063e-06
426.0 0.004089246190427611 0.00023412294997242935 1.0223291017658499e-07 4.367909257615993e-53 4.387281276386927e-06
427.0 0.003873443696039847 0.00022325804073231102 9.927099022721879e-08 5.535084398877911e-53 4.22283078222006e-06
428.0 0.0036676850767536277 0.00021281264894942804 9.634838125400213e-08 7.002047454851488e-53 4.062750789101789e-06
429.0 0.003471595633119382 0.000202776009165988 9.346710361403402e-08 8.842633972940027e-53 3.907029797222989e-06
430.0 0.003284808035320176 0.00019313726020290026 9.062901320943416e-08 1.114806767907046e-52 3.755648902251938e-06
431.0 0.003106962713798614 0.00018388547910646122 8.783580537172082e-08 1.403086249289475e-52 3.60858228193691e-06
432.0 0.0029377081928150285 0.00017500971273798582 8.508901899740084e-08 1.762955541590444e-52 3.465797671735569e-06
433.0 0.0027767013706465004 0.00016649900707751007 8.239004090390995e-08 2.2114437276053332e-52 3.3272568285053153e-06
434.0 0.002623607750042808 0.00015834243431732056 7.974011037657465e-08 2.7694479767343102e-52 3.1929159814285167e-06
435.0 0.0024781016224410886 0.00015052911782424344 7.714032387853412e-08 3.462569417908961e-52 3.0627262694665756e-06
436.0 0.0023398662093219577 0.0001430482550522177 7.459163989692811e-08 4.322120054858874e-52 2.93663416475247e-06
437.0 0.0022085937639682945 0.0001358891384888232 7.2094883900174e-08 5.3863336700739484e-52 2.814581881444894e-06
438.0 0.0020839856367528696 0.00012904117472042139 6.965075338240949e-08 6.701819590904086e-52 2.6965077696624933e-06
439.0 0.001965752306951536 0.00012249390170152567 6.725982297269803e-08 8.325305103434546e-52 2.582346694215744e-06
440.0 0.0018536133839394476 0.00011623700431401016 6.492254958788447e-08 1.0325720345933139e-51 2.4720303979370406e-06
441.0 0.001747297580494132 0.00011026032830169864 6.26392776094606e-08 1.2786688862567016e-51 2.3654878494937625e-06
442.0 0.0016465426607873356 0.00010455389266490697 6.041024406599486e-08 1.5809497840660967e-51 2.2626455756365876e-06
443.0 0.0015510953655154239 9.910790059873713e-05 5.823558380414522e-08 1.951663460662765e-51 2.1634279779079986e-06
444.0 0.0014607113164790656 9.391274905730561e-05 5.61153346324171e-08 2.4055990459574096e-51 2.06775763389141e-06
445.0 0.0013751549027926164 8.89590370246176e-05 5.404944242317408e-08 2.960584965045062e-51 1.975555583139961e-06
446.0 0.001294199150770757 8.423757257075344e-05 5.2037766159520515e-08 3.638080057439982e-51 1.8867415979697584e-06
447.0 0.0012176255794150586 7.973937877010224e-05 5.00800829149266e-08 4.463872837711454e-51 1.8012344393495933e-06
448.0 0.001145224043295998 7.545569855590029e-05 4.8176092754452905e-08 5.468907356462649e-51 1.7189520981531407e-06
449.0 0.0010767925645102467 7.137799858320817e-05 4.632542354766367e-08 6.690257027584127e-51 1.6398120220796793e-06
450.0 0.0010121371552732896 6.749797216969706e-05 4.452763568418458e-08 8.172271110099908e-51 1.5637313285732339e-06
451.0 0.0009510716325988112 6.380754138121042e-05 4.278222668395065e-08 9.967922323166638e-51 1.490627004099612e-06
452.0 0.0008934174264078927 6.029885832632393e-05 4.108863569505819e-08 1.214038838882755e-50 1.4204160901602308e-06
453.0 0.0008390033823093215 5.696430572147864e-05 3.9446247873042355e-08 1.4764905202954162e-50 1.3530158564405265e-06
454.0 0.000787665560194799 5.3796496785568735e-05 3.7854398636248796e-08 1.7930934900805501e-50 1.2883439615058078e-06
455.0 0.0007392470296995209 5.078827452013117e-05 3.6312377792739153e-08 2.1744698387051817e-50 1.2263186014684287e-06
456.0 0.0006935976634903236 4.793271042859161e-05 3.481943353492118e-08 2.6332129025579264e-50 1.166858647059192e-06
457.0 0.000650573929260553 4.522310272538863e-05 3.3374776298824304e-08 3.1842312224324792e-50 1.1098837695431407e-06
458.0 0.0006100386812308573 4.265297408310256e-05 3.197758248555762e-08 3.845148470536643e-50 1.0553145559224426e-06
459.0 0.0005718609518816308 4.0216068963202346e-05 3.062699804316363e-08 4.636767743003223e-50 1.0030726138728281e-06
460.0 0.0005359157445711875 3.7906350573385764e-05 2.9322141907580518e-08 5.583609757106158e-50 9.530806668574419e-07
461.0 0.000502083827629555 3.5717997492133824e-05 2.8062109302055114e-08 6.71453577172371e-50 9.05262639863138e-07
462.0 0.00047025153045448473 3.3645399998587144e-05 2.684597489476944e-08 8.063467479781756e-50 8.595437361982729e-07
463.0 0.0004403105420794085 3.16831561435789e-05 2.567279581495314e-08 9.670217717294435e-50 8.158505057878066e-07
464.0 0.0004121577126288551 2.9826067595376804e-05 2.4541614528166506e-08 1.1581447611029214e-49 7.741109053949974e-07
465.0 0.00038569485802658474 2.8069135291503158e-05 2.3451461571831057e-08 1.385176776268532e-49 7.342543511917955e-07
466.0 0.0003608285682751067 2.6407554925903656e-05 2.2401358152446007e-08 1.6545003259767829e-49 6.962117640920104e-07
467.0 0.00033747001958194705 2.483671229871675e-05 2.1390318606260656e-08 1.9735644731172126e-49 6.599156082524363e-07
468.0 0.0003155347905679171 2.335217855395227e-05 2.041735272546419e-08 2.3510510348972313e-49 6.252999231372367e-07
469.0 0.0002949426827557662 2.1949705328543383e-05 1.9481467952232306e-08 2.7970646638267356e-49 5.923003495308477e-07
470.0 0.00027561754550346675 2.0625219834460108e-05 1.858167144320849e-08 3.3233499216387258e-49 5.608541498736906e-07
471.0 0.000257487105515135 1.9374819893888867e-05 1.7716972007215917e-08 3.943538816449028e-49 5.309002232838219e-07
472.0 0.00024048280103379404 1.8194768945868116e-05 1.6886381919181618e-08 4.6734326662647554e-49 5.023791156158494e-07
473.0 0.00022453962079405744 1.7081491041252237e-05 1.6088918613428142e-08 5.531322581891739e-49 4.752330248967629e-07
474.0 0.0002095959477890798 1.6031565841441376e-05 1.5323606259645356e-08 6.5383533319179325e-49 4.4940580246660786e-07
475.0 0.0001955934078838767 1.5041723634907425e-05 1.4589477224944805e-08 7.718935864382294e-49 4.248429501386872e-07
476.0 0.00018247672328811976 1.4108840384302848e-05 1.3885573425550172e-08 9.10121431665856e-49 4.014916136830856e-07
477.0 0.00017019357088322184 1.3229932815679016e-05 1.3210947571727534e-08 1.0717593949647817e-48 3.7930057292394314e-07
478.0 0.0001586944453827604 1.2402153560205854e-05 1.2564664309641559e-08 1.2605337097308455e-48 3.582202287290449e-07
479.0 0.0001479325272910732 1.1622786357710797e-05 1.194580126388281e-08 1.48072349305111e-48 3.3820258715829395e-07
480.0 0.00013786355561194296 1.088924133032685e-05 1.1353449984435146e-08 1.737236359781681e-48 3.1920124102516583e-07
481.0 0.00012844570524806552 1.01990503335944e-05 1.0786716801880347e-08 2.0356934127613276e-48 3.011713491134533e-07
482.0 0.00011963946902210457 9.549862391477174e-06 1.0244723594650396e-08 2.3825246358522787e-48 2.8406961327996975e-07
483.0 0.0001114075442413241 8.93943922091426e-06 9.726608472126949e-09 2.7850758110439884e-48 2.6785425366207523e-07
484.0 0.00010371472372030305 8.365650850761873e-06 9.231526377377827e-09 3.2517281819078586e-48 2.524849821976958e-07
485.0 9.652779116966637e-05 7.826471339252551e-06 8.758649613287967e-09 3.7920321934355216e-48 2.3792297465420888e-07
486.0 8.981542085337826e-05 7.3199745934419605e-06 8.307168295818687e-09 4.4168567529033005e-48 2.241308413520476e-07
487.0 8.354808141237403e-05 6.8443302934816834e-06 7.876290738070502e-09 5.138555577991889e-48 2.1107259675791938e-07
488.0 7.76979437486055e-05 6.3977999239916086e-06 7.465243768780282e-09 5.971152327060916e-48 1.9871362811248517e-07
489.0 7.223879286050702e-05 5.978732914275329e-06 7.073272988820841e-09 6.930546342272904e-48 1.8702066324729287e-07
490.0 6.714594351854955e-05 5.585562888636578e-06 6.69964296920407e-09 8.034740979177499e-48 1.7596173773609844e-07
491.0 6.239615966782162e-05 5.216804027608688e-06 6.343637394015719e-09 9.304096646350797e-48 1.6550616151634673e-07
492.0 5.7967577443392563e-05 4.871047540498296e-06 6.0045591516278765e-09 1.0761610835616962e-47 1.5562448510746395e-07
493.0 5.383963168365421e-05 4.546958249278305e-06 5.6817303774590025e-09 1.2433227587068904e-47 1.4628846554409276e-07
494.0 4.999298582657283e-05 4.243271283519067e-06 5.374492451455245e-09 1.434817900329739e-47 1.374710321337892e-07
495.0 4.640946507409402e-05 3.958788885744628e-06 5.082205953380986e-09 1.6539361603569202e-47 1.2914625214079268e-07
496.0 4.3071992710539566e-05 3.69237732632173e-06 4.804250578910043e-09 1.9043750490756357e-47 1.2128929648969022e-07
497.0 3.9964529461802315e-05 3.4429639267408897e-06 4.54002501941291e-09 2.1902854491068166e-47 1.1387640557541539e-07
498.0 3.7072015783389935e-05 3.209534189925322e-06 4.288946808235435e-09 2.516321561841959e-47 1.0688485525891806e-07
499.0 3.438031696689291e-05 2.991129036005843e-06 4.050452136164563e-09 2.8876956410890836e-47 1.0029292312110142e-07
500.0 3.1876170956192126e-05 2.786842141824282e-06 3.823995638674579e-09 3.3102378885292883e-47 9.40798550411675e-08
501.0 2.954713876666058e-05 2.595817382273543e-06 3.6090501574435623e-09 3.7904619056360265e-47 8.82258321593557e-08
502.0 2.7381557402765157e-05 2.417246371451596e-06 3.4051064785310402e-09 4.335636116854691e-47 8.271193827833198e-08
503.0 2.5368495171698246e-05 2.2503661014879514e-06 3.2116730494997266e-09 4.953861598935736e-47 7.752012775183794e-08
504.0 2.3497709293072473e-05 2.0944566768044983e-06 3.0282756776632015e-09 5.654156771243638e-47 7.263319390401513e-08
505.0 2.1759605707240867e-05 1.948839141493965e-06 2.8544572115437927e-09 6.446549421469196e-47 6.803473801798451e-08
506.0 2.0145200987315537e-05 1.8128733974265086e-06 2.6897772075156697e-09 7.342176560268051e-47 6.370913892739766e-08
507.0 1.864608626267221e-05 1.6859562106480317e-06 2.533811583517293e-09 8.353392616794797e-47 5.964152324050275e-08
508.0 1.725439306435401e-05 1.5675193035872675e-06 2.386152261610476e-09 9.493886504654023e-47 5.5817736221938335e-08
509.0 1.596276100557377e-05 1.4570275305648053e-06 2.246406801073947e-09 1.0778808104285376e-46 5.222431335377667e-08
510.0 1.4764307213222778e-05 1.3539771340752074e-06 2.1141980236193886e-09 1.2224904722980284e-46 4.884845259359433e-08
511.0 1.3652597429064472e-05 1.257894079305585e-06 1.989163632226202e-09 1.3850668107365796e-46 4.567798734399703e-08
512.0 1.2621618702060037e-05 1.168332464355042e-06 1.870955825002218e-09 1.5676492595052834e-46 4.27013601449118e-08
513.0 1.1665753596000463e-05 1.0848730036257752e-06 1.7592409053865893e-09 1.772484500193609e-46 3.9907597096969374e-08
514.0 1.0779755839363049e-05 1.0071215818732813e-06 1.6536988899272056e-09 2.002044684909668e-46 3.728628302163349e-08
515.0 9.958727346997114e-06 9.347078764238342e-07 1.5540231147799227e-09 2.259046953810267e-46 3.4827537361183267e-08
516.0 9.198096545918352e-06 8.672840450957666e-07 1.4599198419972712e-09 2.5464743085439456e-46 3.2521990819367185e-08
517.0 8.493597940108873e-06 8.045234773932416e-07 1.3711078665950556e-09 2.8675979025484208e-46 3.0360762741392745e-08
518.0 7.841252851810107e-06 7.461196065795387e-07 1.2873181253114774e-09 3.226000808664362e-46 2.833543923000132e-08
519.0 7.237351279313222e-06 6.917847802771908e-07 1.2082933078988897e-09 3.625603323656645e-46 2.643805199255425e-08
520.0 6.678434813739502e-06 6.412491872883863e-07 1.1337874717202767e-09 4.07068986794955e-46 2.466105791247755e-08
521.0 6.161280559713917e-06 5.942598383763275e-07 1.063565660354383e-09 4.565937537147881e-46 2.2997319336919283e-08
522.0 5.682886007205581e-06 5.50579598799985e-07 9.974035268511576e-10 5.116446359702572e-46 2.144008507119488e-08
523.0 5.240454804092359e-06 5.099862704462269e-07 9.350869622156531e-10 5.72777131234372e-46 1.9982972069363762e-08
524.0 4.8313833812540885e-06 4.7227172145933567e-07 8.764117296424855e-10 6.40595614163973e-46 1.8619947809280305e-08
525.0 4.453248384161914e-06 4.372410613235632e-07 8.211831049664852e-10 7.157569036190048e-46 1.7345313339514067e-08
526.0 4.103794867032191e-06 4.0471185941157436e-07 7.69215523742175e-10 7.989740189507292e-46 1.615368698471607e-08
527.0 3.7809252076576704e-06 3.7451340507064874e-07 7.20332235316298e-10 8.910201288580577e-46 1.5039988695337493e-08
528.0 3.4826887029862644e-06 3.46486007376187e-07 6.743649642082999e-10 9.927326957356628e-46 1.3999425026961628e-08
529.0 3.207271807432945e-06 3.204803327425208e-07 6.311535790716848e-10 1.1050178177997008e-45 1.3027474734057463e-08
530.0 2.952988977732246e-06 2.963567786389696e-07 5.905457694647298e-10 1.2288547705627292e-45 1.2119874962494152e-08
531.0 2.718274089920531e-06 2.73984881719536e-07 5.52396730622254e-10 1.3653007484516857e-45 1.1272608024874799e-08
532.0 2.501672395727267e-06 2.5324275873222987e-07 5.165688563808011e-10 1.515495806503593e-45 1.0481888742439441e-08
533.0 2.301832987303413e-06 2.3401657863353872e-07 4.829314403773447e-10 1.6806680011492206e-45 9.744152337146759e-09
534.0 2.1175017407802817e-06 2.1620006439053517e-07 4.5136038560788504e-10 1.8621387280888483e-45 9.056042857389543e-09
535.0 1.947514710668165e-06 1.9969402301071837e-07 4.2173792240356137e-10 2.0613282541901653e-45 8.414402120761233e-09
536.0 1.7907919485495074e-06 1.8440590239557845e-07 3.9395233485359366e-10 2.279761439184068e-45 7.816259157272742e-09
537.0 1.6463317209097393e-06 1.7024937366913354e-07 3.67897695678854e-10 2.519073641711301e-45 7.258820136465345e-09
538.0 1.5132051022810653e-06 1.5714393768720847e-07 3.434736095370345e-10 2.7810168029780193e-45 6.739458761970949e-09
539.0 1.3905509211401876e-06 1.4501455448570873e-07 3.2058496471757416e-10 3.067465699907778e-45 6.2557071171805504e-09
540.0 1.2775710372213658e-06 1.3379129447854854e-07 2.9914169316595066e-10 3.380424358250568e-45 5.805246945876188e-09
541.0 1.1735259300630645e-06 1.2340901026611284e-07 2.7905853875815843e-10 3.7220326146070805e-45 5.385901351870654e-09
542.0 1.0777305797156797e-06 1.1380702796461261e-07 2.6025483373034e-10 4.0945728147726164e-45 4.995626901942628e-09
543.0 9.895506215924726e-07 1.0492885701448985e-07 2.4265428315352633e-10 4.5004766341904413e-45 4.632506116610323e-09
544.0 9.083987584541476e-07 9.672191747281113e-08 2.2618475733075516e-10 4.942332004643601e-45 4.294740333581288e-09
545.0 8.337314134737212e-07 8.91372838395575e-08 2.1077809198167382e-10 5.4228901296071805e-45 3.980642929013103e-09
546.0 7.650456092410731e-07 8.212944451158151e-08 1.9636989606958965e-10 5.9450725689355e-45 3.6886328820475147e-09
547.0 7.018760584337272e-07 7.565607600036427e-08 1.8289936711691243e-10 6.511978371786303e-45 3.4172286684200783e-09
548.0 6.437924527041858e-07 6.967783109062094e-08 1.7030911384706263e-10 7.126891234887646e-45 3.165042469298459e-09
549.0 5.903969371165984e-07 6.415814015630868e-08 1.5854498598420173e-10 7.793286661440083e-45 2.93077468186431e-09
550.0 5.413217582079832e-07 5.906302488867741e-08 1.475559110364711e-10 8.514839094129107e-45 2.7132087185233925e-09
551.0 4.962270744539091e-07 5.436092372774514e-08 1.3729373788388884e-10 9.29542899391856e-45 2.5112060820071934e-09
552.0 4.5479891858618827e-07 5.002252832389693e-08 1.2771308698834781e-10 1.0139149834501596e-44 2.3237017040106397e-09
553.0 4.1674730184180895e-07 4.6020630390181e-08 1.1877120704012687e-10 1.1050314980509127e-44 2.149699535391249e-09
554.0 3.818044508220963e-07 4.2329978338589836e-08 1.104278378535508e-10 1.2033464415862934e-44 1.9882683763455794e-09
555.0 3.497231682068596e-07 3.892714312482236e-08 1.0264507932293583e-10 1.309337128697149e-44 1.8385379353608955e-09
556.0 3.202753091045344e-07 3.579039275607357e-08 9.538726624948943e-11 1.423504822386855e-44 1.6996951061270132e-09
557.0 2.932503653247952e-07 3.2899574945031595e-08 8.862084884958891e-11 1.5463753400826698e-44 1.5709804519708786e-09
558.0 2.684541503396193e-07 3.023600742089484e-08 8.231427875581545e-11 1.6784996296576667e-44 1.4516848877616323e-09
559.0 2.457075781490084e-07 2.7782375434367033e-08 7.643790032284757e-11 1.820454311287776e-44 1.3411465496014586e-09
560.0 2.2484552969426678e-07 2.5522636018779276e-08 7.096384705208558e-11 1.9728421808967143e-44 1.2387478429900945e-09
561.0 2.0571580086352116e-07 2.344192859347081e-08 6.586594295090338e-11 2.1362926708338414e-44 1.1439126605143675e-09
562.0 1.8817812651231751e-07 2.1526491518372608e-08 6.111960864464131e-11 2.3114622633308246e-44 1.0561037604678475e-09
563.0 1.721032752794685e-07 1.976358423060849e-08 5.670177206236866e-11 2.499034852206675e-44 9.748202981584919e-10
564.0 1.5737221031357986e-07 1.8141414614623253e-08 5.2590783520274565e-11 2.6997220482234785e-44 8.995955020006022e-10
565.0 1.438753113425126e-07 1.664907127719314e-08 4.8766335030065993e-11 2.9142634234564163e-44 8.299944868251983e-10
566.0 1.3151165381470795e-07 1.5276460417397446e-08 4.520938366306169e-11 3.1434266900102764e-44 7.656121971647016e-10
567.0 1.2018834112122726e-07 1.4014246999540317e-08 4.190207880451239e-11 3.3880078084127697e-44 7.060714735867075e-10
568.0 1.0981988617014826e-07 1.2853799953993441e-08 3.882769313659884e-11 3.6488310210340113e-44 6.510212354600818e-10
569.0 1.0032763883148866e-07 1.1787141147015032e-08 3.597055719252047e-11 3.926748805918209e-44 6.001347738342951e-10
570.0 9.16392560026358e-08 1.0806897875899169e-08 3.3315997328283975e-11 4.222641746478864e-44 5.531081484034798e-10
571.0 8.368821126171572e-08 9.90625866030452e-09 3.08502769630647e-11 4.537418312595888e-44 5.096586828076018e-10
572.0 7.6413341280258e-08 9.078932114338954e-09 2.8560540943332065e-11 4.872014548772373e-44 4.695235527944848e-10
573.0 6.975842635757977e-08 8.319108696959765e-09 2.6434762890248823e-11 5.227393665136389e-44 4.3245846202771384e-10
574.0 6.367180261876475e-08 7.621425150581918e-09 2.4461695394353437e-11 5.604545527255993e-44 3.9823640057995825e-10
575.0 5.810600358566002e-08 6.980931449384976e-09 2.263082292583865e-11 6.00448604091251e-44 3.666464813931141e-10
576.0 5.30174289877493e-08 6.393060089837672e-09 2.0932317333252556e-11 6.42825642821018e-44 3.37492850222934e-10
577.0 4.8366038826664654e-08 5.85359756632456e-09 1.935699580777573e-11 6.876922391641451e-44 3.105936648102703e-10
578.0 4.4115070845784014e-08 5.35865788457565e-09 1.7896281194623474e-11 7.351573163002981e-44 2.857801392382883e-10
579.0 4.02307796850672e-08 4.904657974856842e-09 1.654216453745773e-11 7.853320434362556e-44 2.6289564964318215e-10
580.0 3.668219612149028e-08 4.488294875597636e-09 1.5287169745938578e-11 8.383297168600306e-44 2.417948976449471e-10
581.0 3.34409049079104e-08 4.1065245663692515e-09 1.4124320280792302e-11 8.942656287410997e-44 2.2234312805641183e-10
582.0 3.048083982809219e-08 3.75654233686839e-09 1.3047107754890568e-11 9.532569235024343e-44 2.044153976112415e-10
583.0 2.777809468366071e-08 3.4357645858640573e-09 1.204946235291912e-11 1.0154224416312494e-43 1.8789589162682566e-10
584.0 2.5310749020185113e-08 3.1418119509314216e-09 1.1125724976194786e-11 1.0808825508378511e-43 1.7267728568507274e-10
585.0 2.3058707484926667e-08 2.8724936762592057e-09 1.0270621023095198e-11 1.1497589645178053e-43 1.5866014957388933e-10
586.0 2.1003551788278824e-08 2.625793131884145e-09 9.479235719345925e-12 1.2221745475176138e-43 1.4575239088404197e-10
587.0 1.9128404315175537e-08 2.399854403425832e-09 8.746990916160158e-12 1.2982531092568262e-43 1.3386873580194664e-10
588.0 1.741780250173444e-08 2.1929698767438664e-09 8.069623277790604e-12 1.3781191843064208e-43 1.2293024477655596e-10
589.0 1.585758315682287e-08 2.0035687469810757e-09 7.443163783590239e-12 1.4618978005784414e-43 1.1286386087064893e-10
590.0 1.4434775968124504e-08 1.8302063861761565e-09 6.863918473068821e-12 1.5497142353343468e-43 1.0360198873187924e-10
591.0 1.313750548805578e-08 1.6715545080600813e-09 6.328450365733063e-12 1.6416937592753065e-43 9.508210223804518e-11
592.0 1.1954900946762264e-08 1.5263920728034986e-09 5.833562490688232e-12 1.737961369032568e-43 8.724637898411774e-11
593.0 1.0877013287672097e-08 1.3935968783737612e-09 5.3762819640615115e-12 1.8386415084328676e-43 8.004135988588513e-11
594.0 9.89473886596023e-09 1.2721377888077945e-09 4.953845055293591e-12 1.9438577789718805e-43 7.341763227703845e-11
595.0 8.9997492919468e-09 1.1610675531175058e-09 4.563683186206708e-12 2.053732639983556e-43 6.732953497292017e-11
596.0 8.184426940203672e-09 1.0595161717409854e-09 4.203409809533256e-12 2.1683870990527158e-43 6.173488386577588e-11
597.0 7.441805681100734e-09 9.666847704391392e-10 3.870808116245079e-12 2.28794039327279e-43 5.6594716702871784e-11
598.0 6.765516424927158e-09 8.818399443325255e-10 3.5638195235874705e-12 2.412509662007556e-43 5.1873055780875847e-11
599.0 6.14973709970815e-09 8.043085373837493e-10 3.280532898176744e-12 2.5422096118702135e-43 4.753668736737053e-11
600.0 5.58914671259898e-09 7.334728250716731e-10 3.0191744708831056e-12 2.677152174687408e-43 4.355495673370054e-11
601.0 5.078883171394193e-09 6.687660702809365e-10 2.7780984024761615e-12 2.8174461592667894e-43 3.9899577752497e-11
602.0 4.614504567419503e-09 6.096684245582145e-10 2.5557779611794165e-12 2.9631968978383176e-43 3.6544456078619444e-11
603.0 4.1919536439838034e-09 5.557031488710459e-10 2.3507972753501988e-12 3.1145058880849703e-43 3.3465524993890544e-11
604.0 3.807525195802469e-09 5.064331298570869e-10 2.1618436264851673e-12 3.271470431729877e-43 3.064059305418638e-11
605.0 3.4578361644529717e-09 4.614576692762083e-10 1.9877002496369447e-12 3.4341832706802513e-43 2.8049202732153655e-11
606.0 3.1397982131474768e-09 4.2040952598922664e-10 1.8272396101439186e-12 3.602732221779397e-43 2.5672499300605046e-11
607.0 2.8505925809398564e-09 3.8295219128366296e-10 1.6794171272881174e-12 3.7771998112466445e-43 2.349310925011685e-11
608.0 2.5876470320880765e-09 3.487773797645079e-10 1.5432653171443278e-12 3.957662909921081e-43 2.1495027580195896e-11
609.0 2.3486147307106114e-09 3.176027193269883e-10 1.4178883284444305e-12 4.14419237045472e-43 1.9663513346376982e-11
610.0 2.1313548842139123e-09 2.8916962493803355e-10 1.302456846769715e-12 4.3368526676258765e-43 1.7984992886080717e-11
611.0 1.933915011297689e-09 2.632413420784361e-10 1.1962033437993097e-12 4.535701542964966e-43 1.6446970184084775e-11
612.0 1.7545147017361183e-09 2.3960114674371866e-10 1.0984176496860407e-12 4.740789654898816e-43 1.503794387414651e-11
613.0 1.5915307456646023e-09 2.1805068987514172e-10 1.0084428279111427e-12 4.952160235640419e-43 1.37473304068793e-11
614.0 1.4434835198172707e-09 1.9840847499532552e-10 9.256713331771541e-13 5.169848756044498e-43 1.2565392945383225e-11
615.0 1.3090245271438645e-09 1.805084586636339e-10 8.495414340521535e-13 5.393882599669396e-43 1.1483175579692352e-11
616.0 1.1869249945146992e-09 1.6419876414547622e-10 7.795338831644351e-13 5.6242807472679665e-43 1.0492442478709457e-11
617.0 1.0760654408716808e-09 1.4934049941407266e-10 7.151688187810473e-13 5.861053472933559e-43 9.585621624247323e-12
618.0 9.75426135234644e-10 1.3580667127472813e-10 6.560028825794274e-13 6.104202053108903e-43 8.755752796054878e-12
619.0 8.840783704781934e-10 1.2348118802502486e-10 6.016265393465741e-13 6.353718489654757e-43 7.996439499445685e-12
620.0 8.011764847894884e-10 1.1225794364202076e-10 5.51661585213098e-13 6.609585248142613e-43 7.301804548400609e-12
621.0 7.259505682463555e-10 1.0203997702351544e-10 5.057588318564444e-13 6.871775012520232e-43 6.666449036926502e-12
622.0 6.576997970475236e-10 9.273870030685594e-11 4.635959548871828e-13 7.140250457258529e-43 6.085414450050025e-12
623.0 5.957863426179335e-10 8.427319074867745e-11 4.248754953682378e-13 7.414964038049668e-43 5.554147683209204e-12
624.0 5.396298071338201e-10 7.656954107514928e-11 3.8932300411238296e-13 7.695857802092945e-43 5.068468755060658e-12
625.0 4.887021409887247e-10 6.956026360652468e-11 3.566853190573238e-13 7.98286321894342e-43 4.624541013878396e-12
626.0 4.4252300138423326e-10 6.318374382505715e-11 3.2672896663599815e-13 8.27590103286386e-43 4.21884365189564e-12
627.0 4.006555145967575e-10 5.73837393929187e-11 2.9923867864010213e-13 8.57488113754497e-43 3.848146355142985e-12
628.0 3.627024075722254e-10 5.210892093939793e-11 2.7401601662329017e-13 8.879702474019273e-43 3.509485928677032e-12
629.0 3.2830247734912264e-10 4.731245122533348e-11 2.508780964043902e-13 9.190252952504879e-43 3.2001447485724103e-12
630.0 2.971273694324714e-10 4.295159956003921e-11 2.296564057166164e-13 9.50640939887482e-43 2.917630902778917e-12
631.0 2.6887863864858835e-10 3.8987388592570946e-11 2.10195708503053e-13 9.828037526346387e-43 2.6596598929130517e-12
632.0 2.432850682250028e-10 3.538427082734735e-11 1.9235302978737973e-13 1.0154991932938608e-42 2.4241377783600942e-12
633.0 2.2010022487265636e-10 3.210983242460582e-11 1.7599671545003793e-13 1.048711612513979e-42 2.2091456527103094e-12
634.0 1.991002295157157e-10 2.913452204067736e-11 1.610055616176514e-13 1.0824242568167569e-42 2.0129253506130468e-12
635.0 1.8008172502912117e-10 2.6431402642498237e-11 1.4726800872727785e-13 1.1166192763112068e-42 1.8338662906244203e-12
636.0 1.6286002391830918e-10 2.3975924396372232e-11 1.3468139565897512e-13 1.1512777351164451e-42 1.670493366593346e-12
637.0 1.4726742032045875e-10 2.1745716883767697e-11 1.2315126964134718e-13 1.1863796245049907e-42 1.5214558066103016e-12
638.0 1.3315165203252598e-10 1.9720399037843143e-11 1.1259074792643566e-13 1.2219038787698043e-42 1.385516924566336e-12
639.0 1.2037449948722896e-10 1.788140532425675e-11 1.0291992750324127e-13 1.2578283938089802e-42 1.261544694962003e-12
640.0 1.0881050971355243e-10 1.6211826809555768e-11 9.406533937491883e-14 1.294130048413034e-42 1.1485030868024094e-12
641.0 9.834583434096845e-11 1.4696265870771833e-11 8.595944416400654e-14 1.3307847282313894e-42 1.0454440972387049e-12
642.0 8.887717164375831e-11 1.3320703401454193e-11 7.854016603374305e-14 1.3677673523846028e-42 9.51500430091392e-13
643.0 8.03108034810061e-11 1.2072377462997272e-11 7.175046212296844e-14 1.4050519026811818e-42 8.658787685461795e-13
644.0 7.256171877466999e-11 1.0939672416264582e-11 6.553792488755948e-14 1.4426114553877066e-42 7.878535951632964e-13
645.0 6.555281588921425e-11 9.912017647856849e-12 5.985441492425774e-14 1.480418215493824e-42 7.167615159146261e-13
646.0 5.921417693633753e-11 8.97979507834329e-12 5.465572202331795e-14 1.5184435534035453e-42 6.51996048272074e-13
647.0 5.3482407632847884e-11 8.134254706935186e-12 4.9901252355809996e-14 1.556658043976925e-42 5.930028364387343e-13
648.0 4.830003689302606e-11 7.367437508842533e-12 4.555373985012275e-14 1.5950315078388243e-42 5.392752596558983e-13
649.0 4.3614970843072385e-11 6.672105058330681e-12 4.157897995086135e-14 1.633533054861019e-42 4.90350402149158e-13
650.0 3.9379996408612135e-11 6.041675302714303e-12 3.794558408279312e-14 1.6721311297204768e-42 4.458053557138052e-13
651.0 3.5552330049862e-11 5.4701639604816305e-12 3.462475326295071e-14 1.7107935594250134e-42 4.0525382819228153e-13
652.0 3.2093207606721824e-11 4.952131060839598e-12 3.159006941646796e-14 1.749487602694868e-42 3.6834303318308954e-13
653.0 2.8967511570293675e-11 4.4826321824454885e-12 2.8817303056286996e-14 1.7881800010788917e-42 3.347508382481402e-13
654.0 2.614343242132503e-11 4.057173986286468e-12 2.6284236084402198e-14 1.8268370316813234e-42 3.041831506696923e-13
655.0 2.359216097201978e-11 3.671673671794576e-12 2.3970498562936326e-14 1.8654245613664967e-42 2.763715214554522e-13
656.0 2.1287608918204676e-11 3.322422016627623e-12 2.185741838779387e-14 1.903908102305976e-42 2.510709498141312e-13
657.0 1.9206155055924984e-11 3.0060496892992724e-12 1.9927882876128816e-14 1.9422528687275568e-42 2.280578717306695e-13
658.0 1.7326414842217574e-11 2.7194965502206887e-12 1.81662113518491e-14 1.9804238347213473e-42 2.071283175696666e-13
659.0 1.5629031185885987e-11 2.4599836809120354e-12 1.6558037881223436e-14 2.0183857929530975e-42 1.8809622483521536e-13
660.0 1.4096484542290195e-11 2.2249879033379514e-12 1.5090203373749612e-14 2.0561034141368802e-42 1.7079189332323607e-13
661.0 1.2712920557821425e-11 2.0122185716522515e-12 1.3750656321933915e-14 2.0935413071089825e-42 1.5506057092337942e-13
662.0 1.1463993666521582e-11 1.819596437293967e-12 1.2528361508088727e-14 2.1306640793512784e-42 1.4076115927105768e-13
663.0 1.0336725184244007e-11 1.6452344054552836e-12 1.1413216056688586e-14 2.167436397804888e-42 1.2776502931892462e-13
664.0 9.31937457619876e-12 1.4874200165978563e-12 1.0395972257687777e-14 2.203823049816439e-42 1.159549376988251e-13
665.0 8.40132269269253e-12 1.3445995010335017e-12 9.468166629675254e-15 2.2397890040597207e-42 1.0522403548417082e-13
666.0 7.57296587632811e-12 1.2153632677130544e-12 8.622054732034762e-15 2.275299471275064e-42 9.547496164335395e-14
667.0 6.825619942813245e-12 1.098432700387973e-12 7.850551272645268e-15 2.3103199646681284e-42 8.661901410200778e-14
668.0 6.1514331276731436e-12 9.926481453145059e-13 7.147175092305631e-15 2.3448163598144446e-42 7.857539190975583e-14
669.0 5.543307173286071e-12 8.96957984737931e-13 6.505998639145822e-15 2.378754953915497e-42 7.127050253886781e-14
670.0 4.994825805499166e-12 8.104086996074828e-13 5.921601576012666e-15 2.4121025242547037e-42 6.463732883190584e-14
671.0 4.5001899172595875e-12 7.321358334011478e-13 5.38902819135084e-15 2.4448263857061582e-42 5.861485056616687e-14
672.0 4.054158838777504e-12 6.613557766455838e-13 4.903748309571786e-15 2.4768944471510973e-42 5.314751601725525e-14
673.0 3.651997130279173e-12 5.973582987643188e-13 4.461621420488694e-15 2.5082752666612268e-42 4.818475928556614e-14
674.0 3.289426384880832e-12 5.394997603294255e-13 4.0588637692112795e-15 2.5389381053129003e-42 4.368055950018734e-14
675.0 2.9625815759682377e-12 4.871969446799738e-13 3.692018168072888e-15 2.5688529795005156e-42 3.959303833720304e-14
676.0 2.6679715261067516e-12 4.399214532506745e-13 3.3579263108190183e-15 2.5979907116220453e-42 3.588409258577526e-14
677.0 2.402443113310968e-12 3.971946138702612e-13 3.0537033865388985e-15 2.6263229790176733e-42 3.2519058767821583e-14
678.0 2.1631488657956857e-12 3.585828557780005e-13 2.7767148067537613e-15 2.6538223610450637e-42 2.946640706728647e-14
679.0 1.9475176284428077e-12 3.236935092078048e-13 2.5245548738079214e-15 2.6804623841833487e-42 2.669746205494035e-14
680.0 1.7532280134151764e-12 2.9217099113260245e-13 2.2950272323067486e-15 2.7062175650646748e-42 2.4186147905692226e-14
681.0 1.5781843738982253e-12 2.6369334217902127e-13 2.0861269579046557e-15 2.7310634513364713e-42 2.1908755999200172e-14
682.0 1.420495064089066e-12 2.3796908284178335e-13 1.8960241493427787e-15 2.754976660268477e-42 1.9843732972477934e-14
683.0 1.2784527704892125e-12 2.14734359972902e-13 1.7230489003328587e-15 2.7779349150222218e-42 1.797148745640612e-14
684.0 1.1505167194961312e-12 1.9375035711752342e-13 1.5656775377575391e-15 2.799917078510241e-42 1.627421387784177e-14
685.0 1.0352965844060788e-12 1.7480094463686794e-13 1.4225200217649852e-15 2.8209031847813432e-42 1.4735731846413916e-14
686.0 9.31537931394969e-13 1.5769054771805393e-13 1.2923084117281726e-15 2.84087446786958e-42 1.3341339771024218e-14
687.0 8.38109058998816e-13 1.422422123409568e-13 1.1738863097885043e-15 2.8598133880622894e-42 1.2077681466659007e-14
688.0 7.53989099186568e-13 1.2829585106681058e-13 1.0661992008323644e-15 2.8777036555418886e-42 1.0932624617930718e-14
689.0 6.782572604489384e-13 1.1570665215021885e-13 9.68285614328725e-16 2.8945302513683075e-42 9.895150062847622e-15
690.0 6.100831045172005e-13 1.0434363696728149e-13 8.792690395115359e-16 2.9102794457753823e-42 8.955250949202951e-15
691.0 5.487177584859509e-13 9.408835211144854e-14 7.983505309710977e-16 2.924938813764434e-42 8.10384089743814e-15
692.0 4.934859733327344e-13 8.48336837462833e-14 7.248019468541843e-16 2.9384972479825745e-42 7.332670378416719e-15
693.0 4.4377894819511604e-13 7.648278293186657e-14 6.579597666035756e-16 2.950944968885477e-42 6.634250582871048e-15
694.0 3.9904784735515156e-13 6.894809166795261e-14 5.972194395182557e-16 2.9622735321872864e-42 6.00178412180113e-15
695.0 3.5879794376827085e-13 6.215046033189346e-14 5.420302194221967e-16 2.972475833611956e-42 5.429101954362737e-15
696.0 3.2258332921795275e-13 5.6018348040047456e-14 4.918904444124569e-16 2.981546110965972e-42 4.910605992149685e-15
697.0 2.900021368414387e-13 5.0487098235855375e-14 4.46343224046053e-16 2.9894799435577874e-42 4.441216876705053e-15
698.0 2.6069222690702133e-13 4.54982825124985e-14 4.049724994407734e-16 2.9962742490001027e-42 4.016326470937903e-15
699.0 2.343272913786127e-13 4.099910631919528e-14 3.6739944462884633e-16 3.001927277434978e-42 3.631754645213931e-15
700.0 2.1061333702300485e-13 3.694187078345106e-14 3.332791801345369e-16 3.006438603228102e-42 3.2837099755499554e-15
