200.0 0.0 0.0 0.0 0.0 0.0
201.0 0.0 0.0 0.0 0.0 0.0
202.0 0.0 0.0 0.0 0.0 0.0
203.0 0.0 0.0 0.0 0.0 0.0
204.0 0.0 0.0 0.0 0.0 0.0
205.0 0.0 0.0 0.0 0.0 0.0
206.0 0.0 0.0 0.0 0.0 0.0
207.0 0.0 0.0 0.0 0.0 0.0
208.0 0.0 0.0 0.0 0.0 0.0
209.0 0.0 0.0 0.0 0.0 0.0
210.0 0.0 0.0 0.0 0.0 0.0
211.0 0.0 0.0 0.0 0.0 0.0
212.0 0.0 0.0 0.0 0.0 0.0
213.0 0.0 0.0 0.0 0.0 0.0
214.0 0.0 0.0 0.0 0.0 0.0
215.0 0.0 0.0 0.0 0.0 0.0
216.0 0.0 0.0 0.0 0.0 0.0
217.0 0.0 0.0 0.0 0.0 0.0
218.0 0.0 0.0 0.0 0.0 0.0
219.0 0.0 0.0 0.0 0.0 0.0
220.0 0.0 0.0 0.0 0.0 0.0
221.0 0.0 0.0 0.0 0.0 0.0
222.0 0.0 0.0 0.0 0.0 0.0
223.0 0.0 0.0 0.0 0.0 0.0
224.0 0.0 0.0 0.0 0.0 0.0
225.0 0.0 0.0 0.0 0.0 0.0
226.0 0.0 0.0 0.0 0.0 0.0
227.0 0.0 0.0 0.0 0.0 0.0
228.0 0.0 0.0 0.0 0.0 0.0
229.0 0.0 0.0 0.0 0.0 0.0
230.0 0.0 0.0 0.0 0.0 0.0
231.0 0.0 0.0 0.0 0.0 0.0
232.0 0.0 0.0 0.0 0.0 0.0
233.0 0.0 0.0 0.0 0.0 0.0
234.0 0.0 0.0 0.0 0.0 0.0
235.0 0.0 0.0 0.0 0.0 0.0
236.0 0.0 0.0 0.0 0.0 0.0
237.0 0.0 0.0 0.0 0.0 0.0
238.0 0.0 0.0 0.0 0.0 0.0
239.0 0.0 0.0 0.0 0.0 0.0
240.0 0.0 0.0 0.0 0.0 0.0
241.0 0.0 0.0 0.0 0.0 0.0
242.0 0.0 0.0 0.0 0.0 0.0
243.0 0.0 0.0 0.0 0.0 0.0
244.0 0.0 0.0 0.0 0.0 0.0
245.0 0.0 0.0 0.0 0.0 0.0
246.0 0.0 0.0 0.0 0.0 0.0
247.0 0.0 0.0 0.0 0.0 0.0
248.0 0.0 0.0 0.0 0.0 0.0
249.0 0.0 0.0 0.0 0.0 0.0
250.0 0.0 0.0 0.0 0.0 0.0
251.0 0.0 0.0 0.0 0.0 0.0
252.0 0.0 0.0 0.0 0.0 0.0
253.0 0.0 0.0 0.0 0.0 0.0
254.0 0.0 0.0 0.0 0.0 0.0
255.0 0.0 0.0 0.0 0.0 0.0
256.0 0.0 0.0 0.0 0.0 0.0
257.0 0.0 0.0 0.0 0.0 0.0
258.0 0.0 0.0 0.0 0.0 0.0
259.0 0.0 0.0 0.0 0.0 0.0
260.0 0.0 0.0 0.0 0.0 0.0
261.0 0.0 0.0 0.0 0.0 0.0
262.0 0.0 0.0 0.0 0.0 0.0
263.0 0.0 0.0 0.0 0.0 0.0
264.0 0.0 0.0 0.0 0.0 0.0
265.0 0.0 0.0 0.0 0.0 0.0
266.0 0.0 0.0 0.0 0.0 0.0
267.0 0.0 0.0 0.0 0.0 0.0
268.0 0.0 0.0 0.0 0.0 0.0
269.0 0.0 0.0 0.0 0.0 0.0
270.0 0.0 0.0 0.0 0.0 0.0
271.0 0.0 0.0 0.0 0.0 0.0
272.0 0.0 0.0 0.0 0.0 0.0
273.0 0.0 0.0 0.0 0.0 0.0
274.0 0.0 0.0 0.0 0.0 0.0
275.0 0.0 0.0 0.0 0.0 0.0
276.0 0.0 0.0 0.0 0.0 0.0
277.0 0.0 0.0 0.0 0.0 0.0
278.0 0.0 0.0 0.0 0.0 0.0
279.0 0.0 0.0 0.0 0.0 0.0
280.0 0.0 0.0 0.0 0.0 0.0
281.0 0.0 0.0 0.0 0.0 0.0
282.0 0.0 0.0 0.0 0.0 0.0
283.0 0.0 0.0 0.0 0.0 0.0
284.0 0.0 0.0 0.0 0.0 0.0
285.0 0.0 0.0 0.0 0.0 0.0
286.0 0.0 0.0 0.0 0.0 0.0
287.0 0.0 0.0 0.0 0.0 0.0
288.0 0.0 0.0 0.0 0.0 0.0
289.0 0.0 0.0 0.0 0.0 0.0
290.0 0.0 0.0 0.0 0.0 0.0
291.0 0.0 0.0 0.0 0.0 0.0
292.0 0.0 0.0 0.0 0.0 0.0
293.0 0.0 0.0 0.0 0.0 0.0
294.0 0.0 0.0 0.0 0.0 0.0
295.0 0.0 0.0 0.0 0.0 0.0
296.0 0.0 0.0 0.0 0.0 0.0
297.0 0.0 0.0 0.0 0.0 0.0
298.0 0.0 0.0 0.0 0.0 0.0
299.0 0.0 0.0 0.0 0.0 0.0
300.0 0.0 0.0 0.0 0.0 0.0
301.0 0.0 0.0 0.0 0.0 0.0
302.0 0.0 0.0 0.0 0.0 0.0
303.0 0.0 0.0 0.0 0.0 0.0
304.0 0.0 0.0 0.0 0.0 0.0
305.0 0.0 0.0 0.0 0.0 0.0
306.0 0.0 0.0 0.0 0.0 0.0
307.0 0.0 0.0 0.0 0.0 0.0
308.0 0.0 0.0 0.0 0.0 0.0
309.0 0.0 0.0 0.0 0.0 0.0
310.0 0.0 0.0 0.0 0.0 0.0
311.0 0.0 0.0 0.0 0.0 0.0
312.0 0.0 0.0 0.0 0.0 0.0
313.0 0.0 0.0 0.0 0.0 0.0
314.0 0.0 0.0 0.0 0.0 0.0
315.0 0.0 0.0 0.0 0.0 0.0
316.0 0.0 0.0 0.0 0.0 0.0
317.0 0.0 0.0 0.0 0.0 0.0
318.0 0.0 0.0 0.0 0.0 0.0
319.0 0.0 0.0 0.0 0.0 0.0
320.0 0.0 0.0 0.0 0.0 0.0
321.0 0.0 0.0 0.0 0.0 0.0
322.0 0.0 0.0 0.0 0.0 0.0
323.0 0.0 0.0 0.0 0.0 0.0
324.0 0.0 0.0 0.0 0.0 0.0
325.0 0.0 0.0 0.0 0.0 0.0
326.0 0.0 0.0 0.0 0.0 0.0
327.0 0.0 0.0 0.0 0.0 0.0
328.0 0.0 0.0 0.0 0.0 0.0
329.0 0.0 0.0 0.0 0.0 0.0
330.0 0.0 0.0 0.0 0.0 0.0
331.0 0.0 0.0 0.0 0.0 0.0
332.0 0.0 0.0 0.0 0.0 0.0
333.0 0.0 0.0 0.0 0.0 0.0
334.0 0.0 0.0 0.0 0.0 0.0
335.0 9.376739110104428e-17 1.717473311983578e-17 1.3179213873498577e-22 2.1867677755475733e-81 1.570283041782447e-20
336.0 9.369136286285605e-17 1.724771847760936e-17 1.3707377684245195e-22 3.497140134939778e-81 1.610141261315731e-20
337.0 9.361543689763243e-17 1.7320502223747298e-17 1.4253321301536278e-22 5.577137510062962e-81 1.6507583789532365e-20
338.0 9.353961139916782e-17 1.7393083517536278e-17 1.4817519367755363e-22 8.86968852144464e-81 1.6921432189230663e-20
339.0 9.346388450702089e-17 1.7465461520807047e-17 1.5400455385210402e-22 1.4067428255040374e-80 1.734304611937643e-20
340.0 1.867765086130305e-16 3.507527079482575e-17 3.200524357130428e-22 4.450111242791557e-80 3.554502787592667e-20
341.0 1.8662543765743223e-16 3.5219208625415675e-17 3.324903999656147e-22 7.019840250976693e-80 3.6419848079582997e-20
342.0 1.8647455210090518e-16 3.5362734866077017e-17 3.4533321032417066e-22 1.1043940121618192e-79 3.731072968465849e-20
343.0 2.7948577168296015e-16 5.3258771775709e-17 5.378868888397373e-22 2.5993376848979825e-79 5.732677431446334e-20
344.0 3.723466409146672e-16 7.129709182444608e-17 7.4455024590066305e-22 5.423872138941894e-79 7.828276898923763e-20
345.0 3.7204593147050777e-16 7.158165476784168e-17 7.727911256887437e-22 8.466188774640723e-79 8.016302267832992e-20
346.0 4.646819478554453e-16 8.983172649032445e-17 1.0024088163109254e-21 1.6476188497282267e-78 1.0259601701680081e-19
347.0 5.571682682684271e-16 1.0822240162926227e-16 1.2479704471025563e-21 3.070341948803963e-78 1.2603674258647503e-19
348.0 7.422915675203958e-16 1.4486062219359524e-16 1.725947015881222e-21 6.341233541051773e-78 1.7201284003669047e-19
349.0 8.344043176886825e-16 1.6360089268834456e-16 2.0135918455615523e-21 1.1022586165408038e-77 1.980516176737666e-19
350.0 1.0190049136363528e-15 2.0072760034944694e-16 2.5516488511628378e-21 2.076391383712701e-77 2.4770462993838207e-19
351.0 1.2033073241515165e-15 2.3813188146120626e-16 3.1259315760330644e-21 3.7727929110908855e-77 2.9952383824714417e-19
352.0 1.4797994059322735e-15 2.9419993946462075e-16 3.987249032572144e-21 7.121629096931028e-77 3.7713441167299604e-19
353.0 1.7558449242520161e-15 3.5068186676624046e-16 4.906077147215745e-21 1.293893168299711e-76 4.580996305458766e-19
354.0 2.1237828049142988e-15 4.2610187766730884e-16 6.15243283428306e-21 2.390631977475215e-76 5.671616282889974e-19
355.0 2.4911262817201043e-15 5.020698617729217e-16 7.480535748208056e-21 4.2731896045198805e-76 6.8086092225467365e-19
356.0 3.0422551031877944e-15 6.159111386842782e-16 9.467713861962846e-21 7.933740896167774e-76 8.5087873096222295e-19
357.0 3.592493449393141e-15 7.305694195333063e-16 1.1584335111037896e-20 1.4209707610013298e-75 1.0280667756905731e-18
358.0 4.325924070931644e-15 8.836425415771581e-16 1.445085271648362e-20 2.5891914772285885e-75 1.2664904701131504e-18
359.0 5.1501356884781395e-15 1.056666283254179e-15 1.7819161011282376e-20 4.653694401350205e-75 1.5423546936347924e-18
360.0 6.064906767743158e-15 1.249839044402971e-15 2.1730111950269942e-20 8.254739569936806e-75 1.857708595389044e-18
361.0 7.25365271612082e-15 1.5013671581615554e-15 2.6907900146934415e-20 1.4837149339600732e-74 2.2721859357023385e-18
362.0 8.623963419875552e-15 1.7927789903583453e-15 3.311553869285671e-20 2.6450729163496513e-74 2.762319338983868e-18
363.0 1.0175395784488139e-14 2.1244692193736035e-15 4.043853784130817e-20 4.669278061658472e-74 3.332305624174713e-18
364.0 1.20906993734842e-14 2.5352425420006626e-15 4.9720192087064666e-20 8.282399461273687e-74 4.0477956797692084e-18
365.0 1.4368987547975966e-14 3.0258888909394124e-15 6.113127935392235e-20 1.466168153472103e-73 4.917161968591529e-18
366.0 1.7009374108029686e-14 3.5971926912285056e-15 7.48515774855863e-20 2.579604740886583e-73 5.949025579078905e-18
367.0 2.0102347459846776e-14 4.269338906831393e-15 9.148601968265959e-20 4.521483123124192e-73 7.184918278712987e-18
368.0 2.3738100485872873e-14 5.062771361076448e-15 1.1170431060152678e-19 7.90167459009399e-73 8.669367105197679e-18
369.0 2.8006530575225282e-14 5.9981903992348945e-15 1.3624501285649506e-19 1.3767301437991913e-72 1.0450001376962578e-17
370.0 3.299723958027962e-14 7.096550530477178e-15 1.6591979631327408e-19 2.390387058134708e-72 1.257766133631385e-17
371.0 3.8890612415195e-14 8.398727199122901e-15 2.0209113505943273e-19 4.1431312129683644e-72 1.5141969696368797e-17
372.0 4.5775437810916424e-14 9.92637164406358e-15 2.4577634907657894e-19 7.156640428156258e-72 1.820270188555953e-17
373.0 5.3831139367714586e-14 1.172117995390933e-14 2.9858644497082807e-19 1.2325648800311107e-71 2.1860169988947728e-17
374.0 6.323654870812526e-14 1.3825350194729056e-14 3.6229142382153543e-19 2.116205353974674e-71 2.6221406486507186e-17
375.0 7.416990495492161e-14 1.628157757313171e-14 4.388297311138755e-19 3.6203603484578812e-71 3.1400390239680804e-17
376.0 8.699027275920933e-14 1.9173035028710692e-14 5.314263536592255e-19 6.180978113111733e-71 3.759668369447495e-17
377.0 1.0196489612848775e-13 2.256383814838714e-14 6.430628011979711e-19 1.0525302285700906e-70 4.4983522034603935e-17
378.0 1.1945068973861608e-13 2.6538957593491113e-14 7.775861281619977e-19 1.7877704488729294e-70 5.378586393838917e-17
379.0 1.397128925629675e-13 3.116416120997179e-14 9.386006819316854e-19 3.025849885335917e-70 6.420159841017387e-17
380.0 1.6328709034864783e-13 3.656667697664724e-14 1.1319017888846036e-18 5.1074705820770423e-70 7.656752398360037e-17
381.0 1.907070847817208e-13 4.287519994798452e-14 1.3638442637184908e-18 8.598564602213744e-70 9.124243560382902e-17
382.0 2.2259515587853844e-13 5.0240250439053084e-14 1.6420403519828813e-18 1.4439378717948713e-69 1.0865189259832277e-16
383.0 2.594813046692057e-13 5.879360020514385e-14 1.9741221048383688e-18 2.417060998210053e-69 1.2920336281407695e-16
384.0 3.0234432409300557e-13 6.877093139219665e-14 2.371918650546584e-18 4.036580465461824e-69 1.5355737877605748e-16
385.0 3.5197963685691864e-13 8.036945192171112e-14 2.8469267516364703e-18 6.722758093455277e-69 1.823235857344616e-16
386.0 4.094498753632932e-13 9.385035890587127e-14 3.413906114799217e-18 1.1167167909483808e-68 2.1629086048265037e-16
387.0 4.759039702450346e-13 1.0949837182275014e-13 4.089724543635585e-18 1.850011557254726e-68 2.563450132724978e-16
388.0 5.526665890149877e-13 1.2764275278510114e-13 4.894340624821492e-18 3.0565940940423593e-68 3.0352413229263114e-16
389.0 6.414168727695442e-13 1.4869949493559478e-13 5.852756879288843e-18 5.037872108492977e-68 3.591298900772559e-16
390.0 7.43738573302242e-13 1.7306816588914094e-13 6.99138024339284e-18 8.280910158227782e-68 4.2449214215760407e-16
391.0 8.617475880159295e-13 2.0127804554537367e-13 8.344092422373082e-18 1.3577307510901187e-67 5.013314516719966e-16
392.0 9.976420882389348e-13 2.338849494471244e-13 9.94866050365608e-18 2.220316506558252e-67 5.915246395428482e-16
393.0 1.1542388077485631e-12 2.7159775042592454e-13 1.185253498140758e-17 3.622254426532855e-67 6.974369455785026e-16
394.0 1.3342554092211596e-12 3.1511154498399266e-13 1.4106383089042938e-17 5.893968729514895e-67 8.215192973659695e-16
395.0 1.54129310335889e-12 3.653401050374607e-13 1.6774862067719264e-17 9.567265805984098e-67 9.669236601088266e-16
396.0 1.7791190717533006e-12 4.2324894738994607e-13 1.9930222063083774e-17 1.5491563084005267e-66 1.1371010775637736e-15
397.0 2.0522005533066375e-12 4.899835226735934e-13 2.365904345340926e-17 2.5024024287558877e-66 1.336165391642417e-15
398.0 2.3653454836891697e-12 5.667860709147217e-13 2.805947616673189e-17 4.0322193855640696e-66 1.568703732985779e-15
399.0 2.7243239031977006e-12 6.551464661858512e-13 3.3249806178467075e-17 6.481733104353486e-66 1.8402248310831128e-15
400.0 3.135508035705093e-12 7.5671942223718e-13 3.936606174348281e-17 1.039439557381489e-65 2.1569795786683506e-15
401.0 3.6061360848921002e-12 8.733908908237415e-13 4.6567033407541284e-17 1.6629295652439578e-65 2.5261938038593567e-15
402.0 4.144485877359667e-12 1.0073238912630373e-12 5.5038770657542586e-17 2.654175838167669e-65 2.956258593919945e-15
403.0 4.759781481217439e-12 1.1609400849532496e-12 6.499595380791437e-17 4.226350379095508e-65 3.4567425072084364e-15
404.0 5.4626319669336865e-12 1.3370310988817637e-12 7.669067964604466e-17 6.714246949741549e-65 4.038792684442081e-15
405.0 6.26493658910985e-12 1.538741020997206e-12 9.041473199318141e-17 1.0642203663755784e-64 4.71517194213063e-15
406.0 7.179967313992681e-12 1.769592094196441e-12 1.0650447055548841e-16 1.682924592149201e-64 5.500427850448306e-15
407.0 8.223069582190573e-12 2.033663703265226e-12 1.2535555897906225e-16 2.6553168164596723e-64 6.41155418391545e-15
408.0 9.411299565627046e-12 2.3355109823755896e-12 1.4742303027634545e-16 4.180133091795192e-64 7.467870345277926e-15
409.0 1.0763945572365379e-11 2.6803016986742863e-12 1.7323498461526008e-16 6.565882095580076e-64 8.691590052697456e-15
410.0 1.2302693968605468e-11 3.0738669304605213e-12 2.0340208147902565e-16 1.0290364998313056e-63 1.010814709003599e-14
411.0 1.4051882170725112e-11 3.522774371495784e-12 2.386293419704031e-16 1.6091881754945263e-63 1.1746614432696686e-14
412.0 1.6039190184251778e-11 4.034513181712036e-12 2.797367191623069e-16 2.510927691901086e-63 1.364052521337026e-14
413.0 1.8295449012736407e-11 4.617459393505305e-12 3.2766627347714523e-16 3.9094597878648477e-63 1.5827998226129883e-14
414.0 2.085541623059447e-11 5.2810851960191914e-12 3.8350718132919346e-16 6.073816757457641e-63 1.8352707064007815e-14
415.0 2.3758108336196196e-11 6.036059459113739e-12 4.485152446258421e-16 9.416202367905675e-63 2.126453180005966e-14
416.0 2.7047306445453486e-11 6.894394037679268e-12 5.241374900612106e-16 1.456685099189525e-62 2.4620410306324473e-14
417.0 3.077197134818768e-11 7.869569353534959e-12 6.120373279904412e-16 2.2487230128061107e-62 2.848516499263375e-14
418.0 3.49873563016407e-11 8.976840987270016e-12 7.14136175198171e-16 3.4641493198930837e-62 3.293303928789743e-14
419.0 3.975480150352161e-11 1.0233212394050912e-11 8.326320476999484e-16 5.325376027949669e-62 3.804809326577101e-14
420.0 4.514345161572753e-11 1.1657903081358444e-11 9.700600511917632e-16 8.16968938676409e-62 4.3926469590172e-14
421.0 5.123047930545689e-11 1.3272438189706776e-11 1.1293269160861273e-15 1.250744582320684e-61 5.067736662489524e-14
422.0 5.8102004739232636e-11 1.510091991664047e-11 1.313763622593014e-15 1.9109287902288562e-61 5.842475688994075e-14
423.0 6.585453225037637e-11 1.717043820380991e-11 1.5271948991871463e-15 2.9136699021661463e-61 6.730974992102495e-14
424.0 7.459568183546792e-11 1.951130394208638e-11 1.7739989517156459e-15 4.4336571370727836e-61 7.749239432197163e-14
425.0 8.444543764111334e-11 2.2157421254917802e-11 2.059184676615625e-15 6.733100275646349e-61 8.915413193112061e-14
426.0 9.55379099915226e-11 2.5146800918924642e-11 2.3884887619350325e-15 1.0204837323859394e-60 1.0250096574574692e-13
427.0 1.0802221826755593e-10 2.8521850128782587e-11 2.768459648690534e-15 1.5436189137749183e-60 1.1776589109331838e-13
428.0 1.2206492896305383e-10 3.233007824969809e-11 3.2065889157214067e-15 2.3303648140066105e-60 1.3521318654360946e-13
429.0 1.3785109206934907e-10 3.662444189723224e-11 3.711417937859388e-15 3.5112578732103494e-60 1.5514143385724075e-13
430.0 1.5558674186602176e-10 4.146408504426182e-11 4.2926931291478316e-15 5.280343659776186e-60 1.778883788675111e-13
431.0 1.7550112227996735e-10 4.691501742731791e-11 4.961527974133575e-15 7.925528372525355e-60 2.0383580321285534e-13
432.0 1.9784898396485496e-10 5.3050822692429824e-11 5.730581409132487e-15 1.187316573960489e-59 2.3341479240780995e-13
433.0 2.2291303862854078e-10 5.995341963264239e-11 6.6142562411543064e-15 1.775342664817268e-59 2.671115222473469e-13
434.0 2.510076904857759e-10 6.771417946028108e-11 7.628953277935042e-15 2.6496062170468957e-59 3.0547495768009526e-13
435.0 2.8248119226148245e-10 7.643463446337066e-11 8.793299864426059e-15 3.947016250671629e-59 3.491231192194774e-13
436.0 3.1772002364582724e-10 8.622779971814413e-11 1.0128466959955183e-14 5.868814552554249e-59 3.987524895855776e-13
437.0 3.571527246241276e-10 9.721936706513386e-11 1.165849720146948e-14 8.710265225711306e-59 4.551473449013045e-13
438.0 4.0125361632885176e-10 1.0954888625907954e-10 1.341065705148859e-14 1.2903780618295604e-58 5.19189515970848e-13
439.0 4.505479545748028e-10 1.233713556555086e-10 1.541586676930174e-14 1.908149451128218e-58 5.918706120641432e-13
440.0 5.056171335509173e-10 1.3885885074193647e-10 1.7709169403858687e-14 2.8165857931297987e-58 6.743050814616317e-13
441.0 5.671036814747287e-10 1.56202119539758e-10 2.0330231858500498e-14 4.150053436108457e-58 7.677437907012295e-13
442.0 6.357182738353069e-10 1.7561275837697208e-10 2.3323960559418517e-14 6.103933360986928e-58 8.735911761660499e-13
443.0 7.122455859094577e-10 1.9732509870104922e-10 2.6741126580298767e-14 8.961819601439638e-58 9.934218501039504e-13
444.0 7.975521516113873e-10 2.2159867818703434e-10 3.063911764739085e-14 1.3134632924199223e-57 1.129001008834589e-12
445.0 8.92594336293295e-10 2.487207799170826e-10 3.5082757650620336e-14 1.92167541747319e-57 1.282306248526866e-12
446.0 9.98426762207427e-10 2.7900913470761613e-10 4.0145211305551446e-14 2.8066441631011507e-57 1.4555513374128984e-12
447.0 1.1162119482204791e-09 3.128150023300398e-10 4.5909011655592364e-14 4.092085679724313e-57 1.6512131781217134e-12
448.0 1.2472309833026365e-09 3.5052658744729296e-10 5.2467214506677205e-14 5.956031695039218e-57 1.8720619150287476e-12
449.0 1.39289437473754e-09 3.925725536463967e-10 5.992465400819608e-14 8.654240088952198e-57 2.1211930844086366e-12
450.0 1.554754595599602e-09 4.3942606713688354e-10 6.839937240766343e-14 1.255351213885923e-56 2.4020642426923327e-12
451.0 1.734519468927044e-09 4.916091347775098e-10 7.802420192535059e-14 1.8179025366408177e-56 2.7185350407878432e-12
452.0 1.934066972833814e-09 5.496974067804421e-10 8.89485372768307e-14 2.628147104160745e-56 3.074911868135428e-12
453.0 2.1554605225211396e-09 6.143251825324046e-10 1.0134027090319826e-13 3.7932112020975687e-56 3.475995837913659e-12
454.0 2.4009667511513395e-09 6.861911996386288e-10 1.1538799854088393e-13 5.465718026727738e-56 3.927137572013487e-12
455.0 2.6730739944587504e-09 7.660647050990462e-10 1.313034328919609e-13 7.862755674433118e-56 4.434296291780429e-12
456.0 2.9745124821193775e-09 8.547921002505886e-10 1.4932408962965606e-13 1.1292605294143441e-55 5.0041051076795005e-12
457.0 3.3082766401290824e-09 9.533042848445731e-10 1.6971628869977985e-13 1.6192345398648887e-55 5.643943574885299e-12
458.0 3.6776488103156363e-09 1.0626245108085515e-09 1.927784611092174e-13 2.318067055948645e-55 6.3620167712418016e-12
459.0 4.086225211763624e-09 1.1838769918121638e-09 2.1884482784289651e-13 3.313196536712284e-55 7.167442698352298e-12
460.0 4.537944121388793e-09 1.3182962736458234e-09 2.482894799116279e-13 4.728002364189404e-55 8.070348470235195e-12
461.0 5.0371159148646635e-09 1.4672372723170198e-09 2.815308711244633e-13 6.736304404855654e-55 9.081975159238514e-12
462.0 5.588456454867461e-09 1.6321864235353254e-09 3.1903683873795517e-13 9.582602919430956e-55 1.0214794487017752e-11
463.0 6.197122202922953e-09 1.814773485502681e-09 3.6133010171548625e-13 1.3610285286364215e-54 1.1482635096144753e-11
464.0 6.868749123055999e-09 2.0167846107352215e-09 4.0899439244636494e-13 1.930087820377879e-54 1.2900822766764646e-11
465.0 7.609493835290065e-09 2.240176252600965e-09 4.626811805904088e-13 2.7328583517376935e-54 1.4486332505225567e-11
466.0 8.426078826171267e-09 2.4870904511278377e-09 5.231171426035518e-13 3.863593792267974e-54 1.6257956602467134e-11
467.0 9.325840756661903e-09 2.7598712349116953e-09 5.911123758589438e-13 5.453861656243272e-54 1.8236487741997693e-11
468.0 1.0316782912368474e-08 3.0610824646793894e-09 6.675694788988077e-13 7.687039232433911e-54 2.044492003723755e-11
469.0 1.1407631417111452e-08 3.3935270267895493e-09 7.534935391069313e-13 1.0818333391638733e-53 2.29086682624002e-11
470.0 1.2607896244148202e-08 3.760267703990867e-09 8.500031635173147e-13 1.5202388845920583e-53 2.565580836586651e-11
471.0 1.3927936638473436e-08 4.164649632106695e-09 9.583426053449742e-13 2.1331304593671817e-53 2.8717339675923433e-11
472.0 1.5379031642097443e-08 4.610324572081961e-09 1.079895114075714e-12 2.988690606676587e-53 3.212747141239161e-11
473.0 1.6973455992193697e-08 5.101277104072302e-09 1.216197618403727e-12 4.181251401884053e-53 3.592393540880059e-11
474.0 1.8724562153016896e-08 5.641852999668083e-09 1.3689568946525097e-12 5.841134078846017e-53 4.01483280997423e-11
475.0 2.064686766510108e-08 6.236789556312884e-09 1.5400672692674757e-12 8.148119562491725e-53 4.484648161134517e-11
476.0 2.2756150050084367e-08 6.891248597888449e-09 1.7316301318298379e-12 1.1349863965983554e-52 5.006887037530244e-11
477.0 2.5069547945606317e-08 7.610851776886655e-09 1.9459752905916888e-12 1.5787037899721508e-52 5.587105229278759e-11
478.0 2.7605669949963448e-08 8.401718659052281e-09 2.185684414646378e-12 2.1927596437104392e-52 6.231414955856229e-11
479.0 3.038471206380384e-08 9.270507899376019e-09 2.4536167834158684e-12 3.041343091093312e-52 6.946537329020801e-11
480.0 3.3428582471798225e-08 1.0224461167541386e-08 2.752937405824809e-12 4.212378584622667e-52 7.739859140689195e-11
481.0 3.676103618355815e-08 1.1271450630920399e-08 3.0871478800315125e-12 5.826134790620193e-52 8.619494782506495e-11
482.0 4.040781948819203e-08 1.2420030029773604e-08 3.4601201852757345e-12 8.046895075562564e-52 9.594353560175651e-11
483.0 4.439682360122232e-08 1.3679489201317394e-08 3.876133555549616e-12 1.1098756402987518e-51 1.0674212533500213e-10
484.0 4.875825055554172e-08 1.5059913039712795e-08 4.339914912487657e-12 1.528698836045227e-51 1.186979589967014e-10
485.0 5.352478987070822e-08 1.6572244498337325e-08 4.8566829761843655e-12 2.102686945149732e-51 1.3192860905100915e-10
486.0 5.873180722973948e-08 1.8228352067900754e-08 5.4321964128131704e-12 2.8882565700646316e-51 1.4656290916920703e-10
487.0 6.441754759295844e-08 2.0041102544389935e-08 6.072806519294758e-12 3.961947933556369e-51 1.62741966271039e-10
488.0 7.062335035890449e-08 2.2024438411889193e-08 6.785514529226662e-12 5.427463874782137e-51 1.8062025199384984e-10
489.0 7.739388076510237e-08 2.4193461208385807e-08 7.578034247788472e-12 7.425122375544646e-51 2.0036678824244902e-10
490.0 8.477737632838601e-08 2.656452057727283e-08 8.458860260249838e-12 1.0144533295666013e-50 2.2216642849510177e-10
491.0 9.28259092308931e-08 2.91553093611778e-08 9.437342170824025e-12 1.3841576715097347e-50 2.4622124194596756e-10
492.0 1.0159566739591869e-07 3.198496567826975e-08 1.0523765548484906e-11 1.8861113113918463e-50 2.72752012848541e-10
493.0 1.111472530102049e-07 3.507418167852036e-08 1.1729439894941362e-11 2.5667320691812224e-50 3.0199985742547984e-10
494.0 1.2154600143793247e-07 3.8445319994311294e-08 1.306679439989589e-11 3.4884169387608887e-50 3.342279720473551e-10
495.0 1.3286232029503223e-07 4.212253790941338e-08 1.4549481966779715e-11 4.734934900327908e-50 3.6972351845552807e-10
496.0 1.4517205053013094e-07 4.6131919928544565e-08 1.6192492241722488e-11 6.418603214173545e-50 4.087996577520029e-10
497.0 1.5855685116611144e-07 5.050161937860605e-08 1.801227440902319e-11 8.689824918300622e-50 4.517977449830984e-10
498.0 1.7310460764428292e-07 5.526200913510902e-08 2.0026870369952804e-11 1.1749748360451056e-49 4.990896918262776e-10
499.0 1.8890986657679434e-07 6.044584248244125e-08 2.225605928401919e-11 1.586704970747772e-49 5.510805134126203e-10
500.0 2.0607429751240336e-07 6.608842442650318e-08 2.4721514262593062e-11 2.1400153375231608e-49 6.082110697775391e-10
501.0 2.2470718285564886e-07 7.222779395282e-08 2.7446972110170783e-11 2.882661577703045e-49 6.709610144043313e-10
502.0 2.449259389588417e-07 7.890491833441471e-08 3.0458417293124014e-11 3.87819338134968e-49 7.398519685326743e-10
503.0 2.668566678588198e-07 8.616389946490026e-08 3.3784280953236276e-11 5.211073776266324e-49 8.154509301333801e-10
504.0 2.906347434790742e-07 9.405219359540603e-08 3.745565636991855e-11 6.99342383678794e-49 8.98373939990091e-10
505.0 3.164054322518891e-07 1.026208446211858e-07 4.1506531874449004e-11 9.373898055305176e-49 9.892900165723636e-10
506.0 3.4432455070322585e-07 1.1192473190361366e-07 4.597404260462661e-11 1.2549349330839986e-48 1.0889253798300663e-09
507.0 3.745591625681698e-07 1.220228336349658e-07 5.089874258104787e-11 1.6780141950825617e-48 1.1980679851285455e-09
508.0 4.0728831613673464e-07 1.3297850615704372e-07 5.632489842166334e-11 2.2410229288575525e-48 1.3175723835435196e-09
509.0 4.427038242263804e-07 1.4485978020254036e-07 6.230080631141039e-11 2.9893447422430526e-48 1.4483649308061998e-09
510.0 4.810110895131321e-07 1.577396751505057e-07 6.887913398854903e-11 3.982790831342648e-48 1.5914493693298396e-09
511.0 5.22429976478001e-07 1.7169653191668698e-07 7.611728940183359e-11 5.30009344458606e-48 1.7479128039683223e-09
512.0 5.671957330580163e-07 1.8681436570880458e-07 8.407781804627764e-11 7.04476970753229e-48 1.9189320990987106e-09
513.0 6.155599636896751e-07 2.0318323943032232e-07 9.282883089631108e-11 9.352764787983839e-48 2.105780721133592e-09
514.0 6.677916563124549e-07 2.208996588152948e-07 1.0244446508834922e-10 1.240240276375658e-47 2.3098360545263376e-09
515.0 7.241782657524107e-07 2.400669903408596e-07 1.1300537960202579e-10 1.642732698929527e-47 2.5325872200180336e-09
516.0 7.850268567674472e-07 2.607959032621446e-07 1.245992884477948e-10 2.173330875899959e-47 2.7756434281043497e-09
517.0 8.506653080879517e-07 2.8320483648262684e-07 1.3732153369905643e-10 2.8720055628303586e-47 3.040742895214205e-09
518.0 9.214435810502854e-07 3.0742049173384554e-07 1.512757011864657e-10 3.790947433764497e-47 3.329762359174265e-09
519.0 9.977350559383226e-07 3.335783543954741e-07 1.6657428175308897e-10 4.998225725588932e-47 3.6447272304011362e-09
520.0 1.0799379378981163e-06 3.618232428833813e-07 1.8333938091382172e-10 6.58251902492503e-47 3.987822412161055e-09
521.0 1.1684767359098658e-06 3.92309888085224e-07 2.0170348017627268e-10 8.65922552636138e-47 4.361403830428395e-09
522.0 1.2638038185062912e-06 4.2520354440940116e-07 2.2181025349230362e-10 1.1378346210668248e-46 4.768010716336652e-09
523.0 1.3664010477411587e-06 4.6068063329474056e-07 2.4381544210681594e-10 1.4934644062374925e-46 5.210378677674734e-09
524.0 1.4767814967430812e-06 4.989294213286814e-07 2.6788779190788776e-10 1.9580722025966937e-46 5.691453611766459e-09
525.0 1.595491251988955e-06 5.401507337268675e-07 2.942100568463414e-10 2.5643839726890535e-46 6.214406498102896e-09
526.0 1.7231113053236054e-06 5.845587052511382e-07 3.2298007286828714e-10 3.354751417459284e-46 6.782649125479473e-09
527.0 1.8602595380110567e-06 6.323815697363697e-07 3.5441190652753425e-10 4.383923516685754e-46 7.399850799855661e-09
528.0 2.0075928013576157e-06 6.838624901745343e-07 3.887370830678887e-10 5.7225987838716054e-46 8.06995608972309e-09
529.0 2.1658090963208875e-06 7.392604306009294e-07 4.262058985961135e-10 7.461973244178449e-46 8.797203659422646e-09
530.0 2.3356498566020144e-06 7.98851071750342e-07 4.670888215866168e-10 9.719556999002741e-46 9.586146251017449e-09
531.0 2.5179023387273305e-06 8.629277721330091e-07 5.116779890212496e-10 1.2646605286566876e-45 1.0441671873574206e-08
532.0 2.7134021225582587e-06 9.318025761731841e-07 5.602888027005944e-10 1.6437602082184455e-45 1.1369026260485388e-08
533.0 2.923035726343924e-06 1.0058072713012335e-06 6.132616316579173e-10 2.1342350372853736e-45 1.2373836660401999e-08
534.0 3.1477433403464962e-06 1.0852944958802028e-06 6.70963626868097e-10 2.768136935737791e-45 1.3462137029335395e-08
535.0 3.3885216821412333e-06 1.1706388995457743e-06 7.337906545288026e-10 3.5865482530487814e-45 1.4640394689841603e-08
536.0 3.646426978786211e-06 1.2622383582763517e-06 8.021693549211588e-10 4.642071137169538e-45 1.5915538534417392e-08
537.0 3.922578078386205e-06 1.3605152456084e-06 8.765593335960456e-10 6.001987885744564e-45 1.7294988841321358e-08
538.0 4.218159696545097e-06 1.465917762454171e-06 9.574554925779517e-10 7.752268992520015e-45 1.878668878621934e-08
539.0 4.5344258006761954e-06 1.5789213271256758e-06 1.0453905090597436e-09 1.0002651036285819e-44 2.0399137724750384e-08
540.0 4.8727031362177835e-06 1.7000300275568672e-06 1.1409374696169332e-09 1.2893063393186841e-44 2.214142632820836e-08
541.0 5.234394900079717e-06 1.8297781381806723e-06 1.2447126686164536e-09 1.660175377188529e-44 2.402327366302779e-08
542.0 5.620984563371021e-06 1.9687317027946998e-06 1.3573785790942883e-09 2.1355551209753486e-44 2.605506629271714e-08
543.0 6.03403984926276e-06 2.117490186091115e-06 1.4796470056138916e-09 2.744281571738001e-44 2.8247899500680586e-08
544.0 6.475216869291831e-06 2.2766881956570945e-06 1.6122824284096727e-09 3.5229761459129645e-44 3.06136207237422e-08
545.0 6.9462644213370085e-06 2.4469972762393587e-06 1.7561055484635987e-09 4.518101172554332e-44 3.3164875288367665e-08
546.0 7.449028454977673e-06 2.629127778953763e-06 1.9119970441689713e-09 5.788545702110308e-44 3.591515455607309e-08
547.0 7.985456706518296e-06 2.823830806934842e-06 2.0809015497992046e-09 7.408875219041695e-44 3.887884657133992e-08
548.0 8.557603508507477e-06 3.0319002398293573e-06 2.2638318670350988e-09 9.473411684192175e-44 4.207128932014515e-08
549.0 9.167634776835752e-06 3.254174838939405e-06 2.461873420787503e-09 1.2101351028716178e-43 4.550882670182743e-08
550.0 9.817833179905153e-06 3.4915404353329324e-06 2.676188971344464e-09 1.5443175618256802e-43 4.920886732672639e-08
551.0 1.0510603492701099e-05 3.7449322026659704e-06 2.908023594876269e-09 1.968868154909797e-43 5.3189946246854006e-08
552.0 1.1248478139748121e-05 4.015337016881281e-06 3.1587099450763908e-09 2.5077017690271516e-43 5.747178973537015e-08
553.0 1.2034122930359223e-05 4.30379590475957e-06 3.4296738090234294e-09 3.1909228519760034e-43 6.207538323080534e-08
554.0 1.2870342988408471e-05 4.611406582888905e-06 3.7224399704700957e-09 4.056391014758732e-43 6.702304255876071e-08
555.0 1.3760088881576929e-05 4.939326089600949e-06 4.0386383949966975e-09 5.151673353297764e-43 7.233848856062332e-08
556.0 1.4706462950745606e-05 5.288773510904929e-06 4.380010750729341e-09 6.536476692247019e-43 7.804692523975351e-08
557.0 1.571272584455567e-05 5.661032803014368e-06 4.7484172800369195e-09 8.285674851449563e-43 8.417512156083724e-08
558.0 1.678230325908426e-05 6.057455712251349e-06 5.145844036626977e-09 1.0493072939844321e-42 9.075149701438571e-08
559.0 1.7918792887420613e-05 6.4794647948558255e-06 5.574410504358856e-09 1.327608371329724e-42 9.78062110864703e-08
560.0 1.9125971579196844e-05 6.928556537533118e-06 6.036377613173728e-09 1.6781531540065747e-42 1.0537125675140367e-07
561.0 2.0407802713092275e-05 7.4063045806429664e-06 6.534156168906059e-09 2.119284915441462e-42 1.1348055812335682e-07
562.0 2.176844378337923e-05 7.914363045233937e-06 7.070315713638084e-09 2.6738993138730176e-42 1.2217007239497047e-07
563.0 2.3212254201169402e-05 8.454469964977525e-06 7.647593833593262e-09 3.3705478383724514e-42 1.3147789619093962e-07
564.0 2.474380331228849e-05 9.028450824517023e-06 8.268905932450554e-09 4.244802257398681e-42 1.4144437647389092e-07
565.0 2.6367878631690015e-05 9.638222205012403e-06 8.937355487794264e-09 5.3409402581613384e-42 1.5211222613084958e-07
566.0 2.8089494294394483e-05 1.0285795537684094e-05 9.656244808888859e-09 6.714025982693255e-42 1.635266443708243e-07
567.0 2.9913899722995386e-05 1.0973280966172372e-05 1.0429086314444964e-08 8.43247563749635e-42 1.7573544206618535e-07
568.0 3.184658851163469e-05 1.1702891318472557e-05 1.1259614349458367e-08 1.0581218404772376e-41 1.8878917217152377e-07
569.0 3.389330752415238e-05 1.2476946188390409e-05 1.215179755988201e-08 1.3265587269787559e-41 2.0274126534232112e-07
570.0 3.606006620617111e-05 1.3297876127202803e-05 1.3109851845021365e-08 1.6616104013174243e-41 2.1764817088899673e-07
571.0 3.835314610854893e-05 1.4168226945341843e-05 1.4138253907153278e-08 2.0794358593037028e-41 2.3356950318942456e-07
572.0 4.0779110619562606e-05 1.5090664123875361e-05 1.5241755418220248e-08 2.600022677922562e-41 2.505681936832548e-07
573.0 4.3344814903629273e-05 1.6067977335702647e-05 1.642539782399582e-08 3.2480722784986014e-41 2.6871064857475357e-07
574.0 4.605741604197631e-05 1.7103085075477234e-05 1.769452780559096e-08 4.0540847668564814e-41 2.880669123566602e-07
575.0 4.892438337209439e-05 1.819903939776963e-05 1.905481341902093e-08 5.055687173269843e-41 3.087108372762551e-07
576.0 5.195350902138487e-05 1.9359030762430874e-05 2.0512260933341692e-08 6.299258276216358e-41 3.307202588560386e-07
577.0 5.5152918628252686e-05 2.0586392985283213e-05 2.2073232387290482e-08 7.841914497862658e-41 3.541771775671572e-07
578.0 5.853108224715464e-05 2.18846082934435e-05 2.374446388587903e-08 9.753934997722545e-41 3.791679467734125e-07
579.0 6.209682542873836e-05 2.3257312482548745e-05 2.5533084656503922e-08 1.212172053005392e-40 4.0578346702852807e-07
580.0 6.58593404696901e-05 2.4708300174411587e-05 2.7446636885676497e-08 1.5051400430247896e-40 4.3411938682981665e-07
581.0 6.982819782319184e-05 2.6241530172203707e-05 2.9493096356133096e-08 1.867322591962614e-40 4.642763099056506e-07
582.0 7.401335766172379e-05 2.7861130910530795e-05 3.168089390449735e-08 2.3146916561555955e-40 4.963600091169555e-07
583.0 7.842518158317675e-05 2.9571405997424795e-05 3.401893771941024e-08 2.8668161108762148e-40 5.304816470452309e-07
584.0 8.307444445014132e-05 3.137683984481778e-05 3.651663649958961e-08 3.54765152762158e-40 5.667580033291659e-07
585.0 8.797234635075805e-05 3.328210338344439e-05 3.9183923490583325e-08 4.386498849190417e-40 6.053117087981334e-07
586.0 9.313052467003853e-05 3.5292059858259625e-05 4.203128141909371e-08 5.419167100690148e-40 6.462714864501363e-07
587.0 9.856106626033792e-05 3.741177070031323e-05 4.5069768343524474e-08 6.689382376899927e-40 6.897723993159047e-07
588.0 0.0001042765196945548 3.964650146902122e-05 4.8311044436884456e-08 8.250493840968876e-40 7.359561052103161e-07
589.0 0.00011028990759171279 4.200172786100882e-05 5.1767399720615584e-08 1.0167537621579657e-39 7.849711184085478e-07
590.0 0.00011661473899715098 4.448314177880994e-05 5.545178276422139e-08 1.251973161708619e-39 8.36973078226694e-07
591.0 0.00012326502180283678 4.709665745387747e-05 5.937783036661551e-08 1.5403488677103456e-39 8.921250245024013e-07
592.0 0.0001302552751903054 4.9848417617133e-05 6.355989823322035e-08 1.893605287083261e-39 9.505976799424439e-07
593.0 0.00013760054207998958 5.2744799710681243e-05 6.801309266287225e-08 2.3259884083977165e-39 1.0125697393051996e-06
594.0 0.0001453164015662266 5.5792422132516256e-05 7.27533032557752e-08 2.854794062008817e-39 1.078228165344951e-06
595.0 0.0001534189813207149 5.8998150507284885e-05 7.779723665467263e-08 3.501003853666485e-39 1.147768491460764e-06
596.0 0.00016192496994370947 6.236910397474917e-05 8.316245132891712e-08 4.2900500964298515e-39 1.221395130957744e-06
597.0 0.00017085162923930462 6.591266148635361e-05 8.88673934086621e-08 5.25273516326555e-39 1.2993216927954405e-06
598.0 0.00018021680639704386 6.963646810246886e-05 9.493143357837364e-08 6.426335543094844e-39 1.38177130373101e-06
599.0 0.00019003894605330269 7.354844127939254e-05 1.0137490503330316e-07 7.855926642934356e-39 1.468976936687125e-06
600.0 0.0002003371022093302 7.765677713639993e-05 1.082191425030333e-07 9.595971199705446e-39 1.561181745187154e-06
601.0 0.00021113094998295622 8.196995669307232e-05 1.1548652234501282e-07 1.1712222235829411e-38 1.658639403688243e-06
602.0 0.00022244079716519878 8.64967520647817e-05 1.2320050370649312e-07 1.4284001033749062e-38 1.7616144535842433e-06
603.0 0.00023428759555764258 9.12462326058815e-05 1.3138567075418342e-07 1.740692187559809e-38 1.8703826546711452e-06
604.0 0.0002466929520630167 9.622777098869991e-05 1.4006777596749258e-07 2.1196148597520248e-38 1.9852313418258856e-06
605.0 0.00025967913949846206 0.00010145104920515835 1.4927378448777864e-07 2.5790283697589296e-38 2.106459786609313e-06
606.0 0.00027326910710507695 0.00010692606447930209 1.5903191951641644e-07 3.135600922574649e-38 2.2343795635195923e-06
607.0 0.00028748649072215583 0.00011266313507688359 1.6937170874961017e-07 3.8093620454651637e-38 2.3693149205634622e-06
608.0 0.00030235562259665606 0.0001186729059988296 1.8032403183693438e-07 4.6243618944863595e-38 2.5116031538111303e-06
609.0 0.00031790154079359067 0.00012496635454338937 1.9192116884549724e-07 5.609456172975565e-38 2.6615949855416335e-06
610.0 0.0003341499981795951 0.0001315547957241871 2.04196849713096e-07 6.79923987190354e-38 2.819654945619438e-06
611.0 0.0003511274709434455 0.0001384498875279433 2.1718630466625535e-07 8.23515719373265e-38 2.986161755652764e-06
612.0 0.00036886116661950796 0.00014566363599633378 2.309263155775985e-07 9.966819890841123e-38 3.161508715479906e-06
613.0 0.00038737903158377393 0.00015320840011776764 2.4545526823654964e-07 1.2053571956154553e-37 3.3461040915393962e-06
614.0 0.00040670975798199976 0.0001610968965107123 2.6081320549819206e-07 1.4566345285608596e-37 3.540371506570763e-06
615.0 0.00042688279006084884 0.0001693422038845394 2.7704188127914383e-07 1.7589858751015445e-37 3.744750330166228e-06
616.0 0.0004479283298622682 0.00017795776725949914 2.941848153595097e-07 2.1225222262930873e-37 3.9596960695784214e-06
617.0 0.0004698773422430243 0.00018695740192793838 3.122873489475758e-07 2.559301808238887e-37 4.185680760177575e-06
618.0 0.0004927615591894872 0.00019635529714196606 3.313967009658569e-07 3.08369441072444e-37 4.423193354998469e-06
619.0 0.0005166134833837115 0.0002061660195070461 3.5156202500441965e-07 3.712811839978163e-37 4.672740112668139e-06
620.0 0.00054146639098863 0.00021640451606551355 3.728344668913851e-07 4.46701611715904e-37 4.934844983082202e-06
621.0 0.0005673543336095833 0.00022708611704963977 3.9526722281963704e-07 5.370519018066731e-37 5.2100499900761275e-06
622.0 0.0005943121394019035 0.0002382265382887029 4.1891559797328253e-07 6.452088846869615e-37 5.498915610422729e-06
623.0 0.0006223754132785904 0.0002498418832481033 4.4383706558263307e-07 7.745883007906562e-37 5.8020211483169425e-06
624.0 0.00065158053618884 0.0002619486446851014 4.700913263438185e-07 9.292428043874297e-37 6.119965104632982e-06
625.0 0.0006819646634198974 0.00027456370589827285 4.977403681220187e-07 1.113977241274135e-36 6.453365540041404e-06
626.0 0.0007135657218974374 0.00028770434155675316 5.268485258690249e-07 1.3344841457720562e-36 6.80286043125575e-06
627.0 0.0007464224064336156 0.00030138821808472447 5.574825416626576e-07 1.5975028872397643e-36 7.1691080194053045e-06
628.0 0.0007805741748971613 0.00031563339358659843 5.897116247890893e-07 1.9110064579898444e-36 7.552787149737265e-06
629.0 0.0008160612422617372 0.00033045831729090107 6.236075117712592e-07 2.2844205446385643e-36 7.954597601650887e-06
630.0 0.000852924573501782 0.00034588182849597346 6.592445262512752e-07 2.728880277019183e-36 8.375260408159392e-06
631.0 0.0008912058752953241 0.00036192315499652066 6.966996386225109e-07 3.2575309180846336e-36 8.81551816375164e-06
632.0 0.0009309475865034615 0.00037860191097405796 7.360525253098383e-07 3.885879762332138e-36 9.276135319694329e-06
633.0 0.0009721928673899537 0.0003959380943316325 7.7738562758662e-07 4.6322076691424994e-36 9.75789846572439e-06
634.0 0.0010149855875491213 0.00041395208345501176 8.207842098156344e-07 5.518049993989871e-36 1.0261616597098077e-05
635.0 0.0010593703125091494 0.00043266463338196507 8.66336416995049e-07 6.568758220792551e-36 1.0788121365922187e-05
636.0 0.0011053922889815567 0.0004520968713626394 9.141333314882815e-07 7.814155372543814e-36 1.1338267315700248e-05
637.0 0.001153097428721389 0.0004722702917914123 9.64269028806259e-07 9.289300318612998e-36 1.1912932097934237e-05
638.0 0.001202532290979831 0.0004932067504974756 1.0168406323192714e-06 1.1035378444536746e-35 1.251301666976755e-05
639.0 0.0012537440635088262 0.0005149284583723115 1.0719483667521906e-06 1.3100738847251952e-35 1.313944547140126e-05
640.0 0.001306780542105238 0.0005374579743235344 1.1296956103345915e-06 1.5542101316057243e-35 1.3793166582274184e-05
641.0 0.0013616901086599392 0.0005608181975354653 1.1901889454536237e-06 1.8425959913113526e-35 1.4475151854742459e-05
642.0 0.0014185217076958098 0.000585032359024326 1.2535382076677709e-06 2.183021404204913e-35 1.5186397024160113e-05
643.0 0.0014773248213678337 0.0006101240124714632 1.3198565329251513e-06 2.584606256158213e-35 1.5927921794123476e-05
644.0 0.00153814944291511 0.0006361170243248144 1.3892604028393263e-06 3.058020184635088e-35 1.6700769895794164e-05
645.0 0.0016010460485402216 0.0006630355631528427 1.461869687857865e-06 3.615737481222889e-35 1.7506009120038832e-05
646.0 0.001666065567701758 0.0006909040882394196 1.5378076881627407e-06 4.272332491498151e-35 1.8344731321210237e-05
647.0 0.0017332593518148435 0.0007197473374118484 1.6172011721450353e-06 5.044821711885108e-35 1.9218052391472594e-05
648.0 0.0018026791413416126 0.0007495903140888815 1.7001804122798806e-06 5.953059695030734e-35 2.0127112204413972e-05
649.0 0.0018743770312618655 0.000780458273538993 1.78687921822997e-06 7.02019691553882e-35 2.1073074526757063e-05
650.0 0.0019484054349309227 0.000812376708346157 1.8774349670172571e-06 8.273208933945105e-35 2.2057126897150562e-05
651.0 0.002024817046308479 0.0008453713330707754 1.9719886300762973e-06 9.743507547832215e-35 2.308048047075003e-05
652.0 0.002103664800565308 0.0008794680681029775 2.070684797019776e-06 1.1467646157138074e-34 2.414436982853751e-05
653.0 0.002185001833067115 0.0009146930227024613 2.173671695935713e-06 1.348813332042702e-34 2.5250052750234367e-05
654.0 0.002268881436743799 0.0009510724772227851 2.281101210040313e-06 1.5854370468037504e-34 2.6398809949750576e-05
655.0 0.0023553570178533037 0.0009886328645185415 2.393128890507948e-06 1.862373199768118e-34 2.759194477211829e-05
656.0 0.0024444820501420992 0.0010274007505308733 2.509913965288784e-06 2.186280854317561e-34 2.8830782850765194e-05
657.0 0.00253631002743407 0.001067402814059384 2.6316193437512055e-06 2.5648837117175104e-34 3.0116671724324602e-05
658.0 0.0026308944146424865 0.0011086658257130236 2.7584116169457795e-06 3.0071345127313094e-34 3.1450980411743745e-05
659.0 0.0027282885972510756 0.0011512166260542235 2.8904610533370274e-06 3.5234039002625086e-34 3.2835098945053465e-05
660.0 0.00282854582926355 0.0011950821029310498 3.02794158979893e-06 4.125697239722261e-34 3.427043785861369e-05
661.0 0.002931719179665759 0.0012402891680111784 3.171030817714337e-06 4.827903372445617e-34 3.575842763418452e-05
662.0 0.0030378614774271974 0.0012868647325242994 3.3199099639988268e-06 5.646079818502792e-34 3.730051810097406e-05
663.0 0.003147025255069189 0.0013348356822199716 3.4747638668684474e-06 6.598779556454887e-34 3.889817778982754e-05
664.0 0.003259262690845989 0.0013842288515561539 3.635780946190081e-06 7.707425197649818e-34 4.0552893240965e-05
665.0 0.0033746255495695878 0.0014350709971272736 3.803153168235725e-06 8.996737151067049e-34 4.2266168264499405e-05
666.0 0.0034931651221330445 0.001487388770351107 3.977076004688059e-06 1.049522325237195e-33 4.4039523153280404e-05
667.0 0.0036149321637759806 0.0015412086894292503 4.157748385732867e-06 1.2235738319544336e-33 4.587449384749321e-05
668.0 0.0037399768311316235 0.0015965571105943479 4.345372647068853e-06 1.4256123210562493e-33 4.777263105040598e-05
669.0 0.003868348618137257 0.0016534601986756233 4.54015447071524e-06 1.659993421113503e-33 4.9735499295223565e-05
670.0 0.004000096290829095 0.001711943896988551 4.742302819429113e-06 1.9317274988344633e-33 5.176467596226169e-05
671.0 0.004135267821121534 0.0017720338965885095 4.952029864637473e-06 2.2465744928374226e-33 5.386175024669196e-05
672.0 0.0042739103196021665 0.0018337556048992347 5.169550907711917e-06 2.6111519452544446e-33 5.602832207626652e-05
673.0 0.004416069967434702 0.0018971341137531985 5.395084294487743e-06 3.0330579899210282e-33 5.8266000979248496e-05
674.0 0.0045617919474286546 0.001962194166867075 5.628851322893704e-06 3.521011279374092e-33 6.05764049023859e-05
675.0 0.004711120374346533 0.0020289601267809198 5.871076143576281e-06 4.08501008329886e-33 6.29611589789622e-05
676.0 0.004864098224547964 0.0020974559413023063 6.121985653442147e-06 4.736513071499423e-33 6.542189424738274e-05
677.0 0.005020767265023989 0.0021677051094771936 6.381809381990916e-06 5.4886446082211254e-33 6.796024632019518e-05
678.0 0.005181167981927281 0.0022397306471322437 6.65077937038053e-06 6.35642773559721e-33 7.057785400419153e-05
679.0 0.005345339508664658 0.002313555052016716 6.929130043124381e-06 7.357048416101404e-33 7.327635787176602e-05
680.0 0.005513319553674473 0.0023892002685966664 7.2170980723976325e-06 8.510155041901655e-33 7.605739878452341e-05
681.0 0.005685144327936901 0.0024666876525224726 7.514922234841963e-06 9.838197707692294e-33 7.892261636918143e-05
682.0 0.005860848472355868 0.002546037934830169 7.822843260882116e-06 1.1366812288830438e-32 8.187364744710786e-05
683.0 0.006040464985081635 0.0026272711859074717 8.141103676486477e-06 1.3125254974109385e-32 8.491212441795164e-05
684.0 0.006224025148882547 0.0027104067792727694 8.46994763736347e-06 1.514689357931759e-32 8.803967359843409e-05
685.0 0.0064115584586712316 0.002795463355214443 8.809620755591208e-06 1.7469762721040078e-32 9.125791351739676e-05
686.0 0.006603092549298002 0.0028824587843415865 9.160369918698855e-06 2.0137190768163135e-32 9.456845316838904e-05
687.0 0.006798653123688933 0.002971410131082171 9.522443101179466e-06 2.3198507419956882e-32 9.797289022064751e-05
688.0 0.006998263881475606 0.0030623336171955707 9.896089168521254e-06 2.6709841794656926e-32 0.00010147280919039391
689.0 0.007201946448196462 0.0031552445853373985 1.0281557673763346e-05 3.0735022061158706e-32 0.0001050697795735007
690.0 0.0074097203051931085 0.0032501574627341687 1.0679098646654266e-05 3.534658892121477e-32 0.0001087653539412812
691.0 0.0076216027203218645 0.003347085725024219 1.1088962375500577e-05 4.062693666279945e-32 0.0001125610660012045
692.0 0.00783760867957608 0.0034460418603112237 1.1511399181771187e-05 4.6669597071141217e-32 0.00011645842862406867
693.0 0.008057750819749179 0.003547037333491759 1.1946659187584885e-05 5.358068321802686e-32 0.00012045893183974824
694.0 0.008282039362251943 0.0036500825509120844 1.239499207620117e-05 6.148051206876279e-32 0.00012456404080349933
695.0 0.008510482048198256 0.0037551868254096683 1.2856646845648664e-05 7.050542696809839e-32 0.00012877519373489805
696.0 0.008743084074861206 0.003862358341790232 1.3331871555622874e-05 8.080984341146229e-32 0.00013309379983140345
697.0 0.008979848033650982 0.003971604122813301 1.3820913067874567e-05 9.256854409826033e-32 0.00013752123715937643
698.0 0.00922077384969378 0.004082929995727826 1.4324016780218159e-05 1.0597925212225384e-31 0.00014205885052439852
699.0 0.009465858723152186 0.004196340559426891 1.4841426354397966e-05 1.2126551430777953e-31 0.00014670794932375705
700.0 0.009715097072393096 0.004311839152275894 1.5373383438015365e-05 1.3867993017631457e-31 0.00015146980538354433
