200.0 0.0026314484137717185 0.00015326704566305107 4.147849241016358e-13 2.891861606287799e-114 1.2452916934791329e-09
201.0 0.002981039492906599 0.00017610215493905478 5.257313210371178e-13 1.2226039205290922e-113 1.5167403574262836e-09
202.0 0.0033675935733320163 0.00020174315400165919 6.637445399127416e-13 5.0875701369960357e-113 1.8408521549087397e-09
203.0 0.003793657863116893 0.00023044090132972973 8.347355351452597e-13 2.0842151089879696e-112 2.2264152661497047e-09
204.0 0.004261775954767088 0.00026245523973585647 1.0457360687745077e-12 8.407592208034238e-112 2.683397176336922e-09
205.0 0.004774461629699784 0.0002980534072156872 1.3050728388088946e-12 3.34030039033022e-111 3.223050211813311e-09
206.0 0.005334170284364745 0.0003375081613719122 1.6225607109213403e-12 1.3072854101467008e-110 3.858017443620628e-09
207.0 0.0059432681813976615 0.00038109561464506924 2.00971560746863e-12 5.0409335750369894e-110 4.60243717814026e-09
208.0 0.006603999788520279 0.00042909278270683853 2.479987299944509e-12 1.9155361965528352e-109 5.47204399054675e-09
209.0 0.007318453527217877 0.0004817748539828478 3.0490119762970334e-12 7.174477390426823e-109 6.4842639994238994e-09
210.0 0.008088526311019376 0.0005394121942768059 3.734884010871299e-12 2.6490549616772952e-108 7.658301838066493e-09
211.0 0.008915887308098737 0.0006022671067653927 4.558445851764647e-12 9.644314026073873e-108 9.01521655846083e-09
212.0 0.009801941413169328 0.0006705903740846836 5.543594359785846e-12 3.462652720368971e-107 1.0577983516736491e-08
213.0 0.010747792958022143 0.0007446176157124195 6.717601289307951e-12 1.2262527406934033e-106 1.23715391437953e-08
214.0 0.011754210226647379 0.0008245655001837787 8.111444900776423e-12 4.2840987907157697e-106 1.442280541100102e-08
215.0 0.012821591368679849 0.0009106278577247428 9.760148947407105e-12 1.4767981376023723e-105 1.6760690767887374e-08
216.0 0.01394993232230042 0.0010029717444538855 1.1703124497244884e-11 5.0238598156194694e-105 1.941606436508372e-08
217.0 0.015138797363955203 0.001101733514244104 1.3984509252217188e-11 1.6868636841979852e-104 2.2421700489079568e-08
218.0 0.016387292896039365 0.00120701495845579 1.6653498226507538e-11 5.59137752945728e-104 2.5812190331819063e-08
219.0 0.01769404506500937 0.0013188795769377092 1.9764658869341474e-11 1.829882280274715e-103 2.96238185027525e-08
220.0 0.01905718177031623 0.0014373490457573236 2.3378222985447288e-11 5.913724395288534e-103 3.3894402065596086e-08
221.0 0.020474319579684683 0.0015623999479893011 2.7560347146207537e-11 1.8875551696085674e-102 3.866309034764586e-08
222.0 0.021942556008589492 0.00169396083343835 3.2383332722572754e-11 5.951205040794745e-102 4.397012432317437e-08
223.0 0.023458467552224683 0.0018319096713506438 3.79257962349779e-11 1.853710544238116e-101 4.9856555009423766e-08
224.0 0.02501811377780091 0.0019760717569397256 4.4272780433073255e-11 5.705251342230545e-101 5.636392102594362e-08
225.0 0.026617047694992794 0.002126218127918917 5.151579641518464e-11 1.7352684798983412e-100 6.353388624467402e-08
226.0 0.028250332524577343 0.002282064541242388 5.975278719822648e-11 5.216508110044924e-100 7.140783928595111e-08
227.0 0.02991256488149529 0.0024432710529734922 6.90880034738236e-11 1.5501574348582617e-99 8.002645747805802e-08
228.0 0.03159790428110386 0.0026094422357542195 7.963178285266015e-11 4.554230265331347e-99 8.94292387772516e-08
229.0 0.033300108768307274 0.002780128058871044 9.150022471756286e-11 1.322991738414693e-98 9.96540060206252e-08
230.0 0.035012576361128235 0.0029548254455948678 1.0481475388230629e-10 3.8006786513927096e-98 1.10736388734633e-07
231.0 0.03672839189549648 0.003132980511519136 1.1970156758623421e-10 1.0799040152923344e-97 1.2270928852523706e-07
232.0 0.03844037875881924 0.0033139914762471408 1.3629096193550297e-10 3.0351942435716254e-97 1.3560233480857746e-07
233.0 0.040141154908825916 0.003497212229255448 1.5471653571451244e-10 8.439597744959751e-97 1.4944133828271318e-07
234.0 0.04182319249290201 0.003681956519300041 1.7511427151044353e-10 2.3219175370037305e-96 1.6424775006917276e-07
235.0 0.04347888031419582 0.0038675027256485093 1.976214962901552e-10 6.3214509505516394e-96 1.8003813485116496e-07
236.0 0.045100588334950335 0.004053099158894093 2.2237572590021996e-10 1.7032803787251096e-95 1.968236665841538e-07
237.0 0.04668073336691809 0.00423796982944879 2.4951340038505304e-10 4.542643742590302e-95 2.1460965544393916e-07
238.0 0.048211845073538956 0.0044213206131802855 2.791685194811715e-10 1.1993266589571836e-94 2.3339511459526185e-07
239.0 0.04968663139994662 0.004602345736300851 3.1147119009456193e-10 3.1349096643923344e-94 2.5317237510717314e-07
240.0 0.051098042554449774 0.004780234495657145 3.465460999424431e-10 8.113778251006667e-94 2.739267569069596e-07
241.0 0.052439332688984576 0.004954178126168491 3.845109337819197e-10 2.0796152943946718e-93 2.956363030570579e-07
242.0 0.05370411846548336 0.005123376724409039 4.2547475069698005e-10 5.279043400659927e-93 3.182715838673083e-07
243.0 0.05488643374887182 0.005287046136253304 4.695363427126676e-10 1.3273633554064924e-92 3.417955764290334e-07
244.0 0.055980779734634646 0.005444424717160943 5.167825965008037e-10 3.3062538347821346e-92 3.661636240970083e-07
245.0 0.05698216989746127 0.005594779875988102 5.672868810840096e-10 8.159117417461887e-92 3.913234792681285e-07
246.0 0.05788616923598025 0.0057374143171532764 6.211074851965414e-10 1.9950742991622316e-91 4.1721543153770183e-07
247.0 0.05868892738466168 0.005871671901416878 6.782861282869609e-10 4.8342776864399717e-91 4.4377252198016715e-07
248.0 0.05938720526561757 0.005996943052333945 7.388465690278686e-10 1.1609350524178268e-90 4.7092084292994256e-07
249.0 0.05997839505805617 0.006112669643442442 8.027933346204865e-10 2.76334249528264e-90 4.985799212595742e-07
250.0 0.060460533369134616 0.006218349310243144 8.701105931441336e-10 6.520157549593062e-90 5.266631817946686e-07
251.0 0.060832307595002626 0.006313539140831399 9.407611897163173e-10 1.5251889479132072e-89 5.550784861993925e-07
252.0 0.061093055562604436 0.006397858709405356 1.0146858653174473e-09 3.537337397519827e-89 5.837287414385369e-07
253.0 0.061242758639587634 0.006470992427592913 1.0918026748299885e-09 8.135067925509022e-89 6.125125707994715e-07
254.0 0.061282028589628265 0.00653269119937242 1.1720066181867858e-09 1.8553328313284367e-88 6.413250394621238e-07
255.0 0.061212088532163124 0.0065827733760910195 1.2551694955690329e-09 4.1966429121412775e-88 6.700584257572967e-07
256.0 0.06103474843770915 0.0066211250185037466 1.341139994400354e-09 9.415531705518526e-88 6.986030285695205e-07
257.0 0.06075237565165179 0.006647699482666504 1.4297440125138558e-09 2.0955254989914604e-87 7.268480008317151e-07
258.0 0.06036786098993846 0.00666251635574871 1.5207852183930936e-09 4.6268823663957055e-87 7.546821987331216e-07
259.0 0.05988458098912865 0.006665659776234711 1.614045845876531e-09 1.0136150307195037e-86 7.819950361222944e-07
260.0 0.05930635692058195 0.0066572761804334505 1.7092877172392491e-09 2.2033723579915897e-86 8.086773336321041e-07
261.0 0.058637411194389005 0.006637571523620121 1.8062534851962442e-09 4.753064958930479e-86 8.346221522788453e-07
262.0 0.05788232178327982 0.0066068080294174915 1.9046680811726525e-09 1.017585389959247e-85 8.597256016822689e-07
263.0 0.057045975290881915 0.006565300525160687 2.0042403542227564e-09 2.1623153728472992e-85 8.838876136066683e-07
264.0 0.056133519272969216 0.006513412423948592 2.1046648823015054e-09 4.5609741200673917e-85 9.070126722167304e-07
265.0 0.05515031439585542 0.006451551415900124 2.2056239352523347e-09 9.550485736679167e-85 9.29010493260063e-07
266.0 0.054101886983738245 0.006380164931826611 2.3067895669068967e-09 1.9854594328163455e-84 9.497966453084095e-07
267.0 0.05299388246782159 0.0062997354421686766 2.4078258121281824e-09 4.098285892982326e-84 9.692931071913266e-07
268.0 0.05183202020560383 0.0062107756527045675 2.5083909634869972e-09 8.400142956697473e-84 9.874287568167204e-07
269.0 0.05062205009001788 0.006113823656303933 2.608139901552586e-09 1.709823811967026e-83 1.0041397876693823e-06
270.0 0.0493697113163464 0.006009438096983255 2.7067264525006873e-09 3.4564709977611194e-83 1.0193700503893414e-06
271.0 0.048080693621193674 0.005898193398827146 2.8038057468884306e-09 6.94012847357503e-83 1.0330713179354153e-06
272.0 0.046760601253380205 0.005780675108092338 2.8990365539972284e-09 1.3841745343288105e-82 1.0452034739159797e-06
273.0 0.045414919882433506 0.005657475392121863 2.9920835670757816e-09 2.742446846129129e-82 1.055734624700015e-06
274.0 0.04404898659733865 0.0055291887336882325 3.082619616093804e-09 5.398143448793438e-82 1.0646411368912403e-06
275.0 0.0426679630971922 0.005396407854166615 3.170327786205217e-09 1.0557080527079076e-81 1.0719076026426218e-06
276.0 0.04127681212711343 0.005259719893626268 3.254903421976758e-09 2.051494627703681e-81 1.0775267360970698e-06
277.0 0.03988027716772187 0.005119702870610798 3.3360559995148905e-09 3.9614807554075067e-81 1.0814992049524191e-06
278.0 0.038482865345243845 0.004976922439157682 3.413510850877605e-09 7.602183855030656e-81 1.0838334017601014e-06
279.0 0.03708883349215661 0.004831928955559165 3.4870107275382237e-09 1.4499246340831732e-80 1.0845451600727947e-06
280.0 0.03570217725546215 0.004685254862561409 3.5563171921275008e-09 2.748595788333269e-80 1.0836574209550326e-06
281.0 0.03432662312135795 0.004537412394197464 3.6212118301751363e-09 5.17924453183176e-80 1.0811998556641961e-06
282.0 0.032965623201199695 0.0043888916002923686 3.6814972760520134e-09 9.701598733677923e-80 1.0772084504980943e-06
283.0 0.03162235260431304 0.0042401586859161546 3.7369980497526995e-09 1.8066431183405613e-79 1.0717250598981196e-06
284.0 0.030299709208048125 0.00409165465769089 3.787561203495514e-09 3.344906519541262e-79 1.0647969338931951e-06
285.0 0.029000315624575224 0.003943794265932566 3.833056779352456e-09 6.157552017069162e-79 1.0564762258856632e-06
286.0 0.027726523156728734 0.0037969652290916448 3.873378081192128e-09 1.1271304587782082e-78 1.0468194866142819e-06
287.0 0.026480417531682284 0.003651527724879761 3.9084417661321175e-09 2.0516881052484314e-78 1.0358871498991843e-06
288.0 0.02526382620090836 0.0035078141308023843 3.938187762417973e-09 3.714053743879018e-78 1.023743015483373e-06
289.0 0.02407832699740671 0.003366128995544631 3.962579022162764e-09 6.686716544704111e-78 1.0104537339453668e-06
290.0 0.022925257946297378 0.0032267492217670545 3.981601118694941e-09 1.1973835744082514e-77 9.96088298280029e-07
291.0 0.021805728032111504 0.003089924440321145 3.995261699358152e-09 2.132733889437502e-77 9.807175463358228e-07
292.0 0.020720628735177063 0.0029558775556694913 4.003589805491866e-09 3.778765540160274e-77 9.644136778675858e-07
293.0 0.019670646160006525 0.002824805442354614 4.006635071993791e-09 6.6603892695824015e-77 9.47249789521388e-07
294.0 0.018656273590284843 0.002696879772681347 4.004466819343849e-09 1.167916341502163e-76 9.292994306229452e-07
295.0 0.017677824317520536 0.0025722479563108987 3.997173051246019e-09 2.0375673015830543e-76 9.106361821959304e-07
296.0 0.016735444603478658 0.0024510341731926407 3.984859371149518e-09 3.536922371874641e-76 8.913332612022301e-07
297.0 0.015829126649823177 0.0023333404821373437 3.967647830842283e-09 6.109100270978593e-76 8.714631515743308e-07
298.0 0.014958721461824193 0.002219247988346543 3.945675724105001e-09 1.0500054482044125e-75 8.510972632102507e-07
299.0 0.014123951506184538 0.0021088180543057207 3.919094338054035e-09 1.7959425293046811e-75 8.303056197196793e-07
300.0 0.013324423076031615 0.002002093539625589 3.8880676743504435e-09 3.0570568172862996e-75 8.09156575359743e-07
301.0 0.012559638288562887 0.0018991000566219334 3.85277115187801e-09 5.179024820978787e-75 7.877165612715722e-07
302.0 0.011829006652769338 0.0017998472296621285 3.8133903018541025e-09 8.732703261914362e-75 7.660498608351907e-07
303.0 0.011131856155888395 0.0017043299475390597 3.770119465620406e-09 1.4656425925912102e-74 7.442184136947826e-07
304.0 0.010467443827747263 0.0016125295993531666 3.723160504599337e-09 2.448545442168428e-74 7.222816477731455e-07
305.0 0.009834965751870345 0.001524415285571178 3.672721531100979e-09 4.072027026199879e-74 7.002963383908774e-07
306.0 0.009233566501127385 0.0014399449970762337 3.6190156678454217e-09 6.741504533206156e-74 6.783164934332405e-07
307.0 0.00866234798376562 0.0013590667561166768 3.562259843233315e-09 1.1111370840393485e-73 6.563932633636057e-07
308.0 0.008120377692905337 0.0012817197140922304 3.5026736285660465e-09 1.823323213396748e-73 6.345748747658486e-07
309.0 0.00760669635901146 0.001207835202083572 3.4404781226022866e-09 2.978962980964003e-73 6.129065860085587e-07
310.0 0.007120325010474239 0.0011373377309245299 3.375894888034416e-09 4.8460941407910566e-73 5.914306635570395e-07
311.0 0.006660271452311214 0.0010701459384391992 3.3091449436988263e-09 7.849887012779388e-73 5.701863774156897e-07
312.0 0.006225536177157687 0.0010061734822149199 3.240447815597725e-09 1.266190262701157e-72 5.49210014160154e-07
313.0 0.005815117726186094 0.0009453298769557289 3.1700206491080565e-09 2.0338428350131726e-72 5.285349060129161e-07
314.0 0.005428017520438867 0.0008875212760621696 3.0980773840929327e-09 3.2533979814341984e-72 5.081914744264662e-07
315.0 0.005063244185343386 0.0008326511976169761 3.024827994024506e-09 5.182944801260055e-72 4.882072866642386e-07
316.0 0.004719817392906026 0.0007806211954178991 2.9504777896539207e-09 8.223438569747383e-72 4.686071239054416e-07
317.0 0.004396771247354845 0.0007313314760996291 2.8752267872473557e-09 1.2995272235352287e-71 4.4941305944770994e-07
318.0 0.004093157240838853 0.000684681463726056 2.799269140935996e-09 2.0454536919915598e-71 4.306445456373736e-07
319.0 0.003808046806255079 0.0006405703135172878 2.7227926383043278e-09 3.206883966828067e-71 4.123185082199372e-07
320.0 0.0035405334944008083 0.0005988973766061621 2.6459782579613436e-09 5.008213796417287e-71 3.9444944687104733e-07
321.0 0.0032897348024974993 0.0005595626179030073 2.5689997875095567e-09 7.791209901132092e-71 3.770495407406468e-07
322.0 0.003054793680728374 0.0005224669892868349 2.492023500036014e-09 1.2074398742867935e-70 3.6012875791742226e-07
323.0 0.0028348797428271425 0.00048751276044243505 2.415207887003127e-09 1.8641486928697822e-70 3.436949677971199e-07
324.0 0.002629190205975655 0.00045460380972862506 2.338703445207728e-09 2.867250345189649e-70 3.277540554149781e-07
325.0 0.002436950584353424 0.00042364587749830693 2.2626525153052333e-09 4.3937570848368875e-70 3.1231003687913925e-07
326.0 0.0022574151596597204 0.0003945467842996053 2.1871891692600547e-09 6.708214249319073e-70 2.973651751176639e-07
327.0 0.002089867250819734 0.00036721661637176826 2.1124391439750583e-09 1.0204532211344884e-69 2.8292009522528416e-07
328.0 0.0019336193039256276 0.0003415678808151666 2.0385198182798503e-09 1.5467109891798372e-69 2.6897389876822094e-07
329.0 0.001788012822256803 0.0003175156327621006 1.965540230404045e-09 2.335982049027846e-69 2.5552427647395554e-07
330.0 0.0016524181550071338 0.00029497757681020456 1.8936011330415063e-09 3.515509108031748e-69 2.425676187997489e-07
331.0 0.001526234162115199 0.00027387414490201315 1.822795083102709e-09 5.272046884170832e-69 2.3009912393593567e-07
332.0 0.0014088877713816274 0.00025412855274891137 1.7532065632738044e-09 7.878731604222138e-69 2.1811290286033677e-07
333.0 0.0012998334428571162 0.00023566683680385073 1.6849121325309077e-09 1.1733642135838008e-68 2.0660208111570998e-07
334.0 0.0011985525543196948 0.00021841787368946539 1.6179806028098246e-09 1.7414946256719015e-68 1.9555889703501534e-07
335.0 0.0011045527205287577 0.00020231338388659398 1.5524732390939987e-09 2.575949130378217e-68 1.84974796188145e-07
336.0 0.0010173670578551594 0.00018728792138465218 1.4884439802570822e-09 3.797442006686187e-68 1.7484052186900224e-07
337.0 0.0009365534048477956 0.00017327885089146654 1.4259396780832645e-09 5.57951476535375e-68 1.6514620148386884e-07
338.0 0.0008616935083064626 0.0001602263140963453 1.3650003519806871e-09 8.170819725788587e-68 1.5588142874022885e-07
339.0 0.0007923921834939688 0.00014807318637780975 1.3056594570035906e-09 1.1926446509206292e-67 1.4703534157021873e-07
340.0 0.0007282764562392202 0.0001367650252474234 1.247944162907242e-09 1.735181404683589e-67 1.3859669575490815e-07
341.0 0.0006689946938537857 0.00012625001172338442 1.1918756420687802e-09 2.5163964454968877e-67 1.305539342440851e-07
342.0 0.0006142157310121087 0.0001164788857334354 1.1374693642231796e-09 3.637687651547788e-67 1.2289525219214323e-07
343.0 0.0005636279960258309 0.00010740487655590415 1.0847353960802497e-09 5.241982378964858e-67 1.1560865775356392e-07
344.0 0.0005169386422762161 9.898362922097213e-05 1.0336787040077483e-09 7.530104454539671e-67 1.0868202870183358e-07
345.0 0.0004738726889533168 9.117312771166278e-05 9.842994580856337e-10 1.0783334261897204e-66 1.0210316495348414e-07
346.0 0.00043417217468429364 8.393361572565724e-05 9.365933359559131e-10 1.5394406052112702e-66 9.585983709439944e-08
347.0 0.0003975953271147859 7.722751568508979e-05 8.905518250121849e-10 2.1909962950381768e-66 8.993983101889304e-08
348.0 0.000363915751033631 7.101934661184574e-05 8.461625215908315e-10 3.108852191707135e-66 8.433098880334518e-08
349.0 0.00033292163720021416 6.527564142056808e-05 8.034094259414752e-10 4.3979367730659666e-66 7.902124594554405e-08
350.0 0.0003044149936441792 5.9964864120757605e-05 7.622732318699211e-10 6.202959980046761e-66 7.399866510872953e-08
351.0 0.00027821090085383113 5.5057327362363696e-05 7.227316100554951e-10 8.722893091917865e-66 6.925146651516802e-08
352.0 0.0002541367919540268 5.0525110706815285e-05 6.847594841554208e-10 1.223049532879281e-65 6.476805513897537e-08
353.0 0.0002320317586900369 4.634197995653804e-05 6.483292989114106e-10 1.7098566237305974e-65 6.053704485098343e-08
354.0 0.00021174588378181658 4.2483307831186946e-05 6.134112795757866e-10 2.383513416231789e-65 5.6547279670641304e-08
355.0 0.000193139599989088 3.8925996237509904e-05 5.799736820709714e-10 3.3130481459359022e-65 5.2787852280884214e-08
356.0 0.0001760830760300377 3.564840034192106e-05 5.479830333885507e-10 4.59198013985974e-65 4.924811996185667e-08
357.0 0.00016045562932342147 3.2630254620357165e-05 5.174043618225623e-10 6.346643659020859e-65 4.59177180984971e-08
358.0 0.0001461451653730513 2.985260102858096e-05 4.882014167154063e-10 8.747213552931689e-65 4.278657141529948e-08
359.0 0.00013304764348310362 2.7297719407575747e-05 4.603368774731616e-10 1.2022267199199165e-64 3.9844903089116815e-08
360.0 0.00012106656838115248 2.4949060212998563e-05 4.3377255168201214e-10 1.6477961341922507e-64 3.708324188792327e-08
361.0 0.00011011250723080774 2.2791179634468717e-05 4.084695622262565e-10 2.2523213860382822e-64 3.449242747984297e-08
362.0 0.00010010263143640709 2.0809677149739716e-05 3.843885233730444e-10 3.070267652777132e-64 3.206361405275442e-08
363.0 9.096028257658061e-05 1.8991135540305808e-05 3.6148970584874127e-10 4.173978692450912e-64 2.9788272380375834e-08
364.0 8.261456175032163e-05 1.7323063378574358e-05 3.3973319098669786e-10 5.6592822350279377e-64 2.7658190466000453e-08
365.0 7.499994157713224e-05 1.5793839982227325e-05 3.19079014076072e-10 7.65276784362925e-64 2.5665472890023416e-08
366.0 6.805590006089646e-05 1.4392662818702177e-05 2.994872970872409e-10 1.032121001792276e-63 2.3802538982218264e-08
367.0 6.172657550385047e-05 1.3109497331614777e-05 2.8091837098966755e-10 1.3883735217809154e-63 2.2062119934293137e-08
368.0 5.596044164188374e-05 1.1935029151398467e-05 2.6333288791509376e-10 1.862748875105922e-63 2.043725496280551e-08
369.0 5.071000216393752e-05 1.0860618644209344e-05 2.466919234505356e-10 2.4927753326566197e-63 1.892128662690165e-08
370.0 4.593150377605658e-05 9.878257746214375e-06 2.3095706937377413e-10 3.327371428141163e-63 1.750785539976265e-08
371.0 4.1584666973661766e-05 8.980529024575139e-06 2.1609051716789927e-10 4.4301367610286543e-63 1.6190893587028066e-08
372.0 3.763243369320945e-05 8.160566901673479e-06 2.020551326715599e-10 5.883543866717649e-63 1.4964618679894255e-08
373.0 3.4040731025923544e-05 7.412020975293987e-06 1.888145222379342e-10 7.794263700519567e-63 1.3823526225065078e-08
374.0 3.077825019122167e-05 6.729021364506426e-06 1.76333090788688e-10 1.0299913447405833e-62 1.2762382288325978e-08
375.0 2.781623998510939e-05 6.10614600875735e-06 1.645760921587187e-10 1.3577584108606346e-62 1.1776215583178925e-08
376.0 2.5128313938854714e-05 5.5383898461347875e-06 1.5350967213418846e-10 1.78545892027932e-62 1.0860309330787451e-08
377.0 2.269027044526053e-05 5.021135795841311e-06 1.4310090459055692e-10 2.3421977999146753e-62 1.0010192912463839e-08
378.0 2.0479925133235035e-05 4.5501274694865945e-06 1.3331782113813618e-10 3.0651480563607987e-62 9.221633371016634e-09
379.0 1.8476954796077695e-05 4.1214435358913625e-06 1.2412943468193769e-10 4.00167017699323e-62 8.490626812597719e-09
380.0 1.6662752204370566e-05 3.731473664563224e-06 1.1550575729898232e-10 5.211956224986821e-62 7.813389756145521e-09
381.0 1.5020291160498369e-05 3.376895973846059e-06 1.0741781283099329e-10 6.772320180733239e-62 7.186350473193827e-09
382.0 1.3534001178307654e-05 3.054655910893404e-06 9.983764458329662e-11 8.779282182105656e-62 6.606140356681657e-09
383.0 1.2189651198026929e-05 2.761946492024094e-06 9.273831851189345e-11 1.135462554040099e-61 6.0695853534554445e-09
384.0 1.0974241773190681e-05 2.496189833659041e-06 8.609392227065979e-11 1.4651642658682683e-61 5.573697491431952e-09
385.0 9.875905192707355e-06 2.2550199058570035e-06 7.987956047915742e-11 1.8862830292497734e-61 5.11566652885647e-09
386.0 8.883813027313015e-06 2.036266442446024e-06 7.407134655925155e-11 2.4229347161100126e-61 4.69285174977677e-09
387.0 7.988090615280181e-06 1.837939943840795e-06 6.864639147531317e-11 3.1052609103171355e-61 4.302773926726403e-09
388.0 7.179738027380186e-06 1.6582177108336572e-06 6.358278969896188e-11 3.970847032815018e-61 3.943107468705476e-09
389.0 6.450557075558662e-06 1.4954308499044289e-06 5.885960270456718e-11 5.066452560700714e-61 3.611672769816236e-09
390.0 5.793083953602357e-06 1.3480521929099072e-06 5.445684028690611e-11 6.450116947122112e-61 3.3064287713959473e-09
391.0 5.2005271211202e-06 1.2146850763514213e-06 5.0355439977027965e-11 8.19371668968633e-61 3.025465748147339e-09
392.0 4.666710064433129e-06 1.094052927769946e-06 4.6537244816921596e-11 1.038606280702625e-60 2.7669983266119545e-09
393.0 4.186018589436132e-06 9.849896091690049e-07 4.298497973819832e-11 1.3136644049172263e-60 2.529358742361002e-09
394.0 3.753352322101118e-06 8.864304696931509e-07 3.9682226774417486e-11 1.658013980264048e-60 2.3109903404621255e-09
395.0 3.364080112066352e-06 7.974040620945887e-07 3.661339932144654e-11 2.0881848205655192e-60 2.1104413221403303e-09
396.0 3.013999053673458e-06 7.170244797861816e-07 3.376371564520324e-11 2.6244199849479763e-60 1.926358739064495e-09
397.0 2.6992968568518705e-06 6.444842734941095e-07 3.111917182119926e-11 3.291455603418294e-60 1.7574827353414685e-09
398.0 2.4165173174642652e-06 5.79047908691439e-07 2.8666514276015104e-11 4.119452333801714e-60 1.6026410361071479e-09
399.0 2.162528653070147e-06 5.200457270964018e-07 2.6393212086700217e-11 5.145105375783408e-60 1.4607436805283622e-09
400.0 1.9344944855967297e-06 4.668683775618461e-07 2.4287429180612185e-11 6.412964243650621e-60 1.33077799608967e-09
401.0 1.7298472671116512e-06 4.189616836539505e-07 2.233799656508041e-11 7.976998360899346e-60 1.2118038102079134e-09
402.0 1.546263958815458e-06 3.7582191712185803e-07 2.053438470382374e-11 9.902450051372965e-60 1.1029488945029355e-09
403.0 1.3816437865145501e-06 3.3699144828830764e-07 1.8866676145040707e-11 1.2268022731617428e-59 1.0034046364337885e-09
404.0 1.2340879082371499e-06 3.0205474614706805e-07 1.7325538494733732e-11 1.516845913059989e-59 9.124219324891481e-10
405.0 1.1018808413312973e-06 2.7063470263284594e-07 1.590219781802226e-11 1.8717572252881144e-59 8.293072966848388e-10
406.0 9.83473507369482e-07 2.4238925713505754e-07 1.458841254104387e-11 2.30518006405651e-59 7.534191777685147e-10
407.0 8.774677634973845e-07 2.1700829885651707e-07 1.3376447916426382e-11 2.8334369362045203e-59 6.841644782487511e-10
408.0 7.826022985417163e-07 1.9421082607466433e-07 1.225905110635653e-11 3.476014914876686e-59 6.209952681531324e-10
409.0 6.977397812566533e-07 1.737423427461522e-07 1.1229426928892341e-11 4.256131830403043e-59 5.6340568626723e-10
410.0 6.218551565695077e-07 1.5537247420712938e-07 1.0281214305377112e-11 5.201394551073839e-59 5.109290215088111e-10
411.0 5.540249936115016e-07 1.3889278496291294e-07 9.408463439588264e-12 6.344562655851346e-59 4.63134967043047e-10
412.0 4.934177967195941e-07 1.2411478273454845e-07 8.60561375262926e-12 7.72443243846881e-59 4.196270397421688e-10
413.0 4.392851974925087e-07 1.1086809403680424e-07 7.867472591453687e-12 9.386857976569378e-59 3.8004015762806347e-10
414.0 3.909539524097239e-07 9.899879760574467e-08 7.189194723345355e-12 1.1385927958882036e-58 3.440383680075415e-10
415.0 3.4781867649933896e-07 8.836790297574636e-08 6.566262623605596e-12 1.3785319095734284e-58 3.1131271911099586e-10
416.0 3.0933524909620485e-07 7.884996242838068e-08 5.9944675591161546e-12 1.6659849250470036e-58 2.815792681728518e-10
417.0 2.7501483288992037e-07 7.033180540139555e-08 5.469891466332649e-12 2.0097255927641874e-58 2.545772190429508e-10
418.0 2.444184522454975e-07 6.271138525718189e-08 4.988889618569755e-12 2.4200228442977696e-58 2.3006718258705874e-10
419.0 2.1715208121242764e-07 5.589672906957209e-08 4.54807407417674e-12 2.9088724983461496e-58 2.0782955332061793e-10
420.0 1.9286219574124673e-07 4.9804981797761476e-08 4.1442978943269385e-12 3.4902608844963685e-58 1.8766299591877459e-10
421.0 1.7123174842103305e-07 4.436153687891626e-08 3.774640116626101e-12 4.180464140925832e-58 1.693830354546422e-10
422.0 1.5197652755770964e-07 3.949924588933189e-08 3.4363914685805143e-12 4.998387288914604e-58 1.528207454353293e-10
423.0 1.348418656494197e-07 3.515770049990094e-08 3.1270408031103332e-12 5.9659475524161814e-58 1.3782152792824694e-10
424.0 1.1959966530028672e-07 3.128258048760361e-08 2.8442622367367477e-12 7.108506774154967e-58 1.2424398029724784e-10
425.0 1.0604571336483309e-07 2.7825062063020114e-08 2.585902969793148e-12 8.455358179590313e-58 1.1195884329759369e-10
426.0 9.399725664732383e-08 2.4741281236370566e-08 2.349971766964314e-12 1.004027315502418e-57 1.0084802550795229e-10
427.0 8.3290814810527e-08 2.1991847373898462e-08 2.134628075664652e-12 1.1902114134224262e-57 9.080369930707407e-11
428.0 7.378020828935158e-08 1.954140249404266e-08 1.9381717591615477e-12 1.4085520126720785e-57 8.172746382930328e-11
429.0 6.533478097148728e-08 1.735822222108225e-08 1.759033420944571e-12 1.6641671867583024e-57 7.35295705569463e-11
430.0 5.78377992118296e-08 1.541385465451396e-08 1.5957652966050968e-12 1.9629144019647918e-57 6.612820742731871e-11
431.0 5.118501040207255e-08 1.3682793727096211e-08 1.4470326894039974e-12 2.311485231088671e-57 5.944883754715301e-11
432.0 4.52833458329591e-08 1.2142183915036085e-08 1.3116059257588552e-12 2.717510393756062e-57 5.342358881665415e-11
433.0 4.004975397456715e-08 1.0771553431751047e-08 1.1883528070531573e-12 3.1896760002885016e-57 4.799069096897894e-11
434.0 3.541015156973429e-08 9.552573283584782e-09 1.0762315344493775e-12 3.737851918567316e-57 4.309395672808404e-11
435.0 3.12984810963292e-08 8.468839793207136e-09 9.742840837571052e-13 4.3732332237608845e-57 3.868230397819744e-11
436.0 2.7655864214326063e-08 7.505678405599655e-09 8.816300078589248e-13 5.10849572847288e-57 3.47093160215684e-11
437.0 2.44298417813426e-08 6.649966783770244e-09 7.974606447140178e-13 5.957966625106979e-57 3.113283717725802e-11
438.0 2.1573691902989055e-08 5.889975377896767e-09 7.210337095338457e-13 6.937811302234341e-57 2.791460114252858e-11
439.0 1.9045818289032128e-08 5.215223813642372e-09 6.516682503489274e-13 8.066237421675091e-57 2.50198896999328e-11
440.0 1.680920191911105e-08 4.616351593911842e-09 5.887399468420647e-13 9.363717361933618e-57 2.2417219507118955e-11
441.0 1.4830909688928765e-08 4.085001744459032e-09 5.316767330170108e-13 1.0853230145693522e-56 2.00780548532432e-11
442.0 1.3081654314513455e-08 3.613716158332236e-09 4.799547249804307e-13 1.256052397322522e-56 1.7976544405225172e-11
443.0 1.1535400323777392e-08 3.195841508149196e-09 4.3309443584500366e-13 1.4514400478885252e-56 1.6089280099509677e-11
444.0 1.0169011465579617e-08 2.825444699369633e-09 3.9065726049645805e-13 1.6747021813244697e-56 1.4395076460258865e-11
445.0 8.961935321393518e-09 2.4972369329162076e-09 3.5224221371002754e-13 1.929424162786499e-56 1.2874768743480385e-11
446.0 7.895921317288577e-09 2.2065055323491195e-09 3.1748290584052226e-13 2.2195961002165016e-56 1.1511028418425652e-11
447.0 6.954768708098016e-09 1.9490527700379384e-09 2.8604474104675505e-13 2.5496510301268703e-56 1.0288194603102059e-11
448.0 6.124101444612448e-09 1.7211409989805857e-09 2.576223237369394e-13 2.9245057889085953e-56 9.192120169973061e-12
449.0 5.3911671416189014e-09 1.519443462695203e-09 2.3193705963723366e-13 3.3496046541240073e-56 8.210031331232776e-12
450.0 4.744657642377211e-09 1.3410002154691876e-09 2.0873493858538323e-13 3.8309658306777983e-56 7.330399600572257e-12
451.0 4.174548926385729e-09 1.1831786397049606e-09 1.8778448683603428e-13 4.375230845521872e-56 6.542825110451507e-12
452.0 3.671958334356096e-09 1.0436380965876795e-09 1.688748773285148e-13 4.989716901528469e-56 5.8379303406783e-12
453.0 3.229017289468238e-09 9.202982912591994e-10 1.5181418701330585e-13 5.682472226330243e-56 5.207263385930448e-12
454.0 2.8387578791742813e-09 8.113109744898031e-10 1.3642779095670941e-13 6.4623344351927955e-56 4.643209956909538e-12
455.0 2.4950118289229973e-09 7.150346398583479e-10 1.2255688354409854e-13 7.338991908308275e-56 4.138913372348204e-12
456.0 2.1923205498732506e-09 6.300119090149011e-10 1.1005711768032572e-13 8.32304816227177e-56 3.6882018573594185e-12
457.0 1.925855078476455e-09 5.549493280071198e-10 9.879735344015675e-14 9.426089172886121e-56 3.2855225178216384e-12
458.0 1.6913448481464669e-09 4.88699325185417e-10 8.865850815230371e-14 1.0660753581852468e-55 2.925881410883745e-12
459.0 1.485014343369461e-09 4.3024410611655056e-10 7.953250040730286e-14 1.204080569337053e-55 2.604789178454999e-12
460.0 1.303526785707936e-09 3.7868128346859847e-10 7.132128096263312e-14 1.3581211138239374e-55 2.3182117539448957e-12
461.0 1.143934090267379e-09 3.332110601944439e-10 6.393594397769552e-14 1.52982150527694e-55 2.062525692719457e-12
462.0 1.0036324112986367e-09 2.9312480273777266e-10 5.729591244766391e-14 1.720942258782249e-55 1.8344777139663315e-12
463.0 8.803226675649541e-10 2.5779485759218165e-10 5.132819211853902e-14 1.9333881529657412e-55 1.6311480760772061e-12
464.0 7.719755027119987e-10 2.26665479527873e-10 4.596668855692561e-14 2.1692166779147212e-55 1.44991743945666e-12
465.0 6.768001938607346e-10 1.9924475331213053e-10 4.1151582417618924e-14 2.4306466399541987e-55 1.2884369000206956e-12
466.0 5.932170736484899e-10 1.7509740292657092e-10 3.6828758300573154e-14 2.7200668905409703e-55 1.1446009037162152e-12
467.0 5.19833077566366e-10 1.5383839325223064e-10 3.294928291701919e-14 3.0400451426976067e-55 1.0165227773326491e-12
468.0 4.554200702194881e-10 1.3512723906796697e-10 2.946892859323389e-14 3.3933368345067844e-55 9.025126338393572e-13
469.0 3.988956415515443e-10 1.1866294509158373e-10 2.6347738430271764e-14 3.782893995245275e-55 8.010574315991988e-13
470.0 3.4930609756850983e-10 1.0417950878233057e-10 2.3549629709788327e-14 4.2118740657881474e-55 7.108029862163431e-13
471.0 3.058114000655444e-10 9.144192480449098e-11 2.1042032390745426e-14 4.683648620999431e-55 6.305377516001185e-13
472.0 2.6767183666159386e-10 8.024263650236895e-11 1.879555977993327e-14 5.201811937967184e-55 5.59178203178134e-13
473.0 2.3423622640269116e-10 7.039838552866873e-11 1.6783708681711484e-14 5.770189350175482e-55 4.957556711821969e-13
474.0 2.0493148760116346e-10 6.174741596629436e-11 1.4982586540097394e-14 6.3928453240915996e-55 4.3940448566665923e-13
475.0 1.7925341369298294e-10 5.4146993945406084e-11 1.3370663279817842e-14 7.074091191197963e-55 3.8935130748869706e-13
476.0 1.5675851995950293e-10 4.747120793721379e-11 1.1928545733153046e-14 7.818492465260749e-55 3.449055309796357e-13
477.0 1.3705683918539582e-10 4.160901865130979e-11 1.063877270703329e-14 8.63087567167358e-55 3.0545065454814e-13
478.0 1.1980555790255068e-10 3.646253081749104e-11 9.485628900521067e-15 9.51633461303754e-55 2.7043652505511547e-13
479.0 1.0470339697450505e-10 3.19454621358731e-11 8.454976027346908e-15 1.0480235992815466e-54 2.3937237056299736e-13
480.0 9.148565106184136e-11 2.7981787365891877e-11 7.534099632159222e-15 1.1528224316968237e-54 2.1182054405395935e-13
481.0 7.99198111155773e-11 2.4504537927704355e-11 6.711570213255415e-15 1.2666225991978852e-54 1.8739090799560443e-13
482.0 6.980170259822959e-11 2.145473953754606e-11 5.977117379405377e-15 1.3900452536611444e-54 1.657357962671919e-13
483.0 6.095207974354899e-11 1.8780472317996177e-11 5.32151587457265e-15 1.523740282425284e-54 1.4654549599885846e-13
484.0 5.3213622936067534e-11 1.6436039538218405e-11 4.7364824023918235e-15 1.6683864272663138e-54 1.2954419736893893e-13
485.0 4.644829231183262e-11 1.4381232669596786e-11 4.214582272786563e-15 1.8246912898585258e-54 1.1448636439856946e-13
486.0 4.0534996032032514e-11 1.2580681807603323e-11 3.749144976541867e-15 1.9933912155827428e-54 1.011534843186078e-13
487.0 3.5367536435052027e-11 1.1003281728700973e-11 3.3341878705369514e-15 2.175251047730838e-54 8.935115720288849e-14
488.0 3.085280149391982e-11 9.621684936834829e-12 2.9643472270916275e-15 2.3710637444002412e-54 7.890649129824812e-14
489.0 2.6909172753822143e-11 8.411854021705835e-12 2.6348159659680672e-15 2.581649850693294e-54 6.966577287045323e-14
490.0 2.346512424980786e-11 7.352666512912262e-12 2.3412874473689587e-15 2.807856819218548e-54 6.149238245567282e-14
491.0 2.0457989854684292e-11 6.425566181501531e-12 2.079904759194618e-15 3.0505581723518923e-54 5.426493218837182e-14
492.0 1.7832879122567564e-11 5.614255423484429e-12 1.8472149822002283e-15 3.310652500237364e-54 4.787560139361241e-14
493.0 1.5541724011880277e-11 4.904423967545667e-12 1.6401279628960268e-15 3.589062289105278e-54 4.2228649909171045e-14
494.0 1.3542440925549108e-11 4.283509689561113e-12 1.4558791663520814e-15 3.886732575154123e-54 3.7239090661725495e-14
495.0 1.1798194325323264e-11 3.740487796897499e-12 1.2919962198136618e-15 4.2046294199720194e-54 3.2831504881852205e-14
496.0 1.0276749787707952e-11 3.2656850723055157e-12 1.146268793475822e-15 4.543738204272926e-54 2.8938985022781786e-14
497.0 8.949905794414037e-12 2.85061624634787e-12 1.0167214971682507e-15 4.905061737588591e-54 2.5502191964516385e-14
498.0 7.792994811251766e-12 2.4878399039164776e-12 9.01589501299496e-16 5.289618182473212e-54 2.2468514453086423e-14
499.0 6.784445324628252e-12 2.170831629148956e-12 7.992966174306821e-16 5.698438792755194e-54 1.979131995837881e-14
500.0 5.905397490754014e-12 1.8938723581123344e-12 7.084355985014077e-16 6.132565466405985e-54 1.7429287245765873e-14
501.0 5.1393659239564335e-12 1.6519501436771184e-12 6.27750441201565e-16 6.593048114649125e-54 1.5345811958080785e-14
502.0 4.47194392028484e-12 1.4406737454029043e-12 5.561204934622034e-16 7.08094185007085e-54 1.350847740608825e-14
503.0 3.890544092365584e-12 1.256196641920523e-12 4.925461886789738e-16 7.597303997612699e-54 1.188858357671945e-14
504.0 3.3841709916312686e-12 1.0951502268956297e-12 4.3613624524802823e-16 8.1431909335177e-54 1.0460728097949703e-14
505.0 2.9432218236925072e-12 9.54585094526387e-13 3.860961854201466e-16 8.719654758480598e-54 9.202433554993172e-15
506.0 2.5593118299026423e-12 8.319194487717267e-13 3.4171804149940515e-16 9.327739812454414e-54 8.09381614174341e-15
507.0 2.225121320284317e-12 7.248937839913414e-13 3.0237113014727073e-16 9.96847903977889e-54 7.117291160577112e-15
508.0 1.934261706323881e-12 6.315310850640064e-13 2.674937871113153e-16 1.0642890214478185e-53 6.257311358626157e-15
509.0 1.681158202388737e-12 5.501018838256026e-13 2.365859651853857e-16 1.1351972036771222e-53 5.500134514835172e-15
510.0 1.4609471466781724e-12 4.790935871402226e-13 2.0920260771552745e-16 1.2096700112996402e-53 4.833617074314314e-15
511.0 1.269386141148475e-12 4.171835612642662e-13 1.849477185820403e-16 1.2878022832276607e-53 4.247030969109771e-15
512.0 1.102775428689733e-12 3.632155184229059e-13 1.6346905739115869e-16 1.369685715433569e-53 3.730901071488873e-15
513.0 9.578891184646366e-13 3.1617880561644e-13 1.4445339567307815e-16 1.4554084323920436e-53 3.276861000764135e-15
514.0 8.31915039834201e-13 2.751902434323062e-13 1.276222762730825e-16 1.5450545528263926e-53 2.8775252507986638e-15
515.0 7.224021544160819e-13 2.39478204784613e-13 1.1272822389980548e-16 1.638703751490604e-53 2.5263758255528296e-15
516.0 6.272145869725788e-13 2.0836866068795316e-13 9.95513600167335e-17 1.736430818807206e-53 2.21766176702582e-15
517.0 5.444914511252031e-13 1.8127295296513736e-13 8.7896379978866e-17 1.838305220251765e-53 1.946310136045483e-15
518.0 4.726117472366057e-13 1.5767708270219142e-13 7.758985457436986e-17 1.944390657441447e-53 1.7078471637496295e-15
519.0 4.101636988491149e-13 1.3713232874851152e-13 6.847782197321644e-17 2.0547446329450102e-53 1.4983284322023797e-15
520.0 3.5591797228792923e-13 1.1924703301408173e-13 6.042363954948668e-17 2.169418020870624e-53 1.314277068127803e-15
521.0 3.088042927294553e-13 1.0367940909546222e-13 5.330606816780329e-17 2.2884546453299167e-53 1.1526290458100047e-15
522.0 2.6789103033891717e-13 9.01312481791864e-14 4.70175643384431e-17 2.4118908688941083e-53 1.0106847951892507e-15
523.0 2.3236738300976264e-13 7.834241150425203e-14 4.146275818024795e-17 2.5397551931720597e-53 8.860664003607351e-16
524.0 2.0152782867760735e-13 6.808601215920898e-14 3.655709741183705e-17 2.6720678736398214e-53 7.766797531850199e-16
525.0 1.7475856091826846e-13 5.916420086125779e-14 3.222563964424953e-17 2.8088405508356472e-53 6.806810975715187e-16
526.0 1.5152565726365575e-13 5.140448080673207e-14 2.840197709412603e-17 2.9500759000082864e-53 5.964474631161587e-16
527.0 1.313647609894023e-13 4.465648586397813e-14 2.502727949593838e-17 3.0957673012711687e-53 5.225505429847707e-16
528.0 1.1387208457921944e-13 3.878916445060443e-14 2.204944248268424e-17 3.24589853225862e-53 4.57733620970402e-16
529.0 9.86965671252709e-14 3.3688318529922336e-14 1.9422330043508757e-17 3.400443485218042e-53 4.0089119717975597e-16
530.0 8.553303899617424e-14 2.925445339292585e-14 1.7105100868829735e-17 3.559365910396805e-53 3.5105100141344436e-16
531.0 7.411626555886513e-14 2.5400899365245802e-14 1.5061609472150323e-17 3.7226191874904276e-53 3.073581185247733e-16
532.0 6.42157578995022e-14 2.205217138448115e-14 1.3259873945296814e-17 3.890146126821447e-53 2.690609813513689e-16
533.0 5.56312526330409e-14 1.914253661206358e-14 1.1671603071230586e-17 4.0618788018036116e-53 2.3549901463428533e-16
534.0 4.818877526966847e-14 1.6614763946295024e-14 1.027177629600172e-17 4.237738414125388e-53 2.060917380527968e-16
535.0 4.1737212436483716e-14 1.4419032551646235e-14 9.038270757831487e-18 4.417635192955433e-53 1.8032915844816446e-16
536.0 3.6145327726078304e-14 1.2511979368777233e-14 7.951530194934436e-18 4.601468329323683e-53 1.5776330079014389e-16
537.0 3.1299164228150876e-14 1.0855868068461618e-14 6.994271111928624e-18 4.789125946693147e-53 1.3800074472737045e-16
538.0 2.7099784043196108e-14 9.417864103184878e-15 6.151222084144021e-18 4.980485108568289e-53 1.2069604889788106e-16
539.0 2.346130140832197e-14 8.169402430225917e-15 5.408892525883281e-18 5.17541186382562e-53 1.0554595877583228e-16
540.0 2.0309171597803317e-14 7.0856361624915505e-15 4.755367648109922e-18 5.373761330283608e-53 9.228430588708982e-17
541.0 1.7578702594632498e-14 6.144955877277916e-15 4.1801266880049054e-18 5.575377816848425e-53 8.067751691134381e-17
542.0 1.5213760751481928e-14 5.3285706040461816e-15 3.6738818117554585e-18 5.78009498439828e-53 7.052066065516343e-17
543.0 1.3165645346591079e-14 4.6201426426391465e-15 3.2284353767464902e-18 5.987736045379691e-53 6.163396926481134e-17
544.0 1.1392110159354573e-14 4.005469352915182e-15 2.8365534936042154e-18 6.19811400191886e-53 5.385977747177958e-17
545.0 9.856513000351786e-15 3.472205922796743e-15 2.4918540554334e-18 6.411031922049236e-53 4.705983023489944e-17
546.0 8.527076582985197e-15 3.0096238795559426e-15 2.1887076040333125e-18 6.626283253492062e-53 4.111291495802225e-17
547.0 7.376246263583522e-15 2.6084007720739187e-15 1.9221495833873105e-18 6.843652174233682e-53 3.591277960597959e-17
548.0 6.3801320434031154e-15 2.260437031618286e-15 1.6878026916517914e-18 7.062913978963431e-53 3.136630259066025e-17
549.0 5.518023853919356e-15 1.9586965256800524e-15 1.4818081862903675e-18 7.283835500278869e-53 2.7391884321033193e-17
550.0 4.771970566281218e-15 1.6970677626191267e-15 1.30076512475287e-18 7.506175563368571e-53 2.3918033865538182e-17
551.0 4.126414403359016e-15 1.4702430922653514e-15 1.1416766368875286e-18 7.729685472748067e-53 2.0882127316412117e-17
552.0 3.567873511444858e-15 1.2736135861286862e-15 1.0019024265648665e-18 7.954109529447629e-53 1.8229317220040154e-17
553.0 3.0846663886540033e-15 1.1031775766181493e-15 8.791167901444831e-19 8.179185576912281e-53 1.591157488775676e-17
554.0 2.6666726860503146e-15 9.55461092990118e-16 7.712715196210979e-19 8.404645573734359e-53 1.3886849564802183e-17
555.0 2.305125610928635e-15 8.274486573347123e-16 6.765631296212755e-19 8.630216191208463e-53 1.2118330344523992e-17
556.0 1.9924317830168743e-15 7.165231008704562e-16 5.934039108476653e-19 8.855619433578138e-53 1.0573798399739814e-17
557.0 1.7220149353947332e-15 6.204132327509545e-16 5.203963689434078e-19 9.080573278737917e-53 9.225058589477856e-18
558.0 1.4881803229478687e-15 5.371483436411523e-16 4.563106578426089e-19 9.304792337059185e-53 8.047440810114428e-18
559.0 1.2859971111711696e-15 4.650186572539458e-16 4.000646611703559e-19 9.527988525919338e-53 7.019362615664681e-18
560.0 1.1111963749465764e-15 4.0254095726532005e-16 3.50706414771792e-19 9.74987175744604e-53 6.121945650754836e-18
561.0 9.600826473864617e-16 3.4842871665808757e-16 3.0739859852993208e-19 9.970150636932184e-53 5.338679337588373e-18
562.0 8.294572289267096e-16 3.0156614342969056e-16 2.694048567655963e-19 1.0188533169318958e-52 4.655126049197852e-18
563.0 7.165517017864717e-16 2.609856323562948e-16 2.3607773413738117e-19 1.0404727471133848e-52 4.058662698006152e-18
564.0 6.189702992156524e-16 2.258481785429393e-16 2.0684803846032645e-19 1.0618442485228177e-52 3.5382542822321835e-18
565.0 5.346399566002513e-16 1.9542636604820932e-16 1.8121546358957457e-19 1.0829388695668823e-52 3.084255472839781e-18
566.0 4.617670259320662e-16 1.6908959502804356e-16 1.5874032477552946e-19 1.10372788401448e-52 2.6882367991521718e-18
567.0 3.9879976938739516e-16 1.4629125454240294e-16 1.3903627596654332e-19 1.1241828617260726e-52 2.342832409621014e-18
568.0 3.44395864421761e-16 1.2655758623523587e-16 1.2176389365914952e-19 1.1442757386134784e-52 2.0416067523127994e-18
569.0 2.9739425415630307e-16 1.094780172516518e-16 1.0662502529162271e-19 1.1639788855757241e-52 1.7789378434140467e-18
570.0 2.56790764899333e-16 9.46967696264685e-17 9.335781203928701e-20 1.1832651761631222e-52 1.549915076749402e-18
571.0 2.2171698914513508e-16 8.190557851383052e-17 8.173230637172535e-20 1.2021080527275865e-52 1.3502497775988459e-18
572.0 1.9142199883127163e-16 7.083737350803865e-17 7.154661402677688e-20 1.2204815908265894e-52 1.1761969241031061e-18
573.0 1.6525651132916923e-16 6.126079634941633e-17 6.262349828052903e-20 1.2383605616567559e-52 1.0244866528832272e-18
574.0 1.4265918073357826e-16 5.2975444880810464e-17 5.480739166766356e-20 1.2557204923027381e-52 8.922643353634661e-19
575.0 1.2314473050071477e-16 4.580774753900168e-17 4.796176674073603e-20 1.2725377235992813e-52 7.770381604997023e-19
576.0 1.0629368122734014e-16 3.9607385208284967e-17 4.1966823145731876e-20 1.2887894654145878e-52 6.7663329065602605e-19
577.0 9.174346011760732e-17 3.424418817326616e-17 3.6717453319917253e-20 1.3044538491781758e-52 5.891517724332016e-19
578.0 7.918070710564728e-17 2.9605445395454094e-17 3.212145356187744e-20 1.319509977486767e-52 5.129374852585221e-19
579.0 6.833461726008414e-17 2.559357158792257e-17 2.809795115007656e-20 1.3339379706383299e-52 4.465454992008569e-19
580.0 5.897118048620584e-17 2.2124084734239867e-17 2.45760216543541e-20 1.3477190099569812e-52 3.8871529126660545e-19
581.0 5.0888198093874874e-17 1.9123852932174334e-17 2.1493473647606683e-20 1.3608353777877553e-52 3.3834733768433435e-19
582.0 4.391097188795704e-17 1.6529574860940244e-17 1.879578072898541e-20 1.3732704940543546e-52 2.944826595525798e-19
583.0 3.788857538862234e-17 1.4286462879179777e-17 1.6435143156866027e-20 1.3850089492881827e-52 2.562849517286336e-19
584.0 3.269062888385978e-17 1.2347101851892042e-17 1.4369663496351693e-20 1.396036534055185e-52 2.230249708730927e-19
585.0 2.820451050104276e-17 1.0670460358444889e-17 1.2562622544541125e-20 1.4063402647181639e-52 1.9406689892219719e-19
586.0 2.433294457213461e-17 9.22103402090855e-18 1.0981843436297431e-20 1.415908405492442e-52 1.6885643363503347e-19
587.0 2.099191644271106e-17 7.968103372993569e-18 9.599133279063676e-21 1.4247304867655936e-52 1.4691038886167742e-19
588.0 1.8108869699506894e-17 6.885091018062666e-18 8.389792940129285e-21 1.4327973196682303e-52 1.2780761433972312e-19
589.0 1.562114770407653e-17 5.949004846138304e-18 7.332186733579869e-21 1.4401010068974365e-52 1.1118106862042065e-19
590.0 1.3474646442592643e-17 5.139955834740833e-18 6.40736474467083e-21 1.4466349498111603e-52 9.671089956603743e-20
591.0 1.1622650138823368e-17 4.4407404816751364e-18 5.598731402144545e-21 1.4523938518232636e-52 8.411840510981042e-20
592.0 1.002482492032581e-17 3.8364792399919344e-18 4.891754677964732e-21 1.4573737181452636e-52 7.316076294927805e-20
593.0 8.64634915586605e-18 3.31430347265393e-18 4.273710971222865e-21 1.4615718519344758e-52 6.362643183198775e-20
594.0 7.457161963770097e-18 2.8630844399459803e-18 3.733461329417405e-21 1.4649868469187745e-52 5.533113933606174e-20
595.0 6.431313885899982e-18 2.4731986963642176e-18 3.2612551854708902e-21 1.4676185765831607e-52 4.8114381762834733e-20
596.0 5.546405881833743e-18 2.1363250229442926e-18 2.848558251137951e-21 1.4694681800139694e-52 4.1836371133754835e-20
597.0 4.783104667437108e-18 1.845268670847726e-18 2.4879016143333056e-21 1.4705380445061964e-52 3.637537248537069e-20
598.0 4.124724040190777e-18 1.5938092556330145e-18 2.1727494459524207e-21 1.4708317850521267e-52 3.162538183030713e-20
599.0 3.556863234004597e-18 1.3765691303699535e-18 1.8973830367514667e-21 1.4703542208370798e-52 2.7494101426123595e-20
600.0 3.0670945580344053e-18 1.1888994895247626e-18 1.6567991619414819e-21 1.4691113488762816e-52 2.3901174480216542e-20
601.0 2.644693622487059e-18 1.0267818229359978e-18 1.4466210148427811e-21 1.467110314937231e-52 2.0776646215508183e-20
602.0 2.280406361464126e-18 8.867426576790438e-19 1.2630201652227588e-21 1.4643593818956904e-52 1.8059622414575468e-20
603.0 1.9662478475671543e-18 7.65779801670229e-19 1.1026481863314035e-21 1.460867895681807e-52 1.569710022470762e-20
604.0 1.6953285716903842e-18 6.612985421065015e-19 9.625767602398285e-22 1.456646248977224e-52 1.364294920899455e-20
605.0 1.461704448431434e-18 5.710564591658103e-19 8.402452166215434e-22 1.4517058428290974e-52 1.1857023426970334e-20
606.0 1.2602473151860943e-18 4.9311569504137375e-19 7.334145879958171e-22 1.4460590463488674e-52 1.0304387773146597e-20
607.0 1.0865331319560913e-18 4.258016740319982e-19 6.401273768036791e-22 1.439719154669463e-52 8.954643937401955e-21
608.0 9.367454684379513e-19 3.676674042508645e-19 5.58672328376199e-22 1.4327003453333978e-52 7.781343216446813e-21
609.0 8.075921930941755e-19 3.1746260831811236e-19 4.875535905306236e-22 1.4250176332867686e-52 6.761475034490819e-21
610.0 6.962335625719051e-19 2.7410703157101837e-19 4.254637166428998e-22 1.4166868246553288e-52 5.875021453559869e-21
611.0 6.002201550307792e-19 2.3666736394259697e-19 3.7126003586981737e-22 1.4077244694765507e-52 5.104569195651377e-21
612.0 5.174393028723954e-19 2.0433728753439104e-19 3.239439728569244e-22 1.3981478135624388e-52 4.434971782894122e-21
613.0 4.460688635231507e-19 1.7642022760840458e-19 2.826429507565375e-22 1.3879747496641723e-52 3.8530553479902465e-21
614.0 3.845373252053632e-19 1.523144416069216e-19 2.4659455656569287e-22 1.3772237681087517e-52 3.3473624929113617e-21
615.0 3.3148938140335915e-19 1.315001300548234e-19 2.15132687440868e-22 1.3659139070739842e-52 2.9079292943149186e-21
616.0 2.857562259073e-19 1.1352829582938102e-19 1.8767543142943932e-22 1.354064702664309e-52 2.526091182780563e-21
617.0 2.463299224172087e-19 9.801111518250837e-20 1.6371446656890628e-22 1.3416961389460703e-52 2.1943139713778185e-21
618.0 2.123412908932057e-19 8.461361583769739e-20 1.428057890647672e-22 1.3288285980960513e-52 1.9060467874472585e-21
619.0 1.8304082903075762e-19 7.304648512340955e-20 1.2456160472440708e-22 1.3154828108116754e-52 1.6555940787027066e-21
620.0 1.5778225305250908e-19 6.305985502297153e-20 1.0864323839997877e-22 1.3016798071258762e-52 1.4380042286168987e-21
621.0 1.3600829885051935e-19 5.443793171719193e-20 9.475493423138623e-23 1.2874408677633476e-52 1.2489726333244848e-21
622.0 1.1723847360418332e-19 4.699435510283068e-20 8.263843529226429e-23 1.2727874761683627e-52 1.0847573689020829e-21
623.0 1.0105849039311213e-19 4.05681892621995e-20 7.206824509986239e-23 1.2577412713286301e-52 9.421058190410223e-22
624.0 8.711115493205206e-20 3.5020458261189775e-20 6.284748559383318e-23 1.2423240015111177e-52 8.181908433402449e-22
625.0 7.50885051644869e-20 3.023115324617507e-20 5.480427682994425e-23 1.2265574790204477e-52 7.105552496689413e-22
626.0 6.472503174282388e-20 2.6096646837648444e-20 4.7788572957031594e-23 1.2104635360806523e-52 6.170634937230302e-22
627.0 5.579183098527383e-20 2.252745949130517e-20 4.1669397212086604e-23 1.1940639819377478e-52 5.358596680462924e-22
628.0 4.809156223982199e-20 1.9446329997576416e-20 3.633242582080994e-23 1.1773805612673312e-52 4.653309640221846e-22
629.0 4.1454099144755545e-20 1.678654877692676e-20 3.167787695532881e-23 1.160434913969246e-52 4.040758959726565e-22
630.0 3.573277943135844e-20 1.4490518236822433e-20 2.7618666385882934e-23 1.1432485364206365e-52 3.508766685150775e-22
631.0 3.08011709962627e-20 1.2508509305844353e-20 2.4078796265941737e-23 1.1258427442513054e-52 3.046751484805866e-22
632.0 2.6550283261604316e-20 1.0797587453338936e-20 2.099194769470808e-23 1.108238636698698e-52 2.6455197250778972e-22
633.0 2.2886162585269697e-20 9.32068512794484e-21 1.830025138135791e-23 1.0904570625923512e-52 2.2970838222324304e-22
634.0 1.972781889241963e-20 8.0458006820171e-21 1.5953213956564627e-23 1.0725185880088277e-52 1.9945043186261105e-22
635.0 1.700543795590689e-20 6.945306557879083e-21 1.3906780295983372e-23 1.0544434656325742e-52 1.7317525928630251e-22
636.0 1.465884001457602e-20 5.995351853323685e-21 1.2122514687183317e-23 1.0362516058502255e-52 1.5035915147958785e-22
637.0 1.2636150821016475e-20 5.175346407613621e-21 1.0566885829883346e-23 1.0179625495988491e-52 1.3054717056905093e-22
638.0 1.0892655871696208e-20 4.467515298395126e-21 9.21064254764163e-24 9.995954429824873e-53 1.1334413680444117e-22
639.0 9.389812593961484e-21 3.8565141516057626e-21 8.028268740939329e-24 9.811690136649715e-53 9.840679143057429e-23
640.0 8.094398733841724e-21 3.3290969728161187e-21 6.997507556385446e-24 9.62701549039458e-53 8.543698541712517e-23
641.0 6.977778181619167e-21 2.8738293373292286e-21 6.098946010383801e-24 9.44210876170959e-53 7.417576006852702e-23
642.0 6.015268053961233e-21 2.4808407518055792e-21 5.315652410601483e-24 9.257143435018436e-53 6.439820298738183e-23
643.0 5.185593078496424e-21 2.1416108430149556e-21 4.632859884807168e-24 9.072288043033897e-53 5.590897804990837e-23
644.0 4.470415247718482e-21 1.848784757536659e-21 4.037690171466132e-24 8.887706018548462e-53 4.853844126439441e-23
645.0 3.853928365960131e-21 1.5960137853654596e-21 3.518912565013068e-24 8.70355556322405e-53 4.2139265878072904e-23
646.0 3.3225085422340667e-21 1.3778177639229826e-21 3.0667335543594624e-24 8.51998953309368e-53 3.658351009785744e-23
647.0 2.864412914196292e-21 1.1894662885171797e-21 2.672613257499661e-24 8.337155340434722e-53 3.176006948884798e-23
648.0 2.4695199513835285e-21 1.026876160906077e-21 2.3291052482872137e-24 8.155194871625589e-53 2.7572463680665685e-23
649.0 2.1291056025110716e-21 8.865228579968867e-22 2.029716802484932e-24 7.974244420580753e-53 2.3936913592483924e-23
650.0 1.8356503420627267e-21 7.653641053471422e-22 1.7687869668295886e-24 7.794434637312104e-53 2.0780671110738752e-23
651.0 1.5826728530330617e-21 6.607739015348312e-22 1.5413801839537301e-24 7.615890491138941e-53 1.8040568130643184e-23
652.0 1.3645866704436734e-21 5.704855652343814e-22 1.3431934935376737e-24 7.438731248053424e-53 1.5661756200622345e-23
653.0 1.1765766170542794e-21 4.925425718218874e-22 1.1704755812496032e-24 7.2630704617068695e-53 1.3596611771995853e-23
654.0 1.0144922996790815e-21 4.252561147328807e-22 1.0199561664604716e-24 7.089015977479521e-53 1.180378532831093e-23
655.0 8.747563112886237e-22 3.6716847222301107e-22 8.887844113785008e-25 6.916669949071028e-53 1.024737551343092e-23
656.0 7.542851089255442e-22 3.170213857693564e-22 7.744752016450858e-25 6.746128867032963e-53 8.896211850577503e-24
657.0 6.504208175350971e-22 2.7372876480015206e-22 6.748622946286595e-25 6.577483598665159e-53 7.72323179441459e-24
658.0 5.608724512679946e-22 2.3635312608667277e-22 5.880574593156869e-25 6.410819438671359e-53 6.704939727014284e-24
659.0 4.836652519811209e-22 2.0408525699458141e-22 5.124148431776826e-25 6.246216169978381e-53 5.820937132928546e-24
660.0 4.170970241191253e-22 1.7622666161302723e-22 4.464998987272876e-25 6.083748134116965e-53 5.053514600401167e-24
661.0 3.597004998650332e-22 1.5217440906521953e-22 3.8906228745596044e-25 5.9234843105496735e-53 4.3872975227696275e-24
662.0 3.102109018142003e-22 1.3140805535588132e-22 3.390122530360525e-25 5.765488404349674e-53 3.80893844048469e-24
663.0 2.675379853898189e-22 1.1347835505048217e-22 2.954000204319564e-25 5.609818941623489e-53 3.3068498908492737e-24
664.0 2.3074194232024327e-22 9.799751788061054e-23 2.5739783409635983e-25 5.456529372083499e-53 2.87097243784818e-24
665.0 1.990126319239275e-22 8.463079886668312e-23 2.242842977695554e-25 5.305668178177556e-53 2.492573254158655e-24
666.0 1.716516805833205e-22 7.308923946762169e-23 1.9543072146427495e-25 5.157278990197628e-53 2.1640712354108744e-24
667.0 1.480570532602894e-22 6.312340223217206e-23 1.7028921880136322e-25 5.01140070679347e-53 1.878885155004537e-24
668.0 1.2770975561532598e-22 5.45179629784555e-23 1.4838233065919087e-25 4.868067620333441e-53 1.6313018267288202e-24
669.0 1.1016237244902684e-22 4.70870431331127e-23 1.2929397971889308e-25 4.727309546565572e-53 1.4163616411431522e-24
670.0 9.502918882971884e-23 4.067018092184234e-23 1.1266158545944154e-25 4.589151958045797e-53 1.2297591880487925e-24
671.0 8.197767530415488e-23 3.5128853966970146e-23 9.816919094483913e-26 4.453616120816906e-53 1.0677569782745706e-24
672.0 7.072114878326172e-23 3.0343477815016603e-23 8.55414717548335e-26 4.320719233838114e-53 9.271105393715858e-25
673.0 6.101244672001691e-23 2.6210815247416042e-23 7.453851399429866e-26 4.190474570679788e-53 8.050033868462294e-25
674.0 5.263847462726198e-23 2.264174014437763e-23 6.495126278342932e-26 4.0628916230190503e-53 6.989905697611517e-25
675.0 4.541550631577298e-23 1.9559307368589954e-23 5.65975552505294e-26 3.9379762454868086e-53 6.0694966081270345e-25
676.0 3.918513289517483e-23 1.6897086778987277e-23 4.931866305696943e-26 3.815730801441332e-53 5.270382097549041e-25
677.0 3.3810770940772054e-23 1.4597725219060603e-23 4.297627908493265e-26 3.696154309255388e-53 4.57656808236776e-25
678.0 2.917465260624511e-23 1.2611705273708856e-23 3.744989129255313e-26 3.579242588729343e-53 3.974170263247553e-25
679.0 2.5175231129190257e-23 1.0896273860662006e-23 3.263449404422406e-26 3.464988407261438e-53 3.4511357842409785e-25
680.0 2.172494436982141e-23 9.414517409757533e-24 2.843859359283593e-26 3.353381625424733e-53 2.997001609322379e-25
681.0 1.874828694651047e-23 8.134563565897726e-24 2.4782469944902446e-26 3.2444093416226787e-53 2.60268477439998e-25
682.0 1.6180148360481354e-23 7.028892098349464e-24 2.1596662182768478e-26 3.138056035512733e-53 2.2603003110494235e-25
683.0 1.396438038725328e-23 6.0737400698608855e-24 1.8820648541345183e-26 3.034303709910084e-53 1.9630031922882326e-25
684.0 1.2052562084579987e-23 5.248588365282648e-24 1.6401696219173042e-26 2.9331320309017005e-53 1.7048511318142624e-25
685.0 1.0402935138069022e-23 4.5357184454606955e-24 1.4293859114308875e-26 2.834518465922251e-53 1.4806854858713081e-25
686.0 8.979486033121693e-24 3.919829716425211e-24 1.2457104474770586e-26 2.7384384195592067e-53 1.2860278696074784e-25
687.0 7.751154788857401e-24 3.387709219484335e-24 1.0856551893808087e-26 2.6448653668768946e-53 1.1169904147130869e-25
688.0 6.691152788084878e-24 2.927946483267461e-24 9.461810207866246e-27 2.5537709840678526e-53 9.701978685404273e-26
689.0 5.776374649205508e-24 2.530687358741759e-24 8.246399709892825e-27 2.465125276255125e-53 8.427199722902245e-26
690.0 4.986891164574518e-24 2.1874215040243076e-24 7.187248707524857e-27 2.3788967022886788e-53 7.320127619411671e-26
691.0 4.305512121348025e-24 1.8907989158052226e-24 6.2642548651333646e-27 2.2950522963959286e-53 6.358676145213388e-26
692.0 3.7174093648739095e-24 1.6344715342385959e-24 5.459902997279092e-27 2.213557786563746e-53 5.523670176513949e-26
693.0 3.20979179544059e-24 1.4129564919355146e-24 4.758932052012568e-27 2.134377709543982e-53 4.7984617513748927e-26
694.0 2.7716251361481443e-24 1.2215180470203516e-24 4.148044955851921e-27 2.0574755223900447e-53 4.1685967845640306e-26
695.0 2.3933902982132956e-24 1.0560656452846458e-24 3.615655805824133e-27 1.9828137104473182e-53 3.62152575600454e-26
696.0 2.0668750220373377e-24 9.130659060865212e-25 3.151669603012987e-27 1.9103538917364397e-53 3.146352569690141e-26
697.0 1.7849942067208922e-24 7.894666283932899e-25 2.7472903400258175e-27 1.8400569176759442e-53 2.7336165457442934e-26
698.0 1.5416349736715992e-24 6.826311738115e-25 2.3948537933805325e-27 1.7718829701115858e-53 2.3751031730950848e-26
699.0 1.331523055502118e-24 5.902818082367156e-25 2.0876818411712864e-27 1.705791654625083e-53 2.0636798272958785e-26
700.0 1.1501075716563296e-24 5.104507777785032e-25 1.819955535419283e-27 1.6417420901102953e-53 1.7931531589525656e-26
