200.0 0.0 0.0 0.0 0.0 0.0
201.0 0.0 0.0 0.0 0.0 0.0
202.0 0.0 0.0 0.0 0.0 0.0
203.0 0.0 0.0 0.0 0.0 0.0
204.0 0.0 0.0 0.0 0.0 0.0
205.0 0.0 0.0 0.0 0.0 0.0
206.0 0.0 0.0 0.0 0.0 0.0
207.0 0.0 0.0 0.0 0.0 0.0
208.0 0.0 0.0 0.0 0.0 0.0
209.0 0.0 0.0 0.0 0.0 0.0
210.0 0.0 0.0 0.0 0.0 0.0
211.0 0.0 0.0 0.0 0.0 0.0
212.0 0.0 0.0 0.0 0.0 0.0
213.0 0.0 0.0 0.0 0.0 0.0
214.0 0.0 0.0 0.0 0.0 0.0
215.0 0.0 0.0 0.0 0.0 0.0
216.0 0.0 0.0 0.0 0.0 0.0
217.0 0.0 0.0 0.0 0.0 0.0
218.0 0.0 0.0 0.0 0.0 0.0
219.0 0.0 0.0 0.0 0.0 0.0
220.0 0.0 0.0 0.0 0.0 0.0
221.0 0.0 0.0 0.0 0.0 0.0
222.0 0.0 0.0 0.0 0.0 0.0
223.0 0.0 0.0 0.0 0.0 0.0
224.0 0.0 0.0 0.0 0.0 0.0
225.0 0.0 0.0 0.0 0.0 0.0
226.0 0.0 0.0 0.0 0.0 0.0
227.0 0.0 0.0 0.0 0.0 0.0
228.0 0.0 0.0 0.0 0.0 0.0
229.0 0.0 0.0 0.0 0.0 0.0
230.0 0.0 0.0 0.0 0.0 0.0
231.0 0.0 0.0 0.0 0.0 0.0
232.0 0.0 0.0 0.0 0.0 0.0
233.0 0.0 0.0 0.0 0.0 0.0
234.0 0.0 0.0 0.0 0.0 0.0
235.0 0.0 0.0 0.0 0.0 0.0
236.0 0.0 0.0 0.0 0.0 0.0
237.0 0.0 0.0 0.0 0.0 0.0
238.0 0.0 0.0 0.0 0.0 0.0
239.0 0.0 0.0 0.0 0.0 0.0
240.0 0.0 0.0 0.0 0.0 0.0
241.0 0.0 0.0 0.0 0.0 0.0
242.0 0.0 0.0 0.0 0.0 0.0
243.0 0.0 0.0 0.0 0.0 0.0
244.0 0.0 0.0 0.0 0.0 0.0
245.0 0.0 0.0 0.0 0.0 0.0
246.0 0.0 0.0 0.0 0.0 0.0
247.0 0.0 0.0 0.0 0.0 0.0
248.0 0.0 0.0 0.0 0.0 0.0
249.0 0.0 0.0 0.0 0.0 0.0
250.0 0.0 0.0 0.0 0.0 0.0
251.0 0.0 0.0 0.0 0.0 0.0
252.0 0.0 0.0 0.0 0.0 0.0
253.0 0.0 0.0 0.0 0.0 0.0
254.0 0.0 0.0 0.0 0.0 0.0
255.0 0.0 0.0 0.0 0.0 0.0
256.0 0.0 0.0 0.0 0.0 0.0
257.0 0.0 0.0 0.0 0.0 0.0
258.0 0.0 0.0 0.0 0.0 0.0
259.0 0.0 0.0 0.0 0.0 0.0
260.0 0.0 0.0 0.0 0.0 0.0
261.0 0.0 0.0 0.0 0.0 0.0
262.0 0.0 0.0 0.0 0.0 0.0
263.0 0.0 0.0 0.0 0.0 0.0
264.0 0.0 0.0 0.0 0.0 0.0
265.0 0.0 0.0 0.0 0.0 0.0
266.0 0.0 0.0 0.0 0.0 0.0
267.0 0.0 0.0 0.0 0.0 0.0
268.0 0.0 0.0 0.0 0.0 0.0
269.0 0.0 0.0 0.0 0.0 0.0
270.0 0.0 0.0 0.0 0.0 0.0
271.0 0.0 0.0 0.0 0.0 0.0
272.0 0.0 0.0 0.0 0.0 0.0
273.0 0.0 0.0 0.0 0.0 0.0
274.0 0.0 0.0 0.0 0.0 0.0
275.0 0.0 0.0 0.0 0.0 0.0
276.0 0.0 0.0 0.0 0.0 0.0
277.0 0.0 0.0 0.0 0.0 0.0
278.0 0.0 0.0 0.0 0.0 0.0
279.0 0.0 0.0 0.0 0.0 0.0
280.0 0.0 0.0 0.0 0.0 0.0
281.0 0.0 0.0 0.0 0.0 0.0
282.0 0.0 0.0 0.0 0.0 0.0
283.0 0.0 0.0 0.0 0.0 0.0
284.0 0.0 0.0 0.0 0.0 0.0
285.0 0.0 0.0 0.0 0.0 0.0
286.0 0.0 0.0 0.0 0.0 0.0
287.0 0.0 0.0 0.0 0.0 0.0
288.0 0.0 0.0 0.0 0.0 0.0
289.0 0.0 0.0 0.0 0.0 0.0
290.0 0.0 0.0 0.0 0.0 0.0
291.0 0.0 0.0 0.0 0.0 0.0
292.0 0.0 0.0 0.0 0.0 0.0
293.0 0.0 0.0 0.0 0.0 0.0
294.0 0.0 0.0 0.0 0.0 0.0
295.0 0.0 0.0 0.0 0.0 0.0
296.0 0.0 0.0 0.0 0.0 0.0
297.0 0.0 0.0 0.0 0.0 0.0
298.0 0.0 0.0 0.0 0.0 0.0
299.0 0.0 0.0 0.0 0.0 0.0
300.0 0.0 0.0 0.0 0.0 0.0
301.0 0.0 0.0 0.0 0.0 0.0
302.0 0.0 0.0 0.0 0.0 0.0
303.0 0.0 0.0 0.0 0.0 0.0
304.0 0.0 0.0 0.0 0.0 0.0
305.0 0.0 0.0 0.0 0.0 0.0
306.0 0.0 0.0 0.0 0.0 0.0
307.0 0.0 0.0 0.0 0.0 0.0
308.0 0.0 0.0 0.0 0.0 0.0
309.0 0.0 0.0 0.0 0.0 0.0
310.0 0.0 0.0 0.0 0.0 0.0
311.0 0.0 0.0 0.0 0.0 0.0
312.0 0.0 0.0 0.0 0.0 0.0
313.0 0.0 0.0 0.0 0.0 0.0
314.0 0.0 0.0 0.0 0.0 0.0
315.0 0.0 0.0 0.0 0.0 0.0
316.0 0.0 0.0 0.0 0.0 0.0
317.0 0.0 0.0 0.0 0.0 0.0
318.0 0.0 0.0 0.0 0.0 0.0
319.0 0.0 0.0 0.0 0.0 0.0
320.0 0.0 0.0 0.0 0.0 0.0
321.0 0.0 0.0 0.0 0.0 0.0
322.0 0.0 0.0 0.0 0.0 0.0
323.0 0.0 0.0 0.0 0.0 0.0
324.0 0.0 0.0 0.0 0.0 0.0
325.0 0.0 0.0 0.0 0.0 0.0
326.0 0.0 0.0 0.0 0.0 0.0
327.0 0.0 0.0 0.0 0.0 0.0
328.0 0.0 0.0 0.0 0.0 0.0
329.0 0.0 0.0 0.0 0.0 0.0
330.0 0.0 0.0 0.0 0.0 0.0
331.0 0.0 0.0 0.0 0.0 0.0
332.0 0.0 0.0 0.0 0.0 0.0
333.0 0.0 0.0 0.0 0.0 0.0
334.0 0.0 0.0 0.0 0.0 0.0
335.0 0.0 0.0 0.0 0.0 0.0
336.0 0.0 0.0 0.0 0.0 0.0
337.0 0.0 0.0 0.0 0.0 0.0
338.0 0.0 0.0 0.0 0.0 0.0
339.0 0.0 0.0 0.0 0.0 0.0
340.0 0.0 0.0 0.0 0.0 0.0
341.0 0.0 0.0 0.0 0.0 0.0
342.0 0.0 0.0 0.0 0.0 0.0
343.0 0.0 0.0 0.0 0.0 0.0
344.0 0.0 0.0 0.0 0.0 0.0
345.0 0.0 0.0 0.0 0.0 0.0
346.0 0.0 0.0 0.0 0.0 0.0
347.0 0.0 0.0 0.0 0.0 0.0
348.0 0.0 0.0 0.0 0.0 0.0
349.0 0.0 0.0 0.0 0.0 0.0
350.0 0.0 0.0 0.0 0.0 0.0
351.0 0.0 0.0 0.0 0.0 0.0
352.0 0.0 0.0 0.0 0.0 0.0
353.0 0.0 0.0 0.0 0.0 0.0
354.0 0.0 0.0 0.0 0.0 0.0
355.0 0.0 0.0 0.0 0.0 0.0
356.0 0.0 0.0 0.0 0.0 0.0
357.0 0.0 0.0 0.0 0.0 0.0
358.0 0.0 0.0 0.0 0.0 0.0
359.0 0.0 0.0 0.0 0.0 0.0
360.0 0.0 0.0 0.0 0.0 0.0
361.0 0.0 0.0 0.0 0.0 0.0
362.0 0.0 0.0 0.0 0.0 0.0
363.0 0.0 0.0 0.0 0.0 0.0
364.0 0.0 0.0 0.0 0.0 0.0
365.0 0.0 0.0 0.0 0.0 0.0
366.0 0.0 0.0 0.0 0.0 0.0
367.0 0.0 0.0 0.0 0.0 0.0
368.0 0.0 0.0 0.0 0.0 0.0
369.0 0.0 0.0 0.0 0.0 0.0
370.0 0.0 0.0 0.0 0.0 0.0
371.0 0.0 0.0 0.0 0.0 0.0
372.0 0.0 0.0 0.0 0.0 0.0
373.0 0.0 0.0 0.0 0.0 0.0
374.0 0.0 0.0 0.0 0.0 0.0
375.0 0.0 0.0 0.0 0.0 0.0
376.0 0.0 0.0 0.0 0.0 0.0
377.0 1.0675993309394808e-16 4.214597131951595e-18 6.733036980157461e-22 1.1020268842318419e-73 4.709893291798012e-20
378.0 1.067241876828668e-16 4.2493646225901575e-18 6.947406336719262e-22 1.5972980092195835e-73 4.805541642502607e-20
379.0 1.0668833876719216e-16 4.284220972940385e-18 7.167394911383281e-22 2.310616376938114e-73 4.90259828919712e-20
380.0 1.0665238716015609e-16 4.3191652447652035e-18 7.393115252261195e-22 3.335988955193599e-73 5.001074606913103e-20
381.0 1.0661633367312992e-16 4.354196501817663e-18 7.624681341294989e-22 4.807096882577138e-73 5.100981943393076e-20
382.0 2.131603582311431e-16 8.778627619809034e-18 1.5724417194849222e-21 1.3827359036656593e-72 1.0404663235972588e-19
383.0 2.130878485899476e-16 8.849032473896684e-18 1.6211627759084164e-21 1.984907269816018e-72 1.0610269841111005e-19
384.0 2.1301514003362867e-16 8.919605706096849e-18 1.6711230978463232e-21 2.843952026176807e-72 1.0818806220789762e-19
385.0 3.194133512535194e-16 1.3485518191620728e-17 2.5835199519884568e-21 6.100746939432108e-72 1.6545442245477452e-19
386.0 4.2573826519740565e-16 1.8122499776214412e-17 3.5497152504243564e-21 1.1611410770936074e-71 2.2489516119216004e-19
387.0 4.2559167384196627e-16 1.8264634282278297e-17 3.657361196592371e-21 1.6544293901848076e-71 2.292443646215235e-19
388.0 5.318058718243264e-16 2.3008863447380127e-17 4.709600932503314e-21 2.941221197924092e-71 2.9206743993932204e-19
389.0 7.442703436501374e-16 3.246226467835376e-17 6.791267206676835e-21 5.845712772200007e-71 4.1671764191159713e-19
390.0 8.50299204638254e-16 3.7385909874964935e-17 7.993084228353839e-21 9.467374120396045e-71 4.853121026776673e-19
391.0 1.0625037247278824e-15 4.709088831651207e-17 1.0287965294637083e-20 1.6740330930687442e-70 6.181236154674173e-19
392.0 1.274559015286474e-15 5.694018916811525e-17 1.2710124286499065e-20 2.8366129031491134e-70 7.557149713122893e-19
393.0 1.4864645287563758e-15 6.69342607312078e-17 1.5264062087872914e-20 4.664851574064188e-70 8.981809255476625e-19
394.0 1.8043584565618443e-15 8.189064059386727e-17 1.9076536203119607e-20 7.970612107931497e-70 1.1109681708514102e-18
395.0 2.2281280762873793e-15 1.019182186530627e-16 2.425011898611625e-20 1.383065525250306e-69 1.3978066534002863e-18
396.0 2.7576601319155617e-15 1.2712631696579067e-16 3.089213064835894e-20 2.401214543538994e-69 1.7625230134066352e-18
397.0 3.286814565254917e-15 1.5269890953623274e-16 3.789244111515709e-20 4.00786011762427e-69 2.140009105720005e-18
398.0 3.921578679216147e-15 1.8359918929651252e-16 4.652066442057622e-20 6.685139943145842e-69 2.6008019359983772e-18
399.0 4.7677887880770446e-15 2.2493608948428744e-16 5.818986975717402e-20 1.1343561015623383e-68 3.220543382114258e-18
400.0 5.7193033004465314e-15 2.718948023659441e-16 7.180541216647008e-20 1.895983050737035e-68 3.9344247512028876e-18
401.0 6.8818815059591005e-15 3.29658346263437e-16 8.886764072419267e-20 3.1735031488994464e-68 4.820940200255465e-18
402.0 8.361130169029886e-15 4.0355670197446747e-16 1.1103580502589808e-19 5.3545627445958894e-68 5.963987729359772e-18
403.0 1.0050904696772871e-14 4.887774231580322e-16 1.3724750599939484e-19 8.92449475739248e-68 7.299366502083446e-18
404.0 1.2056733369516704e-14 5.907257085741608e-16 1.6926622221969045e-19 1.4819209080923132e-67 8.914136413697721e-18
405.0 1.4483990469145715e-14 7.149548682846912e-16 2.0903102494859767e-19 2.4603852607939566e-67 1.0901068909287544e-17
406.0 1.7332211255603044e-14 8.619113931120356e-16 2.5709838257012446e-19 4.062526092776761e-67 1.327785675491583e-17
407.0 2.0706574877528413e-14 1.0373357623311183e-15 3.1565879898865067e-19 6.68637373599064e-67 1.6144983994554632e-17
408.0 2.4817711873668407e-14 1.2524475834029228e-15 3.8875633098580125e-19 1.1023062005661253e-66 1.9692865288862138e-17
409.0 2.9664804376084845e-14 1.5080316766142806e-15 4.77425484470976e-19 1.809518699368702e-66 2.3953513783304637e-17
410.0 3.5458091345395973e-14 1.81568294953064e-15 5.862333569648637e-19 2.9658276717177355e-66 2.91330991216895e-17
411.0 4.2302007314602865e-14 2.1818554063152192e-15 7.183735279634757e-19 4.844325417996956e-66 3.5362193022723964e-17
412.0 5.0511732395398954e-14 2.624111827858995e-15 8.809663167013863e-19 7.907587987954335e-66 4.295768997034265e-17
413.0 6.019114830519954e-14 3.149435040840758e-15 1.0780062980550515e-18 1.2861934884504456e-65 5.2073353758095335e-17
414.0 7.165472427601405e-14 3.776067796412532e-15 1.3176481846333006e-18 2.0868327932012474e-65 6.3055953899437e-17
415.0 8.521645479428804e-14 4.522706743977621e-15 1.6087509378840757e-18 3.3774380184806126e-65 7.627240297160837e-17
416.0 1.0118985745103222e-13 5.408503992038352e-15 1.9609123744353863e-18 5.4497758523680364e-65 9.211031103253088e-17
417.0 1.2020374248714794e-13 6.470065288769875e-15 2.3907853199862657e-18 8.784127571735464e-65 1.1127085095508923e-16
418.0 1.425703139591736e-13 7.727796679336345e-15 2.9100403537157833e-18 1.4116095308277247e-64 1.341991578450629e-16
419.0 1.6891682731267172e-13 9.219787535430889e-15 3.537825834795568e-18 2.2627345348675203e-64 1.61665080862782e-16
420.0 2.0007985696242746e-13 1.0996599147280945e-14 4.299393806648895e-18 3.620880161856623e-64 1.946860826522202e-16
421.0 2.3668449857440665e-13 1.3098379966388171e-14 5.2174833904385275e-18 5.778432259947536e-64 2.341291213999453e-16
422.0 2.798801801734595e-13 1.5595470230505654e-14 6.328463209607419e-18 9.205036840093151e-64 2.814348929668817e-16
423.0 3.306045240099351e-13 1.854810723795583e-14 7.666860965568269e-18 1.4627276486687182e-63 3.379100431427184e-16
424.0 3.902136210722636e-13 2.2041630842304124e-14 9.27987435323936e-18 2.3192675011215734e-63 4.0536646424966067e-16
425.0 4.601664068803916e-13 2.616934297762978e-14 1.1221063448903698e-17 3.66905145802819e-63 4.858253766608494e-16
426.0 5.42339157531583e-13 3.105072121705118e-14 1.3558711751559584e-17 5.792970431800162e-63 5.81866270820188e-16
427.0 6.385003763437358e-13 3.6801965954761936e-14 1.6363879171626525e-17 9.124060523691501e-63 6.960935165883675e-16
428.0 7.51254374238669e-13 4.3590556460231115e-14 1.9735103029061472e-17 1.4342340383651415e-62 8.321759469206872e-16
429.0 8.830966263448795e-13 5.158170147750167e-14 2.3775949908548095e-17 2.2493691820004147e-62 9.93861381792414e-16
430.0 1.037356627697633e-12 6.099358463950913e-14 2.862103553802926e-17 3.520608135561351e-62 1.1860502160749989e-15
431.0 1.2175680660808967e-12 7.206172323268034e-14 3.4421421024506104e-17 5.498466407417648e-62 1.4141446019929617e-15
432.0 1.427991704401723e-12 8.50705385207427e-14 4.1360953944011967e-17 8.569557367125173e-62 1.684690922154098e-15
433.0 1.6734047093670748e-12 1.0034216336471791e-13 4.9653118592817236e-17 1.332746973583775e-61 2.0052020375522734e-15
434.0 1.9595179390988987e-12 1.182626635251844e-13 5.955622624840729e-17 2.0684429643583287e-61 2.3847223898247212e-15
435.0 2.2927650183223927e-12 1.3927108253388823e-13 7.137101823796057e-17 3.203604712172503e-61 2.833665733374073e-15
436.0 2.6807188870397306e-12 1.6388636134357378e-13 8.545754329471057e-17 4.951731349832545e-61 3.364419144314798e-15
437.0 3.1318806184200142e-12 1.926966226338798e-13 1.0223363538277088e-16 7.638052004338591e-61 3.991197741867728e-15
438.0 3.656199641457388e-12 2.2639325743202973e-13 1.2219712797099337e-16 1.1757849935834918e-60 4.730824707596677e-15
439.0 4.2651752270345455e-12 2.6578015610235926e-13 1.459364588831452e-16 1.8063763658881336e-60 5.603025929988183e-15
440.0 4.971749044958235e-12 3.117700919696557e-13 1.741348151165284e-16 2.7695575956240467e-60 6.6304628983261045e-15
441.0 5.791240913244249e-12 3.6544669408170365e-13 2.0761154328696838e-16 4.2380185557677746e-60 7.840169966867552e-15
442.0 6.740718505089664e-12 4.280292128771776e-13 2.4731120533367633e-16 6.472190316633557e-60 9.26295884423653e-15
443.0 7.84024436584335e-12 5.009557610415573e-13 2.9436050030381427e-16 9.864975933571263e-60 1.0935371474767257e-14
444.0 9.112453196982948e-12 5.858621896950071e-13 3.50068048834936e-16 1.500700957793113e-59 1.2899430879304563e-14
445.0 1.0583379689313316e-11 6.846408820673728e-13 4.15971880693935e-16 2.2785065685265224e-59 1.520414521393455e-14
446.0 1.2282972093615723e-11 7.994810941610403e-13 4.938795000528551e-16 3.452825308474534e-59 1.7906667904954804e-14
447.0 1.424539643358209e-11 9.328968454271105e-13 5.859031270454334e-16 5.222429561051671e-59 2.107322570431095e-14
448.0 1.6509547968168914e-11 1.0877692291501708e-12 6.945064757455696e-16 7.883975966408831e-59 2.47804106852033e-14
449.0 1.9119977259243927e-11 1.26741747175976e-12 8.225735150381823e-16 1.187949902719523e-58 2.911718524529235e-14
450.0 2.212771005203424e-11 1.4756651798520815e-12 9.734793417955375e-16 1.7866515881642485e-58 3.4186862183325236e-14
451.0 2.559075347849957e-11 1.7168875672317645e-12 1.1511534765668875e-15 2.6820970589561562e-58 4.0108722500819985e-14
452.0 2.957512019510225e-11 1.9960949158991213e-12 1.3601719682366149e-15 4.0188766773715414e-58 4.7020547564702053e-14
453.0 3.415626519880417e-11 2.3190465904120174e-12 1.6058773204714774e-15 6.010869900896022e-58 5.5081981056581415e-14
454.0 3.942000030308441e-11 2.6923329224493904e-12 1.8944847675515508e-15 8.973827153868839e-58 6.447726283789253e-14
455.0 4.546382118843572e-11 3.1234877361508942e-12 2.233217564048992e-15 1.3373027412328216e-57 7.541880775615018e-14
456.0 5.239874953374713e-11 3.621139776599666e-12 2.6304799925681182e-15 1.9892953885662707e-57 8.815187421604489e-14
457.0 6.035065239914514e-11 4.195132375028984e-12 3.0960194264146353e-15 2.953860015293724e-57 1.0295864400112597e-13
458.0 6.946269781475797e-11 4.856725877869449e-12 3.641161154828799e-15 4.3783188587788735e-57 1.2016450489606787e-13
459.0 7.989718295593487e-11 5.618762059463994e-12 4.279031219029988e-15 6.478230056938527e-57 1.4014364136069542e-13
460.0 9.183797877047757e-11 6.49587673900194e-12 5.024831371894142e-15 9.568433835547287e-57 1.6332605066388304e-13
461.0 1.0549379622638081e-10 7.504776974871322e-12 5.896183620113809e-15 1.4108039922361153e-56 1.9020646992744501e-13
462.0 1.211005135519895e-10 8.664459240681568e-12 6.9134519209716084e-15 2.0765271127721523e-56 2.213521512059843e-13
463.0 1.3892525510410785e-10 9.996559539462876e-12 8.100191494358573e-15 3.051113554862624e-56 2.574143219649408e-13
464.0 1.592700466423851e-10 1.1525683085669424e-11 9.483612633740303e-15 4.475417163565226e-56 2.991395677694483e-13
465.0 1.8247618447085663e-10 1.3279795161377866e-11 1.1095126468078786e-14 6.553413085265997e-56 3.473832477885099e-13
466.0 2.089291098414635e-10 1.529065996667992e-11 1.2970968015098949e-14 9.579986473664929e-56 4.0312468834783734e-13
467.0 2.390638903325417e-10 1.7594336446706214e-11 1.5152909843072705e-14 1.3980738240095005e-55 4.674844680882356e-13
468.0 2.733711000477533e-10 2.023171748609891e-11 1.7689061052751807e-14 2.03688920173107e-55 5.417435191223655e-13
469.0 3.1240381934845665e-10 2.3249167309867978e-11 2.0634805847452213e-14 2.9626559159891402e-55 6.273655941079458e-13
470.0 3.56784926101807e-10 2.6699198416520307e-11 2.4053839753209068e-14 4.3020525200468586e-55 7.260216545759041e-13
471.0 4.072157079966815e-10 3.0641266422307844e-11 2.8019380951298714e-14 6.236704350456468e-55 8.39618395133228e-13
472.0 4.6448517399254243e-10 3.514263965341974e-11 3.261553013403809e-14 9.026592237784902e-55 9.703298943788335e-13
473.0 5.294802686984589e-10 4.027936109586552e-11 3.79388052780172e-14 1.3043248922220508e-54 1.1206330037739996e-12
474.0 6.031979132494085e-10 4.613737604989024e-11 4.4099933308707e-14 1.8816781180660292e-54 1.2933486792541767e-12
475.0 6.867572212021439e-10 5.281370388378598e-11 5.1225800226066765e-14 2.710231905161121e-54 1.4916860800226217e-12
476.0 7.81414459704465e-10 6.041785323243102e-11 5.946176400198099e-14 3.8973850142394075e-54 1.7192951886070377e-12
477.0 8.885781779731994e-10 6.907328834489378e-11 6.897416666014836e-14 5.59564033741858e-54 1.980322818564084e-12
478.0 1.009827584953975e-09 7.891918805175493e-11 7.995330009793211e-14 8.021211509831817e-54 2.279479080610651e-12
479.0 1.146931496097034e-09 9.011229639737154e-11 9.261665413654921e-14 1.1480155462020668e-53 2.6221089193597295e-12
480.0 1.3018702086899555e-09 1.0282905311895077e-10 1.072126584504478e-13 1.6405033601620174e-53 3.014274399227275e-12
481.0 1.476859475993455e-09 1.1726794681233568e-10 1.2402489357622743e-13 2.3406256371497483e-53 3.4628464998259273e-12
482.0 1.6743765737858396e-09 1.3365209660211275e-10 1.433768081052282e-13 3.3343874470068414e-53 3.97560696054665e-12
483.0 1.8971900935313808e-09 1.5223219977730696e-10 1.6563712415207194e-13 4.742783152100589e-53 4.561364672550033e-12
484.0 2.1483921185150964e-09 1.7328974816048812e-10 1.9122587227352634e-13 6.735771881728207e-53 5.230084276749296e-12
485.0 2.4314338001357318e-09 1.9714060292340152e-10 2.2062119577420065e-13 9.551731304113124e-53 5.993030145963507e-12
486.0 2.750165245701667e-09 2.241390123770273e-10 2.543670710473098e-13 1.3524499269348444e-52 6.862928932688852e-12
487.0 3.10887857861073e-09 2.5468199238852e-10 2.9308191331932693e-13 1.9120900314359147e-52 7.854148934355405e-12
488.0 3.512356002964301e-09 2.892142299351363e-10 3.3746830996847155e-13 2.699275129908837e-52 8.982901874854696e-12
489.0 3.96592316424113e-09 3.2823354902014605e-10 3.883240026938731e-13 3.804882832516622e-52 1.0267469197560077e-11
490.0 4.475506767482957e-09 3.7229686855749835e-10 4.465541159624787e-13 5.355429642201311e-52 1.1728451590503187e-11
491.0 5.047698994720472e-09 4.22026877711742e-10 5.131849823308565e-13 7.52679003621228e-52 1.3389049735651364e-11
492.0 5.689827883689255e-09 4.78119378815999e-10 5.893796083432512e-13 1.056309683903917e-51 1.527537588773537e-11
493.0 6.4100349769150745e-09 5.413514265420817e-10 6.764550445461218e-13 1.4802743112608133e-51 1.7416801555527017e-11
494.0 7.217360116797111e-09 6.125902748169673e-10 7.759017955383316e-13 2.0714100823324117e-51 1.984634300458147e-11
495.0 8.121834895011764e-09 6.928032818928828e-10 8.894055897844671e-13 2.894451896797873e-51 2.2601090866323756e-11
496.0 9.13458574944676e-09 7.830688850006606e-10 1.0188718030718034e-12 4.0387444578647537e-51 2.5722689143287325e-11
497.0 1.0267945455739679e-08 8.845885659593213e-10 1.1664525992125348e-12 5.627423074109888e-51 2.925786283213062e-11
498.0 1.1535577063129813e-08 9.98700184013785e-10 1.3345774536552696e-12 7.829954934700016e-51 3.3259008410143147e-11
499.0 1.2952608504923061e-08 1.1268925597282811e-09 1.5259871175181398e-12 1.0879245574267898e-50 3.778484562120004e-11
500.0 1.4535780395645605e-08 1.27082156218074e-09 1.7437715751390332e-12 1.509494069131925e-50 4.2901141244724494e-11
501.0 1.630360758472665e-08 1.4323277897199709e-09 1.9914123660240265e-12 2.0915122767851474e-50 4.86815105083916e-11
502.0 1.8276555644747245e-08 1.6134559902877183e-09 2.272829741411172e-12 2.8939367319211886e-50 5.520830390298304e-11
503.0 2.0477234281509918e-08 1.8164764432202654e-09 2.5924352637040833e-12 3.998715094175276e-50 6.257359006764842e-11
504.0 2.2930607918385463e-08 2.0439083767202686e-09 2.9551902854526365e-12 5.517697508867221e-50 7.088024072899994e-11
505.0 2.5664225738129296e-08 2.2985456780570126e-09 3.366671033589242e-12 7.603340878991086e-50 8.024313023038885e-11
506.0 2.8708472746473814e-08 2.583485096802779e-09 3.833140989989198e-12 1.046317064858146e-49 9.079046070327807e-11
507.0 3.2096843517680536e-08 2.902157155582972e-09 4.361631323257951e-12 1.4379292892136714e-49 1.0266522484339191e-10
508.0 3.5866239971866895e-08 3.258359960463755e-09 4.960030138709396e-12 1.973468497973726e-49 1.1602681789823707e-10
509.0 4.005729635451876e-08 3.656296274068608e-09 5.6371816211497e-12 2.7048573265682878e-49 1.3105281700283712e-10
510.0 4.471473224575732e-08 4.100614010715603e-09 6.402995899190236e-12 3.702397501783204e-49 1.4794093937478829e-10
511.0 4.9887736855675746e-08 4.596450539669187e-09 7.268570860818307e-12 5.061150373807761e-49 1.6691119946619279e-10
512.0 5.5630386635026946e-08 5.149481080403475e-09 8.246327066190128e-12 6.909488907326823e-49 1.882082822162309e-10
513.0 6.200209933683136e-08 5.765971583842911e-09 9.350157148063949e-12 9.420545286647907e-49 2.1210415419273526e-10
514.0 6.90681263376087e-08 6.452836380593408e-09 1.05955909907329e-11 1.282751458302505e-48 2.389009310391008e-10
515.0 7.690008724568779e-08 7.217701091886842e-09 1.1999978405315627e-11 1.7444087159640673e-48 2.6893402824558925e-10
516.0 8.557655020296737e-08 8.068971254526044e-09 1.3582691052142458e-11 2.3691693756180318e-48 3.0257562161478144e-10
517.0 9.518365985918636e-08 9.015906987933847e-09 1.5365345254683148e-11 3.213578807164333e-48 3.402384400838666e-10
518.0 1.058158184252485e-07 1.0068704364649188e-08 1.737204801042034e-11 4.3534103830171935e-48 3.8237992693595316e-10
519.0 1.175764229711945e-07 1.123858395037366e-08 1.9629668308191453e-11 5.890075712180632e-48 4.295067993308688e-10
520.0 1.3057866282934673e-07 1.2537887057646872e-08 2.2168136115564136e-11 7.959128966210429e-48 4.821800400811708e-10
521.0 1.4494638236160524e-07 1.3980180405782464e-08 2.5020771798705043e-11 1.0741535329944019e-47 5.410203625033133e-10
522.0 1.608150133223512e-07 1.5580369798684813e-08 2.82246487532838e-11 1.4478583389767072e-47 6.067141874717914e-10
523.0 1.7833258194018156e-07 1.7354823533960675e-08 3.182099236507021e-11 1.9491595387779926e-47 6.800201771009047e-10
524.0 1.97660796629159e-07 1.9321506351840308e-08 3.5855618771306594e-11 2.620794696278671e-47 7.617763747451509e-10
525.0 2.189762208086802e-07 2.1500124612750338e-08 4.0379416867253874e-11 3.519537386004333e-47 8.529079979768495e-10
526.0 2.424715385161831e-07 2.39122837244145e-08 4.5448877815664384e-11 4.720714993962237e-47 9.544359459481296e-10
527.0 2.683569180538991e-07 2.6581658624475622e-08 5.112667615134161e-11 6.324150904124043e-47 1.0674860760725433e-09
528.0 2.9686148120504264e-07 2.9534178371532125e-08 5.748230726909474e-11 8.461970725206274e-47 1.1932993166915165e-09
529.0 3.282348842202635e-07 3.2798225790787494e-08 6.459278614044647e-11 1.130884493937286e-46 1.3332426803072444e-09
530.0 3.6274902026988824e-07 3.6404853493284497e-08 7.254341310219474e-11 1.5095412391885567e-46 1.4888212592701863e-09
531.0 4.006998486020789e-07 4.0388017172869485e-08 8.142861205548688e-11 2.01258513712607e-46 1.6616912715560501e-09
532.0 4.4240936185304716e-07 4.478482773203421e-08 9.135284799677004e-11 2.6800852653263173e-46 1.8536742530626817e-09
533.0 4.882276983972143e-07 4.963582336479183e-08 1.024316303222756e-10 3.564761972293219e-46 2.06677247855859e-09
534.0 5.385354106126081e-07 5.498526315644264e-08 1.1479260957208797e-10 4.735899977014584e-46 2.3031857139973452e-09
535.0 5.93745898292469e-07 6.08814436299981e-08 1.2857677542039804e-10 6.2844464755795445e-46 2.5653294008091837e-09
536.0 6.543080183044584e-07 6.73770398944591e-08 1.4393976460149536e-10 8.32964538782775e-46 2.855854385481015e-09
537.0 7.207088812574495e-07 7.452947305422768e-08 1.6105328792631412e-10 1.1027660604872821e-45 3.177668311529669e-09
538.0 7.934768477990169e-07 8.240130577065103e-08 1.8010668652039395e-10 1.4582771649240893e-45 3.5339588045658737e-09
539.0 8.731847354184577e-07 9.106066772916367e-08 2.0130862763840462e-10 1.926189242593828e-45 3.928218579361161e-09
540.0 9.604532504922445e-07 1.0058171320865791e-07 2.248889519160321e-10 2.5413377951854373e-45 4.364272620960223e-09
541.0 1.0559546573540518e-06 1.1104511269124905e-07 2.511006839535775e-10 3.3491357741083865e-45 4.846307585424783e-09
542.0 1.160416700826461e-06 1.2253858098412758e-07 2.80222219927334e-10 4.408718437093661e-45 5.378903593550729e-09
543.0 1.2746267946935928e-06 1.3515744396381358e-07 3.1255970579545284e-10 5.797003186759665e-45 5.9670685803936805e-09
544.0 1.3994364942408637e-06 1.490052466988672e-07 3.4844962182502775e-10 7.613924732485173e-45 6.61627539686384e-09
545.0 1.5357662677262493e-06 1.641944054226852e-07 3.882615892958175e-10 9.989178289368655e-45 7.33250185304914e-09
546.0 1.684610584486171e-06 1.8084690618567103e-07 4.3240141685335743e-10 1.3090895567784734e-44 8.122273914551559e-09
547.0 1.8470433376127426e-06 1.9909505310415245e-07 4.81314405054291e-10 1.7136795195902625e-44 8.992712273431309e-09
548.0 2.024223619570954e-06 2.1908226923392948e-07 5.354889288144978e-10 2.2408497507505772e-44 9.95158252692803e-09
549.0 2.217401871448028e-06 2.409639534141549e-07 5.954603191998616e-10 2.926988156850037e-44 1.1007349218471608e-08
550.0 2.4279264246570725e-06 2.649083962967211e-07 6.618150667096407e-10 3.819060018347932e-44 1.2169233997023084e-08
551.0 2.6572504568340905e-06 2.910977591628586e-07 7.351953702121292e-10 4.977616944367909e-44 1.3447278175947163e-08
552.0 2.9069393853781677e-06 3.197291193940559e-07 8.163040575134974e-10 6.480642935516933e-44 1.485240999309629e-08
553.0 3.178678719012476e-06 3.510155862084854e-07 9.05909904110628e-10 8.428465142231972e-44 1.639651687058301e-08
554.0 3.4742823933357574e-06 3.8518749096660724e-07 1.0048533796885846e-09 1.0950017335011484e-43 1.809252301352151e-08
555.0 3.795701614050291e-06 4.2249365618767947e-07 1.1140528528837278e-09 1.4210820170175565e-43 1.9954472689136417e-08
556.0 4.1450342337488086e-06 4.632027477485619e-07 1.2345112870964309e-09 1.842313800959967e-43 2.1997619552783807e-08
557.0 4.524534688840454e-06 5.076047149064389e-07 1.3673234620879384e-09 2.3858892248683954e-43 2.4238522405794582e-08
558.0 4.936624523592568e-06 5.560123229262196e-07 1.5136837580410548e-09 3.0866061948106854e-43 2.6695147787384214e-08
559.0 5.383903530247548e-06 6.087627834133819e-07 1.674894541279943e-09 3.9889491675558975e-43 2.9386979829330717e-08
560.0 5.869161534759741e-06 6.662194876223612e-07 1.8523751930625738e-09 5.149726329011272e-43 3.2335137822086065e-08
561.0 6.395390856594778e-06 7.287738479898932e-07 2.0476718246288953e-09 6.641408465811192e-43 3.556250195214767e-08
562.0 6.965799475980398e-06 7.968472538096037e-07 2.26246772544577e-09 8.55635185718803e-43 3.909384771543211e-08
563.0 7.58382493939618e-06 8.708931467838629e-07 2.498594593137583e-09 1.1012133735287596e-42 4.295598951617362e-08
564.0 8.253149036052426e-06 9.513992225245211e-07 2.7580445966332214e-09 1.4158286507832321e-42 4.717793399088262e-08
565.0 8.977713279667238e-06 1.0388897643706945e-06 3.0429833271245886e-09 1.818478875429015e-42 5.1791043625838566e-08
566.0 9.761735230512706e-06 1.1339281160903759e-06 3.3557636943359494e-09 2.3332760386118332e-42 5.682921126140584e-08
567.0 1.060972569197568e-05 1.2371193000720712e-06 3.6989408281374997e-09 2.990792048063516e-42 6.232904609381403e-08
568.0 1.1526506819306686e-05 1.3491127881352944e-06 4.075288049593775e-09 3.829750431655317e-42 6.833007182704463e-08
569.0 1.25172311773966e-05 1.470605432124288e-06 4.4878139783075355e-09 4.8991507376945766e-42 7.487493764600373e-08
570.0 1.3587401784675822e-05 1.6023445616099095e-06 4.939780846142621e-09 6.260933633125884e-42 8.20096427072697e-08
571.0 1.4742893183050672e-05 1.7451312564897808e-06 5.43472409168406e-09 7.993320982834898e-42 8.978377488495904e-08
572.0 1.598997357176587e-05 1.8998238021773644e-06 5.976473312484299e-09 1.0194997702090543e-41 9.825076452251794e-08
573.0 1.733532804658602e-05 2.067341335622522e-06 6.5691746569393325e-09 1.2990342349363873e-41 1.0746815398822281e-07
574.0 1.8786082984053144e-05 2.2486676903566408e-06 7.217314740725169e-09 1.6535963021707451e-41 1.1749788384915156e-07
575.0 2.0349831611607672e-05 2.444855449019724e-06 7.925746176881833e-09 2.1028856281035605e-41 1.284065965118218e-07
576.0 2.2034660805977123e-05 2.6570302121657614e-06 8.699714813177252e-09 2.6716582202087357e-41 1.4026595821580007e-07
577.0 2.3849179161287143e-05 2.886395092177449e-06 9.544888774091963e-09 3.3909941391790084e-41 1.531530002894744e-07
578.0 2.5802546368977806e-05 3.134235441343865e-06 1.0467389409183462e-08 4.2998753892162336e-41 1.6715048061026906e-07
579.0 2.790450395302017e-05 3.4019238234750115e-06 1.1473824254475873e-08 5.447148000125515e-41 1.8234726625054538e-07
580.0 3.0165407401696634e-05 3.6909252383073916e-06 1.257132211707922e-08 6.893959500755325e-41 1.9883873830657227e-07
581.0 3.259625973999758e-05 4.002802608442252e-06 1.3767570398931235e-08 8.716784067676892e-41 2.1672721995677647e-07
582.0 3.520874658514192e-05 4.339222538522634e-06 1.5070854779651075e-08 1.1011173458283927e-40 2.361224288171362e-07
583.0 3.801527272736859e-05 4.701961356459896e-06 1.6490101383152723e-08 1.3896403440084824e-40 2.5714195469091644e-07
584.0 4.102900027857184e-05 5.0929114467211e-06 1.8034921557776603e-08 1.7521224063366453e-40 2.799117638449114e-07
585.0 4.426388843207042e-05 5.514087885926865e-06 1.9715659405087793e-08 2.2070969312767094e-40 3.045667309819979e-07
586.0 4.773473487261345e-05 5.967635390637439e-06 2.154344219583373e-08 2.777633925056749e-40 3.3125120008426005e-07
587.0 5.145721888057039e-05 6.4558355879488045e-06 2.353023381893545e-08 3.492423795769005e-40 3.601195753668282e-07
588.0 5.544794616849839e-05 6.981114618949441e-06 2.5688891412245553e-08 4.387113606184715e-40 3.9133694357666843e-07
589.0 5.972449549038175e-05 7.54605108548684e-06 2.803322533017529e-08 5.505953065772176e-40 4.250797289179518e-07
590.0 6.43054670616253e-05 8.15338435055177e-06 3.057806260785061e-08 6.903820186422524e-40 4.615363819035665e-07
591.0 6.9210532827439e-05 8.80602320266408e-06 3.3339314086878865e-08 8.648711882345355e-40 5.009081034623426e-07
592.0 7.446048861514761e-05 9.507054894504819e-06 3.633404537252007e-08 1.082480342653644e-39 5.434096056495699e-07
593.0 8.0077308204839e-05 1.0259754566018456e-05 3.958055179726737e-08 1.3536203262329543e-39 5.892699103329149e-07
594.0 8.608419935145647e-05 1.1067595062158702e-05 4.3098437571018814e-08 1.691155702264769e-39 6.38733187248714e-07
595.0 9.250566178847395e-05 1.1934257155181863e-05 4.690869930240702e-08 2.1109687707441926e-39 6.920596328337141e-07
596.0 9.936754724287885e-05 1.2863640181440306e-05 5.1033814081500245e-08 2.6326498981565563e-39 7.495263912653932e-07
597.0 0.00010669712148716383 1.3859873102206545e-05 5.549783231795064e-08 3.280341687990816e-39 8.114285191446659e-07
598.0 0.00011452312845304392 1.4927325998015925e-05 6.032647553400449e-08 4.08377035193253e-39 8.780799952768009e-07
599.0 0.00012287585642907633 1.6070622005766097e-05 6.554723931635342e-08 5.07950467176242e-39 9.498147770160958e-07
600.0 0.0001317872063586156 1.7294649707130138e-05 7.11895016335894e-08 6.312491409531913e-39 1.0269879046233957e-06
601.0 0.00014129076225641044 1.860457597713934e-05 7.728463673272941e-08 7.837926213804299e-39 1.1099766551258738e-06
602.0 0.00015142186375545147 2.0005859300964947e-05 8.386613483044214e-08 9.723531321499279e-39 1.1991817471422027e-06
603.0 0.00016221768079153532 2.1504263566413292e-05 9.096972781787825e-08 1.205232607239864e-38 1.295028598126611e-06
604.0 0.0001737172904334577 2.3105872339727702e-05 9.863352120371012e-08 1.492599391751397e-38 1.3979686355104098e-06
605.0 0.00018596175585727703 2.4817103631046672e-05 1.0689813252008441e-07 1.846897078342104e-38 1.5084806631644469e-06
606.0 0.00019899420746502473 2.6644725156114167e-05 1.1580683642239243e-07 2.2833405031561656e-38 1.6270722846386778e-06
607.0 0.0002128599261373489 2.8595870099367332e-05 1.254057167125875e-07 2.820516962697212e-38 1.754281384563124e-06
608.0 0.0002276064286118349 3.067805338378596e-05 1.3574382552178598e-07 3.481114345992452e-38 1.890677669625366e-06
609.0 0.00024328355496721724 3.2899188451290385e-05 1.468733498857501e-07 4.2928022172763585e-38 2.036864270456353e-06
610.0 0.00025994355819482457 3.5267604557548255e-05 1.5884978595171914e-07 5.289297067039928e-38 2.1934794057727723e-06
611.0 0.00027764119582808765 3.77920645835441e-05 1.7173212105279772e-07 6.511649131174002e-38 2.3611981100421256e-06
612.0 0.00029643382359968056 4.048178336598006e-05 1.8558302388894968e-07 8.009795545702015e-38 2.5407340259273e-06
613.0 0.0003163814910864683 4.334644654717133e-05 2.0046904305122293e-07 9.844433377859557e-38 2.732841262686738e-06
614.0 0.00033754703930112225 4.6396229944766415e-05 2.164608141279125e-07 1.208927651254596e-37 2.9383163216897916e-06
615.0 0.00035999620017662524 4.964181943972539e-05 2.3363327562598435e-07 1.4833772781297887e-37 3.158000090089938e-06
616.0 0.00038379769789114116 5.309443138095764e-05 2.5206589394385425e-07 1.8186372458838468e-37 3.3927799036959595e-06
617.0 0.0004090233519671772 5.676583350294622e-05 2.7184289762458167e-07 2.227845674159165e-37 3.6435916799471304e-06
618.0 0.0004357481820788099 6.066836635241669e-05 2.9305352111944515e-07 2.7269055560461193e-37 3.911422121875562e-06
619.0 0.00046405051448591305 6.481496521778999e-05 3.157922582826536e-07 3.335050864809812e-37 4.197310993782283e-06
620.0 0.0004940120900179929 6.92191825553744e-05 3.4015912582028555e-07 4.075525286348078e-37 4.502353469355842e-06
621.0 0.0005257181735101445 7.389521090314122e-05 3.6625993690243126e-07 4.976395317220586e-37 4.827702552747547e-06
622.0 0.0005592576645982417 7.885790627321857e-05 3.942065851491567e-07 6.071523532923323e-37 5.174571573117661e-06
623.0 0.0005947232097647995 8.41228120116798e-05 4.241173391882342e-07 7.4017326305638605e-37 5.544236752980036e-06
624.0 0.0006322113155239612 8.970618311338315e-05 4.5611714797769224e-07 9.016196512547299e-37 5.938039850594026e-06
625.0 0.0006718224626220475 9.562501097749928e-05 4.903379570742472e-07 1.097410135276913e-36 6.357390876485081e-06
626.0 0.0007136612211266941 0.00010189704858842868 5.269190360219253e-07 1.3346627448883892e-36 6.803770884081591e-06
627.0 0.0007578363662691141 0.00010854083610513039 5.660073170240135e-07 1.6219311916889412e-36 7.278734834308698e-06
628.0 0.0008044609948872095 0.00011557572683897749 6.077577450431083e-07 1.9694863164451122e-36 7.783914533746213e-06
629.0 0.0008536526423274116 0.00012302191360116655 6.523336394745946e-07 2.3896510863730922e-36 8.321021645974274e-06
630.0 0.0009055333996356926 0.00013090045539622614 6.999070675108081e-07 2.897199015268856e-36 8.891850775382717e-06
631.0 0.0009602300308692917 0.00013923330443771576 7.506592293048226e-07 3.509827639986712e-36 9.498282622635276e-06
632.0 0.0010178740903567917 0.0001480433334610342 8.047808550302152e-07 4.248720750408201e-36 1.0142287210844241e-05
633.0 0.0010786020397162165 0.00015735436330500716 8.624726139084858e-07 5.139215486881518e-36 1.082592718122921e-05
634.0 0.001142555364439674 0.00016719119073307904 9.239455352629296e-07 6.211593247450241e-36 1.1551361156909217e-05
635.0 0.0012098806898412308 0.00017757961646250206 9.894214416354032e-07 7.502016654354857e-36 1.2320847173240123e-05
636.0 0.0012807298961611349 0.00018854647336866135 1.0591333939854841e-06 9.05363869335983e-36 1.3136746172947345e-05
637.0 0.0013552602326113543 0.0002001196548297347 1.1333261489698908e-06 1.0917914650594568e-35 1.4001525564090561e-05
638.0 0.0014336344301272342 0.0002123281431731221 1.212256628266879e-06 1.3156152733895398e-35 1.4917762838549554e-05
639.0 0.001516020812610456 0.00022520203818727163 1.2961943999096485e-06 1.5841345399812898e-35 1.588814924878349e-05
640.0 0.0016025934064084501 0.00023877258565579412 1.385422171540864e-06 1.9060330551539206e-35 1.6915493540051373e-05
641.0 0.0016935320477892413 0.0002530722058719205 1.48023629549149e-06 2.2916340087721506e-35 1.8002725735260703e-05
642.0 0.00178902248816752 0.0002681345220900123 1.5809472855636817e-06 2.753200295128034e-35 1.9152900969414613e-05
643.0 0.0018892564968076635 0.00028399438886545544 1.687880345348926e-06 3.3052881062511033e-35 2.0369203370136616e-05
644.0 0.0019944319607474743 0.0003006879202360083 1.8013759079042769e-06 3.9651629566553865e-35 2.165494998076038e-05
645.0 0.0021047529816743456 0.000318252517694942 1.9217901865743173e-06 4.753288796093224e-35 2.3013594722159785e-05
646.0 0.0022204299694668548 0.00033672689790252883 2.0494957367034035e-06 5.693902621572964e-35 2.4448732389098946e-05
647.0 0.0023416797321306067 0.000356151120083818 2.184882027969253e-06 6.815689032668063e-35 2.5964102676852552e-05
648.0 0.002468725561835782 0.0003765666130564272 2.3283560270210304e-06 8.152571527132171e-35 2.756359423341086e-05
649.0 0.0026017973167673223 0.0003980162018315724 2.4803427900779213e-06 9.744640055544592e-35 2.9251248732408542e-05
650.0 0.0027411314985018444 0.0004205441337310294 2.6412860651162305e-06 1.1639237499523706e-34 3.103126496173791e-05
651.0 0.002886971324594214 0.00044419610395691865 2.8116489032109632e-06 1.389223137114652e-34 3.2908002922235706e-05
652.0 0.0030395667960969796 0.00046901928055629715 2.991914278602167e-06 1.6569501224367655e-34 3.488598793105584e-05
653.0 0.0031991747597015234 0.0004950623287162797 3.1825857169894375e-06 1.9748677104598933e-34 3.6969914723728564e-05
654.0 0.0033660589641884404 0.000522375434324073 3.384187931519634e-06 2.3521169934772694e-34 3.91646515486472e-05
655.0 0.0035404901109030266 0.0005510103267296749 3.59726746592411e-06 2.799454115282883e-34 4.147524424781345e-05
656.0 0.003722745897928858 0.0005810203006412674 3.822393344181036e-06 3.3295266298469967e-34 4.390692031693366e-05
657.0 0.003913111057672499 0.000612460237088482 4.060157726078846e-06 3.957195573649866e-34 4.646509293817423e-05
658.0 0.0041118773875584705 0.0006453866233855292 4.311176568003491e-06 4.699910545793154e-34 4.915536497847908e-05
659.0 0.004319343773506228 0.0006798575720208332 4.576090288202234e-06 5.578146209854898e-34 5.198353294577282e-05
660.0 0.004535816205930058 0.0007159328384095823 4.8555644358060454e-06 6.6159099163563586e-34 5.495559089593786e-05
661.0 0.004761607787934232 0.0007536738374338738 5.150290362779385e-06 7.841331617666016e-34 5.807773428239045e-05
662.0 0.0049970387354336225 0.0007931436587031764 5.460985897982492e-06 9.287348934785206e-34 6.135636374051137e-05
663.0 0.005242436368890062 0.0008344070804605418 5.788396022444922e-06 1.0992502167348119e-33 6.479808879845173e-05
664.0 0.005498135096412907 0.0008775305820682493 6.1332935449668564e-06 1.3001856248406972e-33 6.840973150628786e-05
665.0 0.005764476387922908 0.0009225823549977775 6.496479777065992e-06 1.5368069172086195e-33 7.21983299746422e-05
666.0 0.006041808740124351 0.0009696323122553415 6.878785206291764e-06 1.8152629308578692e-33 7.617114181419568e-05
667.0 0.006330487632024996 0.00101875209617251 7.281070166877108e-06 2.142728731585953e-33 8.033564746720355e-05
668.0 0.006630875470744054 0.0010700150844906132 7.704225506651798e-06 2.5275712116168706e-33 8.469955342188437e-05
669.0 0.006943341527383066 0.0011234963946724268 8.14917324913462e-06 2.979540469015481e-33 8.92707953007466e-05
670.0 0.007268261862706457 0.001179272886369247 8.616867249642565e-06 3.5099908322481275e-33 9.40575408133192e-05
671.0 0.007606019242432565 0.0012374231619794798 9.10829384427103e-06 4.132135948922719e-33 9.906819256420678e-05
672.0 0.007957003041911314 0.0012980275652301192 9.624472490524334e-06 4.86134298981179e-33 0.00010431139070684527
673.0 0.00832160913999977 0.0013611681777175623 1.016645639837052e-05 5.715471737812625e-33 0.00010979601543356193
674.0 0.008700239801948638 0.0014269288133438082 1.0735333150450957e-05 6.715265147764541e-33 0.00011553118929234928
675.0 0.009093303551142082 0.0014953950105883855 1.1332225310165843e-05 7.884798889704698e-33 0.00012152627932094212
676.0 0.009501215029529303 0.0015666540225551262 1.1958291016307113e-05 9.251998439376613e-33 0.00012779089898853256
677.0 0.009924394846595682 0.0016407948047339875 1.2614724562876945e-05 1.0849233471562767e-32 0.00013433490993538326
678.0 0.010363269416796375 0.001717908000430078 1.3302756962781708e-05 1.2714000662045192e-32 0.00014116842350142956
679.0 0.010818270785290855 0.0017980859237977922 1.4023656493942705e-05 1.4889707532489928e-32 0.0001483018020336518
680.0 0.011289836441948782 0.0018814225404394263 1.477872922649098e-05 1.7426571702099517e-32 0.00015574565996361674
681.0 0.011778409123517226 0.001968013445514211 1.5569319529572275e-05 2.0382651865111153e-32 0.0001635108646453582
682.0 0.012284436603920385 0.002057955839316927 1.639681055635336e-05 2.3825029022576325e-32 0.00017160853694472627
683.0 0.012808371472660236 0.0021513485002847663 1.7262624705781572e-05 2.7831158991397167e-32 0.00018005005157118215
684.0 0.013350670901315335 0.0022482917553959744 1.8168224059652972e-05 3.24904200284316e-32 0.00018884703714330936
685.0 0.013911796398140806 0.0023488874479247355 1.9115110793518337e-05 3.7905882581519507e-32 0.00019801137597929297
686.0 0.014492213550791184 0.002453238902520129 2.0104827559950078e-05 4.4196331756135485e-32 0.00020755520360380114
687.0 0.015092391757273565 0.0025614508875915223 2.113895784278038e-05 5.149857711464357e-32 0.00021749090796384962
688.0 0.01571280394513798 0.002673629574966311 2.2219126280758543e-05 5.997008895820663e-32 0.0002278311283447725
689.0 0.016353926279054323 0.0027898824968100983 2.3346998959243616e-05 6.979200534032996e-32 0.00023858875397939435
690.0 0.01701623785688187 0.0029103184997927357 2.452428366846951e-05 8.117255979166692e-32 0.0002497769223428941
691.0 0.017700220394388604 0.0030350476964927996 2.5752730126971818e-05 9.435098617289892e-32 0.0002614090171265846
692.0 0.01840635789875685 0.0031641814140302015 2.7034130168718434e-05 1.0960196429820503e-31 0.000273498665883556
693.0 0.019135136331116402 0.003297832139935104 2.837031789262217e-05 1.272406780783548e-31 0.00028605973734069763
694.0 0.019887043258281376 0.0034361134652511538 2.9763169773011387e-05 1.476285670200346e-31 0.00029910633837074
695.0 0.020662567493940413 0.0035791400248843287 3.121460472973001e-05 1.7117986210027224e-31 0.0003126528106191005
696.0 0.021462198729602394 0.0037270274352188093 3.272658415661567e-05 1.9836900843623496e-31 0.0003267137267812271
697.0 0.022286427155480154 0.003879892229001616 3.430111190692138e-05 2.297390899271107e-31 0.0003413038865244425
698.0 0.023135743071774444 0.00403785178754719 3.5940234234669866e-05 2.6591138531401014e-31 0.000356438312052653
699.0 0.024010636490553138 0.004201024270268104 3.7646039690532956e-05 3.0759620104645555e-31 0.00037213224330842235
700.0 0.024911596728642155 0.004369528541577688 3.942065897117048e-05 3.5560514415504484e-31 0.0003884011328104296
