200.0 4.5141989920534046e-10 4.555893729248265e-19 3.51446250744021e-30 4.960932800332224e-121 2.1362738779509473e-16
201.0 5.336939643986235e-10 5.9709224601731045e-19 5.2313514606878886e-30 2.1888214993095178e-120 2.7154124467131996e-16
202.0 6.299177822818604e-10 7.804518807722483e-19 7.756366802182383e-30 9.516442017464327e-120 3.443365363658068e-16
203.0 7.42276966401088e-10 1.0174305826677753e-18 1.1455589102493594e-29 4.0780295014686036e-119 4.356262028196907e-16
204.0 8.732711655477192e-10 1.3229221942708066e-18 1.6854504837087557e-29 1.7227812829408197e-118 5.498490311735002e-16
205.0 1.0257545762499232e-09 1.7157387367154762e-18 2.470462734617961e-29 7.176366001387414e-118 6.92446344879029e-16
206.0 1.2029817820505313e-09 2.2195838738918554e-18 3.607681516340729e-29 2.9482383360662168e-117 8.700743418545547e-16
207.0 1.4086583640395962e-09 2.8642529229353586e-18 5.24914993413691e-29 1.1947893021670725e-116 1.0908579973299176e-15
208.0 1.6469978363891716e-09 3.687110794647339e-18 7.609981835211618e-29 4.777232090061226e-116 1.364694866999115e-15
209.0 1.922784018136881e-09 4.734904844355071e-18 1.0993463461552986e-28 1.8849570354573634e-115 1.7036166371903272e-15
210.0 2.2414415049368452e-09 6.065988552734404e-18 1.5825731926458904e-28 7.3408943874895555e-115 2.1222204066754194e-15
211.0 2.609112574666216e-09 7.753036998500957e-18 2.270351087728903e-28 2.822276698876872e-114 2.6381799223340696e-15
212.0 3.0327434123572564e-09 9.8863618869914e-18 3.245961901831147e-28 1.0713527845484706e-113 3.2728526395092467e-15
213.0 3.520178543122882e-09 1.2577943933740767e-17 4.6252561090235695e-28 4.0162930222921883e-113 4.051997169045515e-15
214.0 4.0802661361226e-09 1.5966333872534847e-17 6.568868397337117e-28 1.4871491050868486e-112 5.0066217441797935e-15
215.0 4.722973289856691e-09 2.0222590075532422e-17 9.29881874977766e-28 5.439947318430464e-112 6.173983598451734e-15
216.0 5.4595136282825205e-09 2.5557462810146027e-17 1.3121005471480249e-27 1.966162307906624e-111 7.598765754535562e-15
217.0 6.302487649669788e-09 3.2230066881788064e-17 1.8455587290245536e-27 7.022643398112491e-111 9.334459469909921e-15
218.0 7.266037157880765e-09 4.055833130132114e-17 2.587789846377422e-27 2.4791865960115536e-110 1.1444985774472693e-14
219.0 8.366014217264771e-09 5.0931561001361975e-17 3.6173381977784685e-27 8.651962350301065e-110 1.4006592944300682e-14
220.0 9.620167514178963e-09 6.382551807493715e-17 5.0411133920540865e-27 2.9852797754165697e-109 1.711007585454526e-14
221.0 1.1048346010268521e-08 7.982048422904061e-17 7.004207443553158e-27 1.018561937853063e-108 2.086336487640402e-14
222.0 1.2672721437253324e-08 9.962285298869293e-17 9.702961690025655e-27 3.437063743551434e-108 2.539454095005429e-14
223.0 1.4518032736435877e-08 1.2409090612845983e-16 1.3402311668854146e-26 1.1472288334782173e-107 3.0855344499435853e-14
224.0 1.6611851770983218e-08 1.542655095554783e-16 1.845874489853018e-26 3.7882468060974475e-107 3.742524754784616e-14
225.0 1.8984874411635692e-08 1.9140662267262735e-16 2.5350607093097114e-26 1.2376975289989576e-106 4.531617725076219e-14
226.0 2.167123687710274e-08 2.370366258641051e-16 3.4717998979314e-26 4.00165848758633e-106 5.477798177071481e-14
227.0 2.470886031758313e-08 2.929916589248215e-16 4.741516006505996e-26 1.2804860994006833e-105 6.610474786665957e-14
228.0 2.8139826739489254e-08 3.614823594519694e-16 6.457906952104742e-26 4.0558148875335855e-105 7.964209468604542e-14
229.0 3.20107859268924e-08 4.451655669191505e-16 8.771904701879634e-26 1.2717677775799269e-104 9.579557459342303e-14
230.0 3.637339789786648e-08 5.472288576937327e-16 1.1883348757505415e-25 3.9483982967478734e-104 1.150403411526564e-13
231.0 4.1284813655883577e-08 6.714900478828029e-16 1.6056156670873805e-25 1.213873892558067e-103 1.3793226028040844e-13
232.0 4.680819410846364e-08 8.225140766598784e-16 2.1637989171704968e-25 3.6959043042050424e-103 1.651206521430159e-13
233.0 5.301327390499781e-08 1.0057501517909462e-15 2.9085680605326202e-25 1.114593508626679e-102 1.9736289643647e-13
234.0 5.997696995010957e-08 1.2276923561543814e-15 3.899804399230339e-25 3.329769203227128e-102 2.355411383754061e-13
235.0 6.778403878606776e-08 1.4960674512042537e-15 5.215808857714661e-25 9.85520954817492e-102 2.8068137513049436e-13
236.0 7.652778770044595e-08 1.8200541788005466e-15 6.95872237979483e-25 2.890168045022996e-101 3.3397523905697993e-13
237.0 8.631083941698303e-08 2.2105388669301454e-15 9.261468797625485e-25 8.39916955703046e-101 3.9680480944378123e-13
238.0 9.724595854809652e-08 2.6804130121268187e-15 1.229662780524508e-24 2.4191082167603975e-100 4.707708573409517e-13
239.0 1.0945693932570197e-07 3.244919101102332e-15 1.6287748446854243e-24 6.906035029118862e-100 5.577249356670914e-13
240.0 1.2307956200250474e-07 3.922051994888701e-15 2.1523742515331253e-24 1.954361113256353e-99 6.598058081177747e-13
241.0 1.382626197609114e-07 4.73302405334516e-15 2.8377155528627234e-24 5.483156324723134e-99 7.794807382376526e-13
242.0 1.55169022511305e-07 5.702803414017678e-15 3.732730967007149e-24 1.5252908485996944e-98 9.195922393467142e-13
243.0 1.739769799591896e-07 6.860735967417314e-15 4.898955419754752e-24 4.207427083689232e-98 1.0834109285111986e-12
244.0 1.9488127141864547e-07 8.241263139010501e-15 6.415215714067641e-24 1.1509788788391547e-97 1.2746952248529566e-12
245.0 2.1809460462528074e-07 9.884748976535065e-15 8.382273598309403e-24 3.1228356000740375e-97 1.4977586786384233e-12
246.0 2.438490715637387e-07 1.1838432008282924e-14 1.0928657354013984e-23 8.40437399766636e-97 1.7575458346152964e-12
247.0 2.723977040991849e-07 1.4157519091303982e-14 1.421797103369537e-23 2.243772720760824e-96 2.0597175909760317e-12
248.0 3.040161376289878e-07 1.6906440882154882e-14 1.845803734740975e-23 5.943081326955651e-96 2.410747149259029e-12
249.0 3.3900438663096827e-07 2.016029080547577e-14 2.3912311248673852e-23 1.5618711150203638e-95 2.8180277286431972e-12
250.0 3.776887396337372e-07 2.400647227210613e-14 3.09141001202426e-23 4.073053858265108e-95 3.2899933602813547e-12
251.0 4.2042377956626995e-07 2.854658183836862e-14 3.988424614198567e-23 1.054087420624251e-94 3.836254193701562e-12
252.0 4.6759453631651605e-07 3.3898559382829584e-14 5.135307145201009e-23 2.707410236656761e-94 4.467747891703916e-12
253.0 5.196187777563488e-07 4.019914003599604e-14 6.598756186831135e-23 6.902259379422259e-94 5.196908834108056e-12
254.0 5.769494472471865e-07 4.760664681058126e-14 8.462497646745762e-23 1.7467327308346733e-93 6.037857028219778e-12
255.0 6.400772549539875e-07 5.63041673784144e-14 1.0831432483852349e-22 4.3883091389931565e-93 7.006608794146376e-12
256.0 7.095334300515543e-07 6.650316341441385e-14 1.383674597333738e-22 1.0945624710149895e-92 8.121311479004771e-12
257.0 7.858926421029242e-07 7.844756653522586e-14 1.7642190009682749e-22 2.7107714773811827e-92 9.40250467004304e-12
258.0 8.697761000854803e-07 9.241842097186349e-14 2.2451793930058434e-22 6.666381140899916e-92 1.0873410600508658e-11
259.0 9.61854836734732e-07 1.0873913972747201e-13 2.851931190612859e-22 1.6280493305306243e-91 1.2560256669965299e-11
260.0 1.0628531880638451e-06 1.2778144854447496e-13 3.6159777770358376e-22 3.9487526410012597e-91 1.4492633282412345e-11
261.0 1.173552475552987e-06 1.4997209984077487e-13 4.576361288860853e-22 9.51264906720639e-91 1.670389045162905e-11
262.0 1.2947949019059226e-06 1.758004480053478e-13 5.781382177831379e-22 2.2762811417730335e-90 1.9231576961685718e-11
263.0 1.427487667902895e-06 2.0582698676352301e-13 7.290691576968467e-22 5.410861174898234e-90 2.21179261429388e-11
264.0 1.5726073219409445e-06 2.4069296043500807e-13 9.177833049139612e-22 1.2777786586872832e-89 2.5410392718920703e-11
265.0 1.7312043514769446e-06 2.8113117225622515e-13 1.1533325129451235e-21 2.99795978448674e-89 2.9162245512428654e-11
266.0 1.9044080254289715e-06 3.2797812553906797e-13 1.446839360862655e-21 6.988896485543321e-89 3.3433221181259945e-11
267.0 2.093431500750659e-06 3.821876479318312e-13 1.811948323188161e-21 1.618956828207631e-88 3.8290244638839726e-11
268.0 2.2995772001282076e-06 4.448461631303689e-13 2.265370284092542e-21 3.726803845270654e-88 4.380822215533047e-11
269.0 2.524242476443486e-06 5.171897922566784e-13 2.8275386748270616e-21 8.525948446826649e-88 5.007091375822829e-11
270.0 2.7689255701604624e-06 6.00623483325986e-13 3.5233988773043885e-21 1.938579479813553e-87 5.717189188919263e-11
271.0 3.0352318745861552e-06 6.967423881616561e-13 4.38335649820937e-21 4.381155422315416e-87 6.521559396838947e-11
272.0 3.3248805188948085e-06 8.073557262613173e-13 5.4444147453483384e-21 9.842078203832917e-87 7.431847699890745e-11
273.0 3.6397112814906474e-06 9.34513398442791e-13 6.751536556956267e-21 2.197893280574863e-86 8.461028300233213e-11
274.0 3.981691845311968e-06 1.0805356376146851e-12 8.359273458854844e-21 4.8795092487289294e-86 9.623542470326957e-11
275.0 4.352925407138626e-06 1.2480460108287672e-12 1.0333710500361108e-20 1.0770184634043384e-85 1.0935450157345732e-10
276.0 4.755658652976106e-06 1.4400081156426027e-12 1.2754785207817812e-20 2.363605054510608e-85 1.2414595707034043e-10
277.0 5.1922901129216845e-06 1.6597663453956532e-12 1.5719048483985564e-20 5.157726781166932e-85 1.408078887062531e-10
278.0 5.665378907252678e-06 1.91109113120284e-12 1.9342946973670814e-20 1.1191799694476367e-84 1.5956002335638157e-10
279.0 6.177653896134411e-06 2.198229104839056e-12 2.3766719861395962e-20 2.4150483370525506e-84 1.8064587108338944e-10
280.0 6.7320232478654045e-06 2.5259586666029575e-12 2.9159018645084326e-20 5.182768158267883e-84 2.0433507173501684e-10
281.0 7.331584434694802e-06 2.899651482220494e-12 3.5722376412580064e-20 1.1061987792626695e-83 2.3092594935881653e-10
282.0 7.979634673720413e-06 3.3253404808609785e-12 4.3699673968600597e-20 2.3483619033466686e-83 2.6074829072566765e-10
283.0 8.679681821934538e-06 3.809794971789488e-12 5.3381774105401455e-20 4.9588617359370406e-83 2.941663650680013e-10
284.0 9.435455741941808e-06 4.360603551870449e-12 6.511652295851653e-20 1.0416178323480782e-82 3.315822034765919e-10
285.0 1.025092014718828e-05 4.986265528651679e-12 7.931934911456552e-20 2.1765478295568948e-82 3.7343915732349586e-10
286.0 1.1130284944525854e-05 5.696291647095447e-12 9.648572768012173e-20 4.524650676516969e-82 4.20225756602722e-10
287.0 1.207801908411785e-05 6.5013149684283416e-12 1.1720581834405807e-19 9.357982388381875e-82 4.724798901114589e-10
288.0 1.3098863928361745e-05 7.413212817966151e-12 1.4218163443515518e-19 1.9256736579332766e-81 5.307933307800099e-10
289.0 1.4197847157366684e-05 8.445240794560329e-12 1.7224715493259444e-19 3.942839529364684e-81 5.958166311011517e-10
290.0 1.5380297217022693e-05 9.612179905623727e-12 2.0839185402568886e-19 8.033111470466257e-81 6.682644146396414e-10
291.0 1.665185833092089e-05 1.0930497982600074e-11 2.517881946077581e-19 1.6286538350000818e-80 7.489210917509144e-10
292.0 1.801850607768998e-05 1.2418526608114391e-11 3.038237135326744e-19 3.285986671627971e-80 8.386470284351605e-10
293.0 1.948656355558792e-05 1.4096654891305099e-11 3.6613841970640415e-19 6.598059756194112e-80 9.383851997732082e-10
294.0 2.1062718139561922e-05 1.5987541516943063e-11 4.406683316586069e-19 1.3185641062027767e-79 1.0491683604307404e-09
295.0 2.2754038845519343e-05 1.811634660497758e-11 5.29696101535605e-19 2.6226578960076257e-79 1.1721267669396028e-09
296.0 2.456799431380699e-05 2.051098502734824e-11 6.359098088015441e-19 5.192278471199429e-79 1.3084964882481591e-09
297.0 2.6512471417845345e-05 2.3202402942118013e-11 7.624711613371787e-19 1.0232235164084719e-78 1.4596283426715755e-09
298.0 2.859579451244454e-05 2.6224879436412345e-11 9.130945167535525e-19 2.0072397303759283e-78 1.6269975018236817e-09
299.0 3.082674533255594e-05 2.9616355299607234e-11 1.0921383345349254e-18 3.919799849110191e-78 1.8122138040534115e-09
300.0 3.3214583549423034e-05 3.3418791084484027e-11 1.3047108929643736e-18 7.620507731831205e-78 2.017032821871006e-09
301.0 3.576906798828424e-05 3.767855675774038e-11 1.5567923566970807e-18 1.4749540287580894e-77 2.2433677298874115e-09
302.0 3.850047853129844e-05 4.24468554163714e-11 1.855375565699725e-18 2.8422780063009055e-77 2.4933020233008845e-09
303.0 4.141963869128979e-05 4.7780183672291674e-11 2.2086282346006405e-18 5.453393017801567e-77 2.7691031370664228e-09
304.0 4.4537938885272314e-05 5.374083152343607e-11 2.6260796127688534e-18 1.0418318842278351e-76 3.0732370209812087e-09
305.0 4.786736039454401e-05 6.039742466659101e-11 3.118835057479765e-18 1.9818796538499887e-76 3.4083837258264797e-09
306.0 5.1420500034074374e-05 6.78255124365925e-11 3.699822427328781e-18 3.754253939007368e-76 3.7774540606209425e-09
307.0 5.521059551899267e-05 7.610820471573663e-11 4.384074708978946e-18 7.081975952480888e-76 4.183607381379498e-09
308.0 5.925155154657606e-05 8.533686140281655e-11 5.189053860581053e-18 1.330415079818696e-75 4.630270576601497e-09
309.0 6.35579665862013e-05 9.56118382183398e-11 6.1350214893731234e-18 2.4890809448616705e-75 5.121158315705027e-09
310.0 6.814516038314762e-05 1.0704329286777323e-10 7.245462691991204e-18 4.637960514024955e-75 5.660294630416251e-09
311.0 7.302920217614735e-05 1.1975205581644562e-10 8.547570178220167e-18 8.607321635775754e-75 6.252035901618643e-09
312.0 7.822693962801498e-05 1.3387057017848245e-10 1.0072796682400377e-17 1.591030658553267e-74 6.9010953270891905e-09
313.0 8.375602846607505e-05 1.495439054781578e-10 1.1857484650338407e-17 2.9293748881092677e-74 7.61256894834453e-09
314.0 8.963496283145262e-05 1.669308503171186e-10 1.3943583284463225e-17 5.372462525106207e-74 8.391963318090845e-09
315.0 9.588310633419049e-05 1.8620508926070928e-10 1.637946424639201e-17 9.814988756457819e-74 9.245224892739225e-09
316.0 0.00010252072380337676 2.0755646953561077e-10 1.9220848665455613e-17 1.7862404498747374e-73 1.0178771236872948e-08
317.0 0.0001095690137259294 2.3119236344214267e-10 2.253185959996878e-17 3.2384654143290455e-73 1.1199524130090356e-08
318.0 0.00011705014137668487 2.5733913272111233e-10 2.638621575975483e-17 5.84929016257404e-73 1.2314944670833698e-08
319.0 0.00012498727260749413 2.862437013709039e-10 3.086858412866146e-17 1.0525597530055496e-72 1.3533070471547299e-08
320.0 0.00013340460830284521 3.1817524382872853e-10 3.6076111164172306e-17 1.8870568541846945e-72 1.4862555046668618e-08
321.0 0.0001423274194860018 3.534269957360686e-10 4.212015449134298e-17 3.370796937978288e-72 1.631270949599262e-08
322.0 0.00015178208304841357 3.923181948397789e-10 4.9128239480651795e-17 5.999349168198698e-72 1.789354658783732e-08
323.0 0.00016179611809389216 4.3519615999406644e-10 5.724626783327574e-17 1.063932333705786e-71 1.9615827351647213e-08
324.0 0.00017239822288318536 4.824385166030075e-10 6.664100830347591e-17 1.880080273189913e-71 2.1491110292391865e-08
325.0 0.00018361831234839945 5.344555771953331e-10 7.750290299058987e-17 3.3105893322848296e-71 2.353180334037387e-08
326.0 0.00019548755615534876 5.916928862465053e-10 9.004922627122759e-17 5.809176943613454e-71 2.575121865409199e-08
327.0 0.00020803841729944323 6.546339388032751e-10 1.0452763743979369e-16 1.0158227656310095e-70 2.816363039795432e-08
328.0 0.00022130469119208652 7.238030828082383e-10 1.2122017249495126e-16 1.770226420107234e-70 3.078433561600509e-08
329.0 0.00023532154522728992 7.997686155531155e-10 1.4044772532631277e-16 3.074401360872859e-70 3.362971833000661e-08
330.0 0.00025012555877244023 8.831460849914799e-10 1.6257507379215576e-16 5.321405343747557e-70 3.6717316986949666e-08
331.0 0.00026575476357534574 9.746018072458638e-10 1.8801651195637705e-16 9.179925387852809e-70 4.006589539035177e-08
332.0 0.00028224868453436384 1.0748566119600782e-09 2.1724215601742143e-16 1.5783809585558984e-69 4.369551724615411e-08
333.0 0.0002996483807960922 1.184689827667302e-09 2.5078499833537524e-16 2.7049364564096326e-69 4.762762445882892e-08
334.0 0.0003179964871503277 1.3049435198435622e-09 2.892487914596128e-16 4.620483026454968e-69 5.188511931662874e-08
335.0 0.0003373372556575312 1.4365269946627998e-09 3.3331685219529344e-16 7.867108506502185e-69 5.64924507017186e-08
336.0 0.00035771659748760567 1.5804215821211428e-09 3.837618846696481e-16 1.3352192046124635e-68 6.14757044697244e-08
337.0 0.0003791821249025373 1.7376857125057149e-09 4.4145693099071457e-16 2.2589766410552347e-68 6.686269813776689e-08
338.0 0.0004017831933390209 1.909460300762761e-09 5.073875686174254e-16 3.809821021022749e-68 7.268308002527451e-08
339.0 0.0004255709435415857 2.096974453794329e-09 5.826654849681265e-16 6.405349774705096e-68 7.896843299246603e-08
340.0 0.00045059834368143067 2.3015515161337974e-09 6.685435721543085e-16 1.0735893769994662e-67 8.575238291977282e-08
341.0 0.0004769202314084389 2.524615469995551e-09 7.664326981547329e-16 1.7939161343543406e-67 9.307071207440615e-08
342.0 0.0005045933557649197 2.7676977060890783e-09 8.779203252446169e-16 2.9884500292665447e-67 1.0096147750730134e-07
343.0 0.0005336764189095179 3.032444182170955e-09 1.0047911622362097e-15 4.9634198508914226e-67 1.094651346276108e-07
344.0 0.0005642301175843508 3.3206229867166554e-09 1.1490500540534223e-15 8.218986499247132e-67 1.18624666099106e-07
345.0 0.0005963171842267515 3.6341323253740156e-09 1.3129473304344536e-15 1.3569652089116005e-66 1.2848571619559894e-07
346.0 0.0006300024276977382 3.9750089487200286e-09 1.4990068554696115e-15 2.2337942759339622e-66 1.390967307660724e-07
347.0 0.0006653527735178748 4.345437039836709e-09 1.7100570408551747e-15 3.666505520197363e-66 1.505091029424326e-07
348.0 0.0007024373035393169 4.7477575808580424e-09 1.949265108761974e-15 6.000767332665532e-66 1.627773247285242e-07
349.0 0.0007413272949806362 5.1844782180565766e-09 2.220174914918086e-15 9.793026968421876e-66 1.759591446066938e-07
350.0 0.0007820962587418342 5.658283645387884e-09 2.526748669034067e-15 1.593650738238746e-65 1.901157312936905e-07
351.0 0.0008248199768881726 6.172046526579972e-09 2.8734129181071868e-15 2.586101571287377e-65 2.053118437674847e-07
352.0 0.0008695765392566513 6.728838976667798e-09 3.265109188913606e-15 4.184892600411129e-65 2.2161600769841532e-07
353.0 0.0009164463790394291 7.331944623494487e-09 3.7073497184578036e-15 6.753351008246155e-65 2.3910069838992887e-07
354.0 0.0009655123073167737 7.984871270871128e-09 4.2062787366354866e-15 1.0868270480278694e-64 2.5784253035844015e-07
355.0 0.0010168595463585445 8.691364184187473e-09 4.768739802347555e-15 1.7442847737754115e-64 2.779224536377546e-07
356.0 0.001070575761683281 9.455420020821285e-09 5.402349735066118e-15 2.7918995662173785e-64 2.9942595693092174e-07
357.0 0.0011267510926974494 1.0281301426569438e-08 6.115579726027954e-15 4.456738419160752e-64 3.224432776825173e-07
358.0 0.0011854781818575987 1.1173552320442837e-08 6.917844259413434e-15 7.095431992279733e-64 3.4706961916841216e-07
359.0 0.0012468522022416456 1.21370138898373e-08 7.819598522352628e-15 1.1266633471161505e-63 3.734053746775263e-07
360.0 0.001310970883377735 1.3176841317763244e-08 8.832445034180995e-15 1.7843181503810854e-63 4.015563588394344e-07
361.0 0.0013779345353044426 1.4298521265020746e-08 9.969250281257659e-15 2.8185276136901864e-63 4.316340461791061e-07
362.0 0.001447846070648028 1.5507890128368075e-08 1.1244272201131962e-14 4.440717384872242e-63 4.6375581691423335e-07
363.0 0.0015208110246965236 1.6811153097510214e-08 1.267329942325687e-14 6.9786863370652e-63 4.980452100574547e-07
364.0 0.001596937573265912 1.8214904031719525e-08 1.4273803238184527e-14 1.0939379508113435e-62 5.346321838175121e-07
365.0 0.0016763365483330435 1.9726146178537384e-08 1.606510333838801e-14 1.7104832567089704e-62 5.736533833369723e-07
366.0 0.0017591214512156011 2.1352313754610405e-08 1.806854844630288e-14 2.6678453930934797e-62 6.152524157280855e-07
367.0 0.0018454084632649555 2.3101294410371264e-08 2.030771302492367e-14 4.150750671576864e-62 6.59580132414301e-07
368.0 0.001935316453906722 2.4981452598387682e-08 2.2808611347852987e-14 6.442065933930282e-62 7.067949187270371e-07
369.0 0.0020289669858940267 2.7001653864939966e-08 2.5599930293031354e-14 9.973888064252761e-62 7.570629906997552e-07
370.0 0.0021264843176804432 2.9171290084303558e-08 2.8713282316760565e-14 1.54046843219807e-61 8.10558698999524e-07
371.0 0.002227995402783035 3.150030565408065e-08 3.218348016108002e-14 2.373548967825924e-61 8.674648399059044e-07
372.0 0.0023336298859842237 3.399922466878975e-08 3.60488349489995e-14 3.648452267212521e-61 9.279729732191215e-07
373.0 0.0024435200962783315 3.667917908878548e-08 4.035147942978385e-14 5.594897469566184e-61 9.92283746981037e-07
374.0 0.0025578010364092425 3.955193791975914e-08 4.5137718247948226e-14 8.559657916555009e-61 1.0606072288489456e-06
375.0 0.0026766103689048392 4.262993741780053e-08 5.0458407228188307e-14 1.3064994560453856e-60 1.1331632439635607e-06
376.0 0.0028000883984468693 4.592631233279173e-08 5.636936379067593e-14 1.9895655636676836e-60 1.2101817191029663e-06
377.0 0.0029283780504967987 4.945492820280497e-08 6.293181074146326e-14 3.022811316303495e-60 1.2919030329239934e-06
378.0 0.00306162484600813 5.323041470933145e-08 7.021285581587628e-14 4.582210816200084e-60 1.3785783720305276e-06
379.0 0.0031999768721215176 5.726820010257994e-08 7.828600949445518e-14 6.930390942426868e-60 1.4704700926093713e-06
380.0 0.0033435847487410584 6.158454670448965e-08 8.723174375777508e-14 1.0458426754015482e-59 1.5678520873499747e-06
381.0 0.003492601590856382 6.619658749471001e-08 9.713809459836894e-14 1.5747375323337537e-59 1.67101015732211e-06
382.0 0.0036471829664747775 7.11223637827558e-08 1.081013112663502e-13 2.365867123151465e-59 1.7802423884555726e-06
383.0 0.0038074868500793026 7.638086396840187e-08 1.2022655539141552e-13 3.5466632088413804e-59 1.8958595322609565e-06
384.0 0.0039736735714949786 8.199206338957944e-08 1.3362865329401027e-13 5.305227132322284e-59 2.018185390385437e-06
385.0 0.004145905760038523 8.797696525448761e-08 1.484329049750325e-13 7.918617608646463e-59 2.147557202562423e-06
386.0 0.00432434828384999 9.435764265254487e-08 1.647759534570171e-13 1.1794050087814538e-58 2.284326037492884e-06
387.0 0.004509168184334532 1.011572816368274e-07 1.8280671833995738e-13 1.7528774240586894e-58 2.4288571861798218e-06
388.0 0.0047005346055639325 1.0840022536616018e-07 2.0268739762694005e-13 2.5996914957019072e-58 2.5815305571630754e-06
389.0 0.004898618718565698 1.1611201929367432e-07 2.2459454207800535e-13 3.847515657928531e-58 2.742741073107018e-06
390.0 0.005103593640470264 1.2431945738666872e-07 2.487202065593159e-13 5.682426855069441e-58 2.9128990681847384e-06
391.0 0.00531563434828073 1.3305062935452767e-07 2.7527318305721613e-13 8.375074460989636e-58 3.092430685552259e-06
392.0 0.005534917587385395 1.4233496886637897e-07 3.044803202596257e-13 1.2318314380064622e-57 3.281778274367857e-06
393.0 0.005761621774549384 1.522033027275579e-07 3.3658793481160733e-13 1.8081232269064266e-57 3.4814007855605444e-06
394.0 0.005995926895447407 1.6268790098802626e-07 3.7186331959377026e-13 2.648653727164061e-57 3.6917741656981366e-06
395.0 0.00623801439662029 1.738225279477791e-07 4.1059635459476273e-13 3.872121513030942e-57 3.913391748167166e-06
396.0 0.006488067071813874 1.8564249402210786e-07 4.531012261875268e-13 5.649442014986117e-57 4.146764640882113e-06
397.0 0.006746268942627896 1.981847084246384e-07 4.997182608555567e-13 8.226232938038776e-57 4.392422109684811e-06
398.0 0.007012805133463224 2.1148773262342864e-07 5.508158796604225e-13 1.1954773203883285e-56 4.650911956594007e-06
399.0 0.007287861740767241 2.2559183452153188e-07 6.067926799876258e-13 1.733933863357299e-56 4.922800892037409e-06
400.0 0.007571625696405928 2.405390433036435e-07 6.680796513397095e-13 2.5100389387969386e-56 5.208674900045508e-06
401.0 0.007864284625376852 2.563732048973631e-07 7.351425322226081e-13 3.626527425801229e-56 5.5091395956034314e-06
402.0 0.00816602669761304 2.731400379787847e-07 8.084843153821465e-13 5.229616265080528e-56 5.824820573011031e-06
403.0 0.008477040474043247 2.908871904598361e-07 8.886479089281291e-13 7.527014288882219e-56 6.156363744340769e-06
404.0 0.008797514746889447 3.0966429638431267e-07 9.762189611160974e-13 1.081322829584024e-55 6.504435666925052e-06
405.0 0.009127638374109168 3.2952303315159734e-07 1.0718288567916297e-12 1.5505055025654182e-55 6.869723858710192e-06
406.0 0.009467600108219188 3.505171789931205e-07 1.1761578937781083e-12 2.219126683168178e-55 7.252937100516904e-06
407.0 0.009817588419279726 3.7270267060541875e-07 1.2899386476774284e-12 3.170203944674469e-55 7.654805723877188e-06
408.0 0.010177791312364569 3.9613766085754117e-07 1.4139595338469363e-12 4.5205789030014925e-55 8.076081883487531e-06
409.0 0.010548396139333232 4.208825764667712e-07 1.5490685754833523e-12 6.434399438635797e-55 8.517539812902804e-06
410.0 0.01092958940514721 4.470001755466141e-07 1.6961773870148297e-12 9.141856616742998e-55 8.979976062385127e-06
411.0 0.011321556568698413 4.745556049152038e-07 1.8562653821785535e-12 1.2965177715834596e-54 9.464209717579929e-06
412.0 0.011724481838374785 5.036164570566998e-07 2.0303842163982923e-12 1.8354621263903876e-54 9.971082597865806e-06
413.0 0.01213854796227098 5.342528266097129e-07 2.219662473217296e-12 2.5938234753643488e-54 1.0501459432936939e-05
414.0 0.012563936013374976 5.665373662684224e-07 2.4253106047843127e-12 3.659051646531788e-54 1.1056228016497203e-05
415.0 0.013000825169748126 6.005453419637083e-07 2.6486261365054526e-12 5.152699828445595e-54 1.16362993356645e-05
416.0 0.013449392489764525 6.363546871872365e-07 2.890999146122124e-12 7.243430939233037e-54 1.224260767469001e-05
417.0 0.0139098126828195 6.740460563317001e-07 3.1539180276737426e-12 1.0164872289054925e-53 1.2876110691883851e-05
418.0 0.014382257875339824 7.137028768884789e-07 3.438975550798768e-12 1.4240083877114493e-53 1.353778946810643e-05
419.0 0.014866897372523172 7.554114003655914e-07 3.747875226033114e-12 1.991503312388807e-53 1.4228648525695692e-05
420.0 0.01536389741596124 7.992607517713464e-07 4.082437986780795e-12 2.7804313840898573e-53 1.4949715816449035e-05
421.0 0.015873420937189325 8.453429774974973e-07 4.444609198637172e-12 3.8753483295969322e-53 1.5702042677151905e-05
422.0 0.016395627307598273 8.937530914502501e-07 4.8364660068554e-12 5.392391604483862e-53 1.6486703751509045e-05
423.0 0.016930672084788986 9.445891192545922e-07 5.260225032644142e-12 7.4908116406236105e-53 1.7304796876991134e-05
424.0 0.0174787067556992 9.979521403652663e-07 5.718250429002433e-12 1.0388616478516022e-52 1.8157442935346227e-05
425.0 0.018039878476639445 1.0539463279024429e-06 6.2130623066605745e-12 1.4383762360247539e-52 1.9045785665330725e-05
426.0 0.01861432981065877 1.1126789860412805e-06 6.747345540667658e-12 1.98828096226194e-52 1.997099143650591e-05
427.0 0.019202198462419606 1.1742605847670683e-06 7.323958967943222e-12 2.7439611228158866e-52 2.0934248982709375e-05
428.0 0.019803617010911153 1.238804791811735e-06 7.945944985963214e-12 3.780746252370206e-52 2.1936769093971348e-05
429.0 0.02041871264025558 1.3064285015792827e-06 8.616539562491234e-12 5.200928367172393e-52 2.2979784265579777e-05
430.0 0.021047606868969695 1.3772518608705978e-06 9.339182666028432e-12 7.14319203237311e-52 2.4064548303131355e-05
431.0 0.02169041527807896 1.4513982912175744e-06 1.0117529126354157e-11 9.795265093748907e-52 2.5192335882471354e-05
432.0 0.022347247238198014 1.5289945076150914e-06 1.095545993403412e-11 1.34108634255198e-51 2.636444206312716e-05
433.0 0.023018205636239273 1.6101705334722946e-06 1.1857093987589552e-11 1.8332351837727223e-51 2.7582181754491223e-05
434.0 0.02370338660178629 1.6950597115615218e-06 1.2826800296269424e-11 2.5021002497418715e-51 2.884688913332687e-05
435.0 0.02440287923378954 1.7837987107828335e-06 1.3869210646127969e-11 3.409733587140413e-51 3.0159917011928093e-05
436.0 0.02511676532775548 1.8765275285278202e-06 1.4989232736293307e-11 4.639482150893304e-51 3.152263615573589e-05
437.0 0.025845119103982135 1.9733894884519984e-06 1.6192063791864588e-11 6.303125432479889e-51 3.293643454971635e-05
438.0 0.02658800693705607 2.0745312334403753e-06 1.7483204658989305e-11 8.550348074927093e-51 3.4402716612443675e-05
439.0 0.027345487087212902 2.180102713579035e-06 1.886847438712567e-11 1.1581292434351945e-50 3.592290235736425e-05
440.0 0.028117609433888392 2.2902571689265604e-06 2.035402530252213e-11 1.566316764467144e-50 3.749842650044441e-05
441.0 0.028904415211807387 2.405151106880416e-06 2.1946358576041393e-11 2.1152193432518255e-50 3.9130737513479134e-05
442.0 0.029705936750242808 2.5249442739583383e-06 2.3652340287704804e-11 2.852254934489257e-50 4.082129662278968e-05
443.0 0.030522197215628707 2.6497996217809197e-06 2.5479217988989832e-11 3.8404509722128356e-50 4.257157675251924e-05
444.0 0.0313532103582019 2.7798832670841208e-06 2.7434637763169823e-11 5.163460573934248e-50 4.438306141246654e-05
445.0 0.03219898026302739 2.9153644455684766e-06 2.952666178260012e-11 6.932151182598642e-50 4.625724353006227e-05
446.0 0.03305950110575096 3.056415459393356e-06 3.1763786360580356e-11 9.29324606727792e-50 4.819562422614823e-05
447.0 0.03393475691373904 3.2032116181574767e-06 3.415496049439311e-11 1.2440642033354057e-49 5.0199711534762064e-05
448.0 0.03482472133294699 3.3559311731848957e-06 3.670960489448128e-11 1.6630210987920237e-49 5.227101906678669e-05
449.0 0.03572935740098766 3.5147552449526076e-06 3.9437631493376314e-11 2.219913029876312e-49 5.4411064617602676e-05
450.0 0.03664861732682913 3.6798677434986526e-06 4.2349463426424286e-11 2.959109198241845e-49 5.6621368718926755e-05
451.0 0.03758244227771496 3.851455281673471e-06 4.545605547495275e-11 3.938913247948605e-49 5.8903453135383615e-05
452.0 0.03853076217361789 4.02970708107801e-06 4.876891496055131e-11 5.235832701249556e-49 6.125883930604796e-05
453.0 0.03949349548973953 4.214814870560068e-06 5.230012307761624e-11 6.950123555334127e-49 6.368904673161331e-05
454.0 0.040470549067605915 4.4069727771551825e-06 5.606235664958072e-11 9.212980957954141e-49 6.619559130804163e-05
455.0 0.04146181793504737 4.606377209341023e-06 6.00689102920512e-11 1.2195851851348266e-48 6.877998360725623e-05
456.0 0.04246718513563547 4.813226732515125e-06 6.433371896448974e-11 1.612247931628616e-48 7.144372710602585e-05
457.0 0.043486521568069494 5.027721936610455e-06 6.887138089002554e-11 2.128445876849347e-48 7.41883163642084e-05
458.0 0.04451968583572978 5.25006529574437e-06 7.369718082048693e-11 2.806130285945698e-48 7.701523515319566e-05
459.0 0.04556652410705337 5.48046101985881e-06 7.882711362228342e-11 3.694628710793614e-48 7.99259545362734e-05
460.0 0.046626869987160514 5.719114898299916e-06 8.427790815629897e-11 4.857969724549622e-48 8.292193090239613e-05
461.0 0.04770054440092205 5.966234135270453e-06 9.006705142231452e-11 6.379154119000997e-48 8.6004603954596e-05
462.0 0.04878735548812394 6.222027177159489e-06 9.621281293698384e-11 8.365634749191225e-48 8.91753946552104e-05
463.0 0.04988709851098881 6.486703531723238e-06 1.0273426931142525e-10 1.0956337806655882e-47 9.243570312957933e-05
464.0 0.0509995557745181 6.760473579132419e-06 1.0965132899250023e-10 1.4330647353922463e-47 9.578690653037882e-05
465.0 0.05212449655989286 7.04354837489095e-06 1.1698475712903e-10 1.8719887135357126e-47 9.923035686450633e-05
466.0 0.05326167707151356 7.336139444692847e-06 1.2475620052248607e-10 2.442197481705574e-47 0.00010276737878522258
467.0 0.05441084039778871 7.63845857124292e-06 1.3298821261831092e-10 3.1820101143962797e-47 0.00010639926735155166
468.0 0.05557171648612173 7.950717573129546e-06 1.417042784922491e-10 4.1406509032033322e-47 0.00011012728575772282
469.0 0.0567440221324643 8.273128075849404e-06 1.5092883978350984e-10 5.381272649559064e-47 0.00011395266303546797
470.0 0.05792746098552704 8.605901275065138e-06 1.606873195234306e-10 6.984795636842366e-47 0.00011787659173160476
471.0 0.05912172356618128 8.949247692260662e-06 1.7100614680694115e-10 9.05477621149851e-47 0.00012190022556436356
472.0 0.06032648730207188 9.303376922907811e-06 1.8191278125040904e-10 1.17235733776608e-46 0.00012602467706107084
473.0 0.06154141657786744 9.668497377339072e-06 1.9343573717809374e-10 1.5160149733706766e-46 0.00013025101518077277
474.0 0.0627661628012396 1.0044816014494502e-05 2.0560460747612637e-10 1.957992766616693e-46 0.00013458026292486594
475.0 0.06400036448474235 1.0432538068745092e-05 2.1845008705077517e-10 2.5257226922908975e-46 0.00013901339493911725
476.0 0.06524364734397348 1.0831866770052436e-05 2.3200399582615117e-10 3.254094037738857e-46 0.00014355133511106564
477.0 0.06649562441187509 1.1243003057665248e-05 2.4629930121259327e-10 4.187426694065702e-46 0.0001481949541658392
478.0 0.06775589616946595 1.1666145287645709e-05 2.6137013997614396e-10 5.381952150160964e-46 0.00015294506726449178
479.0 0.06902405069315558 1.210148893452189e-05 2.772518394370421e-10 6.908929044780383e-46 0.00015780243160882658
480.0 0.0702996638185402 1.2549226287344024e-05 2.939809379221962e-10 8.858550871106145e-46 0.0001627677440562548
481.0 0.07158229932083646 1.3009546140489737e-05 3.1159520439557704e-10 1.1344841379967512e-45 0.00016784163874894548
482.0 0.07287150911200793 1.3482633479571529e-05 3.3013365718832603e-10 1.4511780027961763e-45 0.00017302468476144148
483.0 0.07416683345449074 1.3968669162797916e-05 3.496365817480586e-10 1.8540957458715018e-45 0.00017831738377070556
484.0 0.0754678011915085 1.446782959817856e-05 3.701455473255683e-10 2.366113191631714e-45 0.00018372016775287608
485.0 0.07677392999399012 1.4980286416992351e-05 3.9170342251582184e-10 3.0160144620118706e-45 0.00018923339671118728
486.0 0.07808472662387467 1.550620614391984e-05 4.143543895678287e-10 3.8399759062565984e-45 0.00019485735643909064
487.0 0.07939968721384584 1.604574986431276e-05 4.381439573779931e-10 4.883412027258011e-45 0.00020059225632332566
488.0 0.08071829756313978 1.6599072889020525e-05 4.6311897307864166e-10 6.203269058059057e-45 0.00020643822719082646
489.0 0.0820400334494745 1.7166324417295963e-05 4.893276321346892e-10 7.870871469864307e-45 0.00021239531920444005
490.0 0.08336436095679117 1.774764719825438e-05 5.168194868589634e-10 9.97545066884695e-45 0.00021846349981162946
491.0 0.08469073681850715 1.8343177191382623e-05 5.456454532562282e-10 1.2628514392632012e-44 0.00022464265175042324
492.0 0.08601860877621437 1.8953043226666132e-05 5.758578161072295e-10 1.5969250969212632e-44 0.00023093257111755688
493.0 0.087347415953291 1.957736666482301e-05 6.07510232201191e-10 2.0171206000641238e-44 0.00023733296550258428
494.0 0.08867658924334224 2.02162610582515e-05 6.406577316283088e-10 2.545052180478202e-44 0.00024384345219298175
495.0 0.09000555171296487 2.086983181322433e-05 6.753567170415484e-10 3.2076094041007074e-44 0.0002504635564541816
496.0 0.09133371901854147 2.1538175853928038e-05 7.116649607991397e-10 4.0382077701186614e-44 0.00025719270988906984
497.0 0.09266049983661563 2.2221381288928226e-05 7.496415998991244e-10 5.078326887173391e-44 0.0002640302488810859
498.0 0.09398529630746018 2.291952708067171e-05 7.893471286189052e-10 6.379400272604808e-44 0.0002709754131252374
499.0 0.09530750449141868 2.3632682718645167e-05 8.308433887741771e-10 8.005134610829061e-44 0.0002780273442512633
500.0 0.09662651483736402 2.436090789676679e-05 8.741935575113551e-10 1.0034352961990433e-43 0.0002851850845424873
501.0 0.09794171266301946 2.510425219569659e-05 9.194621325529524e-10 1.2564476504940547e-43 0.0002924475757550315
502.0 0.09925247864643325 2.5862754770654292e-05 9.667149148141234e-10 1.5715783612197614e-43 0.00029981365804072983
503.0 0.10055818932811685 2.6636444045394815e-05 1.0160189883127739e-09 1.9636614201965674e-43 0.0003072820689776564
504.0 0.10185821762319745 2.7425337412961465e-05 1.0674426972972906e-09 2.450972236050267e-43 0.00031485144271166095
505.0 0.10315193334315148 2.822944094390025e-05 1.1210556205212017e-09 3.0560022325930337e-43 0.00032252030921289094
506.0 0.10443870372629165 2.9048749102521347e-05 1.176928542593719e-09 3.8064023434999716e-43 0.0003302870936500039
507.0 0.10571789397648164 2.9883244471876514e-05 1.2351334223417915e-09 4.736131017339172e-43 0.00033815011588559106
508.0 0.106988867809436 3.073289748809546e-05 1.2957433581225128e-09 5.8868495950903285e-43 0.0003461075900958972
509.0 0.10825098800580006 3.159766618467729e-05 1.3588325500269331e-09 7.30961659080403e-43 0.0003541576245172642
510.0 0.10950361697044265 3.247749594740069e-05 1.4244762589239717e-09 9.06694276238364e-43 0.00036229822132237877
511.0 0.11074611729721962 3.337231928046524e-05 1.4927507622959882e-09 1.1235281219072028e-42 0.0003705272766286969
512.0 0.11197785233834925 3.428205558443534e-05 1.5637333068212777e-09 1.3908041547044526e-42 0.00037884258064087897
513.0 0.11319818677785551 3.520661094664767e-05 1.637502057668304e-09 1.7199234482593478e-42 0.00038724181792995627
514.0 0.11440648720816954 3.614587794462431e-05 1.7141360444675733e-09 2.1247874538857423e-42 0.0003957225678505495
515.0 0.11560212270918457 3.709973546308704e-05 1.7937151039357551e-09 2.6223292802461325e-42 0.0004042823050979734
516.0 0.116784465428964 3.806804852512685e-05 1.8763198191317023e-09 3.2331541571376666e-42 0.0004129184004065339
517.0 0.11795289116537036 3.905066813809091e-05 1.9620314553315423e-09 3.9823107438142105e-42 0.00042162812139035936
518.0 0.11910677994769632 4.004743115467389e-05 2.05093189251393e-09 4.900219080933953e-42 0.0004304086335272307
519.0 0.12024551661762453 4.10581601497632e-05 2.1431035544573947e-09 6.023785883515108e-42 0.0004392570012865226
520.0 0.12136849140871646 4.208266331352709e-05 2.238629334457008e-09 7.39774366367058e-42 0.0004481701894016777
521.0 0.1224751005234365 4.3120734361149026e-05 2.3375925176715586e-09 9.076257012257926e-42 0.0004571450642866912
522.0 0.12356474670720387 4.4172152459751966e-05 2.44007670012844e-09 1.1124847439769752e-41 0.00046617839559759107
523.0 0.12463683981836907 4.523668217282946e-05 2.5461657044107222e-09 1.3622697690577238e-41 0.0004752668579374584
524.0 0.1256907973935008 4.631407342264083e-05 2.6559434920674112e-09 1.66654076477262e-41 0.0004844070327050554
525.0 0.12672604520715627 4.740406147092789e-05 2.7694940727922837e-09 2.0368287124506885e-41 0.000493595410086075
526.0 0.12774201782522104 4.850636691824599e-05 2.8869014104226507e-09 2.487028632708018e-41 0.0005028283911853859
527.0 0.12873815915120612 4.962069572228207e-05 3.008249325824005e-09 3.033868295610111e-41 0.0005121022902995247
528.0 0.12971392296454112 5.074673923536811e-05 3.133621396727179e-09 3.6974666242383614e-41 0.0005214133373270173
529.0 0.13066877345025557 5.188417426149795e-05 3.26310085460077e-09 4.5019983201278366e-41 0.0005307576803152107
530.0 0.1316021857191741 5.30326631330147e-05 3.3967704786438185e-09 5.476484164247798e-41 0.0005401313881409097
531.0 0.13251364631788354 5.419185380714977e-05 3.534712486994954e-09 6.655729868033934e-41 0.0005495304533223379
532.0 0.13340265372784657 5.536137998260033e-05 3.6770084252654698e-09 8.081440345518493e-41 0.0005589507949600872
533.0 0.1342687188527741 5.6540861236186436e-05 3.823739052505258e-09 9.803540942191446e-41 0.0005683882618033327
534.0 0.13511136549372102 5.772990317972721e-05 3.97498422472773e-09 1.1881742595314896e-40 0.0005778386354387049
535.0 0.13593013081109584 5.8928097637121846e-05 4.130822776120714e-09 1.4387394236449462e-40 0.0005872976335977585
536.0 0.13672456577297673 6.013502284165628e-05 4.29133239808319e-09 1.740567312081597e-40 0.0005967609135794729
537.0 0.1374942355891237 6.135024365351334e-05 4.456589516236077e-09 2.10381723416234e-40 0.0006062240757839102
538.0 0.138238720129955 6.257331179736088e-05 4.6266691655584594e-09 2.5405954746257082e-40 0.0006156826673522729
539.0 0.13895761433004183 6.380376611997013e-05 4.801644863816906e-09 3.065315402825475e-40 0.0006251321859095278
540.0 0.13965052857538635 6.504113286764109e-05 4.981588483453621e-09 3.6951217167973864e-40 0.0006345680834041836
541.0 0.14031708907409124 6.628492598331266e-05 5.166570122116509e-09 4.45038979149296e-40 0.0006439857700409658
542.0 0.14095693820978078 6.753464742307502e-05 5.356657972012953e-09 5.355312896471903e-40 0.0006533806183007399
543.0 0.14156973487732596 6.878978749183809e-05 5.55191818828147e-09 6.438592124762783e-40 0.0006627479670425616
544.0 0.14215515480044139 7.00498251978642e-05 5.75241475658151e-09 7.734246272979139e-40 0.0006720831256824796
545.0 0.14271289083065106 7.131422862579216e-05 5.9582093601052594e-09 9.282561680490622e-40 0.0006813813784431142
546.0 0.1432426532272692 7.258245532779466e-05 6.169361246224758e-09 1.1131205226414612e-39 0.000690637988668386
547.0 0.14374416991802008 7.38539527324509e-05 6.385927092992291e-09 1.3336527358767386e-39 0.0006998482031973826
548.0 0.14421718673991143 7.512815857086112e-05 6.607960875715244e-09 1.5965086260013983e-39 0.0007090072567910341
549.0 0.14466146766011398 7.640450131954276e-05 6.8355137338360195e-09 1.9095429116653126e-39 0.0007181103766056025
550.0 0.14507679497652093 7.768240065956005e-05 7.0686338383472406e-09 2.2820172047147098e-39 0.0007271527867063711
551.0 0.14546296949776324 7.896126795134024e-05 7.307366259980058e-09 2.724842665424919e-39 0.0007361297126151443
552.0 0.14581981070248753 8.024050672459206e-05 7.551752838406243e-09 3.250862851977064e-39 0.0007450363858850422
553.0 0.14614715687767207 8.151951318267965e-05 7.801832052695081e-09 3.875183138239433e-39 0.000753868048695703
554.0 0.14644486523590425 8.27976767208311e-05 8.057638893274389e-09 4.615554037957563e-39 0.0007626199584624837
555.0 0.1467128120114565 8.4074380457469e-05 8.31920473564058e-09 5.492816875905141e-39 0.0007712873924526105
556.0 0.1469508925351179 8.534900177796718e-05 8.58655721606924e-09 6.531421506161655e-39 0.0007798656524016146
557.0 0.1471590212877388 8.66209128900911e-05 8.859720109576187e-09 7.760027215584812e-39 0.0007883500691231936
558.0 0.1473371319324779 8.788948139035391e-05 9.138713210379963e-09 9.212199590530558e-39 0.0007967360071056196
559.0 0.14748517732579125 8.915407084050557e-05 9.423552215117072e-09 1.0927217993697944e-38 0.0008050188690879108
560.0 0.1476031295072157 9.041404135333286e-05 9.714248609059411e-09 1.2951010425697633e-38 0.0008131941006088556
561.0 0.14769097966806555 9.166875018695317e-05 1.0010809555584019e-08 1.5337234966334894e-38 0.0008212571945222353
562.0 0.14774873809915048 9.291755234673445e-05 1.0313237789140822e-08 1.8148529741504312e-38 0.0008292036954713662
563.0 0.147776434117699 9.41598011939816e-05 1.0621531511963735e-08 2.14579564854458e-38 0.0008370292043163664
564.0 0.14777411597367543 9.539484906050132e-05 1.0935684294766567e-08 2.5350666312427024e-38 0.0008447293825075193
565.0 0.14774185073572335 9.66220478681449e-05 1.1255684981661047e-08 2.99258203297909e-38 0.0008522999563982056
566.0 0.1476797241569957 9.784074975241752e-05 1.1581517599530677e-08 3.5298802275159154e-38 0.000859736721490986
567.0 0.14758784052116292 9.905030768923316e-05 1.191316127208911e-08 4.1603765510676905e-38 0.0008670355466105414
568.0 0.14746632246892416 0.00010025007612388428 1.2250590138846198e-08 4.899656253046443e-38 0.0008741923779972921
569.0 0.1473153108053657 0.00010143941160128663 1.2593773279198051e-08 5.765811171635806e-38 0.0008812032433156309
570.0 0.147134964288555 0.00010261767339656356 1.2942674641852984e-08 6.779826350332427e-38 0.0008880642555709315
571.0 0.14692545939976698 0.00010378422414501767 1.3297252979794695e-08 7.966023649164071e-38 0.0008947716169295484
572.0 0.1466869900957837 0.0001049384304705528 1.3657461790980017e-08 9.352570348169367e-38 0.000901321622436312
573.0 0.14641976754371844 0.00010607966361159608 1.4023249264956716e-08 1.0972061803478609e-37 0.000907710663624103
574.0 0.14612401983885867 0.00010720730004358781 1.4394558235581132e-08 1.2862188411973525e-37 0.0009139352320104053
575.0 0.14579999170601374 0.00010832072209709275 1.4771326140003568e-08 1.5066498484503804e-37 0.0009199919224757668
576.0 0.1454479441849195 0.00010941931857062008 1.5153484984081544e-08 1.7635270137160146e-37 0.0009258774365195517
577.0 0.1450681543002203 0.00011050248533721198 1.554096131436804e-08 2.0626507004151913e-37 0.0009315885853882809
578.0 0.14466091471663536 0.0001115696259439257 1.5933676196816842e-08 2.410707447538679e-37 0.0009371222930725293
579.0 0.14422653337984426 0.00011262015220327024 1.6331545202326125e-08 2.815399529006946e-37 0.0009424755991679686
580.0 0.14376533314375264 0.0001136534847757646 1.6734478399241978e-08 3.2855925700174155e-37 0.0009476456615971316
581.0 0.1432776513847107 0.000114669053742716 1.714238035292079e-08 3.831483608261685e-37 0.0009526297591880351
582.0 0.14276383960333963 0.00011566629916838839 1.75551501324435e-08 4.464792285750892e-37 0.0009574252941064967
583.0 0.14222426301462288 0.00011664467165074387 1.7972681324561647e-08 5.1989781896186355e-37 0.000962029794139179
584.0 0.14165930012689573 0.00011760363285993231 1.839486205493876e-08 6.049487731435929e-37 0.0009664409148244374
585.0 0.1410693423104272 0.00011854265606376654 1.8821575016741336e-08 7.034034368408155e-37 0.0009706564414286272
586.0 0.14045479335625413 0.00011946122663941204 1.9252697506617963e-08 8.172916430860806e-37 0.0009746742907655468
587.0 0.13981606902597293 0.00012035884257057684 1.9688101468093988e-08 9.489377333635194e-37 0.0009784925128572045
588.0 0.1391535965931603 0.00012123501492947816 2.0127653542390777e-08 1.1010013519855594e-36 0.0009821092924341005
589.0 0.1384678143771467 0.00012208926834293726 2.0571215126672816e-08 1.2765236119966937e-36 0.0009855229502738587
590.0 0.13775917126981482 0.00012292114144192885 2.1018642439700785e-08 1.4789793013492305e-36 0.0009887319443768782
591.0 0.1370281262561533 0.00012373018729399808 2.1469786594867326e-08 1.712335876277584e-36 0.0009917348709784235
592.0 0.13627514792925863 0.00012451597381795247 2.192449368056809e-08 1.981120075481625e-36 0.000994530465396523
593.0 0.13550071400048144 0.00012527808418027241 2.2382604847850432e-08 2.2904930847693787e-36 0.0009971176027153794
594.0 0.13470531080544756 0.00012601611717275528 2.2843956405272726e-08 2.64633528812772e-36 0.000999495298304548
595.0 0.13388943280662746 0.00012672968757088628 2.330837992088419e-08 3.055341758796645e-36 0.0010016627081739775
596.0 0.13305358209315177 0.000127418426472497 2.377570233122675e-08 3.5251297739162424e-36 0.0010036191291655408
597.0 0.1321982678785846 0.00012808198161632633 2.4245746057250665e-08 4.06435977988843e-36 0.0010053639989820605
598.0 0.13132400599732671 0.0001287200176800994 2.471832912701449e-08 4.682871394041439e-36 0.001006896896054871
599.0 0.13043131840031688 0.00012933221655778924 2.5193265305030955e-08 5.391836202915502e-36 0.001008217539251243
600.0 0.1295207326507096 0.000129918277615774 2.567036422810673e-08 6.20392931002011e-36 0.0010093257874233962
601.0 0.12859278142018435 0.00013047791792763185 2.6149431547512297e-08 7.13352179790891e-36 0.0010102216388009674
602.0 0.12764800198655266 0.00013101087248737774 2.6630269077308847e-08 8.196896502658202e-36 0.001010905230229242
603.0 0.12668693573323783 0.00013151689440089824 2.7112674948631172e-08 9.412489755245395e-36 0.0010113768362550284
604.0 0.12571012765134137 0.00013199575505554084 2.7596443769744513e-08 1.0801162026025036e-35 0.0010116368680635262
605.0 0.1247181258448288 0.0001324472442676767 2.808136679165004e-08 1.2386500717701384e-35 0.0010116858722684094
606.0 0.1237114810394411 0.00013287117040818445 2.856723207901713e-08 1.4195158691362402e-35 0.0010115245295582598
607.0 0.1226907460959676 0.0001332673605058917 2.905382468622456e-08 1.625723248190747e-35 0.0010111536532030735
608.0 0.12165647552835063 0.0001336356603288874 2.954092683824678e-08 1.8606684566316343e-35 0.0010105741874235326
609.0 0.12060922502725617 0.00013397593444385066 3.002831811615519e-08 2.1281814493822083e-35 0.0010097872056274082
610.0 0.11954955098956714 0.00013428806625340452 3.051577564695729e-08 2.4325784174314166e-35 0.0010087939085163236
611.0 0.11847801005434694 0.0001345719580116601 3.100307429751466e-08 2.778720315378951e-35 0.0010075956220671738
612.0 0.11739515864577289 0.0001348275308181171 3.148998687226626e-08 3.17207802871287e-35 0.0010061937953924165
613.0 0.11630155252346835 0.00013505472459007136 3.197628431446455e-08 3.618804885289597e-35 0.0010045899984831858
614.0 0.11519774634070971 0.00013525349801377765 3.2461735910639816e-08 4.125817284661751e-35 0.001002785919839832
615.0 0.11408429321095509 0.00013542382847465283 3.294610949800343e-08 4.7008842942674904e-35 0.0010007833639946184
616.0 0.11296174428307156 0.00013556571196677046 3.3429171674480536e-08 5.35272714354503e-35 0.0009985842489309352
617.0 0.11183064832565918 0.00013567916298198103 3.3910688011069184e-08 6.0911296363032e-35 0.0009961906034038936
618.0 0.1106915513208618 0.00013576421437904143 3.439042326622492e-08 6.927060598720526e-35 0.0009936045641673775
619.0 0.10954499606797434 0.00013582091723309016 3.4868141601946896e-08 7.872809585758484e-35 0.0009908283731121764
620.0 0.10839152179719277 0.00013584934066590755 3.534360680125805e-08 8.942137183203726e-35 0.0009878643743204255
621.0 0.10723166379381986 0.0001358495716574139 3.581658248676652e-08 1.0150441366681045e-34 0.0009847150110415602
622.0 0.10606595303316457 0.0001358217148388148 3.6286832339977093e-08 1.1514941513504708e-34 0.0009813828225945281
623.0 0.10489491582643617 0.000135765892267935 3.6754120321046184e-08 1.305488180896511e-34 0.000977870441201833
624.0 0.1037190734778559 0.00013568224318723793 3.7218210888660524e-08 1.479175594635871e-34 0.0009741805887605247
625.0 0.1025389419531788 0.00013557092376503122 3.7678869219711205e-08 1.6749555190638933e-34 0.0009703160735551434
626.0 0.1013550315598609 0.0001354321068204728 3.8135861428463533e-08 1.8955042059924166e-34 0.0009662797869182954
627.0 0.10016784663898853 0.00013526598153287277 3.858895478488782e-08 2.1438052078170785e-34 0.0009620746998435667
628.0 0.09897788526917939 0.00013507275313596524 3.9037917931860496e-08 2.423182626718331e-34 0.0009577038595566097
629.0 0.09778563898252593 0.00013485264259767844 3.9482521100907306e-08 2.7373377277810437e-34 0.0009531703860490659
630.0 0.09659159249272212 0.0001346058862860685 3.992253632619346e-08 3.090389230985298e-34 0.0009484774685808385
631.0 0.09539622343546149 0.00013433273562205367 4.035773765646243e-08 3.486917623905347e-34 0.0009436283621558759
632.0 0.09420000212114737 0.00013403345671956357 4.078790136461851e-08 3.9320138658832e-34 0.0009386263839763515
633.0 0.09300339129998932 0.00013370833001379362 4.121280615467041e-08 4.431332885548417e-34 0.0009334749098805298
634.0 0.09180684593947042 0.00013335764987817736 4.1632233365738963e-08 4.991152306978019e-34 0.0009281773707689249
635.0 0.09061081301427609 0.00013298172423086496 4.2045967172882585e-08 5.6184368756801675e-34 0.0009227372490244762
636.0 0.08941573130854708 0.00013258087413120715 4.245379478441729e-08 6.320909094077054e-34 0.0009171580749303111
637.0 0.08822203123055523 0.00013215543336711778 4.2855506635524597e-08 7.10712661745684e-34 0.0009114434230911604
638.0 0.08703013463966144 0.00013170574803386258 4.32508965778489e-08 7.98656700557373e-34 0.0009055969088621029
639.0 0.08584045468554487 0.00013123217610504676 4.3639762064863436e-08 8.96972047243334e-34 0.0008996221847897646
640.0 0.08465339565958441 0.0001307350869964333 4.402190433274792e-08 1.006819132744315e-33 0.0008935229370700116
641.0 0.08346935285833529 0.0001302148611233446 4.439712857656867e-08 1.1294808855259932e-33 0.0008873028820268986
642.0 0.08228871245894392 0.0001296718894522682 4.476524412152117e-08 1.2663748439502907e-33 0.0008809657626166229
643.0 0.08111185140639875 0.0001291065730473885 4.512606458903554e-08 1.4190663797244592e-33 0.000874515344960827
644.0 0.07993913731250112 0.0001285193226127701 4.5479408057561855e-08 1.5892831257062438e-33 0.000867955414913514
645.0 0.07877092836631314 0.00012791055803072716 4.5825097217799385e-08 1.778930708360863e-33 0.0008612897746644424
646.0 0.07760757325602512 0.0001272807078972247 4.6162959522250146e-08 1.9901098926461485e-33 0.0008545222393839041
647.0 0.07644941110198027 0.00012663020905484377 4.649282732888617e-08 2.225135255057318e-33 0.0008476566339115487
648.0 0.0752967714006881 0.00012595950612400033 4.681453803878754e-08 2.4865555090285226e-33 0.0008406967894929263
649.0 0.07414997397964265 0.00012526905103309212 4.712793422761673e-08 2.777175615883048e-33 0.0008336465405672181
650.0 0.07300932896269925 0.0001245593025481533 4.74328637707773e-08 3.1000808240763046e-33 0.0008265097216089219
651.0 0.07187513674579808 0.000123830725802656 4.772917996214301e-08 3.4586627896131596e-33 0.0008192901640265758
652.0 0.07074768798282606 0.00012308379182810527 4.801674162625954e-08 3.856647941272009e-33 0.0008119916931215969
653.0 0.06962726358132797 0.0001223189770859454 4.829541322389351e-08 4.2981282656554074e-33 0.0008046181251093722
654.0 0.06851413470785157 0.00012153676300140682 4.85650649508598e-08 4.787594699149386e-33 0.0007971732642054403
655.0 0.06740856280266982 0.00012073763549986385 4.8825572830052953e-08 5.329973326633798e-33 0.0007896608997791321
656.0 0.06631079960360356 0.00011992208454622497 4.9076818796610735e-08 5.930664600274711e-33 0.0007820848035766789
657.0 0.06522108717867417 0.00011909060368788344 4.9318690776153733e-08 6.595585805980006e-33 0.0007744487270157849
658.0 0.06413965796733302 0.00011824368960178139 4.9551082756075834e-08 7.331217020146319e-33 0.0007667563985537825
659.0 0.06306673482998165 0.00011738184164607349 4.9773894849853175e-08 8.144650815191216e-33 0.0007590115211309985
660.0 0.06200253110546356 0.00011650556141679902 4.99870333543216e-08 9.043645989084314e-33 0.0007512177696904368
661.0 0.060947250676312924 0.0001156153523101577 5.019041079997434e-08 1.0036685611716956e-32 0.0007433787887760475
662.0 0.0599010880414109 0.00011471171909071916 5.038394599423433e-08 1.1133039699473069e-32 0.0007354981902101014
663.0 0.05886422839578819 0.00011379516746604353 5.0567564057741005e-08 1.234283284886058e-32 0.0007275795508511237
664.0 0.0578368477172615 0.0001128662036680814 5.074119645366073e-08 1.3677117180540906e-32 0.0007196264104331093
665.0 0.05681911285964927 0.00011192533404181105 5.09047810100885e-08 1.5147950966597662e-32 0.000711642269487297
666.0 0.055811181652212424 0.00011097306464136273 5.105826193553806e-08 1.6768483336424002e-32 0.0007036305873464328
667.0 0.05481320300509554 0.00011000990083411116 5.120158982763553e-08 1.855304548027399e-32 0.0006955947802329157
668.0 0.0538253170204107 0.00010903634691293412 5.133472167502677e-08 2.0517248794249438e-32 0.0006875382194304083
669.0 0.05284765510871843 0.0001080529057170387 5.145762085261624e-08 2.2678090436428e-32 0.0006794642295397747
670.0 0.051880340110588785 0.00010706007826158553 5.1570257110198474e-08 2.5054066790911365e-32 0.0006713760868191306
671.0 0.05092348642296002 0.00010605836337639413 5.1672606554581265e-08 2.766529536487124e-32 0.0006632770176081107
672.0 0.04997720013001411 0.00010504825735398532 5.1764651625310306e-08 3.053364567322141e-32 0.0006551701968363034
673.0 0.04904157913827128 0.00010403025360716148 5.1846381064091495e-08 3.3682879696329797e-32 0.000647058746615445
674.0 0.048116713315637036 0.0001030048423363593 5.191778987804189e-08 3.7138802528305633e-32 0.0006389457349152022
675.0 0.047202684634104486 0.0001019725102069242 5.197887929687933e-08 4.0929423866788576e-32 0.0006308341743218349
676.0 0.04629956731586607 0.0001009337400365328 5.202965672420916e-08 4.508513102996541e-32 0.0006227270208795306
677.0 0.04540742798252573 9.988901049282814e-05 5.207013568300604e-08 4.963887422260113e-32 0.0006146271730132121
678.0 0.044526325807177726 9.883879580146882e-05 5.210033575547386e-08 5.462636481044995e-32 0.0006065374705324817
679.0 0.043656312669086185 9.778356546469114e-05 5.2120282517427324e-08 6.00862874012588e-32 0.0005984606937157526
680.0 0.04279743331068519 9.672378399042606e-05 5.2130007467326536e-08 6.606052657090044e-32 0.0005903995624732875
681.0 0.04194972549667578 9.565991063210644e-05 5.212954795015765e-08 7.25944091149373e-32 0.0005823567355884649
682.0 0.041113220174965014 9.45923991392031e-05 5.211894707631643e-08 7.973696274907003e-32 0.0005743348100360204
683.0 0.040287941639189064 9.352169751848942e-05 5.2098253635644896e-08 8.754119222648693e-32 0.0005663363203758002
684.0 0.03947390769262182 9.244824780614097e-05 5.20675220068389e-08 9.606437388629387e-32 0.0005583637382212516
685.0 0.038671129813198826 9.137248585058202e-05 5.202681206235456e-08 1.0536836969449276e-31 0.0005504194717807037
686.0 0.03787961331947322 9.029484110616303e-05 5.197618906904605e-08 1.1551996188809745e-31 0.0005425058654705857
687.0 0.037099357537258834 8.92157364375771e-05 5.1915723584680586e-08 1.2659120938306468e-31 0.000534625199598684
688.0 0.03633035596675324 8.813558793498663e-05 5.184549135052321e-08 1.3865982715858123e-31 0.0005267796901159607
689.0 0.03557259644996369 8.705480473986747e-05 5.176557318021515e-08 1.518095898833189e-31 0.0005189714884357081
690.0 0.034826061338204005 8.597378888142412e-05 5.167605484508882e-08 1.6613076110359698e-31 0.0005112026813179166
691.0 0.03409072765949556 8.489293512355059e-05 5.157702695614597e-08 1.817205493692516e-31 0.0005034752908175088
692.0 0.03336656728567612 8.381263082221733e-05 5.146858484287242e-08 1.9868359272995144e-31 0.0004957912742945559
693.0 0.03265354709905202 8.273325579320661e-05 5.1350828429101444e-08 2.1713247309299244e-31 0.0004881525244848854
694.0 0.03195162915841453 8.165518219006415e-05 5.122386210611051e-08 2.3718826199304644e-31 0.000480560869629196
695.0 0.03126077086425601 8.057877439213231e-05 5.1087794603137964e-08 2.5898109938471443e-31 0.00047301807365883366
696.0 0.030580925123039834 7.950438890255827e-05 5.0942738855535594e-08 2.8265080713063284e-31 0.000465525836436568
697.0 0.029912040510358732 7.843237425608901e-05 5.078881187072225e-08 3.083475389200234e-31 0.00045808579405028695
698.0 0.02925406143286423 7.736307093656342e-05 5.0626134592173944e-08 3.362324684165615e-31 0.00045069951915812837
699.0 0.028606928288794756 7.629681130384323e-05 5.045483176158293e-08 3.664785174980147e-31 0.00044336852138262975
700.0 0.027970577627010954 7.523391953010878e-05 5.027503177943697e-08 3.992711265158333e-31 0.0004360942477525912
