200.0 0.0 0.0 0.0 0.0 0.0
201.0 0.0 0.0 0.0 0.0 0.0
202.0 0.0 0.0 0.0 0.0 0.0
203.0 0.0 0.0 0.0 0.0 0.0
204.0 0.0 0.0 0.0 0.0 0.0
205.0 0.0 0.0 0.0 0.0 0.0
206.0 0.0 0.0 0.0 0.0 0.0
207.0 0.0 0.0 0.0 0.0 0.0
208.0 0.0 0.0 0.0 0.0 0.0
209.0 0.0 0.0 0.0 0.0 0.0
210.0 0.0 0.0 0.0 0.0 0.0
211.0 0.0 0.0 0.0 0.0 0.0
212.0 0.0 0.0 0.0 0.0 0.0
213.0 0.0 0.0 0.0 0.0 0.0
214.0 0.0 0.0 0.0 0.0 0.0
215.0 0.0 0.0 0.0 0.0 0.0
216.0 0.0 0.0 0.0 0.0 0.0
217.0 0.0 0.0 0.0 0.0 0.0
218.0 0.0 0.0 0.0 0.0 0.0
219.0 0.0 0.0 0.0 0.0 0.0
220.0 0.0 0.0 0.0 0.0 0.0
221.0 0.0 0.0 0.0 0.0 0.0
222.0 0.0 0.0 0.0 0.0 0.0
223.0 0.0 0.0 0.0 0.0 0.0
224.0 0.0 0.0 0.0 0.0 0.0
225.0 0.0 0.0 0.0 0.0 0.0
226.0 0.0 0.0 0.0 0.0 0.0
227.0 0.0 0.0 0.0 0.0 0.0
228.0 0.0 0.0 0.0 0.0 0.0
229.0 0.0 0.0 0.0 0.0 0.0
230.0 0.0 0.0 0.0 0.0 0.0
231.0 0.0 0.0 0.0 0.0 0.0
232.0 0.0 0.0 0.0 0.0 0.0
233.0 0.0 0.0 0.0 0.0 0.0
234.0 0.0 0.0 0.0 0.0 0.0
235.0 0.0 0.0 0.0 0.0 0.0
236.0 0.0 0.0 0.0 0.0 0.0
237.0 0.0 0.0 0.0 0.0 0.0
238.0 0.0 0.0 0.0 0.0 0.0
239.0 0.0 0.0 0.0 0.0 0.0
240.0 0.0 0.0 0.0 0.0 0.0
241.0 0.0 0.0 0.0 0.0 0.0
242.0 0.0 0.0 0.0 0.0 0.0
243.0 0.0 0.0 0.0 0.0 0.0
244.0 0.0 0.0 0.0 0.0 0.0
245.0 0.0 0.0 0.0 0.0 0.0
246.0 0.0 0.0 0.0 0.0 0.0
247.0 0.0 0.0 0.0 0.0 0.0
248.0 0.0 0.0 0.0 0.0 0.0
249.0 0.0 0.0 0.0 0.0 0.0
250.0 0.0 0.0 0.0 0.0 0.0
251.0 0.0 0.0 0.0 0.0 0.0
252.0 0.0 0.0 0.0 0.0 0.0
253.0 1.1102118267205342e-16 8.588904520476105e-24 1.4098830669472877e-32 1.474729228842558e-103 1.1103658868772843e-21
254.0 1.1102113052867378e-16 9.160843770295835e-24 1.6284200640466727e-32 3.3611999012041474e-103 1.1618517297170826e-21
255.0 1.1102107638897865e-16 9.765929376737716e-24 1.8787064903255786e-32 7.611500023909376e-103 1.2152927543387447e-21
256.0 1.1102102019431117e-16 1.0405780384274147e-23 2.1650419685198281e-32 1.712666902666739e-102 1.2707453201315227e-21
257.0 1.1102096188489097e-16 1.108207893506292e-23 2.4922652277160246e-32 3.829434718509195e-102 1.3282668098305555e-21
258.0 1.1102090139978805e-16 1.1796572015755535e-23 2.8658161564940755e-32 8.50917429513779e-102 1.3879156325861823e-21
259.0 2.2204167735382622e-16 2.510214645389236e-23 6.583608680610253e-32 3.7583093660263995e-101 2.899502453469311e-21
260.0 2.2204154730605798e-16 2.669492914963182e-23 7.554169377804298e-32 8.249372125740232e-101 3.027668124539519e-21
261.0 2.2204141252745117e-16 2.837539656900503e-23 8.658681618270175e-32 1.7998360361049572e-100 3.160451286028629e-21
262.0 3.330619093302327e-16 4.522139590415668e-23 1.4871530493994838e-31 5.855309919241665e-100 4.946965525475755e-21
263.0 3.3306169237595436e-16 4.802359143936609e-23 1.7010655361972732e-31 1.2624631516225065e-99 5.1605587064971255e-21
264.0 4.4408195696598875e-16 6.796827116765108e-23 2.5916896127246316e-31 3.608265327283868e-99 7.175533757508712e-21
265.0 5.551020586138744e-16 9.01433111156552e-23 3.698103298180608e-31 9.612808832131445e-99 9.35072887492563e-21
266.0 6.661219889928303e-16 1.147198701187014e-22 5.060740660310208e-31 2.4445694229662096e-98 1.1694239624243132e-20
267.0 7.771417394859846e-16 1.4187900268878998e-22 6.7264712088082746e-31 6.010031496969652e-98 1.4214435635129024e-20
268.0 8.881613011806023e-16 1.7181208225974727e-22 8.749496294637674e-31 1.4393963169733612e-97 1.691996580489576e-20
269.0 1.110200738735014e-15 2.274680403281091e-22 1.24359508046061e-30 3.7498435084651466e-97 2.2021959444182888e-20
270.0 1.3322397852063346e-15 2.8898375205142154e-22 1.69524678239156e-30 9.327273862556546e-97 2.750766210226584e-20
271.0 1.5542784215301829e-15 3.567871266615251e-22 2.2446246944378362e-30 2.243497569754293e-96 3.3395534390980355e-20
272.0 1.7763166280103365e-15 4.313296051173716e-22 2.908677285390562e-30 5.258127944235949e-96 3.970462869608446e-20
273.0 2.1093740723228264e-15 5.415919506962079e-22 3.912814797703033e-30 1.2737766106212754e-95 4.9035410617493165e-20
274.0 2.553450419831524e-15 6.929451812697888e-22 5.36078409687353e-30 3.1292187903512844e-95 6.171557095774583e-20
275.0 2.997525839335298e-15 8.594335570288884e-22 7.11603378046502e-30 7.416600036842508e-95 7.53040572614691e-20
276.0 3.5526196516539926e-15 1.0757292529756442e-21 9.52820710829661e-30 1.7656838680270356e-94 9.274075347806514e-20
277.0 4.2187314671906545e-15 1.3485587972210994e-21 1.2771714028199886e-29 4.1906487884277993e-94 1.1440629433155659e-19
278.0 4.88484174256206e-15 1.647794063621916e-21 1.6678008011113157e-29 9.649870064645468e-94 1.375769344461019e-19
279.0 5.772988424113762e-15 2.054234728774083e-21 2.2209887595814946e-29 2.2568512784770323e-93 1.688127143673288e-19
280.0 6.772151800681564e-15 2.5410155168294256e-21 2.9332831060265404e-29 5.213661840317912e-93 2.0555308159868039e-19
281.0 7.993350136117478e-15 3.161380705160668e-21 3.894676040402488e-29 1.2060468295159625e-92 2.5176985755019725e-19
282.0 9.325563895352147e-15 3.886227427202718e-21 5.107052120347739e-29 2.744461353750122e-92 3.047288435113727e-19
283.0 1.0879811002788304e-14 4.775503307931677e-21 6.691300731699643e-29 6.21583596988685e-92 3.687317716219874e-19
284.0 1.2767108784056839e-14 5.900329717345201e-21 8.810912318262056e-29 1.409412384596124e-91 4.486636553044443e-19
285.0 1.4876437540976663e-14 7.23621554305619e-21 1.1511057797259451e-28 3.1586703804567985e-91 5.419459150505376e-19
286.0 1.731881417435463e-14 8.86347627312942e-21 1.501325793991699e-28 7.040393364682499e-91 6.538747054683021e-19
287.0 2.0205254902556893e-14 1.0876015779080677e-20 1.9607299998544735e-28 1.565491975248886e-90 7.904091349373255e-19
288.0 2.3535757489683826e-14 1.3319901638591063e-20 2.5546890828502673e-28 3.4600090866856074e-90 9.537180612534448e-19
289.0 2.7310319578686605e-14 1.6244873075615054e-20 3.3132662970582273e-28 7.5842630506525025e-90 1.1460852075186646e-18
290.0 3.17509734666478e-14 1.9843314133248188e-20 4.302026244663193e-28 1.658349676566084e-89 1.379560186551164e-18
291.0 3.674669827977469e-14 2.4121014209474005e-20 5.556367724123437e-28 3.594052380677216e-89 1.652691059881745e-18
292.0 4.2630541811838676e-14 2.9381376875863794e-20 7.1882593747435e-28 7.77441767891225e-89 1.984180989085798e-18
293.0 4.9402498918628853e-14 3.573795738983867e-20 9.282371841507782e-28 1.6727456282406268e-88 2.379002007450388e-18
294.0 5.706256418690467e-14 4.3313028639348316e-20 1.1938470995903688e-27 3.5722193330508785e-88 2.842379436180113e-18
295.0 6.59437813260142e-14 5.250322402346475e-20 1.5351192870000965e-27 7.600759582131405e-88 3.39695610657067e-18
296.0 7.61571588205422e-14 6.358102840392065e-20 1.97122661646104e-27 1.6095297447597883e-87 4.0561461224221146e-18
297.0 8.78137039354255e-14 7.685020798091942e-20 2.525430985505782e-27 3.3890860460929767e-87 4.83453123320837e-18
298.0 1.011354384956969e-13 9.275016576805077e-20 3.2293634750976774e-27 7.099053331398415e-87 5.754241439479242e-18
299.0 1.1645539772818034e-13 1.1188286010954294e-19 4.125813567095501e-27 1.4807980716696058e-86 6.8460707428837275e-18
300.0 1.3388458278671114e-13 1.347077224353797e-19 5.2591559157106116e-27 3.0717485792979342e-86 8.130452619448643e-18
301.0 1.5386703874298898e-13 1.6208104595630089e-19 6.69682055851042e-27 6.344778364406434e-86 9.650247233794783e-18
302.0 1.7651376130908814e-13 1.9460677869746128e-19 8.506370108527338e-27 1.3031037553738915e-85 1.1431081768363574e-17
303.0 2.0249081780864554e-13 2.335860179505674e-19 1.0797461097930747e-26 2.666034873546142e-85 1.3537490343656238e-17
304.0 2.320202107941743e-13 2.7996264242135927e-19 1.3680551021600956e-26 5.427418947547378e-85 1.6010015714137838e-17
305.0 2.655459679174311e-13 3.35056967015004e-19 1.7301853857972077e-26 1.0994551331839152e-84 1.8908135899880858e-17
306.0 3.0373413914944613e-13 4.0063639246306516e-19 2.1854365072798747e-26 2.217588486220847e-84 2.231292493303221e-17
307.0 3.470287391045074e-13 4.783816234860945e-19 2.7556303352561306e-26 4.451408578471943e-84 2.629625673878126e-17
308.0 3.9620681631379766e-13 5.706356253649119e-19 3.469847550178532e-26 8.89629907389814e-84 3.096197004030594e-17
309.0 4.5204540931865857e-13 6.800232113231611e-19 4.3634314458142797e-26 1.7703172001596856e-83 3.64233821714354e-17
310.0 5.15210533281776e-13 8.09299320634975e-19 5.477921948419335e-26 3.5065235687104644e-83 4.279457849496706e-17
311.0 5.867012310125261e-13 9.62062797760334e-19 6.8669378773053e-26 6.914940939995345e-83 5.022753981300136e-17
312.0 6.676275434343203e-13 1.142517914306907e-18 8.596624815648537e-26 1.3578645606611474e-82 5.889737400107385e-17
313.0 7.589884834241293e-13 1.355151433310401e-18 1.0745130179650912e-25 2.654569282266461e-82 6.898431392799294e-17
314.0 8.622270945282837e-13 1.605760715567114e-18 1.3412774349315848e-25 5.167941846748844e-82 8.072495285964902e-17
315.0 9.787863985191151e-13 1.9008041736590107e-18 1.6720356100605262e-25 1.0019259767153917e-81 9.437637892877407e-17
316.0 1.1101093942235355e-12 2.2474518137938027e-18 2.081261610032487e-25 1.9341672885094363e-81 1.1021722391831962e-16
317.0 1.257972088103114e-12 2.6543411344404644e-18 2.586903861407236e-25 3.7181124124229854e-81 1.2858278336730982e-16
318.0 1.424594497992704e-12 3.132024517705832e-18 3.211414984389123e-25 7.119057255940782e-81 1.4988279565332326e-16
319.0 1.6118635751637658e-12 3.691462228388126e-18 3.9808810397935196e-25 1.3574043909901988e-80 1.7452547685966146e-16
320.0 1.8224433031038393e-12 4.346599039613016e-18 4.928365521221147e-25 2.5779125400810823e-80 2.0303769304823714e-16
321.0 2.058886609457451e-12 5.112620685245649e-18 6.093036913314818e-25 4.8761431239791765e-80 2.359771523053003e-16
322.0 2.324301418093803e-12 6.007729755028091e-18 7.52320922206005e-25 9.18704994636049e-80 2.740112329040309e-16
323.0 2.6220176117573724e-12 7.052653731849317e-18 9.277152272536189e-25 1.724175678353313e-79 3.1788800245110807e-16
324.0 2.955587025096991e-12 8.270903239211757e-18 1.1424903121802702e-24 3.223200778204126e-79 3.684425841104017e-16
325.0 3.329116459974187e-12 9.690018584802102e-18 1.4051767862466383e-24 6.002308428481996e-79 4.2664651924624373e-16
326.0 3.74715666427525e-12 1.134172417676001e-17 1.7260871483140073e-24 1.1135182477250322e-78 4.936061020488119e-16
327.0 4.214591312476806e-12 1.3262043362700302e-17 2.117595770945422e-24 2.0579265400208725e-78 5.705590032064893e-16
328.0 4.736970013167264e-12 1.5492818883467248e-17 2.5946866241581066e-24 3.789124136228095e-78 6.589307886009582e-16
329.0 5.32028627882425e-12 1.8081633738431106e-17 3.175323811612489e-24 6.950785301045019e-78 7.603202198041214e-16
330.0 5.9713105267762535e-12 2.1083569147720052e-17 3.881195725422566e-24 1.2703925141561488e-77 8.765617656795454e-16
331.0 6.697257041637832e-12 2.4560834690437317e-17 4.7381837740305556e-24 2.3134230641204095e-77 1.0096962945180917e-15
332.0 7.506338980247719e-12 2.8585564881704955e-17 5.777505275380973e-24 4.197667930475835e-77 1.1620722516669863e-15
333.0 8.407324325868222e-12 3.3239197155994875e-17 7.036349775914819e-24 7.589321193554423e-77 1.3363025177449938e-15
334.0 9.41009088331967e-12 3.861563764231769e-17 8.559394601861187e-24 1.367284450007874e-76 1.535374471072544e-15
335.0 1.0525293234512011e-11 4.482122150619529e-17 1.039985222658474e-23 2.454624342551792e-76 1.7626265679218268e-15
336.0 1.176491772029998e-11 5.1978381790589964e-17 1.2621519462714041e-23 4.391393687393636e-76 2.021870413515954e-15
337.0 1.3141838388306614e-11 6.022537272633635e-17 1.5300182317320453e-23 7.829247211307286e-76 2.317352837659522e-15
338.0 1.4670260961603163e-11 6.971989215182144e-17 1.8526180695692264e-23 1.3910753242544113e-75 2.6538684771817883e-15
339.0 1.636583378996224e-11 8.064163189102055e-17 2.2407090114704424e-23 2.463252986846647e-75 3.036824455761231e-15
340.0 1.8245647794907e-11 9.319452442306446e-17 2.707069549660928e-23 4.3471827901202143e-75 3.4722892311258438e-15
341.0 2.0328458410958134e-11 1.0761032391916676e-16 3.266876555692543e-23 7.64646729753384e-75 3.9670871040539105e-15
342.0 2.263457451984596e-11 1.241507825284671e-16 3.9380924852079034e-23 1.3405308277143209e-74 4.528835071180375e-15
343.0 2.518663537167669e-11 1.4311493480893618e-16 4.742069863165038e-23 2.3424652383252344e-74 5.1661612431944055e-15
344.0 2.8009055503841494e-11 1.6483968268208292e-16 5.704021415670528e-23 4.080002854656578e-74 5.888669805715947e-15
345.0 3.112846864790546e-11 1.8970604427480103e-16 6.85374174899496e-23 7.083520327638463e-74 6.707107717321012e-15
346.0 3.457417161687477e-11 2.1814620948984106e-16 8.226463581302834e-23 1.2258934768738289e-73 7.633548744291097e-15
347.0 3.837812418844771e-11 2.5064857171359413e-16 9.863757106816385e-23 2.1148721368933045e-73 8.681495402320374e-15
348.0 4.2575059977363364e-11 2.8776385129964663e-16 1.1814588789514312e-22 3.637093699482574e-73 9.866011284356241e-15
349.0 4.720293028069058e-11 3.301140609898571e-16 1.4136638759881887e-22 6.235566562262015e-73 1.1203940946672777e-14
350.0 5.230279293102552e-11 3.7839848297678696e-16 1.6897665849704205e-22 1.0657560835358921e-72 1.271401520674798e-14
351.0 5.791992206930151e-11 4.334090636071997e-16 2.0177475928454194e-22 1.8159938613195206e-72 1.4417262341027858e-14
352.0 6.410314198968221e-11 4.9603421996155765e-16 2.4069618774175555e-22 3.0850046254128297e-72 1.6337012059711407e-14
353.0 7.090560389086203e-11 5.672737359365666e-16 2.8683824458709347e-22 5.225078547733054e-72 1.849925952878402e-14
354.0 7.838522961396338e-11 6.482527081861667e-16 3.4148723127910395e-22 8.823418102984397e-72 2.0932975989254414e-14
355.0 8.660493337068908e-11 7.402349899427923e-16 4.061489065264089e-22 1.4855902877963634e-71 2.3670383649060294e-14
356.0 9.56329544387877e-11 8.446387303118452e-16 4.825839371364532e-22 2.493962721460588e-71 2.6747279288242114e-14
357.0 1.0554341180647016e-10 9.630553166565601e-16 5.72849810080268e-22 4.1746520712139614e-71 3.0203444098023167e-14
358.0 1.1641663680256531e-10 1.0972680916363814e-15 6.793479415562835e-22 6.9678745829651685e-71 3.408302102753264e-14
359.0 1.2834006062908233e-10 1.249278058519923e-15 8.048810810532e-22 1.1596887106386026e-70 3.843508343585639e-14
360.0 1.414078809906925e-10 1.421320055632862e-15 9.527117284499039e-22 1.924654863489597e-70 4.331387868471934e-14
361.0 1.5572261546498182e-10 1.6158990660457918e-15 1.1266411344276604e-21 3.1852637445300455e-70 4.877966323697122e-14
362.0 1.7139510100049745e-10 1.835814213085929e-15 1.3310898227789609e-21 5.256893119543996e-70 5.489911993476424e-14
363.0 1.8854527027320554e-10 2.0841928108765538e-15 1.5711949914934677e-21 8.651951361520745e-70 6.174604682215313e-14
364.0 2.0730281699687756e-10 2.364526316066886e-15 1.8529212851341005e-21 1.4200706566080764e-69 6.940206030465029e-14
365.0 2.2780786117195858e-10 2.6807094163559405e-15 2.183187400324799e-21 2.3244827100429077e-69 7.795734719379877e-14
366.0 2.50212169171776e-10 3.037089188859319e-15 2.57001624157937e-21 3.7946634233785806e-69 8.751166181341278e-14
367.0 2.7467937491673593e-10 3.438506560862788e-15 3.0226966174228556e-21 6.178174765096766e-69 9.817504475866604e-14
368.0 3.0138619980541244e-10 3.890353460824756e-15 3.551977601953122e-21 1.0032208256194217e-68 1.1006894204144666e-13
369.0 3.305233396077234e-10 4.398630866060768e-15 4.170286906097341e-21 1.6247690646468784e-68 1.233272841397348e-13
370.0 3.622964622419522e-10 4.97001323203039e-15 4.8919808701265125e-21 2.6245491609810995e-68 1.3809767918123766e-13
371.0 3.9692742739847703e-10 5.611921492262398e-15 5.733632111229007e-21 4.22858451335503e-68 1.5454277276891345e-13
372.0 4.346551731191008e-10 6.332597543888293e-15 6.7143520442578006e-21 6.795501983182756e-68 1.7284157001369958e-13
373.0 4.757371571337384e-10 7.141192909473192e-15 7.856165430889617e-21 1.0892894315377793e-67 1.931910646357137e-13
374.0 5.204503541617457e-10 8.047858220833288e-15 9.18442877839193e-21 1.7416823790283564e-67 2.1580779741017503e-13
375.0 5.690932518242518e-10 9.063855536092401e-15 1.0728322427859101e-20 2.7778418278029122e-67 2.409299324424263e-13
376.0 6.219866256930217e-10 1.020166079550969e-14 1.2521386966237306e-20 4.419443229817653e-67 2.688189574149678e-13
377.0 6.794754238968324e-10 1.1475092260948858e-14 1.4602151103030104e-20 7.013868991939109e-67 2.997619657682902e-13
378.0 7.419304295865886e-10 1.28994460258119e-14 1.701483914526475e-20 1.1104174450871349e-66 3.340739950921711e-13
379.0 8.09750034164895e-10 1.4491644422067924e-14 1.9810174071895944e-20 1.7537265194937718e-66 3.721005667579956e-13
380.0 8.833618993308368e-10 1.627039427273081e-14 2.3046282549536985e-20 2.763075087275148e-66 4.1422033590527946e-13
381.0 9.632251737204994e-10 1.8256367876664068e-14 2.678973126775962e-20 4.3429712599267463e-66 4.60848169252722e-13
382.0 1.0498327092755316e-09 2.0472398710586274e-14 3.111669842894755e-20 6.810090731709899e-66 5.124384235776129e-13
383.0 1.1437127225204116e-09 2.2943681571990882e-14 3.6114278630562554e-20 1.0653651592683682e-65 5.694881565023109e-13
384.0 1.2454317870970678e-09 2.5698014745746212e-14 4.1881993949674373e-20 1.6627683148815342e-65 6.32541197010124e-13
385.0 1.3555968273046546e-09 2.87660409757522e-14 4.853346571242316e-20 2.5891695393530057e-65 7.021919693181423e-13
386.0 1.4748582208958469e-09 3.218153021813494e-14 5.619833408646495e-20 4.022467800439098e-65 7.79090122825011e-13
387.0 1.6039122357268008e-09 3.598167003702349e-14 6.502439481790857e-20 6.234989322297647e-65 8.639451004025283e-13
388.0 1.7435041317514803e-09 4.0207392704859717e-14 7.518002628854781e-20 9.642675236706782e-65 9.57531338526661e-13
389.0 1.8944313735162705e-09 4.49037299756754e-14 8.685692258932791e-20 1.487940742326045e-64 1.0606938479684277e-12
390.0 2.057546620270151e-09 5.01201893017857e-14 1.0027315191024092e-19 2.290906955809895e-64 1.1743540052650674e-12
391.0 2.2337618250848192e-09 5.591118522886737e-14 1.1567664129901523e-19 3.519414690224562e-64 1.2995163247716111e-12
392.0 2.424051223889887e-09 6.233647566302069e-14 1.3334903028328294e-19 5.394881599919453e-64 1.4372749940572377e-12
393.0 2.629455766276914e-09 6.946166681249542e-14 1.5361006339553383e-19 8.251808659377273e-64 1.5888216423281448e-12
394.0 2.8510868799458404e-09 7.735873837705934e-14 1.7682247467558457e-19 1.2594452905639738e-63 1.7554531719752658e-12
395.0 3.090131232981284e-09 8.610663401133058e-14 2.0339751382570702e-19 1.9181365839422248e-63 1.9385806602906256e-12
396.0 3.3478547187545986e-09 9.579187340915262e-14 2.3380107840674967e-19 2.915122624173812e-63 2.1397382944533406e-12
397.0 3.6256079932400944e-09 1.065092526125161e-13 2.6856067202980425e-19 4.4209764164531607e-63 2.3605938105921955e-12
398.0 3.924830902020186e-09 1.1836256285488702e-13 3.082731010874445e-19 6.690684027900921e-63 2.6029588192479397e-12
399.0 4.247058459540437e-09 1.3146540690370626e-13 3.5361318263117226e-19 1.0104635275202105e-62 2.868800742501411e-12
400.0 4.593925939829767e-09 1.4594204664646452e-13 4.053433916600964e-19 1.522913764265381e-62 3.1602548375862614e-12
401.0 4.967175408335336e-09 1.619283557735266e-13 4.643247392006142e-19 2.290557718240051e-62 3.479637884934325e-12
402.0 5.368661365100874e-09 1.795728110449994e-13 5.315288167684902e-19 3.43815172743039e-62 3.8294620293256975e-12
403.0 5.80035805071427e-09 1.9903760778301527e-13 6.080513675243989e-19 5.150309009617759e-62 4.212450573635217e-12
404.0 6.264365641580684e-09 2.204998155166517e-13 6.951272824904898e-19 7.69967630176237e-62 4.631553851519707e-12
405.0 6.76291810773682e-09 2.4415267087471544e-13 7.941474548939303e-19 1.1488121362464302e-61 5.089967193595914e-12
406.0 7.29839095815629e-09 2.7020695641981737e-13 9.066775148078064e-19 1.710682108909265e-61 5.591149810872785e-12
407.0 7.873308651646012e-09 2.9889246071944235e-13 1.0344785991340592e-18 2.542375283941575e-61 6.13884444515075e-12
408.0 8.490353669854321e-09 3.3045959967201734e-13 1.1795306219963906e-18 3.771084757096258e-61 6.737099371865784e-12
409.0 9.152375255582969e-09 3.6518113535732026e-13 1.3440580645799643e-18 5.5828428728720154e-61 7.390291338355257e-12
410.0 9.862398814596278e-09 4.0335403627871937e-13 1.5305586725117012e-18 8.249224423537338e-61 8.103150263912146e-12
411.0 1.0623635648007713e-08 4.4530147517680266e-13 1.741835318015983e-18 1.2165935251828242e-60 8.880785528545238e-12
412.0 1.1439493015101336e-08 4.913749726605221e-13 1.9810313480497374e-18 1.790847259927727e-60 9.728713925586636e-12
413.0 1.2313585635532816e-08 5.419567440794124e-13 2.2516699716385393e-18 2.631226369630688e-60 1.0652890315008518e-11
414.0 1.32497461906348e-08 5.97462156968665e-13 2.5576976763203816e-18 3.858783231891616e-60 1.1659739025129136e-11
415.0 1.425203770738116e-08 6.583424318769379e-13 2.903532589459652e-18 5.64860086117486e-60 1.2756188529645289e-11
416.0 1.5324766050168052e-08 7.250875244732347e-13 3.294117975906645e-18 8.253449709997928e-60 1.3949708033385018e-11
417.0 1.6472492520255698e-08 7.982291979349052e-13 3.7349813620800355e-18 1.2037601552868046e-59 1.524834603445202e-11
418.0 1.7700047893491323e-08 8.783443609580069e-13 4.232300135436534e-18 1.752507630004546e-59 1.6660772184341365e-11
419.0 1.901254667607854e-08 9.660586300701105e-13 4.792974006988756e-18 2.546836016527308e-59 1.8196321495585397e-11
420.0 2.0415401800000563e-08 1.0620501392720123e-12 5.424705045031756e-18 3.6946109666519612e-59 1.9865041201821602e-11
421.0 2.1914340866732094e-08 1.1670536698725387e-12 6.136086315845821e-18 5.3501828375973025e-59 2.1677741483242647e-11
422.0 2.3515421721065782e-08 1.2818650037390729e-12 6.936699380699929e-18 7.7340354404010675e-59 2.3646048073277646e-11
423.0 2.5225050348864795e-08 1.4073456725674876e-12 7.837222328227568e-18 1.116057885016607e-58 2.578245980507513e-11
424.0 2.7049998215186053e-08 1.5444279713039724e-12 8.849548542718547e-18 1.607739411901756e-58 2.8100408448886424e-11
425.0 2.899742170377511e-08 1.6941203990319538e-12 9.986918038908428e-18 2.3120556127198665e-58 3.061432366811548e-11
426.0 3.1074880663641765e-08 1.857513381350743e-12 1.1264061591545554e-17 3.319248893543376e-58 3.333970021680139e-11
427.0 3.329035994321936e-08 2.035785517503976e-12 1.2697360186614625e-17 4.757135159680608e-58 3.629317159382977e-11
428.0 3.5652289919953613e-08 2.2302101463366813e-12 1.430501984417685e-17 6.80644659149965e-58 3.949258618839351e-11
429.0 3.816956924036645e-08 2.442162443204571e-12 1.6107264411687675e-17 9.72231692186094e-58 4.2957089514275654e-11
430.0 4.085158799608061e-08 2.673126970556873e-12 1.8126547348962673e-17 1.3864319098130154e-57 4.670721088204293e-11
431.0 4.370825177882331e-08 2.9247057343343838e-12 2.038778440914348e-17 1.9738391702928002e-57 5.076495519016474e-11
432.0 4.6750007500768774e-08 3.1986268347834176e-12 2.291860955540965e-17 2.8055266004449127e-57 5.515390110769478e-11
433.0 4.998786942756495e-08 3.496753641674217e-12 2.5749655529571043e-17 3.981175702600118e-57 5.989930413603414e-11
434.0 5.3433446642955264e-08 3.821094604579421e-12 2.8914861861085484e-17 5.640368713381741e-57 6.502820618909824e-11
435.0 5.709897238774232e-08 4.173813768305181e-12 3.245181308878138e-17 7.978250520213476e-57 7.056955255903449e-11
436.0 6.099733305530314e-08 4.5572418721676665e-12 3.6402108692267695e-17 1.1267216708412926e-56 7.655431387288398e-11
437.0 6.514210016862374e-08 4.973888307933646e-12 4.0811769418538706e-17 1.5886900216866907e-56 8.301561737838396e-11
438.0 6.954756256667946e-08 5.4264537802998e-12 4.573168168511662e-17 2.2365567645429613e-56 8.998888452722026e-11
439.0 7.422876012971317e-08 5.917843806119915e-12 5.1218084169746555e-17 3.143717920839533e-56 9.751197679323087e-11
440.0 7.920151915327445e-08 6.45118310847724e-12 5.733310040579098e-17 4.411991976512912e-56 1.0562535025161594e-10
441.0 8.448248870519643e-08 7.029830900654633e-12 6.414532094609613e-17 6.182411682291612e-56 1.1437221842350473e-10
442.0 9.00891791836856e-08 7.65739720776839e-12 7.173044028901486e-17 8.650032080494946e-56 1.2379872538208445e-10
443.0 9.604000163476098e-08 8.337760162211394e-12 8.017195223619192e-17 1.208421906993902e-55 1.3395412761479604e-10
444.0 1.0235430904709757e-07 9.075084426228474e-12 8.956190961389317e-17 1.6856405876749884e-55 1.4489098667625051e-10
445.0 1.0905243940156652e-07 9.873840784296502e-12 1.0000175373488073e-16 2.347801050180709e-55 1.566653728080311e-10
446.0 1.1615576014173748e-07 1.0738826936896346e-11 1.1160321923464048e-16 3.265215823057589e-55 1.6933707951569583e-10
447.0 1.236867142859073e-07 1.167518957685348e-11 1.244893208121402e-16 4.5344133173670306e-55 1.8296984986862396e-10
448.0 1.3166886895494178e-07 1.2688447888478575e-11 1.3879542954637379e-16 6.287720295955069e-55 1.976316161684439e-10
449.0 1.4012696509569262e-07 1.3784518428416015e-11 1.546704450826862e-16 8.70627680654431e-55 2.1339475174214927e-10
450.0 1.490869693958401e-07 1.4969741552953425e-11 1.7227807263450284e-16 1.2037688039986988e-54 2.3033633684099423e-10
451.0 1.5857612838859412e-07 1.625090947300499e-11 1.9179821353199798e-16 1.66199314111262e-54 2.485384392505757e-10
452.0 1.6862302385936002e-07 1.763529592840771e-11 2.1342847758715858e-16 2.2913690067385506e-54 2.680884088239803e-10
453.0 1.792576317685259e-07 1.913068779226325e-11 2.373858299408217e-16 3.1546022289962155e-54 2.890791900066193e-10
454.0 1.905113815863993e-07 2.074541837786712e-11 2.6390837946031607e-16 4.336925915922251e-54 3.1160964814084934e-10
455.0 2.0241721925149137e-07 2.2488402872226584e-11 2.932573242165148e-16 5.954033231298179e-54 3.357849152623766e-10
456.0 2.1500967197733993e-07 2.436917581434503e-11 3.257190644366528e-16 8.162747255756545e-54 3.6171675332008907e-10
457.0 2.2832491490615742e-07 2.6397930714037667e-11 3.6160749616568436e-16 1.1175352872344324e-53 3.895239354652516e-10
458.0 2.4240084149004375e-07 2.8585562132263626e-11 4.012665029184186e-16 1.5278821713922007e-53 4.1933264932668414e-10
459.0 2.572771347175843e-07 3.0943710009744344e-11 4.450726564780761e-16 2.086056611044348e-53 4.512769182119228e-10
460.0 2.7299534283876565e-07 3.348480678256133e-11 4.934381492302257e-16 2.844289378246835e-53 4.854990472614959e-10
461.0 2.895989558196712e-07 3.622212696835812e-11 5.468139698035549e-16 3.872904167189617e-53 5.221500889296751e-10
462.0 3.0713348606876686e-07 3.916983977130685e-11 6.056933471012022e-16 5.2664600038068535e-53 5.613903348108292e-10
463.0 3.2564655121667827e-07 4.2343064578217935e-11 6.706154795846023e-16 7.151936527069178e-53 6.033898308759266e-10
464.0 3.4518795994356314e-07 4.575792960532174e-11 7.421695735423156e-16 9.699627476447092e-53 6.483289187990709e-10
465.0 3.6580980129376287e-07 4.943163390482367e-11 8.209992150350571e-16 1.3137619824026811e-52 6.963988052182896e-10
466.0 3.875665360351572e-07 5.338251269543982e-11 9.078070977841512e-16 1.777101417643205e-52 7.47802157256964e-10
467.0 4.1051509216363494e-07 5.763010645373768e-11 1.0033601385414681e-15 2.4007406719453917e-52 8.027537292870152e-10
468.0 4.34714963220491e-07 6.219523376145281e-11 1.1084950062380792e-15 3.239062996271593e-52 8.614810195703931e-10
469.0 4.602283099726217e-07 6.710006815602277e-11 1.22412409711706e-15 4.3645373097222584e-52 9.242249589439793e-10
470.0 4.871200657839226e-07 7.236821921622038e-11 1.3512419899855819e-15 5.8736116726331134e-52 9.912406334023528e-10
471.0 5.154580448987419e-07 7.802481796058392e-11 1.4909324150555474e-15 7.894487781212916e-52 1.0627980402463255e-09
472.0 5.453130549615217e-07 8.409660694955037e-11 1.644375777815272e-15 1.0597364274876671e-51 1.1391828817182181e-09
473.0 5.76759013215022e-07 9.061203522298489e-11 1.8128572772483243e-15 1.4207916370500427e-51 1.220697396376386e-09
474.0 6.09873066261203e-07 9.760135826987998e-11 1.9977756613220878e-15 1.902501282538488e-51 1.3076612293177482e-09
475.0 6.447357131592502e-07 1.050967432133441e-10 2.200652665000972e-15 2.5443974176817204e-51 1.4004123421223213e-09
476.0 6.81430934400498e-07 1.1313237985460863e-10 2.4231431885922387e-15 3.3987068948994046e-51 1.4993079694556359e-09
477.0 7.20046322771267e-07 1.2174459718483738e-10 2.6670462561682333e-15 4.5343452589608203e-51 1.604725615319024e-09
478.0 7.606732196390154e-07 1.309719861801355e-10 2.934316821607477e-15 6.042141129336835e-51 1.7170640980528521e-09
479.0 8.034068559921135e-07 1.4085552905216063e-10 3.227078480664012e-15 8.041662154565509e-51 1.8367446444189827e-09
480.0 8.483464963459882e-07 1.5143873490208027e-10 3.5476371454998147e-15 1.0690123090209754e-50 1.964212030155504e-09
481.0 8.955955889393042e-07 1.627677826511708e-10 3.898495762765878e-15 1.4193997669138112e-50 2.099935776443333e-09
482.0 9.452619192262355e-07 1.7489167103064145e-10 4.282370136116623e-15 1.882413745478437e-50 2.2444113973229604e-09
483.0 9.974577690914965e-07 1.8786237636599479e-10 4.702205940033683e-15 2.4935434347400254e-50 2.398161705465001e-09
484.0 1.0523000804539103e-06 2.0173501824338027e-10 5.1611970016449675e-15 3.2992363135091126e-50 2.5617381751558223e-09
485.0 1.1099106239137072e-06 2.1656803350813956e-10 5.662804940527377e-15 4.360212501205035e-50 2.735722365983678e-09
486.0 1.1704161724365617e-06 2.3242335894187435e-10 6.210780259323924e-15 5.755760565184967e-50 2.9207274092551647e-09
487.0 1.2339486807289273e-06 2.4936662310833896e-10 6.80918498733893e-15 7.589299202478465e-50 3.1173995608819413e-09
488.0 1.300645469632604e-06 2.6746734761493326e-10 7.462416978807857e-15 9.995569828470976e-50 3.3264198212890363e-09
489.0 1.3706494153086207e-06 2.8679915812144916e-10 8.175235975407317e-15 1.3149928058943182e-49 3.5485056239176656e-09
490.0 1.4441091462964058e-06 3.0744000613793536e-10 8.952791569338412e-15 1.7280333447019536e-49 3.784412602567868e-09
491.0 1.5211792428003498e-06 3.2947240086406324e-10 9.800653159985034e-15 2.2682804144973907e-49 4.03493642548752e-09
492.0 1.6020204454894917e-06 3.529836530181271e-10 1.0724842080377926e-14 2.9741316345150748e-49 4.300914717445212e-09
493.0 1.6867998677197738e-06 3.780661298347287e-10 1.17318659989136e-14 3.895339918449871e-49 4.5832290565914266e-09
494.0 1.7756912148155084e-06 4.048175224584344e-10 1.2828755768157045e-14 5.0963020078735124e-49 4.882807058142143e-09
495.0 1.8688750098456964e-06 4.333411261096624e-10 1.402310487730251e-14 6.6602792189832906e-49 5.200624546217535e-09
496.0 1.9665388252196685e-06 4.637461333700836e-10 1.5323111672216353e-14 8.694808937573147e-49 5.5377078147626635e-09
497.0 2.0688775209741946e-06 4.961479412988598e-10 1.6737624527744785e-14 1.1338635513036775e-48 5.89513598275936e-09
498.0 2.176093490290039e-06 5.306684730515351e-10 1.827619016646533e-14 1.4770577899500555e-48 6.2740434482588066e-09
499.0 2.2883969111209825e-06 5.674365142958828e-10 1.994910531591251e-14 1.9220863471646443e-48 6.675622441137849e-09
500.0 2.406006004361647e-06 6.06588065087259e-10 2.1767471918932017e-14 2.4985598949800307e-48 7.101125678790205e-09
501.0 2.529147301190883e-06 6.482667084617418e-10 2.3743256145566173e-14 3.244522785984021e-48 7.551869135732669e-09
502.0 2.6580559141631317e-06 6.926239950095071e-10 2.588935139630117e-14 4.208804872764865e-48 8.029234914534633e-09
503.0 2.792975819652102e-06 7.398198459755136e-10 2.821964561638663e-14 5.4540151341599605e-48 8.534674243853909e-09
504.0 2.9341601445617633e-06 7.900229737570396e-10 3.07490931227518e-14 7.060348411995283e-48 9.069710586138635e-09
505.0 3.081871462588782e-06 8.434113218258708e-10 3.3493791273553804e-14 9.130421277616678e-48 9.635942874302998e-09
506.0 3.2363820968148744e-06 9.001725239395156e-10 3.647106224588127e-14 1.1795409133057138e-47 1.0235048871339008e-08
507.0 3.3979744325859155e-06 9.605043844397836e-10 3.9699540277291346e-14 1.522282699830909e-47 1.0868788668934504e-08
508.0 3.5669412354684358e-06 1.0246153789660323e-09 4.3199264645960735e-14 1.96263844993006e-47 1.153900831272074e-08
509.0 3.7435859798945046e-06 1.0927251778986693e-09 4.699177880050914e-14 2.5278455829217994e-47 1.2247643575729171e-08
510.0 3.928223185381474e-06 1.1650651924871895e-09 5.110023597522807e-14 3.252584322336671e-47 1.299672387447426e-08
511.0 4.121178760967603e-06 1.2418791446545444e-09 5.554951168610292e-14 4.180968458629683e-47 1.3788376333801186e-08
512.0 4.322790358945014e-06 1.3234236616490442e-09 6.036632353211529e-14 5.369057064044158e-47 1.4624830008383625e-08
513.0 4.533407736209902e-06 1.4099688959195223e-09 6.557935871235479e-14 6.888020460371063e-47 1.550842025970575e-08
514.0 4.753393127398632e-06 1.5017991723942902e-09 7.12194097732651e-14 8.82812708173257e-47 1.6441593307158375e-08
515.0 4.983121624267503e-06 1.5992136624150833e-09 7.731951899086836e-14 1.1303759339452108e-46 1.74269109392605e-08
516.0 5.222981565592986e-06 1.7025270865822266e-09 8.391513195256816e-14 1.4459718164931765e-46 1.846705540412219e-08
517.0 5.47337493690198e-06 1.8120704473164692e-09 9.104426086486475e-14 1.8479139935272258e-46 1.956483448189171e-08
518.0 5.734717779232163e-06 1.9281917919041715e-09 9.87476581363275e-14 2.3593428936543213e-46 2.072318674140573e-08
519.0 6.007440608325793e-06 2.0512570075371842e-09 1.0706900084961387e-13 3.0094707021437727e-46 2.1945186991140567e-08
520.0 6.291988843896093e-06 2.181650649330981e-09 1.1605508674066322e-13 3.835140410954751e-46 2.3234051928568638e-08
521.0 6.58882324683992e-06 2.3197768016951344e-09 1.257560422996031e-13 4.882776412599501e-46 2.4593145985407076e-08
522.0 6.898420370976681e-06 2.466059976477705e-09 1.362255438017277e-13 6.21082276681762e-46 2.6025987398492847e-08
523.0 7.221273021124096e-06 2.620946046256176e-09 1.4752105184443832e-13 7.892788316139306e-46 2.7536254481898147e-08
524.0 7.557890723206587e-06 2.7849032159373145e-09 1.5970406025202876e-13 1.0021046287492072e-45 2.9127792126863176e-08
525.0 7.90880020745945e-06 2.9584230343718144e-09 1.7284036017736025e-13 1.2711571103837849e-45 3.080461854000424e-08
526.0 8.274545897641871e-06 3.1420214446748684e-09 1.870003200919607e-13 1.6109838344849547e-45 3.2570932198625606e-08
527.0 8.655690417013942e-06 3.336239878530978e-09 2.0225918277222427e-13 2.039816702827915e-45 3.4431119070688996e-08
528.0 9.052815101014696e-06 3.5416463921361645e-09 2.1869737999450787e-13 2.5804848798346018e-45 3.638976006696546e-08
529.0 9.466520522985965e-06 3.758836847516838e-09 2.3640086604479267e-13 3.261548904655701e-45 3.845163875628725e-08
530.0 9.897427033008164e-06 3.988436140758113e-09 2.554614710730839e-13 4.1187083722706e-45 4.062174935125853e-08
531.0 1.034617530584171e-05 4.231099477047972e-09 2.75977275264684e-13 5.196547670103054e-45 4.290530495502843e-08
532.0 1.0813426901997732e-05 4.48751369561854e-09 2.980530050455675e-13 6.550699105086698e-45 4.530774609210611e-08
533.0 1.129986484200113e-05 4.7583986462238246e-09 3.2180045250724584e-13 8.250520937885523e-45 4.783474953090247e-08
534.0 1.180619419071589e-05 5.044508617469051e-09 3.473389191995752e-13 1.0382410087544217e-44 5.049223739215836e-08
535.0 1.2333142654760628e-05 5.346633819857701e-09 3.747956856617136e-13 1.3053896475315366e-44 5.328638656303887e-08
536.0 1.2881461193512063e-05 5.665601925494357e-09 4.0430650806495637e-13 1.6398699208526693e-44 5.622363842678324e-08
537.0 1.3451924641990912e-05 6.0022796654620285e-09 4.3601614333740615e-13 2.0582965368122108e-44 5.931070890837281e-08
538.0 1.4045332345135282e-05 6.357574486392157e-09 4.70078904232976e-13 2.5812961637752106e-44 6.255459884157464e-08
539.0 1.4662508808567681e-05 6.73243627032822e-09 5.0665924606413e-13 3.2344549315747586e-44 6.596260468783813e-08
540.0 1.5304304358983313e-05 7.127859116710102e-09 5.459323865059663e-13 4.0494846653465087e-44 6.954232958503834e-08
541.0 1.597159581925933e-05 7.544883190642451e-09 5.880849603339066e-13 5.065657180954721e-44 7.330169475663634e-08
542.0 1.6665287198003064e-05 7.984596639339653e-09 6.333157108748421e-13 6.331566830860769e-44 7.724895128883475e-08
543.0 1.7386310389299237e-05 8.448137576745471e-09 6.818362198749692e-13 7.907294680478522e-44 8.139269226479662e-08
544.0 1.8135625891479075e-05 8.936696142572981e-09 7.338716780579387e-13 9.867063713322375e-44 8.574186530529893e-08
545.0 1.8914223534854644e-05 9.45151663310196e-09 7.896616980327482e-13 1.2302493879772714e-43 9.030578547843754e-08
546.0 1.9723123224268457e-05 9.993899708620651e-09 8.494611718847526e-13 1.5326589348137129e-43 9.509414861406908e-08
547.0 2.0563375699241523e-05 1.0565204681188445e-08 9.135411757990448e-13 1.9078618823841926e-43 1.0011704504603206e-07
548.0 2.143606330461393e-05 1.1166851881450322e-08 9.821899237412004e-13 2.3730084289501094e-43 1.0538497375775813e-07
549.0 2.234230077632071e-05 1.1800325109080067e-08 1.055713772798557e-12 2.949201523238853e-43 1.1090885696262725e-07
550.0 2.328323604320567e-05 1.246717416973631e-08 1.1344382827582128e-12 3.662387581737515e-43 1.1670005513355345e-07
551.0 2.4260051041606558e-05 1.3169017499253939e-08 1.2187093324088629e-12 4.544443329583772e-43 1.2277038247566624e-07
552.0 2.527396254580974e-05 1.3907544879150901e-08 1.3088942954569057e-12 5.634500934174574e-43 1.2913212286732716e-07
553.0 2.6326223013726326e-05 1.4684520245672342e-08 1.4053832789015974e-12 6.980562447869918e-43 1.3579804627672412e-07
554.0 2.74181214455169e-05 1.550178459368622e-08 1.5085904267386549e-12 8.641465233158605e-43 1.4278142565269658e-07
555.0 2.8550984259552506e-05 1.6361258980472565e-08 1.618955292334805e-12 1.0689272873614193e-42 1.5009605432268724e-07
556.0 2.9726176182551366e-05 1.7264947630382264e-08 1.7369442825631982e-12 1.3212181502624624e-42 1.577562638925156e-07
557.0 3.094510115543287e-05 1.821494114396604e-08 1.8630521771654452e-12 1.631805002872712e-42 1.6577694266673096e-07
558.0 3.2209203253358916e-05 1.9213419813489687e-08 1.99780372677663e-12 2.013868500968847e-42 1.7417355459243687e-07
559.0 3.3519967622924246e-05 2.0262657049421614e-08 2.141755333459003e-12 2.483503766268569e-42 1.8296215875350234e-07
560.0 3.487892143506957e-05 2.1365022920031408e-08 2.295496817495007e-12 3.060350255789069e-42 1.9215942941922357e-07
561.0 3.628763484934012e-05 2.2522987804371605e-08 2.4596532741252127e-12 3.768354596250486e-42 2.0178267663465285e-07
562.0 3.7747722001514174e-05 2.3739126168995956e-08 2.634887025151769e-12 4.6366937831901225e-42 2.1184986743017953e-07
563.0 3.926084200102887e-05 2.5016120463299503e-08 2.8218996688472175e-12 5.700891649402306e-42 2.2237964758804444e-07
564.0 4.08286999444259e-05 2.6356765140309403e-08 3.021434233025849e-12 7.004168094267134e-42 2.333913640111615e-07
565.0 4.245304794949769e-05 2.7763970809208188e-08 3.234277436294212e-12 8.599068436344411e-42 2.4490508773340407e-07
566.0 4.413568619940724e-05 2.924076851604054e-08 3.4612620615569064e-12 1.0549429648007276e-41 2.5694163752293176e-07
567.0 4.58784640084436e-05 3.079031416340925e-08 3.703269447661255e-12 1.2932751450642865e-41 2.695226041572786e-07
568.0 4.768328089923105e-05 3.241589306596983e-08 3.961232103655747e-12 1.5843053621474898e-41 2.826703753244804e-07
569.0 4.955208769813093e-05 3.412092464954208e-08 4.236136451598689e-12 1.9394316806977414e-41 2.964081612015519e-07
570.0 5.148688764814884e-05 3.5908967297002144e-08 4.5290257035354056e-12 2.372462312145866e-41 3.107600207197939e-07
571.0 5.3489737536569865e-05 3.778372334265668e-08 4.841002878278002e-12 2.900113540189961e-41 3.257508885135375e-07
572.0 5.556274883729473e-05 3.974904421863133e-08 5.173233964045896e-12 3.5426080860963916e-41 3.414066025647579e-07
573.0 5.77080888716375e-05 4.180893575960347e-08 5.52695123361412e-12 4.3243936818243276e-41 3.57753932579577e-07
574.0 5.992798198459446e-05 4.396756366758958e-08 5.903456718268445e-12 5.27500541174018e-41 3.7482060909222733e-07
575.0 6.222471074045425e-05 4.622925914344011e-08 6.304125847743249e-12 6.430099886151588e-41 3.9263535333416475e-07
576.0 6.460061712613273e-05 4.859852468039121e-08 6.730411262043479e-12 7.832694648459156e-41 4.1122790780927623e-07
577.0 6.705810377994303e-05 5.1080040036555015e-08 7.1838468041871896e-12 9.534652549860423e-41 4.306290676994075e-07
578.0 6.959963523373756e-05 5.3678668381659315e-08 7.666051700303614e-12 1.1598458321144025e-40 4.5087071303961097e-07
579.0 7.222773916737744e-05 5.63994626211055e-08 8.178734934765438e-12 1.4099343447264e-40 4.7198584166923494e-07
580.0 7.494500768361878e-05 5.924767190761293e-08 8.723699829349594e-12 1.7127825952239747e-40 4.940086030248333e-07
581.0 7.775409859898354e-05 6.2228748341381e-08 9.302848834417141e-12 2.0792744114519936e-40 5.169743327614079e-07
582.0 8.06577367462807e-05 6.534835385950334e-08 9.91818854030695e-12 2.5224877798992467e-40 5.409195881872717e-07
583.0 8.36587152985945e-05 6.861236732669382e-08 1.0571834919118396e-11 3.0581268412984436e-40 5.6588218459167e-07
584.0 8.675989710735409e-05 7.202689182594343e-08 1.1266018805407405e-11 3.70503689246967e-40 5.919012324315848e-07
585.0 8.99642160534102e-05 7.559826215250959e-08 1.2003091625290908e-11 4.485817947985212e-40 6.190171753842841e-07
586.0 9.327467841623175e-05 7.933305251987385e-08 1.2785531384606284e-11 5.427555255289076e-40 6.472718293147311e-07
587.0 9.66943642585086e-05 8.323808448004579e-08 1.3615948926161785e-11 6.562688501237324e-40 6.767084221546941e-07
588.0 0.00010022642882712753 8.732043506364056e-08 1.449709446692567e-11 7.930045384739685e-40 7.073716347152264e-07
589.0 0.00010387410396693272 9.158744514128828e-08 1.543186442572188e-11 9.576069860367024e-40 7.393076424223583e-07
590.0 0.0001076406995510573 9.604672801427391e-08 1.642330855338613e-11 1.1556280801585222e-39 7.725641580171458e-07
591.0 0.00011152960492855516 1.0070617823992953e-07 1.7474637377364093e-11 1.3937003227295782e-39 8.071904752410516e-07
592.0 0.00011554429038162061 1.0557398068971621e-07 1.858922997179642e-11 1.679742174274757e-39 8.432375134664753e-07
593.0 0.0001196883086007078 1.1065861985214792e-07 1.9770642066931855e-11 2.0232014657626856e-39 8.807578633465521e-07
594.0 0.00012396529617620812 1.1596888938446074e-07 2.102261451076729e-11 2.4353437575160336e-39 9.198058334908653e-07
595.0 0.000128378975100803 1.2151390191257892e-07 2.2349082095410375e-11 2.929593735328621e-39 9.604374981391713e-07
596.0 0.00013293315428785122 1.2730309908924633e-07 2.375418276289807e-11 3.521939152247934e-39 1.0027107458873029e-06
597.0 0.00013763173110187173 1.3334626191171728e-07 2.5242267204140603e-11 4.2314084844184575e-39 1.046685329451405e-06
598.0 0.00014247869290754577 1.396535213102628e-07 2.6817908866922875e-11 5.080635411706394e-39 1.0924229165342654e-06
599.0 0.00014747811862193293 1.462353689978558e-07 2.8485914385422293e-11 6.096525503813913e-39 1.1399871416928564e-06
600.0 0.0001526341802929678 1.5310266860854768e-07 3.0251334451183927e-11 7.311043146923157e-39 1.1894436593976473e-06
601.0 0.00015795114468134986 1.6026666710759703e-07 3.211947513756677e-11 8.762139842884021e-39 1.2408601981249006e-06
602.0 0.0001634333748596908 1.6773900649209063e-07 3.40959096969238e-11 1.0494848630268056e-38 1.2943066156028255e-06
603.0 0.00016908533181868402 1.7553173577711223e-07 3.6186490845706534e-11 1.2562573593672284e-38 1.349854955147092e-06
604.0 0.00017491157609411827 1.8365732328688375e-07 3.8397363558060296e-11 1.5028608346177427e-38 1.407579503209747e-06
605.0 0.00018091676939511933 1.921286692361553e-07 4.073497838209666e-11 1.796792309679962e-38 1.4675568480014405e-06
606.0 0.00018710567625108854 2.009591186251414e-07 4.3206105301271056e-11 2.1469266588055055e-38 1.529865939340123e-06
607.0 0.00019348316567130005 2.1016247444749846e-07 4.5817848159083364e-11 2.563763695098374e-38 1.5945881496946948e-06
608.0 0.00020005421280313687 2.197530112015519e-07 4.8577659663692224e-11 3.059718455285385e-38 1.6618073363227692e-06
609.0 0.00020682390061750475 2.2974548874093436e-07 5.149335699954118e-11 3.6494620414281967e-38 1.7316099047507672e-06
610.0 0.0002137974215879063 2.401551664339528e-07 5.4573138059245804e-11 4.350321595959928e-38 1.804084873335894e-06
611.0 0.00022098007938953375 2.5099781766574813e-07 5.782559832361937e-11 5.182749403134676e-38 1.8793239391412396e-06
612.0 0.0002283772906044468 2.622897446737073e-07 6.125974840885585e-11 6.17087275267654e-38 1.957421545023819e-06
613.0 0.00023599458643668486 2.740477937259076e-07 6.488503230471639e-11 7.343138107521324e-38 2.0384749479817107e-06
614.0 0.000243837614427804 2.862893706371104e-07 6.87113463246509e-11 8.733065326482005e-38 2.1225842886921644e-06
615.0 0.00025191214019213413 2.990324566501004e-07 7.274905879724966e-11 1.0380130253117073e-37 2.209852662420306e-06
616.0 0.00026022404914623643 3.1229562465841e-07 7.700903051690608e-11 1.2330796944651969e-37 2.300386191092157e-06
617.0 0.0002687793482632008 3.260980558120046e-07 8.150263598785398e-11 1.4639724246833308e-37 2.394294096812346e-06
618.0 0.00027758416780739444 3.40459556458744e-07 8.624178547491313e-11 1.7371175385133792e-37 2.4916887764499983e-06
619.0 0.00028664476309723695 3.5540057548379884e-07 9.123894790163736e-11 2.0600663833326357e-37 2.59268587772393e-06
620.0 0.00029596751626573785 3.709422220167415e-07 9.650717461475944e-11 2.4416874016883226e-37 2.697404376534879e-06
621.0 0.0003055589380196197 3.8710628351223983e-07 1.0206012404313018e-10 2.892390152965463e-37 2.805966655561475e-06
622.0 0.0003154256694090046 4.0391524422466097e-07 1.079120872839443e-10 3.424386460721355e-37 2.918498584240191e-06
623.0 0.0003255744835982663 4.213923040705734e-07 1.1407801464308311e-10 4.0519946747686154e-37 3.0351296000569204e-06
624.0 0.000336012287637931 4.395613978842916e-07 1.2057354315992582e-10 4.791993976671131e-37 3.155992791159834e-06
625.0 0.00034674612424553274 4.584472150822095e-07 1.2741502515068747e-10 5.664036740151527e-37 3.2812249803788702e-06
626.0 0.00035778317357606777 4.780752197161889e-07 1.3461955779545476e-10 6.691128204584637e-37 3.410966810481932e-06
627.0 0.0003691307550024488 4.984716709477705e-07 1.4220501380885867e-10 7.900184155817554e-37 3.5453628308685396e-06
628.0 0.0003807963288906503 5.196636439285998e-07 1.5019007322250717e-10 9.322678959814816e-37 3.684561585567886e-06
629.0 0.0003927874983793282 5.416790511053375e-07 1.5859425631718485e-10 1.0995398194479305e-36 3.828715702643968e-06
630.0 0.0004051120111536524 5.645466639405262e-07 1.6743795773609975e-10 1.2961312307863382e-36 3.9779819849192355e-06
631.0 0.0004177777612151224 5.882961350566699e-07 1.7674248181565396e-10 1.5270590239269494e-36 4.132521502041235e-06
632.0 0.0004307927906535958 6.129580208173509e-07 1.8653007917314043e-10 1.7981774819856294e-36 4.292499683962225e-06
633.0 0.00044416529141848553 6.385638043465896e-07 1.9682398458802052e-10 2.116314507428244e-36 4.458086415811997e-06
634.0 0.00045790360706685984 6.651459189594402e-07 2.0764845620543396e-10 2.48942943350015e-36 4.629456133948267e-06
635.0 0.00047201623453237916 6.927377720712707e-07 2.190288161203143e-10 2.9267957430186456e-36 4.8067879236297925e-06
636.0 0.000486511825865474 7.213737695197773e-07 2.309914923607038e-10 3.439212518295597e-36 4.990265617823748e-06
637.0 0.0005013991899850661 7.510893403625072e-07 2.4356406232924623e-10 4.039249016837373e-36 5.180077897558601e-06
638.0 0.0005166872944036198 7.819209620986753e-07 2.5677529772722476e-10 4.741527420092663e-36 5.376418393440068e-06
639.0 0.0005323852669542286 8.139061863617409e-07 2.706552110171161e-10 5.563049550138718e-36 5.579485788626623e-06
640.0 0.000548502397514827 8.47083665080768e-07 2.8523510346565493e-10 6.523574203624175e-36 5.789483923222901e-06
641.0 0.0005650481397042185 8.81493177076208e-07 3.005476147991241e-10 7.64605272885141e-36 6.006621899829715e-06
642.0 0.0005820321125747672 9.171756551315707e-07 3.166267745284458e-10 8.957131588414067e-36 6.231114190510868e-06
643.0 0.0005994641022992283 9.541732135419728e-07 3.3350805498971943e-10 1.0487731924183775e-35 6.463180745156631e-06
644.0 0.0006173540638356964 9.92529176118552e-07 3.5122842613898185e-10 1.2273717595984268e-35 6.703047101075737e-06
645.0 0.0006357121225765597 1.0322881046612156e-06 3.6982641215210986e-10 1.4356664825247102e-35 6.950944493877198e-06
646.0 0.0006545485759872711 1.073495827912804e-06 3.893421498822738e-10 1.6784748467683694e-35 7.207109969706015e-06
647.0 0.0006738738952268875 1.1161994709854904e-06 4.0981744922056126e-10 1.961376209598177e-35 7.471786498746372e-06
648.0 0.0006936987267524402 1.1604474852661042e-06 4.3129585541185394e-10 2.2908291531296503e-35 7.745223090013893e-06
649.0 0.0007140338938923188 1.2062896787787308e-06 4.538227133685157e-10 2.674306426022738e-35 8.027674907269607e-06
650.0 0.0007348903984267848 1.2537772470712837e-06 4.774452340582256e-10 3.120450036083227e-35 8.319403386478345e-06
651.0 0.000756279422113763 1.3029628045255226e-06 5.022125629812254e-10 3.6392494181486664e-35 8.620676354118132e-06
652.0 0.0007782123282151777 1.3539004161853864e-06 5.281758508256685e-10 4.2422460140494245e-35 8.93176814695253e-06
653.0 0.0008007006629995048 1.4066456300661316e-06 5.553883263419937e-10 4.9427680695039e-35 9.252959732992643e-06
654.0 0.0008237561572041134 1.4612555099173248e-06 5.83905371481016e-10 5.756199984775009e-35 9.584538833451533e-06
655.0 0.0008473907274936916 1.5177886685049687e-06 6.137845988776384e-10 6.700291160338014e-35 9.92680004610125e-06
656.0 0.0008716164778680076 1.5763053013326914e-06 6.45085931706118e-10 7.795509964001403e-35 1.0280044969485673e-05
657.0 0.0008964457010610312 1.6368672208775088e-06 6.778716859951014e-10 9.065449224347209e-35 1.0644582328466508e-05
658.0 0.0009218908799053216 1.6995378912958459e-06 7.122066554443711e-10 1.053729053703681e-34 1.1020728100792116e-05
659.0 0.0009479646886586591 1.7643824635947537e-06 7.481581988011671e-10 1.2242335670413972e-34 1.140880564463958e-05
660.0 0.0009746799943100935 1.8314678113005872e-06 7.857963298707234e-10 1.4216614489801797e-34 1.180914582732246e-05
661.0 0.0010020498578394601 1.9008625665780606e-06 8.251938102035637e-10 1.6501580102134243e-34 1.2222087154842145e-05
662.0 0.001030087535459519 1.9726371568542273e-06 8.664262445457895e-10 1.9144903375169281e-34 1.2647975902619594e-05
663.0 0.0010588064798089493 2.0468638418882668e-06 9.095721790913894e-10 2.220138062747021e-34 1.3087166247010135e-05
664.0 0.0010882203411146179 2.1236167513212285e-06 9.54713202616102e-10 2.5733970143795987e-34 1.3540020397807488e-05
665.0 0.0011183429683130496 2.20297192268625e-06 1.0019340505503896e-09 2.9814975270189263e-34 1.400690873159774e-05
666.0 0.0011491884101260741 2.285007339868252e-06 1.0513227120532694e-09 3.4527394215898625e-34 1.4488209925880845e-05
667.0 0.0011807709161176004 2.3698029720654053e-06 1.1029705401786972e-09 3.996645937015963e-34 1.4984311094279377e-05
668.0 0.0012131049376778592 2.4574408131452027e-06 1.1569723651544678e-09 4.6241391965106135e-34 1.5495607922141836e-05
669.0 0.0012462051289948688 2.5480049215117967e-06 1.2134266108965827e-09 5.3477401333221435e-34 1.6022504803270318e-05
670.0 0.0012800863479408076 2.641581460337399e-06 1.2724354147610703e-09 6.1817961854296e-34 1.6565414976832114e-05
671.0 0.0013147636569689515 2.73825873834945e-06 1.3341047506949172e-09 7.1427405034555035e-34 1.712476066565455e-05
672.0 0.0013502523238928764 2.8381272509087956e-06 1.3985445557324117e-09 8.249386904415456e-34 1.7700973214229603e-05
673.0 0.001386567822687343 2.941279721662296e-06 1.4658688600456375e-09 9.52326535626031e-34 1.8294493228200823e-05
674.0 0.0014237258341804426 3.047811144496841e-06 1.5361959204910733e-09 1.0989003397472521e-33 1.8905770713615052e-05
675.0 0.0014617422467202207 3.1578188259630096e-06 1.6096483578080924e-09 1.2674759595511893e-33 1.95352652169884e-05
676.0 0.0015006331568000956 3.271402428133667e-06 1.6863532975289709e-09 1.461271593332111e-33 2.0183445965961266e-05
677.0 0.0015404148695978327 3.3886640117951812e-06 1.7664425146244024e-09 1.683963689641646e-33 2.085079200990605e-05
678.0 0.0015811038994700715 3.5097080800553444e-06 1.8500525820030842e-09 1.939750402710167e-33 2.1537792361008773e-05
679.0 0.0016227169704065337 3.6346416223735084e-06 1.937325022946851e-09 2.233423582834805e-33 2.2244946135853904e-05
680.0 0.0016652710164081345 3.763574158928899e-06 2.028406467515999e-09 2.570450415298952e-33 2.2972762696994285e-05
681.0 0.0017087831817868748 3.896617785313808e-06 2.1234488129949902e-09 2.9570659621405776e-33 2.372176179443013e-05
682.0 0.0017532708214477715 4.033887217681247e-06 2.222609388527762e-09 3.40037801913509e-33 2.4492473707789786e-05
683.0 0.0017987515010595091 4.175499838129786e-06 2.3260511239060054e-09 3.908485877291941e-33 2.5285439387888137e-05
684.0 0.001845242997197079 4.3215757405063605e-06 2.4339427226882415e-09 4.490614777085733e-33 2.6101210598770464e-05
685.0 0.0018927632973820604 4.472237776448802e-06 2.546458839633093e-09 5.157268066025063e-33 2.6940350059163666e-05
686.0 0.0019413306000995007 4.627611601842885e-06 2.6637802626254345e-09 5.920399319926596e-33 2.7803431584400275e-05
687.0 0.001990963314687361 4.7878257234412664e-06 2.7860940990350528e-09 6.793606967195222e-33 2.8691040227297547e-05
688.0 0.002041680061204585 4.95301154588403e-06 2.9135939667253894e-09 7.792354268667772e-33 2.9603772419447703e-05
689.0 0.0020934996702026603 5.123303418934312e-06 3.046480189689463e-09 8.934217855066176e-33 3.0542236111804756e-05
690.0 0.002146441182423989 5.298838684972896e-06 3.1849599984199503e-09 1.0239168415781335e-32 3.150705091484597e-05
691.0 0.0022005238484140996 5.479757726708737e-06 3.329247735070947e-09 1.1729887570251615e-32 3.2498848238065047e-05
692.0 0.002255767128089944 5.666204015198709e-06 3.4795650635509285e-09 1.3432125442626363e-32 3.3518271429365644e-05
693.0 0.0023121906901880846 5.858324157976556e-06 3.6361411845104257e-09 1.537510400631811e-32 3.456597591318129e-05
694.0 0.0023698144116527067 6.056267947425798e-06 3.799213055388228e-09 1.7591971875961486e-32 3.564262932814211e-05
695.0 0.0024286583769495902 6.2601884093506915e-06 3.969025615573027e-09 2.0120316905284041e-32 3.674891166403185e-05
696.0 0.0024887428772678074 6.470241851633792e-06 4.145832016694253e-09 2.300274370935822e-32 3.78855153973995e-05
697.0 0.0025500884096647126 6.686587913107197e-06 4.329893858204631e-09 2.6287524078348487e-32 3.9053145626596496e-05
698.0 0.00261271567610361 6.909389612493364e-06 4.521481428247399e-09 3.0029329194614713e-32 4.025252020541439e-05
699.0 0.0026766455824205385 7.138813397494254e-06 4.720873949941384e-09 3.4290053619539346e-32 4.148436987581028e-05
700.0 0.002741899237183099 7.375029193916016e-06 4.92835983309385e-09 3.913974218987163e-32 4.274943839908634e-05
