200.0 0.0 0.0 0.0 0.0 0.0
201.0 0.0 0.0 0.0 0.0 0.0
202.0 0.0 0.0 0.0 0.0 0.0
203.0 0.0 0.0 0.0 0.0 0.0
204.0 0.0 0.0 0.0 0.0 0.0
205.0 0.0 0.0 0.0 0.0 0.0
206.0 0.0 0.0 0.0 0.0 0.0
207.0 0.0 0.0 0.0 0.0 0.0
208.0 0.0 0.0 0.0 0.0 0.0
209.0 0.0 0.0 0.0 0.0 0.0
210.0 0.0 0.0 0.0 0.0 0.0
211.0 0.0 0.0 0.0 0.0 0.0
212.0 0.0 0.0 0.0 0.0 0.0
213.0 0.0 0.0 0.0 0.0 0.0
214.0 0.0 0.0 0.0 0.0 0.0
215.0 0.0 0.0 0.0 0.0 0.0
216.0 0.0 0.0 0.0 0.0 0.0
217.0 0.0 0.0 0.0 0.0 0.0
218.0 0.0 0.0 0.0 0.0 0.0
219.0 0.0 0.0 0.0 0.0 0.0
220.0 0.0 0.0 0.0 0.0 0.0
221.0 0.0 0.0 0.0 0.0 0.0
222.0 0.0 0.0 0.0 0.0 0.0
223.0 0.0 0.0 0.0 0.0 0.0
224.0 0.0 0.0 0.0 0.0 0.0
225.0 0.0 0.0 0.0 0.0 0.0
226.0 0.0 0.0 0.0 0.0 0.0
227.0 0.0 0.0 0.0 0.0 0.0
228.0 0.0 0.0 0.0 0.0 0.0
229.0 0.0 0.0 0.0 0.0 0.0
230.0 0.0 0.0 0.0 0.0 0.0
231.0 0.0 0.0 0.0 0.0 0.0
232.0 0.0 0.0 0.0 0.0 0.0
233.0 0.0 0.0 0.0 0.0 0.0
234.0 0.0 0.0 0.0 0.0 0.0
235.0 0.0 0.0 0.0 0.0 0.0
236.0 0.0 0.0 0.0 0.0 0.0
237.0 0.0 0.0 0.0 0.0 0.0
238.0 0.0 0.0 0.0 0.0 0.0
239.0 0.0 0.0 0.0 0.0 0.0
240.0 0.0 0.0 0.0 0.0 0.0
241.0 0.0 0.0 0.0 0.0 0.0
242.0 0.0 0.0 0.0 0.0 0.0
243.0 0.0 0.0 0.0 0.0 0.0
244.0 0.0 0.0 0.0 0.0 0.0
245.0 0.0 0.0 0.0 0.0 0.0
246.0 0.0 0.0 0.0 0.0 0.0
247.0 0.0 0.0 0.0 0.0 0.0
248.0 0.0 0.0 0.0 0.0 0.0
249.0 0.0 0.0 0.0 0.0 0.0
250.0 0.0 0.0 0.0 0.0 0.0
251.0 0.0 0.0 0.0 0.0 0.0
252.0 0.0 0.0 0.0 0.0 0.0
253.0 0.0 0.0 0.0 0.0 0.0
254.0 0.0 0.0 0.0 0.0 0.0
255.0 0.0 0.0 0.0 0.0 0.0
256.0 0.0 0.0 0.0 0.0 0.0
257.0 0.0 0.0 0.0 0.0 0.0
258.0 0.0 0.0 0.0 0.0 0.0
259.0 0.0 0.0 0.0 0.0 0.0
260.0 0.0 0.0 0.0 0.0 0.0
261.0 0.0 0.0 0.0 0.0 0.0
262.0 0.0 0.0 0.0 0.0 0.0
263.0 0.0 0.0 0.0 0.0 0.0
264.0 0.0 0.0 0.0 0.0 0.0
265.0 0.0 0.0 0.0 0.0 0.0
266.0 0.0 0.0 0.0 0.0 0.0
267.0 0.0 0.0 0.0 0.0 0.0
268.0 0.0 0.0 0.0 0.0 0.0
269.0 0.0 0.0 0.0 0.0 0.0
270.0 0.0 0.0 0.0 0.0 0.0
271.0 0.0 0.0 0.0 0.0 0.0
272.0 0.0 0.0 0.0 0.0 0.0
273.0 0.0 0.0 0.0 0.0 0.0
274.0 0.0 0.0 0.0 0.0 0.0
275.0 0.0 0.0 0.0 0.0 0.0
276.0 0.0 0.0 0.0 0.0 0.0
277.0 0.0 0.0 0.0 0.0 0.0
278.0 0.0 0.0 0.0 0.0 0.0
279.0 0.0 0.0 0.0 0.0 0.0
280.0 0.0 0.0 0.0 0.0 0.0
281.0 0.0 0.0 0.0 0.0 0.0
282.0 0.0 0.0 0.0 0.0 0.0
283.0 9.783728688720943e-17 1.3118746318219537e-17 1.1562003462093126e-23 5.589624000580521e-94 3.3158403317266996e-21
284.0 9.77524147091556e-17 1.3200427773049691e-17 1.2219366560853297e-23 1.0791281428361237e-93 3.4352300462117234e-21
285.0 9.766756967448649e-17 1.3281952039287539e-17 1.290900916079779e-23 2.0737468806779096e-93 3.5580118070745275e-21
286.0 9.75827499850955e-17 1.3363316653809607e-17 1.3632249624597905e-23 3.966905231420898e-93 3.6842529322691924e-21
287.0 9.7497953724938e-17 1.3444519170428565e-17 1.4390448111138803e-23 7.554087532954741e-93 3.8140213342290275e-21
288.0 1.9482635771974883e-16 2.705111431765324e-17 3.0370014884791853e-23 2.8641566702565786e-92 7.894771020095392e-21
289.0 1.9465684647503608e-16 2.7212856406986642e-17 3.2034747947621566e-23 5.4057541290337106e-92 8.168829062746523e-21
290.0 2.91731053761292e-16 4.1061389708008354e-17 5.0667115403236524e-23 1.523707923971249e-91 1.2675534102047378e-20
291.0 3.88635842077292e-16 5.50706394691804e-17 7.120614787833138e-23 3.8010968027654585e-91 1.7478984829074344e-20
292.0 3.8829699410511364e-16 5.539206287986348e-17 7.502580674413515e-23 7.081268234786902e-91 1.807275913177742e-20
293.0 4.84947729906508e-16 6.964097546945885e-17 9.877705932597299e-23 1.6420104506503815e-90 2.3352900120626354e-20
294.0 6.783339509722628e-16 9.805736942305343e-17 1.456006627452857e-22 4.24649275484889e-90 3.3788920995401855e-20
295.0 8.713814232116695e-16 1.2679213486707373e-16 1.9703003489892229e-22 1.0043647132431913e-89 4.4887393279696746e-20
296.0 1.0640901368359638e-15 1.5584415894155882e-16 2.5336939973720076e-22 2.2488821180669193e-89 5.667366205986417e-20
297.0 1.2564600566413384e-15 1.8521231014236436e-16 3.1493784392259366e-22 4.849187603529045e-89 6.917366099917801e-20
298.0 1.5450571955385216e-15 2.292218009293069e-16 4.07541158136296e-22 1.0845301700704565e-88 8.790817811415946e-20
299.0 1.929627340889227e-15 2.8810867643996954e-16 5.354302995816606e-22 2.453633323291011e-88 1.1343712306032136e-19
300.0 2.409916177445393e-15 3.621078062720596e-16 7.032137251986931e-22 5.529132959310198e-88 1.4634776379575311e-19
301.0 2.9856692503673453e-15 4.514528613129176e-16 9.158783153285197e-22 1.2311544966200548e-87 1.8725548148431156e-19
302.0 3.6566319264542786e-15 5.563762905807506e-16 1.1788111322539753e-21 2.699489694199443e-87 2.368045314887048e-19
303.0 4.518691730840292e-15 6.918290654065319e-16 1.530383380364419e-21 5.949400504969682e-87 3.020963929831981e-19
304.0 5.571339132125086e-15 8.582753732837326e-16 1.9816671725976716e-21 1.3032481724504618e-86 3.8443731582177024e-19
305.0 6.910036839265756e-15 1.0710526144570894e-15 2.5804503768044097e-21 2.861002007676121e-86 4.920274883279202e-19
306.0 8.438131766499048e-15 1.3158995086413058e-15 3.3072519775078977e-21 6.160750945877595e-86 6.19882247047273e-19
307.0 1.0346718412401391e-14 1.6233336568270942e-15 4.254931755087236e-21 1.3271947222252097e-85 7.840271802228044e-19
308.0 1.2634774852485518e-14 1.9942717720748537e-15 5.4499303298830425e-21 2.836971278405642e-85 9.87356866013222e-19
309.0 1.549254366451095e-14 2.459995604484067e-15 7.007215093851531e-21 6.067248103425577e-85 1.2483056504227195e-18
310.0 1.8822941509433173e-14 3.006610169363325e-15 8.924349931497577e-21 1.2810896472721746e-84 1.5634770562640287e-18
311.0 2.3006536998017435e-14 3.696598900249912e-15 1.1430760161072779e-20 2.711581911981907e-84 1.969591492134671e-18
312.0 2.7945645217129548e-14 4.516585617802884e-15 1.4545960769062728e-20 5.683768088708729e-84 2.4653343533249872e-18
313.0 3.401937975322736e-14 5.5303327620369276e-15 1.8545133798745753e-20 1.189830971970239e-83 3.092014732482876e-18
314.0 4.122465637387318e-14 6.7405382337834045e-15 2.35292489565459e-20 2.47088763673028e-83 3.8596078267022935e-18
315.0 5.003399237393288e-14 8.228096877553309e-15 2.9890760793954626e-20 5.121685053456956e-83 4.824369270707088e-18
316.0 6.053804323369574e-14 1.0012522888783073e-14 3.784386918413232e-20 1.0547672467440315e-82 6.010520315731689e-18
317.0 7.320691373636559e-14 1.2176780931171696e-14 4.7872965761667995e-20 2.1637327029154922e-82 7.482796175665906e-18
318.0 8.841411799768822e-14 1.478944105071791e-14 6.046552760413396e-20 4.418276001668725e-82 9.302124358467222e-18
319.0 1.0662656052957608e-13 1.7936179039477244e-14 7.623908760279916e-20 8.979380369974775e-82 1.1545053569709918e-17
320.0 1.2849879449691528e-13 2.173615672411003e-14 9.603214231719117e-20 1.8176623281214113e-81 1.4316000256193774e-17
321.0 1.5468293994323577e-13 2.63105678773438e-14 1.207940650850771e-19 3.663417647851191e-81 1.7728824652288802e-17
322.0 1.8592319467245742e-13 3.1798786403128715e-14 1.516714445392793e-19 7.348813120131378e-81 2.1918432523883697e-17
323.0 2.23244261798382e-13 3.8391196874448533e-14 1.9019547590612551e-19 1.468000538206635e-80 2.7065673443053418e-17
324.0 2.676669950245263e-13 4.628133613163523e-14 2.380937377636252e-19 2.9190291449269737e-80 3.336728659670109e-17
325.0 3.206796904774381e-13 5.574779798181461e-14 2.9774371007961703e-19 5.7817695239494544e-80 4.1097052440220915e-17
326.0 3.837650231011585e-13 6.707373038730264e-14 3.7182646642375415e-19 1.1404096341523253e-79 5.0552665428060805e-17
327.0 4.586822833661231e-13 8.059639004406465e-14 4.636363432416102e-19 2.2396820341324945e-79 6.20950614146391e-17
328.0 5.476540448837226e-13 9.674139638087838e-14 5.77364748991734e-19 4.3807099348394903e-79 7.618078870515191e-17
329.0 6.531761184977885e-13 1.159911304820225e-13 7.180283734353283e-19 8.533538846431018e-79 9.334516677489616e-17
330.0 7.782038474545535e-13 1.3891924661498968e-13 8.917886085987963e-19 1.6556237326138678e-78 1.1423685563236814e-16
331.0 9.26056121824906e-13 1.6617556780708948e-13 1.1059970923466932e-18 3.1988612316658486e-78 1.396146853718096e-16
332.0 1.100975466324591e-12 1.9858877871780405e-13 1.3700434149349035e-18 6.156835468518766e-78 1.7044434611181195e-16
333.0 1.3073750481228459e-12 2.3703417064740155e-13 1.6946879559495267e-18 1.1801720471415614e-77 2.0780078188111582e-16
334.0 1.55095940167512e-12 2.826386322999793e-13 2.093710633389987e-18 2.2535411175070456e-77 2.5305849864032934e-16
335.0 1.8379710244448954e-12 3.3664860945971956e-13 2.5833088603638015e-18 4.286368386121704e-77 3.0779727334668134e-16
336.0 2.1758406603297666e-12 4.005522602594306e-13 3.183331824891377e-18 8.121580760449982e-77 3.7393103464335993e-16
337.0 2.5731813515884563e-12 4.760838041169266e-13 3.9177705928368335e-18 1.5329722011372074e-76 4.537393422994627e-16
338.0 3.0400618006539542e-12 5.652797569534948e-13 4.8157324941339194e-18 2.882671934852895e-76 5.499509656001629e-16
339.0 3.5879059356290474e-12 6.704668160277145e-13 5.911950437266067e-18 5.400225937699357e-76 6.657675148193174e-16
340.0 4.230415315351159e-12 7.944412488614648e-13 7.249063256456222e-18 1.0079328977888601e-75 8.050810641419895e-16
341.0 4.982907564067121e-12 9.403544514771714e-13 8.87750860635361e-18 1.8743004985923779e-75 9.724115788065632e-16
342.0 5.863513740480928e-12 1.1119473378653046e-12 1.0858672140338317e-17 3.4726612249544876e-75 1.1732001697206529e-15
343.0 6.893071140559748e-12 1.3135427270524637e-12 1.3266122879960244e-17 6.410852141934662e-75 1.4138735264729802e-15
344.0 8.0955719827979e-12 1.5501435372455342e-12 1.6188034074087606e-17 1.179259928824202e-74 1.7020263424649805e-15
345.0 9.498701697954416e-12 1.827550654829787e-12 1.9730124043368713e-17 2.1615019782915487e-74 2.046641490254197e-15
346.0 1.1134466145019345e-11 2.1525009137353216e-12 2.4019196528277883e-17 3.9479382375107e-74 2.4583521769233086e-15
347.0 1.3039537823651552e-11 2.5327538910225857e-12 2.9206540958203474e-17 7.185592262351382e-74 2.949667031889197e-15
348.0 1.5256429569424197e-11 2.9773420264791414e-12 3.547364706877963e-17 1.30332321065561e-73 3.5354056194155692e-15
349.0 1.783355523834584e-11 3.496608892056139e-12 4.303609250821563e-17 2.3558351159392266e-73 4.232917290759573e-15
350.0 2.082694605062333e-11 4.102573841798865e-12 5.215191040999074e-17 4.2438354074508554e-73 5.062714512147428e-15
351.0 2.4300484880010432e-11 4.809012684250757e-12 6.312739187630326e-17 7.619059175595152e-73 6.0488076125188804e-15
352.0 2.8327699741597108e-11 5.631849503209794e-12 7.63276380142341e-17 1.363288631689832e-72 7.219458484216647e-15
353.0 3.2992627928480335e-11 6.5893725531668065e-12 9.21860328727282e-17 2.4312475031985123e-72 8.607770797989398e-15
354.0 3.839159039940894e-11 7.7026373497183e-12 1.1121743748330295e-16 4.3215418950838084e-72 1.025257237846959e-14
355.0 4.463440463690363e-11 8.995766104194928e-12 1.3403144671405134e-16 7.65642734765947e-72 1.2199229773444701e-14
356.0 5.184696066596534e-11 1.0496529547319328e-11 1.6135142239828848e-16 1.35209026930895e-71 1.4500912842410536e-14
357.0 6.017250014765324e-11 1.2236678820434526e-11 1.9403192128217871e-16 2.38005620693914e-71 1.7219613364218738e-14
358.0 6.977461990533067e-11 1.4252636306084811e-11 2.330837848902439e-16 4.1762141041657005e-71 2.0427749011978663e-14
359.0 8.083961610054983e-11 1.6586067212901794e-11 2.797002297645516e-16 7.3047176154226e-71 2.4209723561897372e-14
360.0 9.357963084222002e-11 1.9284628909628796e-11 3.3528888939921307e-16 1.273680719647405e-70 2.866386759538195e-14
361.0 1.0823586685999382e-10 2.240275102743624e-11 4.0150804177776007e-16 2.213935217678432e-70 3.390457525920137e-14
362.0 1.2508268720131439e-10 2.6002616517976495e-11 4.803105447171984e-16 3.836435895100378e-70 4.006491087751468e-14
363.0 1.4443141227144133e-10 3.015510120491802e-11 5.739919364626528e-16 6.627657921291516e-70 4.729935008064468e-14
364.0 1.666353576125799e-10 3.494099345050253e-11 6.852491930420597e-16 1.1414894651556141e-69 5.578716828575189e-14
365.0 1.9209519616194693e-10 4.045230870501654e-11 8.172479139476064e-16 1.9600814469861227e-69 6.573623853196999e-14
366.0 2.2126482247331748e-10 4.679373839224639e-11 9.73699614048557e-16 3.3556542493480074e-69 7.738733243704261e-14
367.0 2.546579851085771e-10 5.408429268924919e-11 1.1589514848713744e-15 5.727847377711278e-69 9.10190621111064e-14
368.0 2.9285586057912e-10 6.245917885239951e-11 1.3780909736680871e-15 9.748259821695883e-69 1.0695358568306371e-13
369.0 3.365151090075839e-10 7.207182234247652e-11 1.6370647992258249e-15 1.6542230861841935e-68 1.255629769297005e-13
370.0 3.863775773653975e-10 8.309628431026661e-11 1.942819755589379e-15 2.798997650214537e-68 1.472767533849021e-13
371.0 4.432802853919226e-10 9.5729790778545e-11 2.3034611815298083e-15 4.722395129430338e-68 1.7259015046468376e-13
372.0 5.081669482847052e-10 1.1019564699172969e-10 2.7284374162996376e-15 7.944802497289985e-68 2.0207368645887892e-13
373.0 5.821009316671865e-10 1.2674652350942874e-10 3.2287529084876433e-15 1.3328292386779259e-67 2.3638409787405136e-13
374.0 6.662797141907481e-10 1.4566813914604873e-10 3.817213798806764e-15 2.2296990066980168e-67 2.7627679840890197e-13
375.0 7.620499464465173e-10 1.6728314975205503e-10 4.508704349799472e-15 3.7196965687581814e-67 3.2261960852035165e-13
376.0 8.709261401770113e-10 1.919559148786075e-10 5.320515596748422e-15 6.188249835095603e-67 3.764091498381762e-13
377.0 9.946090213003136e-10 2.2009728670998902e-10 6.272708428282866e-15 1.0266828097465344e-66 4.387884313548417e-13
378.0 1.1350081869798823e-09 2.5217044965112914e-10 7.388543536057448e-15 1.6987211211183948e-66 5.110677556357575e-13
379.0 1.2942653699949025e-09 2.8869701213026136e-10 8.694962480504658e-15 2.8030718207543375e-66 5.947475855398101e-13
380.0 1.4747811491910228e-09 3.302639895081167e-10 1.0223143895934047e-14 4.612980314862532e-66 6.915448169854686e-13
381.0 1.6792445366726038e-09 3.775315707531569e-10 1.2009139730403257e-14 7.571345683365955e-66 8.034224930647026e-13
382.0 1.910664965498742e-09 4.312415784293204e-10 1.4094596803269458e-14 1.239416685914176e-65 9.326230115089533e-13
383.0 2.172408601039264e-09 4.922270717520254e-10 1.6527587008705073e-14 2.0235924543550432e-65 1.081706048219233e-12
384.0 2.4682374225940043e-09 5.614227651141521e-10 1.9363546493523166e-14 3.295328593997339e-65 1.2535908188371231e-12
385.0 2.802353253336733e-09 6.398767754659959e-10 2.2666352280211516e-14 5.352452540386196e-65 1.451604127458898e-12
386.0 3.179445534048618e-09 7.287634517592112e-10 2.6509541713082472e-14 8.671489301657841e-65 1.679534057268749e-12
387.0 3.604744471637509e-09 8.293976834825223e-10 3.0977703194196926e-14 1.4012950827129713e-64 1.941690608191604e-12
388.0 4.0840790586879854e-09 9.43250603536632e-10 3.61680522203184e-14 2.258752777626157e-64 2.242973570579204e-12
389.0 4.623941488658449e-09 1.0719670672310091e-09 4.2192225533952045e-14 3.631776282471686e-64 2.588949042415057e-12
390.0 5.2315574502850875e-09 1.2173848246762455e-09 4.917831172544823e-14 5.8249039095909196e-64 2.985934989268891e-12
391.0 5.914963368324778e-09 1.3815556699032894e-09 5.727315249455715e-14 9.319350316066897e-64 3.4410971533512765e-12
392.0 6.683091468217948e-09 1.566768812805247e-09 6.664495104606797e-14 1.487364905375674e-63 3.962556630652809e-12
393.0 7.545862828689436e-09 1.7755765579328018e-09 7.748622082496085e-14 2.3680571862373397e-63 4.559510118413857e-12
394.0 8.51428945563961e-09 2.010822580343613e-09 9.001711963255984e-14 3.761120656417004e-63 5.2423644250020324e-12
395.0 9.600585871221227e-09 2.27567296769796e-09 1.0448921325091425e-13 5.959369877343915e-63 6.022886633022689e-12
396.0 1.0818291836352495e-08 2.573650468364131e-09 1.2118972926824374e-13 9.419956938513041e-63 6.91437211810271e-12
397.0 1.2182405536652488e-08 2.9086718497708964e-09 1.4044634258299447e-13 1.485492300150125e-62 7.931831340168158e-12
398.0 1.3709530218018473e-08 3.285089142342998e-09 1.6263257907238177e-13 2.337072275203195e-62 9.092198741701044e-12
399.0 1.5418033743238893e-08 3.7077347192677598e-09 1.8817389261755354e-13 3.6682708542949063e-62 1.0414565062356522e-11
400.0 1.732822262227584e-08 4.18197066051439e-09 2.175544995852419e-13 5.744408831870833e-62 1.192043582897816e-11
401.0 1.9462532303937848e-08 4.713742916646124e-09 2.513250666800455e-13 8.974930402190366e-62 1.3634019170713429e-11
402.0 2.1845734276619037e-08 5.309640498290568e-09 2.9011134173834914e-13 1.3990256403279737e-61 1.5582545484963665e-11
403.0 2.4505161547024907e-08 5.976960169381476e-09 3.3462383814278087e-13 2.1758855779987466e-61 1.779662236593776e-11
404.0 2.747095429645407e-08 6.723777188843989e-09 3.856686974837652e-13 3.3765183561321056e-61 2.0310628634467608e-11
405.0 3.077632679298205e-08 7.559022479859693e-09 4.4415985687053997e-13 5.2279529584154255e-61 2.3163151057005476e-11
406.0 3.445785781724655e-08 8.492566903126529e-09 5.111326755137207e-13 8.07663514016436e-61 2.6397468472509537e-11
407.0 3.8555805960526434e-08 9.53531310277103e-09 5.877591767601853e-13 1.245008070476148e-60 3.006208770941621e-11
408.0 4.3114451980448074e-08 1.0699295607081498e-08 6.753650880348057e-13 1.9149762070726092e-60 3.42113366121765e-11
409.0 4.818246984346046e-08 1.1997789741644926e-08 7.754488691847664e-13 2.939074839603483e-60 3.8906019432220954e-11
410.0 5.3813329328325226e-08 1.3445430233608443e-08 8.897029564930621e-13 4.501118226430701e-60 4.4214141198939136e-11
411.0 6.006573207136733e-08 1.5058340155098682e-08 1.0200374544146408e-12 6.878584991485088e-60 5.021170734906658e-11
412.0 6.700408365688688e-08 1.6854271047154917e-08 1.1686065391915957e-12 1.0489457833708124e-59 5.6983605906607813e-11
413.0 7.469900387522797e-08 1.8852754960484664e-08 1.3378378532940913e-12 1.5962043437166537e-59 6.462457958849178e-11
414.0 8.322787942824922e-08 2.1075269708585844e-08 1.530465232370191e-12 2.4238830007976057e-59 7.324029757145158e-11
415.0 9.267545971741951e-08 2.354541773019823e-08 1.7495650704918786e-12 3.6730655104741764e-59 8.29485341323995e-11
416.0 1.0313450122384162e-07 2.6289120203176562e-08 1.9985967445296516e-12 5.554508410961106e-59 9.388046613772637e-11
417.0 1.1470646241925459e-07 2.933482717414981e-08 2.2814474889484533e-12 8.382402896490045e-59 1.0618209898750102e-10
418.0 1.2750225294327864e-07 3.271374494039206e-08 2.602482178448929e-12 1.2624184548564537e-58 1.2001583284186355e-10
419.0 1.4164304094763993e-07 3.6460081986022524e-08 2.9665985180741967e-12 1.8973870482578974e-58 1.355621818900499e-10
420.0 1.572611223301459e-07 4.0611314752719964e-08 3.3792881784189406e-12 2.845982032981279e-58 1.5302166007494252e-10
421.0 1.7450085683021293e-07 4.520847487138726e-08 3.8467044847159996e-12 4.260276387214248e-58 1.7261684875552403e-10
422.0 1.9351967382849678e-07 5.0296458958588255e-08 4.375737272285077e-12 6.364708375455897e-58 1.9459466067641712e-10
423.0 2.144891535309477e-07 5.592436283790606e-08 4.974095631839522e-12 9.489864548854104e-58 2.1922881829986588e-10
424.0 2.375961887473917e-07 6.214584195847512e-08 5.650399318008481e-12 1.4121729462901658e-57 2.468225652581433e-10
425.0 2.630442311720134e-07 6.901949947283664e-08 6.41427962518884e-12 2.0973343674746745e-57 2.7771162948194866e-10
426.0 2.9105462828188956e-07 7.660930404051898e-08 7.276490649859906e-12 3.108886445429465e-57 3.1226745996756977e-10
427.0 3.2186805647782785e-07 8.498503933112061e-08 8.249031920028108e-12 4.599439149532566e-57 3.5090075998717547e-10
428.0 3.5574605576652546e-07 9.422278714825942e-08 9.345283439912723e-12 6.791615725519886e-57 3.940653405457001e-10
429.0 3.9297267368840555e-07 1.0440544676614235e-07 1.0580154341338034e-11 1.0009557223897667e-56 4.4226232195579807e-10
430.0 4.338562224374274e-07 1.1562329211584536e-07 1.197024632535162e-11 1.472432628851278e-56 4.960447088572332e-10
431.0 4.787311581600452e-07 1.2797456982782084e-07 1.353403330100272e-11 2.1619220022745413e-56 5.560223711327908e-10
432.0 5.279600887919799e-07 1.4156614048702003e-07 1.529205866496993e-11 3.1683547281886527e-56 6.228674621188834e-10
433.0 5.819359172402033e-07 1.5651416561481268e-07 1.726715178366894e-11 4.634702700310442e-56 6.973203077791376e-10
434.0 6.410841282132123e-07 1.7294484333509807e-07 1.9484665397698107e-11 6.767204974781733e-56 7.801958041855667e-10
435.0 7.05865226170746e-07 1.9099519550605527e-07 2.197273577012096e-11 9.86282129502266e-56 8.723903617667332e-10
436.0 7.767773337320187e-07 2.1081390964928e-07 2.476256758912073e-11 1.4348362649571498e-55 9.748894392144728e-10
437.0 8.54358957136813e-07 2.3256223831606633e-07 2.788874569363156e-11 2.0836165039635344e-55 1.0887757088867472e-09
438.0 9.391919304584385e-07 2.5641495996116904e-07 3.1389575999686746e-11 3.0203158640636074e-55 1.215237904245603e-09
439.0 1.0319045449536695e-06 2.825614040089456e-07 3.530745800112519e-11 4.370296371511209e-55 1.3555803958535081e-09
440.0 1.1331748753988712e-06 3.1120654433218197e-07 3.968929156277138e-11 6.31245273032006e-55 1.5112335519562892e-09
441.0 1.2437343119594737e-06 3.425721645241155e-07 4.458692080212754e-11 9.101622901708161e-55 1.6837649383722135e-09
442.0 1.3643713085302783e-06 3.7689809905240125e-07 5.005761812787938e-11 1.3100192160071315e-54 1.874891418419349e-09
443.0 1.4959353576725607e-06 4.144435542218328e-07 5.6164611682903055e-11 1.882258461982355e-54 2.0864922156834625e-09
444.0 1.6393412032300389e-06 4.5548851319547023e-07 6.297765969096696e-11 2.699778929620808e-54 2.3206230069486996e-09
445.0 1.7955733015783186e-06 5.003352293511579e-07 7.057367543333532e-11 3.8657080082350374e-54 2.5795311158520823e-09
446.0 1.9656905434431094e-06 5.493098125859971e-07 7.903740686335226e-11 5.525687110009132e-54 2.8656718827555696e-09
447.0 2.1508312471625903e-06 6.027639129515851e-07 8.846217508477661e-11 7.885048856580714e-54 3.1817262885357726e-09
448.0 2.3522184366377396e-06 6.610765067284794e-07 9.895067628518584e-11 1.123279308310009e-53 3.5306199172487042e-09
449.0 2.5711654147434046e-06 7.246557894264654e-07 1.106158519057633e-10 1.5974996533238618e-53 3.915543343085183e-09
450.0 2.8090816461533257e-06 7.939411811543865e-07 1.2358183225994815e-10 2.268129043891502e-53 4.3399740358548115e-09
451.0 3.067478961727446e-06 8.694054493697195e-07 1.3798495906168112e-10 3.2149410171026536e-53 4.807699880990108e-09
452.0 3.347978097174658e-06 9.51556954244502e-07 1.5397489268027597e-10 4.549469622549227e-53 5.322844415349211e-09
453.0 3.6523155795473705e-06 1.0409420221934863e-06 1.7171581032826458e-10 6.427398797232523e-53 5.889893886065995e-09
454.0 3.982350974905488e-06 1.138147453121567e-06 1.913877017502762e-10 9.065684687994963e-53 6.513726244229069e-09
455.0 4.340074510706121e-06 1.2438031670818672e-06 2.1318776937860223e-10 1.2766180643430627e-52 7.1996421905154595e-09
456.0 4.727615085722399e-06 1.3585849958920535e-06 2.3733194028889387e-10 1.7948181917751506e-52 7.95339839379321e-09
457.0 5.147248682495608e-06 1.483217625957722e-06 2.6405649781872564e-10 2.5193185935157255e-52 8.78124301260804e-09
458.0 5.601407194921276e-06 1.6184776979376317e-06 2.936198410392385e-10 3.530635510677357e-52 9.689953651008117e-09
459.0 6.092687685226422e-06 1.7651970694301815e-06 3.2630438080979723e-10 4.940078114110926e-52 1.0686877888448407e-08
460.0 6.623862083706706e-06 1.924266246676921e-06 3.624185815815126e-10 6.901282773452356e-52 1.1779976527769889e-08
461.0 7.197887345365817e-06 2.0966379915725026e-06 4.022991586547667e-10 9.625976660008086e-52 1.2977869712447542e-08
462.0 7.817916076113805e-06 2.283331109909158e-06 4.463134410342545e-10 1.340548790526652e-51 1.4289886067681406e-08
463.0 8.4873076429576e-06 2.4854344273667704e-06 4.948619106581496e-10 1.8640051712923845e-51 1.572611502913979e-08
464.0 9.209639780280399e-06 2.704110959146613e-06 5.483809292061906e-10 2.5878676381294708e-51 1.7297462525211823e-08
465.0 9.98872070525018e-06 2.9406022794828966e-06 6.073456643147204e-10 3.5873291172037094e-51 1.9015710186532997e-08
466.0 1.082860175552253e-05 3.1962330973663274e-06 6.722732276306871e-10 4.965218031385236e-51 2.089357826322171e-08
467.0 1.1733590560489961e-05 3.472416044311581e-06 7.437260376350162e-10 6.861942136659433e-51 2.29447924331261e-08
468.0 1.2708264757942416e-05 3.7706566802334602e-06 8.223154208272538e-10 9.468933348722919e-51 2.518415469193281e-08
469.0 1.3757486267321386e-05 4.092558723348263e-06 9.087054654684692e-10 1.3046798904067374e-50 2.7627618521215836e-08
470.0 1.4886416130419429e-05 4.439829509968077e-06 1.0036171427223366e-09 1.7949789731324851e-50 3.029236853641223e-08
471.0 1.6100529927987825e-05 4.8142856893888515e-06 1.10783271055387e-09 2.46587356712071e-50 3.319690481842073e-08
472.0 1.740563378349159e-05 5.217859159937786e-06 1.2222004166200062e-09 3.382531189387638e-50 3.636113214456059e-08
473.0 1.88078809594655e-05 5.652603250555732e-06 1.3476395167043663e-09 4.633144756400891e-50 3.980645432933577e-08
474.0 2.031378905630613e-05 6.120699153623729e-06 1.4851456262578855e-09 6.336893998248246e-50 4.355587390064176e-08
475.0 2.1930257818320453e-05 6.624462613267802e-06 1.6357964229934993e-09 8.654599120716996e-50 4.763409733301799e-08
476.0 2.366458755173956e-05 7.166350873351228e-06 1.8007577191980063e-09 1.1802956516467338e-49 5.206764606514146e-08
477.0 2.552449816094568e-05 7.748969889838803e-06 1.9812899232855316e-09 1.6073533544063899e-49 5.688497353807655e-08
478.0 2.751814880241734e-05 8.375081810182732e-06 2.178754910363735e-09 2.1858077080878595e-49 6.211658848188455e-08
479.0 2.9654158160178064e-05 9.047612723661955e-06 2.394623322646447e-09 2.968218650657678e-49 6.77951846928167e-08
480.0 3.194162534151523e-05 9.76966068507392e-06 2.6304823209205228e-09 4.025005208047685e-49 7.395577753755028e-08
481.0 3.439015139101972e-05 1.0544504013930065e-05 2.8880438089564543e-09 5.4503811174813885e-49 8.063584742398618e-08
482.0 3.700986141998851e-05 1.1375609870964203e-05 3.1691531534133187e-09 7.370218818533028e-49 8.787549048031097e-08
483.0 3.9811427345328716e-05 1.2266643112829865e-05 3.4757984222841037e-09 9.952453764031766e-49 9.571757668139599e-08
484.0 4.2806091231186075e-05 1.3221475425524779e-05 3.8101201655689215e-09 1.3420830545636238e-48 1.0420791566302192e-07
485.0 4.600568922431374e-05 1.424419473633633e-05 4.17442176238471e-09 1.8073039122292635e-48 1.1339543046236723e-07
486.0 4.942267607059755e-05 1.5339114902912245e-05 4.571180359087993e-09 2.43046103302605e-48 1.2333233941703553e-07
487.0 5.3070150200880906e-05 1.651078567819139e-05 5.003058423712655e-09 3.264035651442436e-48 1.3407434645858557e-07
488.0 5.6961879369180804e-05 1.7764002948265745e-05 5.472915942211445e-09 4.377568338868063e-48 1.4568084002556101e-07
489.0 6.111232682498337e-05 1.910381923968734e-05 5.983823282455004e-09 5.86307988233598e-48 1.5821510081797208e-07
490.0 6.553667799939407e-05 2.0535554492007613e-05 6.5390747523316084e-09 7.842174892001079e-48 1.7174451861025275e-07
491.0 7.025086768093365e-05 2.206480708994917e-05 7.142202878435249e-09 1.0475337999535375e-47 1.8634081832860385e-07
492.0 7.527160765509901e-05 2.3697465148924698e-05 7.796993432139466e-09 1.3974083173416369e-47 2.020802955923951e-07
493.0 8.061641477875548e-05 2.543971804648572e-05 8.507501229978727e-09 1.8616810718304343e-47 2.1904406190859419e-07
494.0 8.630363945701833e-05 2.729806819102201e-05 9.278066735280205e-09 2.476947609932799e-47 2.3731829969540458e-07
495.0 9.235249448769474e-05 2.9279343018008883e-05 1.011333348802037e-08 3.291249530424442e-47 2.5699452729949014e-07
496.0 9.878308423484476e-05 3.139070720276628e-05 1.1018266389742507e-08 4.3675722679425237e-47 2.781698741557025e-07
497.0 0.00010561643409154178 3.363967507798663e-05 1.1998170870373358e-08 5.788386398953002e-47 3.009473662271699e-07
498.0 0.00011287452018430317 3.603412324161795e-05 1.305871296301291e-08 7.661536145805865e-47 3.2543622183406036e-07
499.0 0.00012058029927447266 3.858230334130006e-05 1.4205940313056671e-08 1.0127864875458132e-46 3.517521579774724e-07
500.0 0.00012875773880274827 4.129285501837363e-05 1.544630414688075e-08 1.3371077285661872e-46 3.800177072283504e-07
501.0 0.00013743184702346662 4.417481899429584e-05 1.6786682225131727e-08 1.763047802623238e-46 4.1036254523987486e-07
502.0 0.00014662870316937182 4.723765028008992e-05 1.823440280464879e-08 2.3217404761808566e-46 4.4292382891092185e-07
503.0 0.0001563754875848271 5.049123148821661e-05 1.9797269632251023e-08 3.0536400275943873e-46 4.778465452044487e-07
504.0 0.0001667005117638782 5.394588622539684e-05 2.148358799286826e-08 4.011245588255668e-46 5.152838706032491e-07
505.0 0.00017763324822021005 5.7612392541512285e-05 2.330219183261207e-08 5.2626023143729614e-46 5.553975411385346e-07
506.0 0.00018920436012101078 6.150199641091263e-05 2.5262471977148424e-08 6.8957952757865006e-46 5.983582329215135e-07
507.0 0.00020144573060410775 6.562642521795321e-05 2.7374405463124903e-08 9.024710360167711e-46 6.443459530473673e-07
508.0 0.00021439049170100948 6.999790121920212e-05 2.9648585999643128e-08 1.1796410272415211e-45 6.935504407269415e-07
509.0 0.00022807305278078804 7.462915495180534e-05 3.209625557443115e-08 1.540056678681258e-45 7.461715784517058e-07
510.0 0.00024252912842947456 7.953343855694237e-05 3.472933721783503e-08 2.008150768457623e-45 8.024198129691259e-07
511.0 0.00025779576567163716 8.472453898420369e-05 3.7560468934962766e-08 2.615358438827684e-45 8.62516585790223e-07
512.0 0.00027391137044255554 9.021679104278693e-05 4.0603038814680393e-08 3.402075178948842e-45 9.266947729251943e-07
513.0 0.0002909157332124297 9.602509026260821e-05 4.387122132112432e-08 4.4201484605184545e-45 9.951991334868766e-07
514.0 0.0003088500536620177 0.00010216490552721623 4.738001477081834e-08 5.736044652423631e-45 1.0682867667593787e-06
515.0 0.000327756964305044 0.00010865229143851385 5.114527999541226e-08 7.43486939650648e-45 1.146227577278127e-06
516.0 0.00034768055295303005 0.0001155039003728354 5.518378018742934e-08 9.625465347698718e-45 1.229304747429351e-06
517.0 0.000368666383908601 0.00012273699418418243 5.951322192203463e-08 1.2446868296462635e-44 1.317815217002463e-06
518.0 0.00039076151777965145 0.00013036945551192527 6.415229734567811e-08 1.6076473953534964e-44 1.4120701691072743e-06
519.0 0.000414014529794621 0.00013841979864566675 6.912072751721077e-08 2.0740356483124327e-44 1.5123955217801413e-06
520.0 0.00043847552650477995 0.0001469071799012259 7.443930688434851e-08 2.672629040886635e-44 1.6191324245753496e-06
521.0 0.00046419616075152396 0.000155851407458461 8.012994887325625e-08 3.440016494028521e-44 1.732637759360595e-06
522.0 0.0004912296447806686 0.0001652729506123672 8.621573256560939e-08 4.4226650413702685e-44 1.8532846444986547e-06
523.0 0.0005196307613730588 0.00017519294838400627 9.272095043099944e-08 5.679518819014846e-44 1.9814629414972153e-06
524.0 0.0005494558728788018 0.0001856332174432429 9.96711570810876e-08 7.285263755066242e-44 2.1175797632209873e-06
525.0 0.0005807629280139691 0.0001966162592850625 1.0709321900213113e-07 9.334423756159202e-44 2.2620599825966697e-06
526.0 0.0006136114663095329 0.0002081652666110211 1.1501536522288087e-07 1.1946494286302534e-43 2.4153467407997254e-06
527.0 0.0006480626200714189 0.00022030412885634275 1.2346723886405118e-07 1.5272368733309469e-43 2.5779019537345556e-06
528.0 0.0006841791137305014 0.00023305743680926934 1.3247994951352262e-07 1.9502373995049426e-43 2.7502068156336694e-06
529.0 0.000722025260458446 0.0002464504862676854 1.4208612636521647e-07 2.4876306892949025e-43 2.9327622985288005e-06
530.0 0.0007616669559140929 0.0002605092806736025 1.523199720513589e-07 3.1695955501798432e-43 3.1260896462375406e-06
531.0 0.0008031716690013838 0.0002752605326710291 1.6321731709466957e-07 4.034070312809543e-43 3.330730861508442e-06
532.0 0.0008466084295126495 0.00029073166452971356 1.748156748991739e-07 5.128695215522095e-43 3.5472491848730566e-06
533.0 0.0008920478125304111 0.0003069508073764403 1.8715429719140864e-07 6.5132275985468826e-43 3.7762295636825456e-06
534.0 0.0009395619194732537 0.0003239467991792222 2.002742298193635e-07 8.262541673490811e-43 4.018279109789812e-06
535.0 0.000989224355661664 0.0003417491814258905 2.14218368807401e-07 1.0470350251469253e-42 4.274027544229648e-06
536.0 0.0010411102042932596 0.0003603881944426915 2.2903151656083783e-07 1.3253817114887504e-42 4.544127627236937e-06
537.0 0.001095295996707981 0.0003798947712949357 2.447604381044615e-07 1.6759266921336644e-42 4.829255571836038e-06
538.0 0.0011518596788459418 0.00040030053021890624 2.6145391723632947e-07 2.1169246103615343e-42 5.13011143926042e-06
539.0 0.0012108805737845393 0.00042163776552821204 2.791628124668851e-07 2.671124494831978e-42 5.447419514323527e-06
540.0 0.0012724393402620386 0.00044393943694447807 2.979401126099556e-07 3.366846003000594e-42 5.7819286588828566e-06
541.0 0.0013366179270889718 0.0004672391572998288 3.1784099188278085e-07 4.2393060012115043e-42 6.134412641445581e-06
542.0 0.0014034995233628356 0.0004915711785631676 3.3892286436724186e-07 5.332251958020769e-42 6.5056704409600514e-06
543.0 0.0014731685044088475 0.0005169703761444982 3.612454376779714e-07 6.69997096424211e-42 6.896526522806019e-06
544.0 0.0015457103733602664 0.0005434722314279659 3.848707656724192e-07 8.409758134377349e-42 7.307831084888486e-06
545.0 0.0016212116983228342 0.0005711128124949464 4.0986330003700496e-07 1.0544946219800439e-41 7.74046027182053e-06
546.0 0.0016997600450540111 0.0005999287529934123 4.362899405717907e-07 1.3208620107822785e-41 8.195316355055532e-06
547.0 0.0017814439051177168 0.0006299572291202169 4.64220083995181e-07 1.652816624998539e-41 8.673327876912168e-06
548.0 0.0018663526194566294 0.0006612359346762506 4.937256710771876e-07 2.0660838860325723e-41 9.17544975629108e-06
549.0 0.0019545762973592964 0.000693803054166751 5.248812319103921e-07 2.5800563026919704e-41 9.70266335399602e-06
550.0 0.002046205730798011 0.0007276972339185995 5.577639291194778e-07 3.2186240968602863e-41 1.0255976495518258e-05
551.0 0.0021413323041130595 0.000762957551186349 5.924535988019912e-07 4.0111883067185925e-41 1.0836423449093067e-05
552.0 0.0022400478990566596 0.0007996234812321693 6.290327889952397e-07 4.993895182424852e-41 1.1445064856980268e-05
553.0 0.0023424447951874558 0.0008377348623571197 6.675867954506474e-07 6.211138667695813e-41 1.2082987617771173e-05
554.0 0.0024486155656472004 0.0008773318588758169 7.082036945005696e-07 7.717387320629532e-41 1.2751304717692712e-05
555.0 0.0025586529683400577 0.0009184549220229033 7.509743727924374e-07 9.57940346953856e-41 1.3451155008793857e-05
556.0 0.0026726498325664897 0.0009611447487912455 7.959925536672093e-07 1.1878936081107836e-40 1.4183702932035136e-05
557.0 0.0027906989411565393 0.0010054422386996966 8.433548199506037e-07 1.471598515971023e-40 1.4950138183244951e-05
558.0 0.0029128929081825737 0.0010513884485013037 8.931606329298457e-07 1.8212754995337158e-40 1.575167532007645e-05
559.0 0.0030393240523159137 0.0010990245448377588 9.455123472783884e-07 2.2518436818760643e-40 1.6589553308006756e-05
560.0 0.0031700842659378617 0.0011483917548630478 1.0005152216996626e-06 2.7814989096484046e-40 1.746503500366231e-05
561.0 0.0033052648800947536 0.0011995313148524072 1.0582774250499991e-06 3.4324116615599367e-40 1.8379406573646188e-05
562.0 0.0034449565254387345 0.00125248441683218 1.1189100377127872e-06 4.2315688624127565e-40 1.9333976847335395e-05
563.0 0.0035892489892604103 0.0013072921532540915 1.1825270479812301e-06 5.211788272387055e-40 2.0330076601937314e-05
564.0 0.0037382310687904697 0.0013639954597640621 1.2492453432266475e-06 6.4129396274335614e-40 2.1369057778510605e-05
565.0 0.00389199042090593 0.001422635056101471 1.319184695613751e-06 7.8834132293116e-40 2.2452292627455807e-05
566.0 0.004050613408442604 0.0014832513851898248 1.3924677421442579e-06 9.681884403150871e-40 2.3581172782390422e-05
567.0 0.004214184943271105 0.001545884550464639 1.469219958794721e-06 1.187943136638929e-39 2.4757108261117505e-05
568.0 0.004382788326372133 0.0016105742515140915 1.5495696285405744e-06 1.4562074831433772e-39 2.5981526392898448e-05
569.0 0.004556505085106233 0.0016773597180943611 1.6336478030457017e-06 1.7833820381393758e-39 2.7255870671071687e-05
570.0 0.004735414807907601 0.0017462796425953496 1.721588257809822e-06 2.182029964777288e-39 2.8581599530324186e-05
571.0 0.004919594976667437 0.0018173721110470093 1.813527440581369e-06 2.6673123969489336e-39 2.9960185048216277e-05
572.0 0.005109120797026817 0.0018906745327410734 1.909604412830632e-06 3.257508497535251e-39 3.139311157037421e-05
573.0 0.005304065026883886 0.001966223568575612 2.0099607841125235e-06 3.9746360932626766e-39 3.288187425936613e-05
574.0 0.005504497803374425 0.0020440550582144783 2.1147406391373345e-06 4.845191635048933e-39 3.4427977567107315e-05
575.0 0.005710486468623346 0.0021242039461693827 2.224090457387883e-06 5.901031592565199e-39 3.603293363098285e-05
576.0 0.005922095394578293 0.0022067042069189454 2.3381590251339877e-06 7.180421328516011e-39 3.7698260594080654e-05
577.0 0.006139385807232047 0.0022915887691790362 2.457097339701735e-06 8.729282106394757e-39 3.942548085002765e-05
578.0 0.006362415610564592 0.002378889439449329 2.5810585058735687e-06 1.0602672274517711e-38 4.121611921320929e-05
579.0 0.00659123921054389 0.002468636824965654 2.710197624308804e-06 1.2866544965110235e-38 4.3071701015348006e-05
580.0 0.006825907339521082 0.0025608602561883456 2.8446716718842786e-06 1.5599831995612348e-38 4.499375012954758e-05
581.0 0.007066466881379743 0.0026555877089672907 2.9846393738767928e-06 1.889691222787573e-38 4.6983786923222555e-05
582.0 0.007312960697812238 0.0027528457265313592 3.130261067928322e-06 2.2870532622483308e-38 4.9043326141589326e-05
583.0 0.007565427456060095 0.0028526593414379634 3.281698559734459e-06 2.7655261841753704e-38 5.1173874723330965e-05
584.0 0.007823901458533674 0.002955051997649919 3.439114970445007e-06 3.3411569761367787e-38 5.337692955074767e-05
585.0 0.008088412474662724 0.003060045472884518 3.6026745757558495e-06 4.0330641938800267e-38 5.5653975136472455e-05
586.0 0.00835898557536791 0.0031676598013961454 3.772542636705069e-06 4.864005629268248e-38 5.800648124928073e-05
587.0 0.008635640970553438 0.003277913197359397 3.948885222209831e-06 5.861047035456158e-38 6.0435900481794877e-05
588.0 0.008918393850005335 0.00339082197901557 4.1318690233938036e-06 7.05634919024307e-38 6.294366576298676e-05
589.0 0.009207254228082318 0.003506400493748302 4.3216611597766884e-06 8.488093407606554e-38 6.553118781860941e-05
590.0 0.00950222679260499 0.0036246610442628602 4.5184289774277095e-06 1.0201568878099245e-37 6.819985258303469e-05
591.0 0.009803310758329522 0.003745613816038215 4.722339839199306e-06 1.2250448996438671e-37 7.095101856606419e-05
592.0 0.010110499725393964 0.0038692668062234293 4.9335609071813746e-06 1.4698288193770452e-37 7.378601417851478e-05
593.0 0.010423781543151487 0.003995625754161729 5.152258917554064e-06 1.7620275817624349e-37 7.670613502080219e-05
594.0 0.010743138179734714 0.004124694073700599 5.378599948008828e-06 2.1105289390798434e-37 7.971264113847163e-05
595.0 0.011068545597777703 0.004256472787479407 5.612749177973321e-06 2.525829624125572e-37 8.280675424945389e-05
596.0 0.011399973636641712 0.004390960463357046 5.85487064186412e-06 3.0203160152615163e-37 8.598965494748114e-05
597.0 0.011737385901521097 0.004528153153155195 6.105126975633193e-06 3.6085918480403786e-37 8.926247988655003e-05
598.0 0.01208073965981045 0.004668044333896377 6.363679156905378e-06 4.3078605272626155e-37 9.262631895159928e-05
599.0 0.012429985745046501 0.004810624851691293 6.630686238998441e-06 5.138370750510065e-37 9.608221242029832e-05
600.0 0.012785068468817563 0.004955882868462195 6.906305079187516e-06 6.123935479751677e-37 9.963114812167968e-05
601.0 0.013145925540908326 0.0051038038116420015 7.190690061540198e-06 7.292535814536594e-37 0.00010327405859663118
602.0 0.01351248799807412 0.005254370327039154 7.483992814745795e-06 8.677023054798223e-37 0.0001070118182664701
603.0 0.013884680141686461 0.0054075622350005315 7.786361925311323e-06 1.0315934222584172e-36 0.00011084524061487434
604.0 0.014262419484581486 0.005563356490040681 8.097942646575711e-06 1.2254438573426852e-36 0.00011477507538937154
605.0 0.01464561670735083 0.005721727144070954 8.418876603973981e-06 1.4545435206626156e-36 0.00011880200582808357
606.0 0.015034175624390397 0.005882645313392811 8.749301497056429e-06 1.7250824821505048e-36 0.00012292664591825064
607.0 0.015427993159882181 0.00604607914956571 9.089350798719672e-06 2.044298201050114e-36 0.00012714953769214725
608.0 0.015826959333991638 0.006211993814302762 9.439153452197576e-06 2.4206458282845105e-36 0.00013147114856706992
609.0 0.016230957259449078 0.006380351458503552 9.798833566325324e-06 2.86399503333753e-36 0.00013589186873535662
610.0 0.01663986314871348 0.00655111120554573 1.01685101096368e-05 3.385857297624247e-36 0.0001404120086108254
611.0 0.01705354633188933 0.006724229138946902 1.0548296603868888e-05 3.999648172681177e-36 0.00014503179633798175
612.0 0.017471869285519998 0.0068996582944899 1.0938300817446791e-05 4.720989631980606e-36 0.00014975137537011685
613.0 0.01789468767241268 0.007077348656917658 1.1338624459572617e-05 5.5680583590310375e-36 0.00015457080212285743
614.0 0.018321850392558 0.007257247161267525 1.1749362875509989e-05 6.561986621945641e-36 0.00015949004370909527
615.0 0.018753199645230246 0.007439297698924288 1.2170604743698833e-05 7.72732329738974e-36 0.00016450897576156435
616.0 0.019188571002343148 0.007623441128466571 1.260243177535325e-05 9.09256363753543e-36 0.0001696273803493691
617.0 0.019627793493046088 0.007809615291345682 1.3044918417163452e-05 1.0690757536572422e-35 0.00017484494399410737
618.0 0.02007068969960821 0.007997755032460425 1.3498131557786233e-05 1.2560207364362697e-35 0.00018016125579188087
619.0 0.020517075864533604 0.00818779222564973 1.3962130238763643e-05 1.4745267911443822e-35 0.00018557580564666356
620.0 0.020966762008875692 0.008379655804134323 1.4436965370546633e-05 1.729726265138629e-35 0.00019108798262079278
621.0 0.0214195520616874 0.008573271795925588 1.4922679454300024e-05 2.0275532395055558e-35 0.0001966970734081382
622.0 0.021875244000473665 0.008768563364191089 1.541930631013548e-05 2.374863451048591e-35 0.00020240226093491356
623.0 0.0223336300025811 0.008965450852592588 1.5926870812483035e-05 2.7795713238503033e-35 0.00020820262309375332
624.0 0.02279449660731827 0.00916385183555523 1.644538863323009e-05 3.2508064276869927e-35 0.00021409713161541185
625.0 0.02325762488866457 0.009363681173450867 1.6974865993313243e-05 3.79909197672181e-35 0.00022008465108301988
626.0 0.023722790638369406 0.009564851072655329 1.7515299423422753e-05 4.4365483134746164e-35 0.00022616393809332045
627.0 0.024189764559203592 0.009767271150421697 1.8066675534458843e-05 5.177124693993852e-35 0.00023233364056888885
628.0 0.02465831246813075 0.009970848504513014 1.8628970798392377e-05 6.036863104769972e-35 0.0002385922972253606
629.0 0.02512819550911449 0.010175487787515152 1.920215134014991e-05 7.034198304972869e-35 0.0002449383371971331
630.0 0.025599170375272085 0.010381091285747279 1.9786172741142936e-05 8.190298804304271e-35 0.00025137007982487815
631.0 0.026070989540069114 0.010587559002678635 2.0380979855051354e-05 9.529454062866612e-35 0.0002578857346079528
632.0 0.026543401497191095 0.010794788746735586 2.0986506636426844e-05 1.1079513841245447e-34 0.00026448340132412615
633.0 0.027016151008743113 0.01100267622338647 2.160267598268916e-05 1.2872386343399839e-34 0.00027116107031903636
634.0 0.027488979361412768 0.011211115131384 2.222939959007401e-05 1.4944602589511197e-34 0.00027791662296752377
635.0 0.02796162463015841 0.011419997263012906 2.286657782402481e-05 1.7337955338868553e-34 0.0002847478323080748
636.0 0.028433821949036035 0.011629212608209191 2.3514099604552798e-05 2.0100221863291948e-34 0.0002916523638519561
637.0 0.028905303788706736 0.011838649462386688 2.417184230702214e-05 2.328598095928252e-34 0.00029862777656772103
638.0 0.0293758002401678 0.012048194537803996 2.4839671678802198e-05 2.6957535792841523e-34 0.0003056715240415497
639.0 0.029845039304267733 0.012257733078310554 2.5517441772229383e-05 3.118595550649474e-34 0.00031278095581386786
640.0 0.03031274718645713 0.01246714897726312 2.6204994894211623e-05 3.605224999608275e-34 0.00031995331889131775
641.0 0.030778648596351658 0.012676324898453191 2.6902161572892653e-05 4.164869389954675e-34 0.0003271857594342041
642.0 0.031242467051525783 0.012885142399818278 2.7608760541637996e-05 4.80803176459201e-34 0.00033447532461763056
643.0 0.03170392518506444 0.013093482059752358 2.8324598740671123e-05 5.5466585406871055e-34 0.0003418189646653987
644.0 0.03216274505630331 0.013301223605788766 2.9049471336579683e-05 6.394328199283825e-34 0.0003492135350544464
645.0 0.032618648464246815 0.013508246045449812 2.978316175993235e-05 7.366463316064187e-34 0.00035665579888791073
646.0 0.03307135726309257 0.013714427799030834 3.052544176116388e-05 8.480568647004555e-34 0.00036414242943396
647.0 0.03352059367931201 0.013919646834091663 3.1276071484870205e-05 9.756498276591254e-34 0.00037167001282742846
648.0 0.03396608062973175 0.0141237808014244 3.203479956261695e-05 1.1216755159464196e-33 0.00037923505093091406
649.0 0.03440754204005101 0.014326707172259872 3.2801363224319e-05 1.2886826741481352e-33 0.0003868339643515527
650.0 0.03484470316324068 0.014528303376476655 3.357548842822038e-05 1.4795560736105649e-33 0.0003944630956094576
651.0 0.0352772908972298 0.01472844694155803 3.435689000942599e-05 1.6975585559736793e-33 0.0004021187124530139
652.0 0.035705034101347594 0.014927015632064927 3.5145271846952626e-05 1.9463780398510842e-33 0.00040979701131654535
653.0 0.03612766391094612 0.015123887589373431 3.59403270491854e-05 2.230180039265227e-33 0.00041749412091505
654.0 0.036544914049647645 0.015318941471429951 3.6741738157595824e-05 2.553666298655198e-33 0.0004252061059705149
655.0 0.036956521138647586 0.01551205659227019 3.754917736852136e-05 2.9221402107443854e-33 0.0004329289710638234
656.0 0.037362225002568604 0.01570311306107195 3.836230677282226e-05 3.341579750731746e-33 0.0004406586646066262
657.0 0.037761768971275485 0.015891991920474136 3.9180778613097134e-05 3.8187187336104105e-33 0.00044839108292617935
658.0 0.03815490017716227 0.016078575283934343 4.000423555819249e-05 4.361137281450129e-33 0.00045612207445696305
659.0 0.03854136984736905 0.016262746471872966 4.083231099463716e-05 4.9773624747214746e-33 0.0004638474440318903
660.0 0.0389209335904381 0.016444390146371068 4.1664629334633634e-05 5.676980256787708e-33 0.0004715629572661446
661.0 0.03929335167688981 0.016623392444175544 4.250080634015923e-05 6.470759764145483e-33 0.00047926434502598475
662.0 0.03965838931327073 0.016799641107792983 4.3340449462751185e-05 7.370791367538608e-33 0.0004869473079753296
663.0 0.0400158169091848 0.016973025614434357 4.418315819845614e-05 8.390639831371961e-33 0.000494607521192084
664.0 0.040365410336851676 0.017143437302585125 4.502852445740599e-05 9.545514131693724e-33 0.0005022406388462051
665.0 0.04070695118279531 0.017310769495998184 4.587613294749417e-05 1.0852455617176182e-32 0.0005098422989318718
666.0 0.04104022699120284 0.017474917624879047 4.672556157150576e-05 1.2330546353837373e-32 0.0005174081280450053
667.0 0.0413650314985936 0.017635779344073427 4.7576381837112886e-05 1.400113966365056e-32 0.0005249337461982841
668.0 0.04168116485939899 0.017793254648049105 4.842815927905024e-05 1.5888115050583512e-32 0.0005324147716649682
669.0 0.041988433862122046 0.017947245982492057 4.9280453892814185e-05 1.8018159906059662e-32 0.000539846825843403
670.0 0.04228665213570574 0.018097658352317973 5.013282057912926e-05 2.0421080600351963e-32 0.0005472255381332301
671.0 0.04257564034584385 0.018244399425944538 5.0984809598499384e-05 2.31301457982113e-32 0.0005545465508153907
672.0 0.04285522638090379 0.018387379635640785 5.183596703503666e-05 2.6182465087202106e-32 0.0005618055239268793
673.0 0.043125245527220975 0.018526512273807902 5.268583526881766e-05 2.961940627712162e-32 0.0005689981401220958
674.0 0.043385540633505984 0.018661713585036602 5.3533953455949044e-05 3.3487055019776685e-32 0.0005761201095121356
675.0 0.04363596226415815 0.0187929028538088 5.4379858015542475e-05 3.7836720711739326e-32 0.0005831671744738081
676.0 0.043876368841275555 0.018920002487708254 5.5223083122748366e-05 4.2725492979933625e-32 0.0005901351144198677
677.0 0.04410662677520451 0.019042938096027757 5.6063161207020614e-05 4.8216853412621007e-32 0.0005970197505224318
678.0 0.044326610583469886 0.019161638563659177 5.689962345474296e-05 5.438134758815071e-32 0.0006038169503813431
679.0 0.04453620299797775 0.019276036120174065 5.773200031536738e-05 6.129732287244289e-32 0.0006105226326296891
680.0 0.04473529506037657 0.019386066403999615 5.855982201017292e-05 6.905173790539553e-32 0.0006171327714684602
681.0 0.04492378620552119 0.019491668521620757 5.938261904279044e-05 7.774105017812358e-32 0.00062364340112296
682.0 0.045101584332980366 0.019592785101736645 6.019992271060009e-05 8.747218861909436e-32 0.000630050620213377
683.0 0.04526860586656882 0.01968936234431808 6.101126561612874e-05 9.836361865992172e-32 0.0006363505960323613
684.0 0.045424775801904925 0.019781350064521107 6.181618217757148e-05 1.1054650784297448e-31 0.0006425395687226238
685.0 0.04557002774201517 0.019868701731421145 6.26142091375587e-05 1.2416600066518097e-31 0.0006486138553477448
686.0 0.04570430392103925 0.019951374501546708 6.340488606931128e-05 1.3938261202804434e-31 0.0006545698538497883
687.0 0.04582755521610112 0.020029329247197067 6.418775587931434e-05 1.5637374938498896e-31 0.0006604040468873856
688.0 0.0459397411474415 0.020102530579542723 6.496236530566594e-05 1.7533537444674458e-31 0.0006661130055483844
689.0 0.046040829866934155 0.020170946866518765 6.57282654112699e-05 1.9648381612565895e-31 0.0006716933929314685
690.0 0.04613079813511132 0.020234550245524827 6.648501207103385e-05 2.2005774727374484e-31 0.0006771419675912335
691.0 0.046209631286870036 0.02029331663096493 6.723216645228348e-05 2.463203386995358e-31 0.0006824555868418505
692.0 0.04627732318602812 0.020347225716662042 6.796929548758976e-05 2.7556160493837376e-31 0.0006876312099144651
693.0 0.046333876168936 0.020396260973197473 6.869597233924766e-05 3.081009573026636e-31 0.0006926659009640276
694.0 0.046379300977356167 0.020440409640231035 6.941177685465232e-05 3.442899808560927e-31 0.0006975568319214449
695.0 0.04641361668084857 0.020479662713868963 7.01162960118469e-05 3.845154531416562e-31 0.0007023012851873577
696.0 0.04643685058891513 0.02051401492915533 7.080912435454244e-05 4.292026237516505e-31 0.0007068966561642005
697.0 0.04644903815317119 0.020543464737770536 7.148986441593042e-05 4.788187751608804e-31 0.000711340455623511
698.0 0.046450222859829166 0.020568014281028824 7.215812713063799e-05 5.338770866569076e-31 0.0007156303119058288
699.0 0.04644045611279435 0.020587669358275322 7.281353223420668e-05 5.949408246957764e-31 0.0007197639729509048
700.0 0.046419797107685186 0.020602439390790015 7.345570864950033e-05 6.626278845926898e-31 0.0007237393081562603
