200.0 1.41452549107426e-10 1.4275905483988475e-19 1.1012577896876476e-30 1.5545096523058472e-121 6.694020050062358e-17
201.0 1.6820174659604242e-10 1.881826765124356e-19 1.6487397487003138e-30 6.898402899978135e-121 8.55803413067362e-17
202.0 1.9966647112766598e-10 2.473816064602184e-19 2.4585532139662108e-30 3.0164482552548915e-120 1.0914513454030447e-16
203.0 2.366171787017431e-10 3.2432847157166845e-19 3.6517220612956554e-30 1.299961980469939e-119 1.3886547440575064e-16
204.0 2.7993944566629386e-10 4.2408145411686548e-19 5.4029503403045025e-30 5.522619506716853e-119 1.7626189786114874e-16
205.0 3.3065084176452717e-10 5.530664650963785e-19 7.963509027039408e-30 2.313293563694457e-118 2.23209305726983e-16
206.0 3.8991769167260137e-10 7.194248769972554e-19 1.1693434348970039e-29 9.556007444602538e-118 2.820137295688783e-16
207.0 4.5907583268179463e-10 9.334479737422358e-19 1.7106758731585205e-29 3.8937680545815524e-117 3.555060305933413e-16
208.0 5.396521488106126e-10 1.2081116436658629e-18 2.4934720368456457e-29 1.5652986942718633e-116 4.471532998862217e-16
209.0 6.333898787444586e-10 1.5597387834222724e-18 3.621388790011766e-29 6.209291823029185e-116 5.611933140065277e-16
210.0 7.422766982405162e-10 2.0088152845261638e-18 5.24085594727239e-29 2.43101362943291e-115 7.02795389902473e-16
211.0 8.685750216974238e-10 2.5809903124074254e-18 7.558011350036039e-29 9.395374767517324e-115 8.782515578409522e-16
212.0 1.0148570760894523e-09 3.308306359487157e-18 1.0862070926830065e-28 3.585103671998592e-114 1.095205630212653e-15
213.0 1.1840431926982575e-09 4.230702707389982e-18 1.5557458075740033e-28 1.350915686426469e-113 1.362925092028059e-15
214.0 1.379444537511116e-09 5.397851833624884e-18 2.2207839699757804e-28 5.0277105488664097e-113 1.6926241539127084e-15
215.0 1.604810057844795e-09 6.871395190522344e-18 3.15962783185076e-28 1.8484292912501154e-112 2.097846074430114e-15
216.0 1.864379532028864e-09 8.727665832169508e-18 4.480716727940845e-28 6.7142844822624e-112 2.5949167464382135e-15
217.0 2.1629411673365537e-09 1.1060987717807325e-17 6.333744980767526e-28 2.4100903252222345e-111 3.2034789728402786e-15
218.0 2.5058959658712184e-09 1.3987673966161243e-17 8.924716452249797e-28 8.550167793801005e-111 3.947123178498785e-15
219.0 2.899328302558408e-09 1.7650856485516227e-17 1.2536257702145877e-27 2.998426570101984e-110 4.8541288947394385e-15
220.0 3.350084268593373e-09 2.2226314014025518e-17 1.7554948649308524e-27 1.0395805268705389e-109 5.958336574728907e-15
221.0 3.865857668292456e-09 2.79294865273824e-17 2.450798429991693e-27 3.5639863871211134e-109 7.300169547447919e-15
222.0 4.455284556281281e-09 3.5023902369419035e-17 3.411221147864964e-27 1.2083511100136656e-108 8.927830274564238e-15
223.0 5.1280472017577e-09 4.383128454715455e-17 4.733953153175246e-27 4.052231949118739e-108 1.0898698597262301e-14
224.0 5.894988255322348e-09 5.474364806332708e-17 6.550388595141327e-27 1.3443215565657008e-107 1.3280963362101233e-14
225.0 6.768236004634301e-09 6.823775427791794e-17 9.037662717519907e-27 4.412475319554092e-107 1.615552338197285e-14
226.0 7.761341715865493e-09 8.489235122757956e-17 1.2433912069607243e-26 1.4331548830591354e-106 1.961819887987895e-14
227.0 8.889428947483303e-09 1.0540868744011022e-16 1.70584029783016e-26 4.606764558364629e-106 2.378229718809821e-14
228.0 1.0169358496934005e-08 1.3063490893588062e-16 2.333801538430777e-26 1.4657174676435022e-105 2.878159200506359e-14
229.0 1.1619906756705086e-08 1.6159498210103645e-16 3.18419906800581e-26 4.6165136418115526e-105 3.4773768036273437e-14
230.0 1.3261961250446256e-08 1.9952295703135112e-16 4.3327409550818856e-26 1.4396099413046514e-104 4.194440538353267e-14
231.0 1.5118733677859215e-08 2.459034764185314e-16 5.879855934927519e-26 4.44527526587886e-104 5.0511578570912727e-14
232.0 1.7215991462570308e-08 3.0251958212290763e-16 7.958423603868628e-26 1.3593486815626972e-103 6.073115598096097e-14
233.0 1.958230979555386e-08 3.7150905044253255e-16 1.0743815016003654e-25 4.117141571213788e-103 7.290289950952103e-14
234.0 2.224934572184394e-08 4.554306710536666e-16 1.4466902279028054e-25 1.2352272253529184e-102 8.737747545083378e-14
235.0 2.5252135040339584e-08 5.573420820571035e-16 1.94308736951038e-25 3.6714407523989045e-102 1.045644980003799e-13
236.0 2.8629414672628014e-08 6.808910511759986e-16 2.603291622419161e-25 1.0812258124908504e-101 1.2494174856823454e-13
237.0 3.242397260054982e-08 8.304223680124514e-16 3.479210868107584e-25 3.155275112883929e-101 1.4906572982118357e-13
238.0 3.668302480690183e-08 1.0111027592777546e-15 4.638521842508727e-25 9.125336214575128e-101 1.775837196325584e-13
239.0 4.1458625423475224e-08 1.229066757857828e-15 6.169254009931542e-25 2.6157749449002465e-100 2.112475402619291e-13
240.0 4.680810763080052e-08 1.4915866527588892e-15 8.18564544659949e-25 7.432586194683796e-100 2.5092924267292733e-13
241.0 5.279456095537266e-08 1.807270304292467e-15 1.0835607410642666e-24 2.093702776021553e-99 2.976389672030569e-13
242.0 5.948734616809175e-08 2.1862910220596958e-15 1.4310218340811701e-24 5.8475269901930195e-99 3.5254525027070483e-13
243.0 6.696264898549645e-08 2.6406542663063935e-15 1.885577231226706e-24 1.6194123096241923e-98 4.1699807486004203e-13
244.0 7.530407776881976e-08 3.1845067297420034e-15 2.478903691048497e-24 4.447497821182632e-98 4.925550189872495e-13
245.0 8.460330597330293e-08 3.834493950769428e-15 3.251653378625145e-24 1.21141105820259e-97 5.810108690250838e-13
246.0 9.49607620952074e-08 4.610173490961997e-15 4.2558851028608325e-24 3.2728677400066866e-97 6.844311147139271e-13
247.0 1.0648637196935704e-07 5.534491742892706e-15 5.55812376301214e-24 8.771410807142276e-97 8.051898024244692e-13
248.0 1.1930035482565625e-07 6.634333334441203e-15 7.243202357956781e-24 2.332151564693575e-96 9.46012249693546e-13
249.0 1.335340767288042e-07 7.94115334626612e-15 9.419076952887339e-24 6.152221786459322e-96 1.1100231907918416e-12
250.0 1.4933096535382333e-07 9.491703889848182e-15 1.2222848948256566e-23 1.610408256234157e-95 1.300800984892795e-12
251.0 1.6684749004495444e-07 1.1328868062620901e-14 1.58282825200579e-23 4.1832039234449236e-95 1.522438583407112e-12
252.0 1.8625420865854393e-07 1.3502615753918454e-14 2.0455169901740284e-23 1.0784269532208706e-94 1.779612000196502e-12
253.0 2.077368888993241e-07 1.607109797602777e-14 2.6380976583957148e-23 2.759434322309459e-94 2.077657158104561e-12
254.0 2.3149770430622458e-07 1.910189792008775e-14 3.395529343629204e-23 7.008666342504088e-94 2.4226560015460662e-12
255.0 2.577565115845074e-07 2.2673459584458404e-14 4.361773881031898e-23 1.7671542718739482e-93 2.8215329115956913e-12
256.0 2.86752213863965e-07 2.6876717192387403e-14 5.592009301435599e-23 4.423585957791373e-93 3.282162541536965e-12
257.0 3.1874421190253783e-07 3.181695110929379e-14 7.155361495463262e-23 1.0994411601738651e-92 3.813490266231936e-12
258.0 3.540139517916323e-07 3.761589956699965e-14 9.138269369795546e-23 2.7133326974692145e-92 4.425666623583688e-12
259.0 3.928665708293272e-07 4.4414158257692105e-14 1.1648622893043422e-22 6.649716081876333e-92 5.13019717550823e-12
260.0 4.356326480990123e-07 5.237390397140483e-14 1.4820842541262413e-22 1.6184790044436647e-91 5.9401094014180286e-12
261.0 4.826700660555536e-07 6.168198256539618e-14 1.8822103413379178e-22 3.912454746830364e-91 6.8701383837765134e-12
262.0 5.34365986634929e-07 7.255340572546204e-14 2.385994868394167e-22 9.394284889379406e-91 7.936933164124741e-12
263.0 5.911389486049683e-07 8.523530625568564e-14 3.019158659173379e-22 2.240699417512845e-90 9.159285855454828e-12
264.0 6.534410928593917e-07 1.0001140711725632e-13 3.8135224057770476e-22 5.309355180506916e-90 1.0558385781737703e-11
265.0 7.217605203426718e-07 1.1720706512728553e-13 4.808385988408715e-22 1.249886538334738e-89 1.2158101080010806e-11
266.0 7.966237892714342e-07 1.3719495700309378e-13 6.052204352887275e-22 2.923491776340963e-89 1.3985290436363278e-11
267.0 8.785985595172523e-07 1.604014828370486e-13 7.604620385725407e-22 6.794648579013921e-89 1.6070147875000725e-11
268.0 9.68296388444334e-07 1.873139693455128e-13 9.538926827303848e-22 1.5692670390082309e-88 1.8446583700172603e-11
269.0 1.0663756872413621e-06 2.1848876456947635e-13 1.1945043020663012e-21 3.6018188502948856e-88 2.1152645028366428e-11
270.0 1.173544843875636e-06 2.5456032461247685e-13 1.4933108458881938e-21 8.216219234980983e-88 2.423097957713943e-11
271.0 1.2905655196584827e-06 2.9625140331940605e-13 1.863781414634517e-21 1.86284552809528e-87 2.7729346684963506e-11
272.0 1.4182561279324831e-06 3.443844672566172e-13 2.3223615199751312e-21 4.198222355616135e-87 3.170117988400547e-11
273.0 1.5574955011400918e-06 3.998944699904009e-13 2.8890994367376366e-21 9.40516604679536e-87 3.6206205639572486e-11
274.0 1.7092267557141824e-06 4.638431335383764e-13 3.5883976985885184e-21 2.094634162234832e-86 4.131112329649865e-11
275.0 1.8744613617546203e-06 5.374348986440168e-13 4.449913390364704e-21 4.63786834535911e-86 4.709035160520329e-11
276.0 2.0542834257429642e-06 6.220347213206135e-13 5.509635102791577e-21 1.0209973092675273e-85 5.3626847634028307e-11
277.0 2.24985419539253e-06 7.191879102183868e-13 6.81116933186413e-21 2.2348776714957524e-85 6.101300433150629e-11
278.0 2.4624167942416687e-06 8.306422172003008e-13 8.407274828011559e-21 4.864436426341616e-85 6.935163342726501e-11
279.0 2.6933011964310265e-06 9.583724141291256e-13 1.0361690071046682e-20 1.0529001276184271e-84 7.875704092514151e-11
280.0 2.9439294480602774e-06 1.1046076089463013e-12 1.2751306777352754e-20 2.26643658849988e-84 8.935620285372077e-11
281.0 3.2158211471156796e-06 1.2718615790146267e-12 1.5668751347822866e-20 4.852071825610131e-84 1.0129004964487738e-10
282.0 3.510599188246466e-06 1.462966422660904e-12 1.922544655660005e-20 1.0331497278626663e-83 1.1471486793409752e-10
283.0 3.829995784031519e-06 1.6811098585553966e-12 2.3555237848827272e-20 2.1881469772587855e-83 1.2980382934857527e-10
284.0 4.1758587720906605e-06 1.9298765307907064e-12 2.881868253545576e-20 4.609898113391636e-83 1.4674865644294985e-10
285.0 4.550158216214554e-06 2.213293708042883e-12 3.5208116237002034e-20 9.661217576022894e-83 1.6576143658848214e-10
286.0 4.954993311932876e-06 2.53588179950944e-12 4.2953629465444593e-20 2.0142892974182715e-82 1.8707659541928484e-10
287.0 5.392599607408211e-06 2.9027101466071603e-12 5.233010857047248e-20 4.1781563518209007e-82 2.1095304223138017e-10
288.0 5.86535654923559e-06 3.319458587442026e-12 6.366551979439932e-20 8.622703971138983e-82 2.376765004971297e-10
289.0 6.375795361192662e-06 3.792485331423978e-12 7.735064332116378e-20 1.7706020992208629e-81 2.675620374406635e-10
290.0 6.9266072688676705e-06 4.32890172826228e-12 9.385049654759329e-20 3.6177589755139344e-81 3.009568077036537e-10
291.0 7.5206520803194725e-06 4.936654561798865e-12 1.1371772278776038e-19 7.355658815310301e-81 3.3824302697872883e-10
292.0 8.160967128176278e-06 5.624616546578703e-12 1.3760826387103451e-19 1.488293707322668e-80 3.798411922549076e-10
293.0 8.850776592935512e-06 6.402685768311128e-12 1.6629968365985038e-19 2.9968317749984494e-80 4.2621356698514334e-10
294.0 9.593501205101715e-06 7.281894852940239e-12 2.0071256439008372e-19 6.005704609463715e-80 4.778679495901112e-10
295.0 1.039276834997406e-05 8.274530728000683e-12 2.419354610633405e-19 1.1978829850598113e-79 5.353617460315665e-10
296.0 1.125242257332643e-05 9.39426588816765e-12 2.912539703388342e-19 2.3781229647829483e-79 5.993063671952794e-10
297.0 1.2176536508400565e-05 1.0656302162655244e-11 3.5018455225473886e-19 4.6994179861389646e-79 6.703719741220968e-10
298.0 1.3169422223693925e-05 1.2077528040470542e-11 4.2051383520867724e-19 9.244082203063223e-79 7.492925943738577e-10
299.0 1.4235643013514938e-05 1.3676690706669325e-11 5.043442401749285e-19 1.810144753667246e-78 8.368716353400803e-10
300.0 1.5380025631212297e-05 1.54745840085182e-11 6.041468785919046e-19 3.5286790232976247e-78 9.33987820537085e-10
301.0 1.6607672979289112e-05 1.749425367105161e-11 7.228228134194144e-19 6.848250610589737e-78 1.04160157716336e-09
302.0 1.79239772680768e-05 1.9761221174585873e-11 8.637739252075068e-19 1.3232283939815732e-77 1.16076190460243e-09
303.0 1.9334633647057992e-05 2.230372779874518e-11 1.0309847967730324e-18 2.545636791244882e-77 1.292613754676649e-09
304.0 2.0845654322854987e-05 2.5153000453076243e-11 1.2291172246001363e-18 4.876217414794573e-77 1.4384059566968265e-09
305.0 2.2463383170842072e-05 2.8343541019077054e-11 1.4636191836224317e-18 9.300642796255497e-77 1.5994997216355678e-09
306.0 2.419451084984971e-05 3.191344104892646e-11 1.7408503184761936e-18 1.7664615785574567e-76 1.7773777616697464e-09
307.0 2.604609042831006e-05 3.5904723789485e-11 2.0682263112929402e-18 3.340985264431358e-76 1.973654063095025e-09
308.0 2.8025553527942025e-05 4.036371562812532e-11 2.4543847871185776e-18 6.292766697346465e-76 2.1900843523294867e-09
309.0 3.0140726998300593e-05 4.534144920505238e-11 2.90937576785297e-18 1.1803824644704012e-75 2.4285772972204133e-09
310.0 3.239985012497743e-05 5.08941005685505e-11 3.444880076394757e-18 2.2051342266285666e-75 2.691206487116205e-09
311.0 3.4811592376161635e-05 5.708346290343363e-11 4.074459531039795e-18 4.102941882240751e-75 2.9802232373197506e-09
312.0 3.738507170494289e-05 6.397745954402425e-11 4.813843262072203e-18 7.603620381625523e-75 3.2980702667483664e-09
313.0 4.012987339832875e-05 7.165069911070175e-11 5.681255027910533e-18 1.403546055716856e-74 3.6473962976510086e-09
314.0 4.3056069493666005e-05 8.018507583258111e-11 6.697787023300972e-18 2.580657285127147e-74 4.031071630959919e-09
315.0 4.617423875485681e-05 8.967041825831563e-11 7.88782635132313e-18 4.726584812942321e-74 4.452204750770192e-09
316.0 4.949548722173734e-05 1.002051897857394e-10 9.279541093921449e-18 8.623704367449405e-74 4.914160015626409e-09
317.0 5.3031469332968974e-05 1.1189724462215525e-10 1.09054337604915e-17 1.567419231640206e-73 5.420576495598961e-09
318.0 5.679440962119629e-05 1.248646429933957e-10 1.280297083444005e-17 2.8381595919425005e-73 5.975388016378888e-09
319.0 6.079712499639915e-05 1.392365296771452e-10 1.5015298186605656e-17 5.119929856427675e-73 6.582844475913516e-09
320.0 6.505304760043762e-05 1.5515408009806868e-10 1.7592053278054016e-17 9.2019909148364e-73 7.247534498359884e-09
321.0 6.957624824775612e-05 1.7277151852816276e-10 2.059028636721504e-17 1.6478019864093707e-72 7.974409495974445e-09
322.0 7.438146045127839e-05 1.9225721315528455e-10 2.407550435847856e-17 2.940006777647433e-72 8.768809210714283e-09
323.0 7.948410502351511e-05 2.1379485301819908e-10 2.812285250270249e-17 5.226683454859513e-72 9.636488808938396e-09
324.0 8.490031525778725e-05 2.3758471211068075e-10 3.2818450906513104e-17 9.25876179198937e-72 1.0583647606972553e-08
325.0 9.06469626894865e-05 2.638450062284086e-10 3.8260904731467164e-17 1.6343406267367908e-71 1.1616959507632668e-08
326.0 9.674168342822341e-05 2.928133483980076e-10 4.45630090846537e-17 2.8748098749108564e-71 1.2743605229508445e-08
327.0 0.00010320290505768661 3.2474830904241184e-10 5.185367194500468e-17 5.0392548548356166e-71 1.3971306414315982e-08
328.0 0.0001100498740940203 3.599310873296059e-10 6.028008104512262e-17 8.802940127537412e-71 1.5308361699702495e-08
329.0 0.00011730268400851454 3.9866730052083075e-10 7.001014347307006e-17 1.53252236637104e-70 1.6763684849807942e-08
330.0 0.000124982303787684 4.4128889836375547e-10 8.12352298610244e-17 2.6589905586367577e-70 1.8346845034363868e-08
331.0 0.00013311060703201664 4.881562100022976e-10 9.41732584652625e-17 4.598018957200243e-70 2.006810935367845e-08
332.0 0.0001417104015900083 5.396601312201815e-10 1.0907215820082907e-16 7.924678191786094e-70 2.193848770934393e-08
333.0 0.00015080545969152454 5.962244600774775e-10 1.2621375379111575e-16 1.3613261805769712e-69 2.396978011844028e-08
334.0 0.00016042054859904438 6.583083895675558e-10 1.4591812074208898e-16 2.33090757869309e-69 2.617462657996497e-08
335.0 0.00017058146172716973 7.26409166050995e-10 1.6854846273930303e-16 3.9781638289243414e-69 2.8566559594687607e-08
336.0 0.0001813150502465905 8.010649228626292e-10 1.9451656951426307e-16 6.76779715771812e-69 3.116005945253585e-08
337.0 0.00019264925512979842 8.828576986585659e-10 2.242889190757813e-16 1.1477074964089188e-68 3.397061239508645e-08
338.0 0.00020461313963392785 9.724166506281488e-10 2.5839349466874193e-16 1.940199225548574e-68 3.701477176942707e-08
339.0 0.0002172369221942419 1.0704214730245496e-09 2.9742739382046743e-16 3.269674520197933e-68 4.031022228872921e-08
340.0 0.00023055200970000195 1.1776060318763235e-09 3.4206531447253965e-16 5.493100272796238e-68 4.387584751686359e-08
341.0 0.0002445910311468462 1.2947622272846301e-09 3.93069011546673e-16 9.200192573020053e-68 4.7731800700974466e-08
342.0 0.0002593878716075927 1.4227440948907815e-09 4.51297826268521e-16 1.536222551567312e-67 5.18995790685308e-08
343.0 0.0002749777065360305 1.5624721589080997e-09 5.177204005077652e-16 2.5574107433158474e-67 5.640210172123346e-08
344.0 0.0002913970363285174 1.7149380491000228e-09 5.934276989285916e-16 4.2447012891804134e-67 6.12637912430681e-08
345.0 0.0003086837211495854 1.881209394965012e-09 6.796474734456257e-16 7.02433337889655e-67 6.651065915743531e-08
346.0 0.0003268770159676608 2.0624350105294304e-09 7.777603169270016e-16 1.15900506903008e-66 7.21703953583576e-08
347.0 0.0003460176057665771 2.2598503837052177e-09 8.89317466691358e-16 1.9067711327343657e-66 7.827246164596728e-08
348.0 0.000366147640901338 2.4747834846520433e-09 1.0160605330444817e-15 3.127918735782686e-66 8.484818949858661e-08
349.0 0.0003873107725656048 2.708660908050732e-09 1.159943343985683e-15 5.11642410386947e-66 9.193088221496239e-08
350.0 0.00040955218830322933 2.963014364417169e-09 1.323156114261337e-15 8.345304557353504e-66 9.955592155300364e-08
351.0 0.000432918647556168 3.2394875364457974e-09 1.5081521656040565e-15 1.357352666103529e-65 1.077608790058844e-07
352.0 0.0004574585171786261 3.5398433164164393e-09 1.7176774447750831e-15 2.201548313587666e-65 1.1658563184262977e-07
353.0 0.0004832218068682812 3.865971441271583e-09 1.95480310754626e-15 3.5608918876856987e-65 1.2607248404489407e-07
354.0 0.0005102602044868451 4.219896542591751e-09 2.2229614599621215e-15 5.7437340525436574e-65 1.362662922772435e-07
355.0 0.0005386271111982563 4.603786628807658e-09 2.525985572926833e-15 9.239418287119857e-65 1.4721459701697298e-07
356.0 0.000568377676384044 5.019962017652599e-09 2.868152912973603e-15 1.4822429620947357e-64 1.589677589766078e-07
357.0 0.000599568832258046 5.470904736967001e-09 3.254233360570729e-15 2.371527719807847e-64 1.7157910094121837e-07
358.0 0.0006322593281581978 5.959268412847321e-09 3.689542018315424e-15 3.784256119670915e-64 1.851050551564694e-07
359.0 0.0006665097644277584 6.487888663971834e-09 4.179997244006006e-15 6.022623376898373e-64 1.9960531638387658e-07
360.0 0.0007023826258240779 7.059794021505373e-09 4.732184378932063e-15 9.559892470999436e-64 2.1514300074407573e-07
361.0 0.0007399423143995967 7.678217394408887e-09 5.353425679481072e-15 1.5135318785027077e-63 2.3178481046841963e-07
362.0 0.0007792551818077554 8.346608100422806e-09 6.051857000563054e-15 2.3900690158012776e-63 2.496012046792768e-07
363.0 0.0008203895609094274 9.068644482505435e-09 6.836511821838037e-15 3.764597525147482e-63 2.686665762918261e-07
364.0 0.0008634157966810226 9.848247132072905e-09 7.71741325452119e-15 5.914591297314947e-63 2.8905943516506373e-07
365.0 0.000908406276283036 1.0689592739166292e-08 8.705674714447528e-15 9.269103673821318e-63 3.1086259758071755e-07
366.0 0.0009554354582754917 1.1597128591252635e-08 9.813610000171893e-15 1.4489926684692697e-62 3.3416338216446474e-07
367.0 0.0010045799008472141 1.2575587741238777e-08 1.1054853569338193e-14 2.259532662333693e-62 3.590538123192825e-07
368.0 0.0010559182890413597 1.3630004866753811e-08 1.2444491866545699e-14 3.5148232347820197e-62 3.856308252734727e-07
369.0 0.0011095314608326014 1.4765732841366137e-08 1.3999206617314266e-14 5.454175780605436e-62 4.1399648779562254e-07
370.0 0.0011655024320200993 1.598846003976448e-08 1.5737431070250266e-14 8.443136350685498e-62 4.4425821865899055e-07
371.0 0.0012239164198456546 1.73042283983297e-08 1.7679520239458294e-14 1.3038741244264355e-61 4.765290179115367e-07
372.0 0.0012848608652298464 1.8719452252241365e-08 1.9847936273564054e-14 2.0087819259408324e-61 5.109277029923562e-07
373.0 0.001348425453553133 2.024093797062779e-08 2.226745015705755e-14 3.0874729327880746e-61 5.475791517385985e-07
374.0 0.0014147021339151703 2.187590441128082e-08 2.4965361033350208e-14 4.7342878307430555e-61 5.86614552320633e-07
375.0 0.001483785136719245 2.3632004214974653e-08 2.7971734525689022e-14 7.242609893964895e-61 6.281716600977094e-07
376.0 0.0015557709895816661 2.551734596145459e-08 3.131966152759761e-14 1.1054323811854504e-60 6.723950614369107e-07
377.0 0.0016307585313702275 2.754051720587927e-08 3.504553902929546e-14 1.683346636868866e-60 7.194364444462555e-07
378.0 0.0017088489243825352 2.9710608417317428e-08 3.918937465353572e-14 2.557565481860718e-60 7.694548766459605e-07
379.0 0.0017901456644635221 3.203723783706454e-08 4.379511667899554e-14 3.8770309269133975e-60 8.226170894987573e-07
380.0 0.0018747545890830874 3.453057727767052e-08 4.8911011448172477e-14 5.86406058918123e-60 8.790977698021848e-07
381.0 0.0019627838831325598 3.72013788784688e-08 5.458999017094721e-14 8.849762471392426e-60 9.390798578140798e-07
382.0 0.00205434408251567 4.006100283826866e-08 6.089008726832867e-14 1.3326189470451387e-59 1.0027548521104775e-06
383.0 0.002149548075255348 4.312144613873036e-08 6.787489252413702e-14 2.002297939383601e-59 1.0703231209954576e-06
384.0 0.0022485111001773724 4.639537227728448e-08 7.56140394592841e-14 3.0019733330790273e-59 1.1419942204236476e-06
385.0 0.0023513507429559727 4.989614202234763e-08 8.41837324804298e-14 4.491044532836197e-59 1.217987218247499e-06
386.0 0.002458186929479617 5.363784520577262e-08 9.366731551048034e-14 6.704358175720739e-59 1.2985310246647483e-06
387.0 0.0025691419164402406 5.763533356533659e-08 1.0415588496470814e-13 9.987187615171176e-59 1.3838647286966509e-06
388.0 0.0026843402790104644 6.190425464792123e-08 1.1574895009894957e-13 1.484609130768514e-58 1.4742379404858778e-06
389.0 0.0028039088955440347 6.646108678416175e-08 1.2855514392994956e-13 2.202270476394515e-58 1.569911139218136e-06
390.0 0.002927976929176603 7.132317514259994e-08 1.4269298810369488e-13 3.2600586773683254e-58 1.6711560264188774e-06
391.0 0.003056675806287658 7.650876887174726e-08 1.582917152762647e-13 4.815960956577949e-58 1.7782558844000336e-06
392.0 0.003190139191605902 8.203705933246531e-08 1.7549215275521222e-13 7.099859547670344e-58 1.8915059395070825e-06
393.0 0.003328502960013286 8.79282194277837e-08 1.9444767136121412e-13 1.0445572007887502e-57 2.0112137299462244e-06
394.0 0.003471905164840829 9.420344402903106e-08 2.153252036632993e-13 1.5336869037209355e-57 2.137699477798066e-06
395.0 0.0036204860026121874 1.0088499149898757e-07 2.3830633596154173e-13 2.2473436011846048e-57 2.271296464890108e-06
396.0 0.003774387774145716 1.079962263095211e-07 2.6358847860901003e-13 3.28652349553276e-57 2.4123514121486254e-06
397.0 0.003933754841890365 1.1556166274781916e-07 2.9138611948901137e-13 4.7967230369447364e-57 2.561224862000281e-06
398.0 0.004098733583486307 1.2360700970610613e-07 3.2193216570482445e-13 6.987137027365339e-57 2.7182915634382975e-06
399.0 0.0042694723413457085 1.321592165415751e-07 3.5547937876569375e-13 1.0157962561111015e-56 2.8839408592146294e-06
400.0 0.004446121368302374 1.4124651999781098e-07 3.9230190881720996e-13 1.4739156699668136e-56 3.058577074752297e-06
401.0 0.0046288327691696544 1.5089849217011192e-07 4.3269693370225706e-13 2.134534771627343e-56 3.2426199082077644e-06
402.0 0.004817760438148672 1.611460894970211e-07 4.7698640890439e-13 3.0853485154497946e-56 3.436504821147575e-06
403.0 0.00501305999202267 1.720217027571365e-07 5.255189346898808e-13 4.451243839936622e-56 3.640683429269202e-06
404.0 0.005214888699072295 1.835592080469881e-07 5.786717470345159e-13 6.409739984852412e-56 3.855623892563902e-06
405.0 0.005423405403655551 1.9579401871272753e-07 6.368528391973028e-13 9.212700565420519e-56 4.081811304294418e-06
406.0 0.005638770446325593 2.087631382022528e-07 7.005032210740488e-13 1.3216808710412384e-55 4.319748078074013e-06
407.0 0.005861145579559683 2.2250521380782263e-07 7.700993237698223e-13 1.8926263806437553e-55 4.569954332449248e-06
408.0 0.006090693878912345 2.3706059125623147e-07 8.461555570872179e-13 2.705249244028244e-55 4.8329682721628245e-06
409.0 0.006327579649628177 2.524713701075087e-07 9.292270279419508e-13 3.859750279350467e-55 5.109346565403858e-06
410.0 0.006571968328649222 2.687814599155496e-07 1.0199124279986905e-12 5.49700358569674e-55 5.399664716245424e-06
411.0 0.006824026382000283 2.8603663710172634e-07 1.1188570991203002e-12 7.814712954293792e-55 5.704517431473101e-06
412.0 0.00708392119746325 3.042846024852407e-07 1.2267562855069778e-12 1.1089845371008887e-54 6.024518980914696e-06
413.0 0.0073518209726124795 3.2357503941616046e-07 1.3443585817217296e-12 1.5709725648166045e-54 6.360303550480088e-06
414.0 0.0076278945980754465 3.439596724439171e-07 1.472469586059266e-12 2.2215060836784192e-54 6.7125255869139705e-06
415.0 0.007912311536138665 3.6549232646021703e-07 1.611955769050349e-12 3.1359368165135986e-54 7.081860133446025e-06
416.0 0.008205241694566462 3.882289862397294e-07 1.7637485671393778e-12 4.419091910622664e-54 7.4690031552752015e-06
417.0 0.008506855295734687 4.122278563072733e-07 1.9288487119002014e-12 6.216553711712967e-54 7.87467185399333e-06
418.0 0.00881732274102075 4.375494210481906e-07 2.1083308054060238e-12 8.730160207947033e-54 8.299604969881383e-06
419.0 0.009136814470505478 4.642565049787348e-07 2.3033481526654684e-12 1.2239269449941366e-53 8.7445630710807e-06
420.0 0.009465500817998062 4.92414333086205e-07 2.51513786229497e-12 1.7129882365101323e-53 9.210328828571102e-06
421.0 0.00980355186140633 5.220905911438512e-07 2.745026226856838e-12 2.3934461563485203e-53 9.697707275866603e-06
422.0 0.010151137268522748 5.533554859028486e-07 2.994434394552304e-12 3.338628425481317e-53 1.0207526052356514e-05
423.0 0.010508426138202888 5.862818050533825e-07 3.2648843441678276e-12 4.649351215738503e-53 1.0740635629098345e-05
424.0 0.010875586837124954 6.209449768529513e-07 3.5580051754552835e-12 6.463996576454298e-53 1.1297909516052145e-05
425.0 0.011252786832023074 6.574231292986508e-07 3.875539727247264e-12 8.972200776847706e-53 1.1880244449423343e-05
426.0 0.011640192517598826 6.957971487316626e-07 4.219351535888248e-12 1.243341738070695e-52 1.248856055806713e-05
427.0 0.012037969040178667 7.361507377497894e-07 4.59143214669858e-12 1.720205064464755e-52 1.3123801507751565e-05
428.0 0.012446280117121221 7.785704722943183e-07 4.993908791310382e-12 2.376143049162656e-52 1.37869346219806e-05
429.0 0.012865287852175509 8.231458577837852e-07 5.429052443911595e-12 3.276966659019521e-52 1.4478950978266809e-05
430.0 0.013295152546854651 8.69969384154046e-07 5.899286269492489e-12 4.512143747890426e-52 1.5200865478581846e-05
431.0 0.013736032507940968 9.19136579661663e-07 6.407194477281062e-12 6.2031122053994546e-52 1.5953716892747383e-05
432.0 0.014188083851234155 9.707460633020977e-07 6.955531592599235e-12 8.514447116040731e-52 1.6738567873508506e-05
433.0 0.014651460301765047 1.024899595696528e-06 7.547232160440826e-12 1.1668838546023747e-51 1.755650494214724e-05
434.0 0.015126312990519919 1.081702128284393e-06 8.185420893976535e-12 1.5967149398137654e-51 1.840863844327827e-05
435.0 0.015612790247876224 1.1412618506639862e-06 8.873423281207693e-12 2.1815235320039277e-51 1.9296102467637538e-05
436.0 0.01611103739391256 1.2036902359162079e-06 9.614776662885685e-12 2.975975188127918e-51 2.0220054741624854e-05
437.0 0.016621196525808523 1.2691020837459278e-06 1.0413241794716385e-11 4.053588846643316e-51 2.1181676482423988e-05
438.0 0.01714340630246569 1.3376155612648377e-06 1.1272814906652088e-11 5.513090598441474e-51 2.2182172217418974e-05
439.0 0.01767780172650814 1.4093522412366929e-06 1.219774027185928e-11 7.486858461808773e-51 2.322276956665178e-05
440.0 0.01822451392405863 1.4844371376206685e-06 1.3192523297851301e-11 1.0152129664733869e-50 2.4304718987382702e-05
441.0 0.018783669922222763 1.562998738208532e-06 1.4261944151657078e-11 1.374585220479148e-50 2.5429293479221763e-05
442.0 0.01935539242476139 1.6451690341903932e-06 1.5411071930892003e-11 1.8584336867293173e-50 2.6597788249018032e-05
443.0 0.019939799586018617 1.7310835464481199e-06 1.664527939190411e-11 2.5089223480491464e-50 2.7811520334171253e-05
444.0 0.020537004783449962 1.8208813483945004e-06 1.797025824588471e-11 3.3821740515418284e-50 2.9071828183410716e-05
445.0 0.021147116388948044 1.914705085161632e-06 1.9392035033193988e-11 4.552784177843223e-50 3.038007119391204e-05
446.0 0.021770237539203645 2.012700988942408e-06 2.0916987585576675e-11 6.119758847773898e-50 3.173762920369427e-05
447.0 0.022406465905468947 2.115018890298554e-06 2.255186208540121e-11 8.214316144095753e-50 3.314590193845266e-05
448.0 0.023055893462894942 2.2218122252296953e-06 2.4303790730161287e-11 1.1010120343452784e-49 3.4606308411737684e-05
449.0 0.02371860625978466 2.3332380378114336e-06 2.6180310009830142e-11 1.4736689074947184e-49 3.612028627766319e-05
450.0 0.024394684187078533 2.4494569782077467e-06 2.8189379603785404e-11 1.9696932553399175e-49 3.7689291135334995e-05
451.0 0.025084200748260347 2.570633295849738e-06 3.03394019029436e-11 2.6290066492063107e-49 3.931479578403662e-05
452.0 0.02578722283018602 2.696934827603487e-06 3.263924216207748e-11 3.504150371080486e-49 4.0998289428731784e-05
453.0 0.026503810474904976 2.828532980707096e-06 3.5098249285720214e-11 4.6641796377736466e-49 4.274127683482944e-05
454.0 0.027234016653062305 2.9656027103102596e-06 3.772627725050332e-11 6.1997299916571565e-49 4.454527743201576e-05
455.0 0.027977887038964942 3.108322491399182e-06 4.053370716492696e-11 8.22959972414879e-49 4.64118243662216e-05
456.0 0.028735459787838303 3.2568742849376295e-06 4.353146996679375e-11 1.0909290422562952e-48 4.8342463499559635e-05
457.0 0.0295067653154826 3.4114434980239372e-06 4.673106975673455e-11 1.4442073247131022e-48 5.033875235762285e-05
458.0 0.030291826080762176 3.5722189378905965e-06 5.014460776506684e-11 1.9093308720881974e-48 5.240225902396828e-05
459.0 0.031090656371174676 3.739392759555966e-06 5.378480694740093e-11 2.520895194825263e-48 5.453456098137523e-05
460.0 0.0319032620920204 3.913160406973142e-06 5.76650372031839e-11 3.3239434986754304e-48 5.67372439000093e-05
461.0 0.032729640559315994 4.093720547481818e-06 6.179934120904504e-11 4.3770448327073364e-48 5.9011900372060364e-05
462.0 0.033569780296981246 4.281274999419371e-06 6.62024608576156e-11 5.756256262824142e-48 6.136012859317052e-05
463.0 0.03442366083860748 4.476028652727755e-06 7.088986429025668e-11 7.560216327402902e-48 6.378353099068172e-05
464.0 0.035291252534105685 4.678189382396948e-06 7.587777351010064e-11 9.916684313497236e-48 6.628371279879678e-05
465.0 0.0361725163617283 4.887967954618292e-06 8.118319256014984e-11 1.2990924965871836e-47 6.886228058120685e-05
466.0 0.03706740374568731 5.105577925493672e-06 8.682393624849304e-11 1.6996445673224607e-47 7.152084070133797e-05
467.0 0.03797585637986555 5.331235532191173e-06 9.281865940106391e-11 2.2208728668801015e-47 7.426099774098794e-05
468.0 0.038897806057864345 5.565159576412972e-06 9.918688661952066e-11 2.8982771447476726e-47 7.708435286775254e-05
469.0 0.039833174509891614 5.807571300086858e-06 1.0594904252006588e-10 3.777546329634565e-47 7.999250215225351e-05
470.0 0.04078187324664358 6.058694253154337e-06 1.131264824257486e-10 4.917409557905255e-47 8.298703483561497e-05
471.0 0.04174380341082376 6.3187541534088395e-06 1.2074152348350586e-10 6.393264189578012e-47 8.60695315487153e-05
472.0 0.04271885563634372 6.587978738263797e-06 1.2881747617310886e-10 8.301786844552011e-47 8.924156248367912e-05
473.0 0.043706909915778816 6.86659760841901e-06 1.3737867617392075e-10 1.0766786589685626e-46 9.25046855192498e-05
474.0 0.044707835476367516 7.15484206336623e-06 1.464505165519572e-10 1.394662578800945e-46 9.586044430124635e-05
475.0 0.04572149066486221 7.452944928691192e-06 1.560594802270455e-10 1.804361700551553e-46 9.931036627947479e-05
476.0 0.04674772284153097 7.761140375141414e-06 1.66233172677009e-10 2.3315907734969063e-46 0.00010285596070256628
477.0 0.047786368283794005 8.07966372947491e-06 1.770003548336362e-10 3.0092493443565367e-46 0.00010649871657275667
478.0 0.048837252099578794 8.408751277055941e-06 1.8839097612097527e-10 3.879215962074889e-46 0.00011024010056189173
479.0 0.049900188150995735 8.748640056265411e-06 2.0043620758539354e-10 4.994735252340188e-46 0.00011408155489121279
480.0 0.05097497898828956 9.099567644702516e-06 2.1316847506160363e-10 6.4234225313925084e-46 0.00011802449517618721
481.0 0.052061415794715606 9.461771937289866e-06 2.2662149231850036e-10 8.251041246388985e-46 0.00012207030823934135
482.0 0.053159278342354316 9.835490916303587e-06 2.4083029412329997e-10 1.0586246437735961e-45 0.0001262203498927667
483.0 0.05426833495923475 1.0220962413429706e-05 2.5583126916087366e-10 1.3566534298000892e-45 0.0001304759426929144
484.0 0.05538834250808066 1.0618423863959448e-05 2.716621927420933e-10 1.736569580693327e-45 0.00013483837367032385
485.0 0.05651904637677977 1.1028112053215361e-05 2.8836225923107127e-10 2.2203143862093713e-45 0.00013930889203655965
486.0 0.05766018048098719 1.1450262855379444e-05 3.059721141197579e-10 2.8355571360827414e-45 0.00014388870687152692
487.0 0.05881146727893522 1.1885110964850876e-05 3.2453388567386677e-10 3.6171506051041556e-45 0.00014857898479365611
488.0 0.05997261779868789 1.2332889620313091e-05 3.440912160720481e-10 4.608946119439581e-45 0.00015338084761599069
489.0 0.061143331678127466 1.2793830321723115e-05 3.646892919578117e-10 5.866054469300155e-45 0.00015829536999149065
490.0 0.062323297217657364 1.3268162540395811e-05 3.863748743192927e-10 7.457659001750929e-45 0.00016332357705023176
491.0 0.06351219144599862 1.3756113422458524e-05 4.091963276115364e-10 9.470511816448398e-45 0.00016846644203232205
492.0 0.06470968019901978 1.4257907485884575e-05 4.3320364803096876e-10 1.201327408031016e-44 0.00017372488391938112
493.0 0.06591541821185425 1.4773766311400568e-05 4.584484908510157e-10 1.522189826520719e-44 0.00017909976506835635
494.0 0.0671290492243316 1.5303908227539243e-05 4.849841967242135e-10 1.926629503453086e-44 0.00018459188885100913
495.0 0.06835020609988258 1.5848547990160198e-05 5.128658168547249e-10 2.4358582296943394e-44 0.00019020199730287242
496.0 0.06957851095790965 1.6407896456747706e-05 5.421501369419877e-10 3.07632807032064e-44 0.00019593076878516552
497.0 0.07081357531966592 1.6982160255828035e-05 5.728956997945588e-10 3.880990110746549e-44 0.0002017788156633994
498.0 0.0720550002677915 1.7571541451898025e-05 6.051628265122685e-10 4.89084682828629e-44 0.0002077466820068329
499.0 0.07330237661932551 1.817623720620163e-05 6.390136361306678e-10 6.156864512009371e-44 0.00021383484131212304
500.0 0.07455528511235564 1.8796439433795796e-05 6.745120636229452e-10 7.742326702545237e-44 0.00022004369425559234
501.0 0.07581329660612558 1.9432334457287298e-05 7.11723876150449e-10 9.72572725215797e-44 0.00022637356647766684
502.0 0.07707597229466585 2.008410265770549e-05 7.507166874540443e-10 1.220432294288337e-43 0.00023282470640384502
503.0 0.07834286393377005 2.0751918122936678e-05 7.915599702754212e-10 1.5298491399092724e-43 0.00023939728310593979
504.0 0.07961351408130347 2.1435948294210552e-05 8.343250666984791e-10 1.9157071189829295e-43 0.00024609138420791335
505.0 0.08088745635062794 2.213635361109751e-05 8.79085196298507e-10 2.3963898609051355e-43 0.00025290701384009283
506.0 0.08216421567706236 2.2853287155531642e-05 9.259154619880367e-10 2.994580092880594e-43 0.00025984409064603594
507.0 0.08344330859727549 2.358689429539094e-05 9.748928534482819e-10 3.7382360466325405e-43 0.000266902445846329
508.0 0.08472424354124772 2.433731232811451e-05 1.0260962480326732e-09 4.661782940571878e-43 0.0002740818213628474
509.0 0.08600652113671965 2.5104670124930873e-05 1.0796064090324265e-09 5.807565412563433e-43 0.00028138186800791574
510.0 0.08728963452594382 2.5889087776266245e-05 1.1355059811943905e-09 7.227616236728953e-43 0.0002888021437425777
511.0 0.08857306969435627 2.6690676238860492e-05 1.1938794833800051e-09 8.985807997058718e-43 0.00029634211200754696
512.0 0.08985630581093682 2.750953698517743e-05 1.2548132982575434e-09 1.1160467970990475e-42 0.0003040011401309319
513.0 0.09113881558003101 2.834576165571696e-05 1.3183956589218801e-09 1.384755272363995e-42 0.0003117784978168785
514.0 0.09242006560423804 2.9199431714798895e-05 1.384716632335948e-09 1.7164498331800856e-42 0.00031967335571871086
515.0 0.09369951675806819 3.0070618110434013e-05 1.4538680994918717e-09 2.1254885341311615e-42 0.00032768478410049435
516.0 0.09497662457199256 3.095938093888522e-05 1.525943732191484e-09 2.6294085213981128e-42 0.00033581175159065824
517.0 0.09625083962653601 3.186576911454264e-05 1.6010389663494636e-09 3.249608796858603e-42 0.00034405312403139776
518.0 0.09752160795597062 3.278982004571746e-05 1.6792509717244591e-09 4.0121749938925323e-42 0.0003524076634272192
519.0 0.09878837146121228 3.373155931698369e-05 1.7606786179880767e-09 4.9488747206752464e-42 0.00036087402699612134
520.0 0.10005056833156753 3.469100037871946e-05 1.845422437046596e-09 6.09835756653673e-42 0.00036945076632701563
521.0 0.101307633474698 3.566814424441452e-05 1.933584581530107e-09 7.507600441152784e-42 0.00037813632664593057
522.0 0.10255899895453811 3.6662979196438433e-05 2.025268779374884e-09 9.233646710321982e-42 0.0003869290461948093
523.0 0.10380409443648607 3.7675480500827265e-05 2.1205802844227728e-09 1.134569682297072e-41 0.0003958271557251162
524.0 0.1050423476395576 3.8705610131777135e-05 2.2196258229736664e-09 1.3927619046021864e-41 0.0004048287781097491
525.0 0.10627318479481876 3.975331650640339e-05 2.3225135362260093e-09 1.7080961833837863e-41 0.00041393192807526814
526.0 0.1074960311096713 4.08185342304137e-05 2.4293529185514122e-09 2.0928564604170544e-41 0.0004231345120573031
527.0 0.10871031123737453 4.190118385527501e-05 2.5402547515523166e-09 2.5618881677623255e-41 0.00043243432818118
528.0 0.1099154497513058 4.30011716474915e-05 2.65533103386086e-09 3.1331155334396804e-41 0.0004418290663701166
529.0 0.11111087162335437 4.411838937056902e-05 2.774694906642173e-09 3.828159889988642e-41 0.0004513163085828093
530.0 0.1122960027058904 4.525271408024884e-05 2.8984605747737174e-09 4.67307801284895e-41 0.00046089352918224905
531.0 0.11347027021664777 4.640400793354736e-05 3.026743223677693e-09 5.69924296553676e-41 0.00047055809543705376
532.0 0.11463310322604436 4.75721180121994e-05 3.15965893179609e-09 6.94439397909491e-41 0.0004803072681571725
533.0 0.11578393314620583 4.875687616099015e-05 3.297324578699949e-09 8.453886644225875e-41 0.0004901382024646131
534.0 0.11692219422114057 4.9958098841517455e-05 3.4398577488374533e-09 1.02821802617306e-40 0.0005000479487003844
535.0 0.1180473240174553 5.1175587001890296e-05 3.587376630933111e-09 1.249460571444091e-40 0.000510033453468435
536.0 0.11915876391494765 5.240912596282804e-05 3.739999913057526e-09 1.5169464846777291e-40 0.000520091560816933
537.0 0.120255959596439 5.365848532061801e-05 3.89784667339751e-09 1.8400521245541688e-40 0.0005302190135571422
538.0 0.1213383615362557 5.4923418867387196e-05 4.061036266766842e-09 2.2299952714240285e-40 0.0005404124547201178
539.0 0.12240542548669975 5.620366452909345e-05 4.229688206905746e-09 2.7001847861507806e-40 0.0005506684291509411
540.0 0.12345661296185424 5.749894432161971e-05 4.4039220446270525e-09 3.266634335661234e-40 0.0005609833852400025
541.0 0.12449139171813817 5.8808964325358407e-05 4.583857241878867e-09 3.948451485753154e-40 0.000571353676790889
542.0 0.1255092362308886 6.013341467858547e-05 4.769613041799143e-09 4.7684153752920945e-40 0.0005817755650235982
543.0 0.12650962816645125 6.147196958998795e-05 4.961308334854694e-09 5.7536584095817206e-40 0.0005922452207124572
544.0 0.12749205684904005 6.282428737057442e-05 5.15906152115892e-09 6.936469992265598e-40 0.0006027587264568556
545.0 0.12845601972186774 6.419001048528302e-05 5.36299036908246e-09 8.355243309544537e-40 0.0006133120790837728
546.0 0.12940102280175902 6.556876562442508e-05 5.57321187026883e-09 1.0055589650584108e-39 0.0006239011921794362
547.0 0.13032658112683979 6.696016379525474e-05 5.7898420911929495e-09 1.2091648765748125e-39 0.0006345218987489705
548.0 0.13123221919652778 6.836380043374015e-05 6.012996021395521e-09 1.4527628411890315e-39 0.0006451699540009137
549.0 0.13211747140332966 6.977925553670827e-05 6.242787418547305e-09 1.7439611605359957e-39 0.0006558410382544726
550.0 0.13298188245584816 7.120609381444888e-05 6.479328650503012e-09 2.091767630575982e-39 0.0006665307599666686
551.0 0.1338250077923923 7.264386486381861e-05 6.722730534514028e-09 2.5068379409038525e-39 0.0006772346588761752
552.0 0.13464641398468685 7.409210336189364e-05 6.973102173782586e-09 3.001766517635978e-39 0.000687948209260849
553.0 0.13544567913109617 7.555032928013993e-05 7.230550791545932e-09 3.5914267723698815e-39 0.0006986668233052952
554.0 0.13622239323885624 7.701804811906423e-05 7.495181562891818e-09 4.2933688126314435e-39 0.000709385854574891
555.0 0.13697615859480117 7.849475116326344e-05 7.767097444514533e-09 5.128283925656273e-39 0.0007201006015923789
556.0 0.13770659012407238 7.997991575674523e-05 8.046399002629876e-09 6.120546590498685e-39 0.000730806311512855
557.0 0.13841331573634377 8.147300559836942e-05 8.33318423927693e-09 7.298846429626629e-39 0.0007414981838929142
558.0 0.13909597665910312 8.297347105722057e-05 8.627548417243514e-09 8.696924410139001e-39 0.000752171374549482
559.0 0.13975422775755356 8.448074950768774e-05 8.929583883860336e-09 1.0354429780250507e-38 0.000762820999503697
560.0 0.14038773784068326 8.599426568396626e-05 9.239379893914688e-09 1.231791671683975e-38 0.0007734421390048189
561.0 0.14099618995315547 8.751343205371598e-05 9.557022431947387e-09 1.4642002507734174e-38 0.0007840298416294559
562.0 0.1415792816525882 8.903764921050832e-05 9.882594034197577e-09 1.7390712346582044e-38 0.0007945791284506581
563.0 0.14213672527188104 9.056630628469716e-05 1.0216173610470147e-08 2.0639039533452224e-38 0.0008050849972716141
564.0 0.14266824816629123 9.209878137233422e-05 1.0557836266209844e-08 2.447475411246219e-38 0.0008155424269187272
565.0 0.1431735929448947 9.363444198165152e-05 1.0907653125064348e-08 2.9000497808191745e-38 0.0008259463815881563
566.0 0.143652517686164 9.517264549664927e-05 1.1265691152229774e-08 3.433620862361626e-38 0.0008362918152402174
567.0 0.14410479613742525 9.671273965729898e-05 1.1632012978877508e-08 4.062192472154006e-38 0.000846573676035982
568.0 0.14453021789791584 9.825406305579345e-05 1.200667672796016e-08 4.802102432756587e-38 0.0008567869108098984
569.0 0.14492858858525545 9.979594564829023e-05 1.2389735841703142e-08 5.672396647611995e-38 0.0008669264695725853
570.0 0.14529972998513788 0.00010133770928154269 1.2781238911090089e-08 6.695260659576968e-38 0.0008769873100376724
571.0 0.14564348018407455 0.00010287866823378063 1.3181229507650778e-08 7.896517133467862e-38 0.0008869644021664888
572.0 0.14595969368505554 0.00010441812976918287 1.3589746017865096e-08 9.306198881682362e-38 0.0008968527327244052
573.0 0.1462482415060342 0.0001059553947052632 1.4006821480496817e-08 1.0959208386771638e-37 0.0009066473098426629
574.0 0.14650901126112092 0.00010748975799243285 1.4432483427168827e-08 1.2896076284861167e-37 0.0009163431675792137
575.0 0.14674190722445818 0.00010902050930502407 1.4866753726497041e-08 1.5163832980652397e-37 0.0009259353704724632
576.0 0.14694685037673302 0.00011054693364299952 1.5309648432093678e-08 1.781700949243963e-37 0.0009354190180815102
577.0 0.14712377843431043 0.0001120683119435533 1.5761177634751232e-08 2.0918785800999123e-37 0.0009447892495064989
578.0 0.1472726458610389 0.00011358392170182257 1.622134531911973e-08 2.454230742916115e-37 0.0009540412478830018
579.0 0.14739342386273982 0.00011509303759985309 1.6690149225179617e-08 2.8772193742533043e-37 0.0009631702448439177
580.0 0.14748610036448728 0.00011659493214300359 1.7167580714817123e-08 3.3706264573105796e-37 0.0009721715249428961
581.0 0.14755067997074894 0.00011808887630290674 1.7653624643798297e-08 3.94575152671799e-37 0.000981040430032934
582.0 0.14758718390852954 0.00011957414016612509 1.8148259239436826e-08 4.615637419260657e-37 0.0009897723635941495
583.0 0.14759564995366203 0.00012104999358761267 1.8651455984243572e-08 5.3953281157996266e-37 0.0009983627950046813
584.0 0.14757613234041403 0.00012251570684807927 1.9163179505839555e-08 6.302163015392439e-37 0.001006807263748744
585.0 0.14752870165461432 0.00012397055131435392 1.9683387473406634e-08 7.3561125384823365e-37 0.0010151013835560281
586.0 0.14745344471051675 0.0001254138001018297 2.0212030500944002e-08 8.580160578819763e-37 0.0010232408464667055
587.0 0.14735046441164493 0.00012684472873806822 2.0749052057588056e-08 1.0000740021010991e-36 0.0010312214268164174
588.0 0.14721987959588823 0.00012826261582663806 2.129438838524545e-08 1.1648228320545706e-36 0.001039038985135782
589.0 0.1470618248651329 0.00012966674371025938 2.1847968423779988e-08 1.3557511014967532e-36 0.0010466894719590777
590.0 0.14687645039974226 0.00013105639913232496 2.2409713743981203e-08 1.576862200857792e-36 0.0010541689315369128
591.0 0.14666392175820966 0.0001324308738958669 2.29795384885348e-08 1.8327470559780313e-36 0.0010614735054478358
592.0 0.1464244196623449 0.00013378946551905323 2.3557349321201325e-08 2.1286666112034066e-36 0.0010685994361040933
593.0 0.14615813976835115 0.00013513147788628225 2.4143045384397558e-08 2.4706453459793214e-36 0.0010755430701467731
594.0 0.14586529242418947 0.0001364562218939739 2.4736518265364398e-08 2.865577224439997e-36 0.0010823008617259317
595.0 0.14554610241362395 0.00013776301609013734 2.5337651971087758e-08 3.321345644780611e-36 0.0010888693756612971
596.0 0.14520080868738663 0.00013905118730684013 2.5946322912131456e-08 3.846959141184727e-36 0.0010952452904796144
597.0 0.14482966408187506 0.0001403200712846741 2.6562399895520145e-08 4.452704797688815e-36 0.001101425401324565
598.0 0.14443293502585966 0.00014156901328836832 2.7185744126801713e-08 5.1503215627142255e-36 0.0011074066227357805
599.0 0.14401090123564161 0.00014279736871267528 2.7816209221399046e-08 5.953195907394392e-36 0.0011131859912933276
600.0 0.1435638553991604 0.00014400450367771118 2.845364122534945e-08 6.87658255278917e-36 0.0011187606681246048
601.0 0.14309210284952922 0.00014518979561291742 2.909787864551184e-08 7.93785330336995e-36 0.0011241279412705682
602.0 0.14259596122849497 0.00014635263382884337 2.9748752489305414e-08 9.156777369771673e-36 0.0011292852279085233
603.0 0.14207576014035467 0.00014749242007598768 3.040608631403256e-08 1.0555836946010661e-35 0.0011342300764291104
604.0 0.14153184079682132 0.00014860856908992002 3.106969628581262e-08 1.2160582228728138e-35 0.001138960168365036
605.0 0.14096455565339197 0.00014970050912197413 3.1739391248148684e-08 1.4000030532399098e-35 0.001143473320169714
606.0 0.14037426803773143 0.00015076768245478466 3.241497280011988e-08 1.6107114669043177e-35 0.0011477674848438854
607.0 0.13976135177062543 0.00015180954590200213 3.309623538418574e-08 1.8519186328392412e-35 0.0011518407534088053
608.0 0.13912619078006208 0.00015282557129154759 3.378296638356919e-08 2.127858081960054e-35 0.0011556913562248317
609.0 0.1384691787089397 0.0001538152459317298 3.447494622915561e-08 2.443325022384977e-35 0.0011593176641539972
610.0 0.1377907185170344 0.0001547780730597182 3.5171948515856904e-08 2.803747276442355e-35 0.0011627181895664516
611.0 0.13709122207770588 0.00015571357227172914 3.5873740128337486e-08 3.2152647033209697e-35 0.0011658915871896607
612.0 0.13637110976994254 0.00015662127993444142 3.658008137600911e-08 3.68481806270809e-35 0.0011688366548004588
613.0 0.13563081006628555 0.00015750074957713217 3.729072613717289e-08 4.2202483751420027e-35 0.0011715523337598496
614.0 0.13487075911719196 0.00015835155226406856 3.8005422012171894e-08 4.830407944921032e-35 0.0011740377093908043
615.0 0.13409140033239503 0.00015917327694673847 3.8723910485404805e-08 5.525284332114881e-35 0.0011762920111996365
616.0 0.13329318395977807 0.00015996553079548176 3.944592709602214e-08 6.31613869243313e-35 0.0011783146129413565
617.0 0.1324765666623825 0.00016072793951025073 4.0171201617141135e-08 7.215660048425085e-35 0.0011801050325306432
618.0 0.13164201109399562 0.00016146014761006446 4.089945824335331e-08 8.23813721376299e-35 0.0011816629317987976
619.0 0.1307899854739359 0.0001621618187009626 4.163041578633108e-08 9.39965026537114e-35 0.0011829881160988153
620.0 0.12992096316153115 0.00016283263572216752 4.2363787878295236e-08 1.0718283647111392e-34 0.0011840805337599478
621.0 0.12903542223079764 0.00016347230117022283 4.309928318309344e-08 1.221436319497012e-34 0.0011849402753935016
622.0 0.1281338450458811 0.00016408053730098367 4.383660561464686e-08 1.3910719598610995e-34 0.0011855675730523803
623.0 0.127216717837719 0.0001646570863092598 4.4575454562476536e-08 1.5832981059290973e-34 0.0011859627992462437
624.0 0.12628453028244735 0.00016520171048604068 4.5315525124036445e-08 1.8009898171114305e-34 0.0011861264658150513
625.0 0.12533777508203964 0.00016571419235323064 4.605650834355371e-08 2.0473704343147165e-34 0.0011860592226636696
626.0 0.12437694754764003 0.0001661943347758496 4.679809145706498e-08 2.326051539590418e-34 0.001185761856360341
627.0 0.12340254518606597 0.00016664196105170909 4.753995814333162e-08 2.6410772309125276e-34 0.001185235288602141
628.0 0.12241506728994953 0.0001670569149786303 4.828178878030954e-08 2.996973147070557e-34 0.0011844805745508604
629.0 0.12141501453189986 0.0001674390608991988 4.90232607068134e-08 3.3988007181365768e-34 0.0011834989010421507
630.0 0.12040288856320142 0.00016778828372328173 4.976404848905673e-08 3.852217160859798e-34 0.0011822915846723477
631.0 0.11937919161739412 0.00016810448892835999 5.050382419168608e-08 4.363541785906038e-34 0.0011808600697660221
632.0 0.11834442611913565 0.0001683876025378539 5.1242257652943813e-08 4.939829235375005e-34 0.0011792059262281448
633.0 0.11729909429880514 0.00016863757107774994 5.197901676361362e-08 5.588950324775951e-34 0.0011773308472855385
634.0 0.11624369781310265 0.00016885436151161404 5.271376774932745e-08 6.319681223925835e-34 0.0011752366471206256
635.0 0.11517873737212979 0.0001690379611544439 5.344617545589875e-08 7.141801776393933e-34 0.0011729252584029555
636.0 0.11410471237316076 0.00016918837756547606 5.4175903637239304e-08 8.066203827464709e-34 0.0011703987297215282
637.0 0.11302212054154259 0.00016930563842045175 5.490261524551678e-08 9.105010506536682e-34 0.0011676592229235279
638.0 0.11193145757896023 0.00016938979136359134 5.562597272312255e-08 1.0271707491746299e-33 0.0011647090103631982
639.0 0.11083321681937512 0.00016944090383969455 5.634563829605895e-08 1.158128737286152e-33 0.0011615504720656413
640.0 0.109727888892935 0.00016945906290681277 5.706127426835569e-08 1.3050408323524977e-33 0.0011581860928104029
641.0 0.10861596139808156 0.00016944437502988718 5.7772543317097194e-08 1.4697568396196257e-33 0.0011546184591392343
642.0 0.10749791858213058 0.00016939696585586676 5.847910878767735e-08 1.6543296863144738e-33 0.001150850256293118
643.0 0.10637424103050372 0.00016931697997072005 5.9180634988852734e-08 1.8610364145033637e-33 0.001146884265082852
644.0 0.10524540536489058 0.00016920458063896183 5.987678748723301e-08 2.0924011995608143e-33 0.0011427233586987842
645.0 0.10411188395045282 0.00016905994952609734 6.056723340076905e-08 2.3512205747211714e-33 0.0011383704994636602
646.0 0.10297414461231862 0.00016888328640464944 6.125164169088033e-08 2.6405910567992215e-33 0.0011338287355342482
647.0 0.10183265036145671 0.00016867480884422478 6.192968345279259e-08 2.9639393838225823e-33 0.0011291011975558323
648.0 0.1006878591301476 0.000168434751886326 6.260103220374334e-08 3.325055592092337e-33 0.0011241910952752689
649.0 0.09954022351709838 0.00016816336770437913 6.326536416862392e-08 3.728129178131994e-33 0.0011191017141165638
650.0 0.09839019054238246 0.00016786092524970892 6.39223585627256e-08 4.177788610185532e-33 0.0011138364117245926
651.0 0.0972382014122455 0.00016752770988400444 6.457169787119046e-08 4.679144474436142e-33 0.0011083986144811784
652.0 0.09608469129386987 0.00016716402299893254 6.521306812480748e-08 5.23783656302965e-33 0.0011027918139984254
653.0 0.09493008910018645 0.0001667701816236018 6.584615917182212e-08 5.860085234372436e-33 0.001097019563594357
654.0 0.0937748172847299 0.00016634651802043942 6.64706649453754e-08 6.552747401108543e-33 0.0010910854747548922
655.0 0.09261929164660156 0.00016589337927020836 6.708628372625608e-08 7.323377527766409e-33 0.001084993213587169
656.0 0.09146392114556832 0.0001654111268468557 6.769271840064819e-08 8.18029404837491e-33 0.0010787464972688598
657.0 0.09030910772725452 0.00016490013618278773 6.828967671252122e-08 9.132651644472444e-33 0.0010723490904974119
658.0 0.08915524615844554 0.000164360796225306 6.887687151037578e-08 1.0190519855984017e-32 0.0010658048019439436
659.0 0.08800272387248703 0.00016379350898490793 6.945402098805799e-08 1.1364968531498454e-32 0.001059117480716213
660.0 0.08685192082469473 0.0001631986890760463 7.002084891931696e-08 1.2668160660642862e-32 0.001052291012834286
661.0 0.08570320935778891 0.00016257676325115905 7.057708488588797e-08 1.411345316965368e-32 0.0010453293177238253
662.0 0.08455695407720844 0.00016192816992849918 7.112246449877132e-08 1.571550630194379e-32 0.001038236344730018
663.0 0.08341351173629949 0.0001612533587145798 7.165672961251728e-08 1.749040224863087e-32 0.0010310160696569016
664.0 0.08227323113124835 0.00016055278992183438 7.217962853224762e-08 1.9455773739687647e-32 0.0010236724913353752
665.0 0.08113645300565449 0.0001598269340821531 7.269091621318342e-08 2.1630943354733965e-32 0.0010162096282235018
666.0 0.08000350996466901 0.00015907627145703298 7.319035445250372e-08 2.403707436366031e-32 0.0010086315150430922
667.0 0.07887472639852165 0.0001583012915448927 7.367771207328743e-08 2.669733396130678e-32 0.0010009421994553152
668.0 0.07775041841537897 0.00015750249258634756 7.415276510042376e-08 2.9637069817543485e-32 0.000993145738779543
669.0 0.07663089378329074 0.00015668038106788802 7.461529692822935e-08 3.2884000924292266e-32 0.0009852461967573309
670.0 0.07551645188118448 0.00015583547122480717 7.506509847971808e-08 3.64684237846329e-32 0.00097724764036593
671.0 0.07440738365865635 0.00015496828454381848 7.550196835729618e-08 4.042343505600784e-32 0.0009691541366830738
672.0 0.0733039716044595 0.00015407934926610546 7.592571298482251e-08 4.478517183010945e-32 0.0009609697498066499
673.0 0.07220648972346251 0.0001531691998912964 7.633614674086956e-08 4.959307080614929e-32 0.0009526985378312108
674.0 0.0711152035219422 0.00015223837668303921 7.673309208313073e-08 5.489014769226471e-32 0.0009443445498843909
675.0 0.07003037000097184 0.00015128742517664344 7.711637966384438e-08 6.072329825170314e-32 0.0009359118232249205
676.0 0.0689522376577824 0.00015031689568949596 7.748584843623604e-08 6.714362249655689e-32 0.0009274043804053857
677.0 0.06788104649479505 0.0001493273428345716 7.784134575181491e-08 7.42067736219365e-32 0.0009188262265004334
678.0 0.06681702803623765 0.000148319325037821 7.818272744861687e-08 8.197333336830585e-32 0.0009101813464039393
679.0 0.06576040535203422 0.0001472934040597218 7.850985793025079e-08 9.050921559858606e-32 0.0009014737021955471
680.0 0.06471139308881366 0.0001462501445216167 7.882261023580413e-08 9.988609998058589e-32 0.0008927072305790301
681.0 0.06367019750779289 0.00014519011343725426 7.912086610057824e-08 1.101818977737017e-31 0.0008838858403936235
682.0 0.06263701652933175 0.00014411387975002993 7.940451600768773e-08 1.2148125183231185e-31 0.000875013410199933
683.0 0.061612039783925696 0.00014302201387634398 7.967345923054248e-08 1.338760730566617e-31 0.0008660937859415107
684.0 0.060595448669391885 0.00014191508725545587 7.992760386622576e-08 1.4746611564560715e-31 0.0008571307786829447
685.0 0.059587416414069665 0.0001407936719063483 8.016686685988564e-08 1.6235959363448498e-31 0.0008481281624260889
686.0 0.05858810814575151 0.00013965833999186395 8.039117402013771e-08 1.7867384133548142e-31 0.0008390896720045296
687.0 0.05759768096615237 0.00013850966339056393 8.060046002560302e-08 1.9653602043761677e-31 0.0008300190010574978
688.0 0.05661628403065565 0.00013734821327658923 8.079466842263487e-08 2.1608387666875446e-31 0.0008209198000834046
689.0 0.05564405863314286 0.0001361745597079387 8.097375161438573e-08 2.374665490730405e-31 0.0008117956745739722
690.0 0.05468113829562954 0.0001349892712233662 8.113767084126319e-08 2.6084543511380764e-31 0.0008026501832286494
691.0 0.05372764886250934 0.0001337929144482627 8.128639615294718e-08 2.863951149747301e-31 0.0007934868362499822
692.0 0.05278370859916581 0.00013258605370977222 8.141990637208488e-08 3.1430433860048747e-31 0.0007843090937199069
693.0 0.05184942829471338 0.0001313692506613648 8.153818904979303e-08 3.4477707919259204e-31 0.000775120364056779
694.0 0.0509249113686548 0.0001301430639171425 8.164124041314808e-08 3.7803365705689496e-31 0.0007659240025532655
695.0 0.05001025398122179 0.00012890804869606704 8.172906530480809e-08 4.14311937885536e-31 0.0007567233099947275
696.0 0.049105545147156975 0.00012766475647626262 8.180167711491613e-08 4.538686097490423e-31 0.0007475215313575041
697.0 0.04821086685275381 0.00012641373465966578 8.185909770552082e-08 4.96980543273184e-31 0.0007383218545872291
698.0 0.047326294175894054 0.00012515552624707421 8.190135732763606e-08 5.439462396798287e-31 0.0007291274094560207
699.0 0.04645189540889499 0.0001238906695238072 8.192849453118222e-08 5.950873715823858e-31 0.0007199412664983489
700.0 0.0455877321839366 0.00012261969775605785 8.194055606797986e-08 6.507504216432445e-31 0.0007107664360246155
