200.0 0.0 0.0 0.0 0.0 0.0
201.0 0.0 0.0 0.0 0.0 0.0
202.0 0.0 0.0 0.0 0.0 0.0
203.0 0.0 0.0 0.0 0.0 0.0
204.0 0.0 0.0 0.0 0.0 0.0
205.0 0.0 0.0 0.0 0.0 0.0
206.0 0.0 0.0 0.0 0.0 0.0
207.0 0.0 0.0 0.0 0.0 0.0
208.0 0.0 0.0 0.0 0.0 0.0
209.0 0.0 0.0 0.0 0.0 0.0
210.0 0.0 0.0 0.0 0.0 0.0
211.0 0.0 0.0 0.0 0.0 0.0
212.0 0.0 0.0 0.0 0.0 0.0
213.0 0.0 0.0 0.0 0.0 0.0
214.0 0.0 0.0 0.0 0.0 0.0
215.0 0.0 0.0 0.0 0.0 0.0
216.0 0.0 0.0 0.0 0.0 0.0
217.0 0.0 0.0 0.0 0.0 0.0
218.0 0.0 0.0 0.0 0.0 0.0
219.0 0.0 0.0 0.0 0.0 0.0
220.0 0.0 0.0 0.0 0.0 0.0
221.0 0.0 0.0 0.0 0.0 0.0
222.0 0.0 0.0 0.0 0.0 0.0
223.0 0.0 0.0 0.0 0.0 0.0
224.0 0.0 0.0 0.0 0.0 0.0
225.0 0.0 0.0 0.0 0.0 0.0
226.0 0.0 0.0 0.0 0.0 0.0
227.0 0.0 0.0 0.0 0.0 0.0
228.0 0.0 0.0 0.0 0.0 0.0
229.0 0.0 0.0 0.0 0.0 0.0
230.0 0.0 0.0 0.0 0.0 0.0
231.0 0.0 0.0 0.0 0.0 0.0
232.0 0.0 0.0 0.0 0.0 0.0
233.0 0.0 0.0 0.0 0.0 0.0
234.0 0.0 0.0 0.0 0.0 0.0
235.0 0.0 0.0 0.0 0.0 0.0
236.0 0.0 0.0 0.0 0.0 0.0
237.0 0.0 0.0 0.0 0.0 0.0
238.0 0.0 0.0 0.0 0.0 0.0
239.0 0.0 0.0 0.0 0.0 0.0
240.0 0.0 0.0 0.0 0.0 0.0
241.0 0.0 0.0 0.0 0.0 0.0
242.0 0.0 0.0 0.0 0.0 0.0
243.0 0.0 0.0 0.0 0.0 0.0
244.0 0.0 0.0 0.0 0.0 0.0
245.0 0.0 0.0 0.0 0.0 0.0
246.0 0.0 0.0 0.0 0.0 0.0
247.0 0.0 0.0 0.0 0.0 0.0
248.0 0.0 0.0 0.0 0.0 0.0
249.0 0.0 0.0 0.0 0.0 0.0
250.0 0.0 0.0 0.0 0.0 0.0
251.0 0.0 0.0 0.0 0.0 0.0
252.0 0.0 0.0 0.0 0.0 0.0
253.0 0.0 0.0 0.0 0.0 0.0
254.0 0.0 0.0 0.0 0.0 0.0
255.0 0.0 0.0 0.0 0.0 0.0
256.0 0.0 0.0 0.0 0.0 0.0
257.0 0.0 0.0 0.0 0.0 0.0
258.0 0.0 0.0 0.0 0.0 0.0
259.0 0.0 0.0 0.0 0.0 0.0
260.0 0.0 0.0 0.0 0.0 0.0
261.0 0.0 0.0 0.0 0.0 0.0
262.0 0.0 0.0 0.0 0.0 0.0
263.0 0.0 0.0 0.0 0.0 0.0
264.0 0.0 0.0 0.0 0.0 0.0
265.0 0.0 0.0 0.0 0.0 0.0
266.0 0.0 0.0 0.0 0.0 0.0
267.0 0.0 0.0 0.0 0.0 0.0
268.0 0.0 0.0 0.0 0.0 0.0
269.0 0.0 0.0 0.0 0.0 0.0
270.0 0.0 0.0 0.0 0.0 0.0
271.0 0.0 0.0 0.0 0.0 0.0
272.0 0.0 0.0 0.0 0.0 0.0
273.0 0.0 0.0 0.0 0.0 0.0
274.0 0.0 0.0 0.0 0.0 0.0
275.0 0.0 0.0 0.0 0.0 0.0
276.0 0.0 0.0 0.0 0.0 0.0
277.0 0.0 0.0 0.0 0.0 0.0
278.0 0.0 0.0 0.0 0.0 0.0
279.0 0.0 0.0 0.0 0.0 0.0
280.0 0.0 0.0 0.0 0.0 0.0
281.0 0.0 0.0 0.0 0.0 0.0
282.0 0.0 0.0 0.0 0.0 0.0
283.0 0.0 0.0 0.0 0.0 0.0
284.0 0.0 0.0 0.0 0.0 0.0
285.0 0.0 0.0 0.0 0.0 0.0
286.0 0.0 0.0 0.0 0.0 0.0
287.0 0.0 0.0 0.0 0.0 0.0
288.0 0.0 0.0 0.0 0.0 0.0
289.0 0.0 0.0 0.0 0.0 0.0
290.0 0.0 0.0 0.0 0.0 0.0
291.0 0.0 0.0 0.0 0.0 0.0
292.0 0.0 0.0 0.0 0.0 0.0
293.0 0.0 0.0 0.0 0.0 0.0
294.0 0.0 0.0 0.0 0.0 0.0
295.0 0.0 0.0 0.0 0.0 0.0
296.0 0.0 0.0 0.0 0.0 0.0
297.0 0.0 0.0 0.0 0.0 0.0
298.0 0.0 0.0 0.0 0.0 0.0
299.0 0.0 0.0 0.0 0.0 0.0
300.0 0.0 0.0 0.0 0.0 0.0
301.0 0.0 0.0 0.0 0.0 0.0
302.0 0.0 0.0 0.0 0.0 0.0
303.0 0.0 0.0 0.0 0.0 0.0
304.0 0.0 0.0 0.0 0.0 0.0
305.0 0.0 0.0 0.0 0.0 0.0
306.0 0.0 0.0 0.0 0.0 0.0
307.0 0.0 0.0 0.0 0.0 0.0
308.0 0.0 0.0 0.0 0.0 0.0
309.0 0.0 0.0 0.0 0.0 0.0
310.0 0.0 0.0 0.0 0.0 0.0
311.0 0.0 0.0 0.0 0.0 0.0
312.0 0.0 0.0 0.0 0.0 0.0
313.0 0.0 0.0 0.0 0.0 0.0
314.0 0.0 0.0 0.0 0.0 0.0
315.0 0.0 0.0 0.0 0.0 0.0
316.0 0.0 0.0 0.0 0.0 0.0
317.0 0.0 0.0 0.0 0.0 0.0
318.0 0.0 0.0 0.0 0.0 0.0
319.0 0.0 0.0 0.0 0.0 0.0
320.0 0.0 0.0 0.0 0.0 0.0
321.0 0.0 0.0 0.0 0.0 0.0
322.0 0.0 0.0 0.0 0.0 0.0
323.0 0.0 0.0 0.0 0.0 0.0
324.0 0.0 0.0 0.0 0.0 0.0
325.0 0.0 0.0 0.0 0.0 0.0
326.0 0.0 0.0 0.0 0.0 0.0
327.0 0.0 0.0 0.0 0.0 0.0
328.0 0.0 0.0 0.0 0.0 0.0
329.0 0.0 0.0 0.0 0.0 0.0
330.0 0.0 0.0 0.0 0.0 0.0
331.0 0.0 0.0 0.0 0.0 0.0
332.0 0.0 0.0 0.0 0.0 0.0
333.0 0.0 0.0 0.0 0.0 0.0
334.0 0.0 0.0 0.0 0.0 0.0
335.0 0.0 0.0 0.0 0.0 0.0
336.0 0.0 0.0 0.0 0.0 0.0
337.0 0.0 0.0 0.0 0.0 0.0
338.0 0.0 0.0 0.0 0.0 0.0
339.0 0.0 0.0 0.0 0.0 0.0
340.0 0.0 0.0 0.0 0.0 0.0
341.0 0.0 0.0 0.0 0.0 0.0
342.0 0.0 0.0 0.0 0.0 0.0
343.0 0.0 0.0 0.0 0.0 0.0
344.0 0.0 0.0 0.0 0.0 0.0
345.0 0.0 0.0 0.0 0.0 0.0
346.0 0.0 0.0 0.0 0.0 0.0
347.0 0.0 0.0 0.0 0.0 0.0
348.0 0.0 0.0 0.0 0.0 0.0
349.0 0.0 0.0 0.0 0.0 0.0
350.0 0.0 0.0 0.0 0.0 0.0
351.0 0.0 0.0 0.0 0.0 0.0
352.0 0.0 0.0 0.0 0.0 0.0
353.0 0.0 0.0 0.0 0.0 0.0
354.0 0.0 0.0 0.0 0.0 0.0
355.0 0.0 0.0 0.0 0.0 0.0
356.0 0.0 0.0 0.0 0.0 0.0
357.0 0.0 0.0 0.0 0.0 0.0
358.0 0.0 0.0 0.0 0.0 0.0
359.0 0.0 0.0 0.0 0.0 0.0
360.0 0.0 0.0 0.0 0.0 0.0
361.0 0.0 0.0 0.0 0.0 0.0
362.0 0.0 0.0 0.0 0.0 0.0
363.0 0.0 0.0 0.0 0.0 0.0
364.0 0.0 0.0 0.0 0.0 0.0
365.0 0.0 0.0 0.0 0.0 0.0
366.0 0.0 0.0 0.0 0.0 0.0
367.0 0.0 0.0 0.0 0.0 0.0
368.0 0.0 0.0 0.0 0.0 0.0
369.0 0.0 0.0 0.0 0.0 0.0
370.0 0.0 0.0 0.0 0.0 0.0
371.0 0.0 0.0 0.0 0.0 0.0
372.0 0.0 0.0 0.0 0.0 0.0
373.0 0.0 0.0 0.0 0.0 0.0
374.0 0.0 0.0 0.0 0.0 0.0
375.0 0.0 0.0 0.0 0.0 0.0
376.0 0.0 0.0 0.0 0.0 0.0
377.0 0.0 0.0 0.0 0.0 0.0
378.0 0.0 0.0 0.0 0.0 0.0
379.0 0.0 0.0 0.0 0.0 0.0
380.0 0.0 0.0 0.0 0.0 0.0
381.0 0.0 0.0 0.0 0.0 0.0
382.0 0.0 0.0 0.0 0.0 0.0
383.0 0.0 0.0 0.0 0.0 0.0
384.0 0.0 0.0 0.0 0.0 0.0
385.0 0.0 0.0 0.0 0.0 0.0
386.0 0.0 0.0 0.0 0.0 0.0
387.0 0.0 0.0 0.0 0.0 0.0
388.0 0.0 0.0 0.0 0.0 0.0
389.0 0.0 0.0 0.0 0.0 0.0
390.0 0.0 0.0 0.0 0.0 0.0
391.0 0.0 0.0 0.0 0.0 0.0
392.0 0.0 0.0 0.0 0.0 0.0
393.0 0.0 0.0 0.0 0.0 0.0
394.0 0.0 0.0 0.0 0.0 0.0
395.0 0.0 0.0 0.0 0.0 0.0
396.0 0.0 0.0 0.0 0.0 0.0
397.0 0.0 0.0 0.0 0.0 0.0
398.0 0.0 0.0 0.0 0.0 0.0
399.0 0.0 0.0 0.0 0.0 0.0
400.0 0.0 0.0 0.0 0.0 0.0
401.0 0.0 0.0 0.0 0.0 0.0
402.0 0.0 0.0 0.0 0.0 0.0
403.0 0.0 0.0 0.0 0.0 0.0
404.0 0.0 0.0 0.0 0.0 0.0
405.0 0.0 0.0 0.0 0.0 0.0
406.0 0.0 0.0 0.0 0.0 0.0
407.0 0.0 0.0 0.0 0.0 0.0
408.0 0.0 0.0 0.0 0.0 0.0
409.0 0.0 0.0 0.0 0.0 0.0
410.0 0.0 0.0 0.0 0.0 0.0
411.0 0.0 0.0 0.0 0.0 0.0
412.0 0.0 0.0 0.0 0.0 0.0
413.0 0.0 0.0 0.0 0.0 0.0
414.0 0.0 0.0 0.0 0.0 0.0
415.0 0.0 0.0 0.0 0.0 0.0
416.0 0.0 0.0 0.0 0.0 0.0
417.0 0.0 0.0 0.0 0.0 0.0
418.0 0.0 0.0 0.0 0.0 0.0
419.0 0.0 0.0 0.0 0.0 0.0
420.0 0.0 0.0 0.0 0.0 0.0
421.0 0.0 0.0 0.0 0.0 0.0
422.0 0.0 0.0 0.0 0.0 0.0
423.0 0.0 0.0 0.0 0.0 0.0
424.0 0.0 0.0 0.0 0.0 0.0
425.0 0.0 0.0 0.0 0.0 0.0
426.0 0.0 0.0 0.0 0.0 0.0
427.0 0.0 0.0 0.0 0.0 0.0
428.0 0.0 0.0 0.0 0.0 0.0
429.0 0.0 0.0 0.0 0.0 0.0
430.0 0.0 0.0 0.0 0.0 0.0
431.0 0.0 0.0 0.0 0.0 0.0
432.0 0.0 0.0 0.0 0.0 0.0
433.0 0.0 0.0 0.0 0.0 0.0
434.0 0.0 0.0 0.0 0.0 0.0
435.0 0.0 0.0 0.0 0.0 0.0
436.0 0.0 0.0 0.0 0.0 0.0
437.0 0.0 0.0 0.0 0.0 0.0
438.0 0.0 0.0 0.0 0.0 0.0
439.0 0.0 0.0 0.0 0.0 0.0
440.0 0.0 0.0 0.0 0.0 0.0
441.0 0.0 0.0 0.0 0.0 0.0
442.0 0.0 0.0 0.0 0.0 0.0
443.0 0.0 0.0 0.0 0.0 0.0
444.0 0.0 0.0 0.0 0.0 0.0
445.0 0.0 0.0 0.0 0.0 0.0
446.0 0.0 0.0 0.0 0.0 0.0
447.0 0.0 0.0 0.0 0.0 0.0
448.0 0.0 0.0 0.0 0.0 0.0
449.0 0.0 0.0 0.0 0.0 0.0
450.0 0.0 0.0 0.0 0.0 0.0
451.0 0.0 0.0 0.0 0.0 0.0
452.0 0.0 0.0 0.0 0.0 0.0
453.0 0.0 0.0 0.0 0.0 0.0
454.0 0.0 0.0 0.0 0.0 0.0
455.0 0.0 0.0 0.0 0.0 0.0
456.0 0.0 0.0 0.0 0.0 0.0
457.0 0.0 0.0 0.0 0.0 0.0
458.0 0.0 0.0 0.0 0.0 0.0
459.0 0.0 0.0 0.0 0.0 0.0
460.0 0.0 0.0 0.0 0.0 0.0
461.0 0.0 0.0 0.0 0.0 0.0
462.0 0.0 0.0 0.0 0.0 0.0
463.0 0.0 0.0 0.0 0.0 0.0
464.0 0.0 0.0 0.0 0.0 0.0
465.0 0.0 0.0 0.0 0.0 0.0
466.0 0.0 0.0 0.0 0.0 0.0
467.0 0.0 0.0 0.0 0.0 0.0
468.0 0.0 0.0 0.0 0.0 0.0
469.0 0.0 0.0 0.0 0.0 0.0
470.0 0.0 0.0 0.0 0.0 0.0
471.0 0.0 0.0 0.0 0.0 0.0
472.0 0.0 0.0 0.0 0.0 0.0
473.0 0.0 0.0 0.0 0.0 0.0
474.0 0.0 0.0 0.0 0.0 0.0
475.0 0.0 0.0 0.0 0.0 0.0
476.0 0.0 0.0 0.0 0.0 0.0
477.0 0.0 0.0 0.0 0.0 0.0
478.0 0.0 0.0 0.0 0.0 0.0
479.0 0.0 0.0 0.0 0.0 0.0
480.0 0.0 0.0 0.0 0.0 0.0
481.0 0.0 0.0 0.0 0.0 0.0
482.0 0.0 0.0 0.0 0.0 0.0
483.0 0.0 0.0 0.0 0.0 0.0
484.0 0.0 0.0 0.0 0.0 0.0
485.0 0.0 0.0 0.0 0.0 0.0
486.0 0.0 0.0 0.0 0.0 0.0
487.0 0.0 0.0 0.0 0.0 0.0
488.0 0.0 0.0 0.0 0.0 0.0
489.0 0.0 0.0 0.0 0.0 0.0
490.0 0.0 0.0 0.0 0.0 0.0
491.0 0.0 0.0 0.0 0.0 0.0
492.0 0.0 0.0 0.0 0.0 0.0
493.0 0.0 0.0 0.0 0.0 0.0
494.0 0.0 0.0 0.0 0.0 0.0
495.0 0.0 0.0 0.0 0.0 0.0
496.0 0.0 0.0 0.0 0.0 0.0
497.0 0.0 0.0 0.0 0.0 0.0
498.0 0.0 0.0 0.0 0.0 0.0
499.0 0.0 0.0 0.0 0.0 0.0
500.0 0.0 0.0 0.0 0.0 0.0
501.0 1.0156368299206251e-16 8.922717553145751e-18 1.2405547250708588e-20 1.3029121852295558e-58 3.032625432840324e-19
502.0 1.0151554642717362e-16 8.961801647638592e-18 1.262423607708594e-20 1.607412109683161e-58 3.066497455520041e-19
503.0 1.0146728686424982e-16 9.000870616243801e-18 1.2845844754375842e-20 1.9814139251971813e-58 3.1006005626712446e-19
504.0 1.0141890323302283e-16 9.039923695592673e-18 1.3070397377262065e-20 2.4404011952610153e-58 3.1349348875587754e-19
505.0 1.013703944456939e-16 9.07896012190658e-18 1.3297918048499441e-20 3.003221963027266e-58 3.1695005514725586e-19
506.0 1.0132175939692866e-16 9.117979130950244e-18 1.3528430876556964e-20 3.692801314604211e-58 3.204297663672736e-19
507.0 1.0127299696383822e-16 9.156979957983575e-18 1.3761959973240524e-20 4.537000919125695e-58 3.2393263213341506e-19
508.0 2.0244821201198882e-16 1.8391923675433043e-17 2.799705890260418e-20 1.1139310091890016e-57 6.549173218983528e-19
509.0 2.0235017073089244e-16 1.8469848008527612e-17 2.8476326844061035e-20 1.3663636631633418e-57 6.620157201971772e-19
510.0 2.0225186773340544e-16 1.8547731382193248e-17 2.896177198563985e-20 1.674653458085277e-57 6.691604712812402e-19
511.0 2.021533006334924e-16 1.862557226199387e-17 2.94534425294475e-20 2.050861228737561e-57 6.763515848073048e-19
512.0 3.0308170051518014e-16 2.805505366803885e-17 4.492707998997803e-20 3.764380897552202e-57 1.025383601939954e-18
513.0 3.02933046610857e-16 2.817168059223375e-17 4.5683478808768484e-20 4.602738479734908e-57 1.0363093881605972e-18
514.0 4.0371198066763694e-16 3.7717649142525505e-17 6.193257660275845e-20 7.497845379564318e-57 1.39640631891039e-18
515.0 4.035126845277961e-16 3.787296020096233e-17 6.296668409665577e-20 9.153319184716758e-57 1.4111595394104978e-18
516.0 5.041410440915492e-16 4.753521359944238e-17 8.00171546102194e-20 1.3957042201642558e-56 1.7825068834363473e-18
517.0 6.046686415687193e-16 5.727491713356024e-17 9.761068712979247e-20 2.0414746972082786e-56 2.1614163153563187e-18
518.0 6.043671848765495e-16 5.750741810418469e-17 9.922047485759308e-20 2.486450907767728e-56 2.183963451162429e-18
519.0 7.047423539769494e-16 6.73630470157637e-17 1.1765844122244453e-19 3.530457652655074e-56 2.5744245756115516e-18
520.0 8.050156044680018e-16 7.729589589727941e-17 1.3666624476253328e-19 4.906791719981289e-56 2.9726331087923497e-18
521.0 1.0057627703552944e-15 9.700652576418571e-17 1.7361565256532496e-19 7.453401840938585e-56 3.75406498419856e-18
522.0 1.1057800290457258e-15 1.0713217262867526e-16 1.9407549253906477e-19 9.955617967823402e-56 4.17182710733741e-18
523.0 1.306168364902574e-15 1.2711261863594733e-16 2.3306774967797415e-19 1.4276306101786225e-55 4.980698609088636e-18
524.0 1.506350593231289e-15 1.4724701636117554e-16 2.7325161857040137e-19 1.997278020124303e-55 5.805411662687081e-18
525.0 1.7063257947267802e-15 1.6753516469091332e-16 3.146480486427763e-19 2.742524921229439e-55 6.646104824085929e-18
526.0 1.90609303826663e-15 1.879768562326373e-16 3.5727817842705985e-19 3.711001316153139e-55 7.502916520331046e-18
527.0 2.205920494108746e-15 2.1850387145732578e-16 4.2026635100665954e-19 5.1985147945549255e-55 8.774841466584422e-18
528.0 2.505434637911324e-15 2.492608781507054e-16 4.85135906195854e-19 7.141685904773853e-55 1.0071139675308117e-17
529.0 2.8046340325738504e-15 2.8024754431389347e-16 5.51919174278542e-19 9.662949586059759e-55 1.139201826080262e-17
530.0 3.203630681199021e-15 3.215107390472608e-16 6.406696943252304e-19 1.333156633972882e-54 1.314857711116817e-17
531.0 3.702266503451487e-15 3.731651100982282e-16 7.523597123565546e-19 1.859528164165997e-54 1.5353197549792524e-17
532.0 4.2003735394069164e-15 4.2520123124116467e-16 8.67332652880325e-19 2.544557191258156e-54 1.7599366004896266e-17
533.0 4.7979056664505755e-15 4.877805969687552e-16 1.0066149486405722e-18 3.503158817609343e-54 2.031056291704432e-17
534.0 5.394798613495427e-15 5.508169297569922e-16 1.1499392588772573e-18 4.744205511126541e-54 2.3072249013971255e-17
535.0 6.1907509713965785e-15 6.347864589487765e-16 1.340618604056073e-18 6.552540949802018e-54 2.6747663479754757e-17
536.0 6.985845909221448e-15 7.19363977445774e-16 1.5368006926177738e-18 8.893306750024478e-54 3.049108083352483e-17
537.0 7.97956849119742e-15 8.251778912609527e-16 1.783155134009636e-18 1.2209641837732342e-53 3.518261338741698e-17
538.0 9.071903092419166e-15 9.421026747203758e-16 2.0591784258632726e-18 1.667263406459216e-53 4.0404117519688026e-17
539.0 1.026268381403982e-14 1.0702510051918068e-15 2.3660134112412624e-18 2.2638818981726598e-53 4.61689990642135e-17
540.0 1.1651327640453564e-14 1.220164015928511e-15 2.7281440925406656e-18 3.082915205044901e-53 5.2943305874603997e-17
541.0 1.3137974658903865e-14 1.38160087307953e-15 3.1241440147457204e-18 4.1669271140599057e-53 6.029678055126583e-17
542.0 1.4921407138059702e-14 1.575682300747678e-15 3.603283053138311e-18 5.669022404632103e-53 6.916550788917483e-17
543.0 1.6901706814919516e-14 1.7922041975270377e-15 4.144579834273901e-18 7.686896954909786e-53 7.912405741837254e-17
544.0 1.9177904517234085e-14 2.041970754312734e-15 4.775160290536589e-18 1.0434137034579556e-52 9.066956474477989e-17
545.0 2.1650184773700926e-14 2.3147006747792083e-15 5.473446920559392e-18 1.4082061850626794e-52 1.0336860712994612e-16
546.0 2.4516721758227082e-14 2.6319277111408236e-15 6.292887699082334e-18 1.9051634078345726e-52 1.1820626763300568e-16
547.0 2.7677638401502838e-14 2.9834063852919093e-15 7.212416617005334e-18 2.567920368375506e-52 1.347543035316548e-16
548.0 3.133071711239842e-14 3.3909319777453335e-15 8.288240480596863e-18 3.468363324751428e-52 1.5402953209189156e-16
549.0 3.537601636446473e-14 3.8442940222011334e-15 9.499863000768384e-18 4.669662376883597e-52 1.7560919880875838e-16
550.0 3.9911884694400857e-14 4.354742079577942e-15 1.087936041359376e-17 6.278027272380305e-52 2.000460389473991e-16
551.0 4.5036442739830044e-14 4.933674027043158e-15 1.2460467965295007e-17 8.436320329507796e-52 2.27911363048238e-16
552.0 5.084758120445807e-14 5.59263548582874e-15 1.4278621377771335e-17 1.1335806297795455e-51 2.5979527712361367e-16
553.0 5.724522054419607e-14 6.3214833656411906e-15 1.63146441770924e-17 1.5178927742217172e-51 2.952869123887925e-16
554.0 6.452474891343223e-14 7.153743802429407e-15 1.866224580465579e-17 2.0336490795757408e-51 3.3601629703367347e-16
555.0 7.268459957348807e-14 8.09040998077083e-15 2.1333206281499578e-17 2.721256512515667e-51 3.8211192674924715e-16
556.0 8.192059331235054e-14 9.154530886746055e-15 2.4398326138375096e-17 3.641066180186299e-51 4.3475106443056186e-16
557.0 9.213215599023947e-14 1.0336248916488342e-14 2.7842522416484087e-17 4.858336455750352e-51 4.935639752683365e-16
558.0 1.0371185479762742e-13 1.1681072567992385e-14 3.1800463935068645e-17 6.484545299400276e-51 5.60829222051423e-16
559.0 1.1655868557156374e-13 1.3179394738576941e-14 3.6260587714059793e-17 8.63586557912788e-51 6.362126889126024e-16
560.0 1.3106420824668574e-13 1.487734306622928e-14 4.1365378447449096e-17 1.149985053234019e-50 7.22075753427471e-16
561.0 1.4722538981006396e-13 1.677677193772344e-14 4.7138523562356776e-17 1.5288884951552937e-50 8.186682143323837e-16
562.0 1.6533423828733085e-13 1.8913282559202535e-14 5.369999227311939e-17 2.0308622458981514e-50 9.2789801889067e-16
563.0 1.8558374321271953e-13 2.1311621959897465e-14 6.114309613829959e-17 2.694778710855179e-50 1.0511758105603843e-15
564.0 2.0826463694882045e-13 2.4008146806377482e-14 6.959805937070747e-17 3.5727822028783623e-50 1.1905147055609494e-15
565.0 2.335687377808924e-13 2.702828252569744e-14 7.916779614854604e-17 4.731046786458689e-50 1.3474220340093796e-15
566.0 2.6188359863535303e-13 3.042053165991854e-14 9.002697283732904e-17 6.259611751108869e-50 1.5245894301892498e-15
567.0 2.9339966540038856e-13 3.4211100196118114e-14 1.0228992085367349e-16 8.270688721459076e-50 1.7236375189682285e-15
568.0 3.286988728875547e-13 3.847235418413877e-14 1.1621409760933693e-16 1.0921215508389794e-49 1.94855370720426e-15
569.0 3.680678508525211e-13 4.324299624916e-14 1.3196369249809698e-16 1.440590061388344e-49 2.2016895742763615e-15
570.0 4.119882197453898e-13 4.8585233131245324e-14 1.4978077111327798e-16 1.898398930371448e-49 2.486642202560704e-15
571.0 4.608425145434293e-13 5.455039702611949e-14 1.6988198212958785e-16 2.4986019335182808e-49 2.8065170159921044e-15
572.0 5.154032852618606e-13 6.12368384892056e-14 1.926390913474203e-16 3.2861438358927157e-49 3.1669074740567477e-15
573.0 5.762456649598647e-13 6.872073487409003e-14 2.1836670227714533e-16 4.3181348775454395e-49 3.572361462703819e-15
574.0 6.438455979459131e-13 7.706741181268654e-14 2.473552538201065e-16 5.667284131748103e-49 4.026943527740909e-15
575.0 7.191656096475295e-13 8.640149918938072e-14 2.8009686713857266e-16 7.431624269025826e-49 4.537905277334784e-15
576.0 8.030681485711621e-13 9.68372670662029e-14 3.1706700319254384e-16 9.73703947344613e-49 5.112087922014528e-15
577.0 8.963158673845219e-13 1.0847843874052353e-13 3.5872241986953557e-16 1.2744261899326629e-48 5.755898908245424e-15
578.0 9.99961490020266e-13 1.2146532738213225e-13 4.056571068820487e-16 1.6663897196873728e-48 6.4778119670236955e-15
579.0 1.1151521923028017e-12 1.3595163046733507e-13 4.58530289340298e-16 2.1768525412114856e-48 7.287173212685255e-15
580.0 1.2431292605520894e-12 1.5210459786437514e-13 5.18069527769343e-16 2.8410300124002306e-48 8.194228920185477e-15
581.0 1.3853249547882313e-12 1.7011713573266821e-13 5.851149485423943e-16 3.704590217029041e-48 9.210799907192749e-15
582.0 1.5431675523330881e-12 1.9018420345092073e-13 6.605419487354303e-16 4.8260978427177885e-48 1.0349032722523858e-14
583.0 1.7182754719278494e-12 2.1252681591157124e-13 7.45346138629061e-16 6.281120051499986e-48 1.1622715867848736e-14
584.0 1.912553617877503e-12 2.3740442484150233e-13 8.406920529203608e-16 8.167462098640322e-48 1.3047996611987962e-14
585.0 2.1279984651244047e-12 2.6509127357441683e-13 9.478356836482733e-16 1.0610678475176014e-47 1.4642128358250376e-14
586.0 2.366794574873023e-12 2.9588866692301067e-13 1.0681718930514763e-15 1.3772128246551306e-47 1.6424172992095242e-14
587.0 2.6314107207001613e-12 3.3013744906490765e-13 1.2032851926070103e-15 1.785949885621382e-47 1.8415735089641073e-14
588.0 2.9245020910925996e-12 3.6820632164142896e-13 1.3549143267572429e-15 2.3139040851322215e-47 2.0640362518277695e-14
589.0 3.2490062652549307e-12 4.105043843966643e-13 1.5250045058599216e-15 2.995232669612803e-47 2.3124292489163147e-14
590.0 3.6081421552964896e-12 4.574816283562344e-13 1.7157172129229623e-15 3.873693137683959e-47 2.5896536513037013e-14
591.0 4.00550550385382e-12 5.096417115192524e-13 1.929486750270492e-15 5.005374417843812e-47 2.8989665060748444e-14
592.0 4.4449709668171884e-12 5.675302938774221e-13 2.16898626092302e-15 6.461942145067981e-47 3.243921662515843e-14
593.0 4.930787448177607e-12 6.317478717703659e-13 2.4371859190705917e-15 8.334963129772387e-47 3.628449485372063e-14
594.0 5.467769395966834e-12 7.029752036231389e-13 2.7374630854462e-15 1.074163372874729e-46 4.057011390868889e-14
595.0 6.061005753813554e-12 7.819370175465357e-13 3.0734756216967447e-15 1.3831146784137121e-46 4.534400744225446e-14
596.0 6.716147518280326e-12 8.694398470907492e-13 3.449321567272665e-15 1.7793802474350835e-46 5.0659696774828414e-14
597.0 7.439405559116899e-12 9.663729964600278e-13 3.869559707988652e-15 2.2872024895608525e-46 5.6576463844688115e-14
598.0 8.237548410101648e-12 1.0737094960904974e-12 4.339230593285162e-15 2.9374202769508727e-46 6.315952564987951e-14
599.0 9.118092105020151e-12 1.1925321693942186e-12 4.8639804652045695e-15 3.769283306826271e-46 7.048169486851762e-14
600.0 1.008920126022246e-11 1.32402231173691e-12 5.450037446288608e-15 4.83263877002498e-46 7.862286444834565e-14
601.0 1.1159686427362277e-11 1.4694607821714987e-12 6.104237091061016e-15 6.190694804811299e-46 8.767021435143534e-14
602.0 1.2339384742625893e-11 1.6302797290893849e-12 6.834260779018492e-15 7.923716632277523e-46 9.772145572200587e-14
603.0 1.3638964302773865e-11 1.8080389369927178e-12 7.648567432890082e-15 1.013337413435721e-45 1.0888362313364915e-13
604.0 1.5070112095155913e-11 2.004452667591196e-12 8.556535835730299e-15 1.2948417564382434e-45 1.2127488282879904e-13
605.0 1.6645625421596597e-11 2.2214041225142715e-12 9.568560288079727e-15 1.653176311258237e-45 1.3502563448598683e-13
606.0 1.8379502846166168e-11 2.460960085625549e-12 1.06961509420065e-14 2.108938939034258e-45 1.5027964917868643e-13
607.0 2.028684368638758e-11 2.725360086838442e-12 1.1951926407632413e-14 2.6881239590453448e-45 1.6719366992360886e-13
608.0 2.238451118503876e-11 3.0171082306102564e-12 1.3350058692210292e-14 3.4235870880061405e-45 1.8594332199293338e-13
609.0 2.469055315857822e-11 3.3388987654349523e-12 1.4905998284270515e-14 4.3567129458958666e-45 2.067188863352809e-13
610.0 2.7224768392316966e-11 3.693695556446339e-12 1.6636875565361796e-14 5.5396597864678484e-45 2.2973052000282165e-13
611.0 3.000888958276082e-11 4.084760872065835e-12 1.8561691621864738e-14 7.038125563328689e-45 2.5521044582718015e-13
612.0 3.30664799212604e-11 4.51564555148637e-12 2.070133987624129e-14 8.934734247567897e-45 2.834127686017497e-13
613.0 3.64234003504472e-11 4.9902570815224525e-12 2.3078986662118386e-14 1.133339807312198e-44 3.1461818788209776e-13
614.0 4.010751464041593e-11 5.512824155183269e-12 2.571998643414775e-14 1.4364541182849045e-44 3.491322724511143e-13
615.0 4.414943969274425e-11 6.088004574817624e-12 2.865246412991844e-14 1.8191935262162955e-44 3.8729279492033794e-13
616.0 4.85825334809622e-11 6.720889688477634e-12 3.1907434044613197e-14 2.302098354767549e-44 4.294706408364032e-13
617.0 5.3442977588595446e-11 7.417021920888622e-12 3.5518983978536265e-14 2.910902418219192e-44 4.760715679358898e-13
618.0 5.877023791030364e-11 8.182465173236522e-12 3.9524720618403046e-14 3.6778326308375575e-44 5.275414060790642e-13
619.0 6.46072390890263e-11 9.023836465329034e-12 4.39660452826635e-14 4.643210639159249e-44 5.843688702871216e-13
620.0 7.100063239620893e-11 9.948351132866437e-12 4.8888506043854574e-14 5.85744516226141e-44 6.470893122957518e-13
621.0 7.80012509852734e-11 1.0963895072869125e-11 5.4342297268187674e-14 7.383519910463433e-44 7.162903195543421e-13
622.0 8.566418506261037e-11 1.2079044605480438e-11 6.038251775659831e-14 9.300044477887923e-44 7.926140040972231e-13
623.0 9.404942225681813e-11 1.3303166478816786e-11 6.706984033047451e-14 1.1705086772706818e-43 8.767646106816736e-13
624.0 1.0322210753866029e-10 1.4646465592818768e-11 7.44709437219745e-14 1.4720881818392227e-43 9.695128400523482e-13
625.0 1.132529897807061e-10 1.6120059976481094e-11 8.265909928775816e-14 1.8499675993370216e-43 1.0717020701517857e-12
626.0 1.242188656719141e-10 1.7736056571754613e-11 9.171478429533765e-14 2.3230951509857465e-43 1.1842547647158388e-12
627.0 1.362030209431794e-10 1.950762780888704e-11 1.0172632231169346e-13 2.915034668467692e-43 1.3081790703154874e-12
628.0 1.492959506737166e-10 2.144912944554905e-11 1.1279076412927498e-13 3.655072574323818e-43 1.4445783296697126e-12
629.0 1.6359569997774533e-10 2.3576165609132433e-11 1.2501452356302234e-13 4.579575143256512e-43 1.5946572331712209e-12
630.0 1.7920857744680145e-10 2.5905708622270376e-11 1.3851432753782037e-13 5.733669396573196e-43 1.7597318099659914e-12
631.0 1.9624986429625075e-10 2.8456220096223746e-11 1.5341820933306412e-13 7.173314475772561e-43 1.941239719457749e-12
632.0 2.1484442551848528e-10 3.1247759649848735e-11 1.6986647180166953e-13 8.967847570321319e-43 2.1407499119007045e-12
633.0 2.351275041624469e-10 3.430212196030301e-11 1.8801284037078115e-13 1.1203120949978657e-42 2.3599744341634477e-12
634.0 2.5724569755904294e-10 3.76430025401441e-11 2.0802581749886399e-13 1.3985367253314807e-42 2.6007824662595944e-12
635.0 2.8135755396986805e-10 4.129611038701134e-11 2.300897923252323e-13 1.7445927300381025e-42 2.8652109688223153e-12
636.0 3.0763472487009724e-10 4.5289364005521386e-11 2.5440665610765356e-13 2.1747080761161498e-42 3.155481344439937e-12
637.0 3.3626283037469666e-10 4.9653048121239584e-11 2.8119725601035676e-13 2.7089180320183617e-42 3.4740137004336674e-12
638.0 3.6744278454564186e-10 5.4420040789626976e-11 3.1070330184157265e-13 3.3719428697183686e-42 3.8234463412696314e-12
639.0 4.0139174006358356e-10 5.96259874679448e-11 3.4318903890542664e-13 4.1942598294743815e-42 4.206651927408465e-12
640.0 4.3834439826336704e-10 6.530953201388728e-11 3.7894330882453906e-13 5.213417884352572e-42 4.626757983335851e-12
641.0 4.785544034225075e-10 7.151256373444597e-11 4.1828177874637367e-13 6.47564684330772e-42 5.0871689646872705e-12
642.0 5.22295913393642e-10 7.828049454583329e-11 4.615494282503191e-13 8.037826647849781e-42 5.591590923043598e-12
643.0 5.698646034008278e-10 8.566245507284829e-11 5.091226443924416e-13 9.969883385220485e-42 6.144050857957924e-12
644.0 6.215800519598175e-10 9.3711701758901e-11 5.614126490505408e-13 1.2357735160357585e-41 6.748931625215047e-12
645.0 6.777870932905412e-10 1.0248587400943102e-10 6.188681502359931e-13 1.5306868904452738e-41 7.410996733921075e-12
646.0 7.38857807110102e-10 1.120473515492079e-10 6.819786917512078e-13 1.8946710604360993e-41 8.135422890175067e-12
647.0 8.051933099227343e-10 1.224635868339079e-10 7.512779684395959e-13 2.34359427393805e-41 8.92783137108461e-12
648.0 8.772264564923489e-10 1.338075810091963e-10 8.273481421391494e-13 2.8969001425693073e-41 9.794330512617892e-12
649.0 9.554237852420744e-10 1.4615825133299657e-10 9.108236379221632e-13 3.578395914120533e-41 1.074155108350222e-11
650.0 1.0402879098934605e-09 1.596008721712605e-10 1.0023955295877746e-12 4.417211672534052e-41 1.1776687760525105e-11
651.0 1.1323606302302949e-09 1.7422763293057548e-10 1.1028168159840628e-12 5.448968521690344e-41 1.2907550072005276e-11
652.0 1.2322251014603953e-09 1.9013805892092177e-10 1.2129070103823221e-12 6.717192513604872e-41 1.4142604160925261e-11
653.0 1.3405097323695153e-09 2.0743970543066082e-10 1.333558635640958e-12 8.275038361020263e-41 1.5491035724679476e-11
654.0 1.4578904958841674e-09 2.262486156917469e-10 1.465742422856788e-12 1.0187370591189033e-40 1.696279651510924e-11
655.0 1.5850952384329321e-09 2.466900959663503e-10 1.6105147459800895e-12 1.2533296942932525e-40 1.8568675553589938e-11
656.0 1.7229066760908254e-09 2.688992970151594e-10 1.7690240462016339e-12 1.5409226995527808e-40 2.0320357127441668e-11
657.0 1.872166739898001e-09 2.9302201457811656e-10 1.942518916911581e-12 1.8932582865832158e-40 2.223049647276323e-11
658.0 2.0337807976150818e-09 3.1921548187469183e-10 2.1323564135602306e-12 2.324628610635296e-40 2.4312796314277273e-11
659.0 2.208721843349912e-09 3.4764916812127535e-10 2.340010683726861e-12 2.852417872982777e-40 2.6582085319554313e-11
660.0 2.3980355670465004e-09 3.785057269027286e-10 2.567082898977701e-12 3.497757970672682e-40 2.905440952484395e-11
661.0 2.6028452029821905e-09 4.119819228599248e-10 2.8153113741737868e-12 4.286319515385603e-40 3.1747123830746356e-11
662.0 2.824357250750986e-09 4.48289709555572e-10 3.086583061253241e-12 5.249267154607885e-40 3.467899689898853e-11
663.0 3.063866969923428e-09 4.876572863076186e-10 3.382945282321091e-12 6.424410700950537e-40 3.787031639752171e-11
664.0 3.3227647395684485e-09 5.303303074330967e-10 3.706618911916993e-12 7.85759329910433e-40 4.134300807572722e-11
665.0 3.602542549064658e-09 5.765731291499597e-10 4.06001226148683e-12 9.604362888085059e-40 4.512076001386464e-11
666.0 3.904800708758245e-09 6.266701087349591e-10 4.445735789440263e-12 1.1731983390871934e-39 4.922915327784348e-11
667.0 4.231255955505992e-09 6.809271456921355e-10 4.866619018446907e-12 1.4321856756644028e-39 5.3695814057897634e-11
668.0 4.5837485883465596e-09 7.39673087616139e-10 5.325727039548235e-12 1.7472430336403516e-39 5.855055793825393e-11
669.0 4.9642511715214765e-09 8.032614082797151e-10 5.826379516174436e-12 2.1302692954930195e-39 6.382555840104447e-11
670.0 5.374877617679723e-09 8.720719701370808e-10 6.372170924696878e-12 2.595637240219975e-39 6.955552516420444e-11
671.0 5.817892466292651e-09 9.465128422938346e-10 6.9669918584660965e-12 3.160697053304577e-39 7.577789022056084e-11
672.0 6.29572098491685e-09 1.027022276901986e-09 7.615052188392055e-12 3.846380215594949e-39 8.253300997622841e-11
673.0 6.810959905187631e-09 1.1140708157138807e-09 8.320905938048153e-12 4.677923246642168e-39 8.986438155005359e-11
674.0 7.366388606828848e-09 1.2081634980931632e-09 9.089477716727057e-12 5.685734393809249e-39 9.781887119317505e-11
675.0 7.964981552615292e-09 1.3098423038691468e-09 9.926091770489135e-12 6.906431457981159e-39 1.0644696589147802e-10
676.0 8.60992061631524e-09 1.4196886109311457e-09 1.0836502072335546e-11 8.384082652348043e-39 1.1580303070283559e-10
677.0 9.30460918431847e-09 1.5383259781272044e-09 1.1826925856910584e-11 1.0171690965817019e-38 1.259455972963551e-10
678.0 1.0052685865610935e-08 1.6664228999347954e-09 1.2904078000391595e-11 1.2332966519577372e-38 1.3693765534102042e-10
679.0 1.085804049344435e-08 1.8046959776449906e-09 1.4075209716918716e-11 1.4944444498758432e-38 1.4884698337571387e-10
680.0 1.172482953884277e-08 1.9539130341361297e-09 1.5348148033171168e-11 1.8098010870586966e-38 1.617464809058621e-10
681.0 1.2657494060608892e-08 2.1148966924623175e-09 1.6731340150157326e-11 2.1903916922615962e-38 1.757145448413171e-10
682.0 1.366077695929013e-08 2.2885278844619824e-09 1.8233898637451006e-11 2.6494369910473645e-38 1.9083544676064813e-10
683.0 1.4739743009250277e-08 2.4757498707169657e-09 1.98656521144376e-11 3.202781337646337e-38 2.0719975951870823e-10
684.0 1.5899798796730015e-08 2.677572296656719e-09 2.1637197799095737e-11 3.869402107892675e-38 2.2490479438313422e-10
685.0 1.7146714159237373e-08 2.8950755538061576e-09 2.3559958147634658e-11 4.6720158560241124e-38 2.440550714678346e-10
686.0 1.8486645287000327e-08 3.1294154779194276e-09 2.5646241987430172e-11 5.637799258883123e-38 2.6476282681365315e-10
687.0 1.9926158581785053e-08 3.3818282354753213e-09 2.79093090746144e-11 6.79924581091083e-38 2.871485442388872e-10
688.0 2.147225623529958e-08 3.653635564498709e-09 3.03634395548195e-11 8.195183501686689e-38 3.1134152652048644e-10
689.0 2.3132403330604772e-08 3.946250341354588e-09 3.3024008257646566e-11 9.87198296749074e-38 3.3748050425459863e-10
690.0 2.4914555829722994e-08 4.261182369170803e-09 3.59075631041991e-11 1.1884990617671132e-37 3.657142741555897e-10
691.0 2.6827191285983516e-08 4.6000447057545475e-09 3.903191044285567e-11 1.4300228458646693e-37 3.9620239466391466e-10
692.0 2.8879340225190405e-08 4.96456018581351e-09 4.241620461412595e-11 1.7196408076639718e-37 4.2911591019972213e-10
693.0 3.108061985451117e-08 5.356568425312702e-09 4.608104433195754e-11 2.0667316275937127e-37 4.6463812946603734e-10
694.0 3.344126928066807e-08 5.778033173561045e-09 5.0048574948970507e-11 2.4824638832020986e-37 5.02965447155916e-10
695.0 3.597218726962211e-08 6.231050196307725e-09 5.4342598383011885e-11 2.9801301595578176e-37 5.4430822584184e-10
696.0 3.868497137747378e-08 6.7178554942571915e-09 5.898868924528956e-11 3.5755420542952782e-37 5.888917220641964e-10
697.0 4.1591959657178006e-08 7.240834070756505e-09 6.401431923906268e-11 4.287497001319731e-37 6.369570761669642e-10
698.0 4.470627473388399e-08 7.802529220209916e-09 6.944898984703586e-11 5.13832964423738e-37 6.887623645746861e-10
699.0 4.8041869606236074e-08 8.40565223184568e-09 7.532437262607974e-11 6.154562619721275e-37 7.445837063225426e-10
700.0 5.1613576804506327e-08 9.053092799985094e-09 8.167445995757576e-11 7.367674428841946e-37 8.047164506408197e-10
