200.0 1.6226893159730203e-08 6.432561498007888e-12 1.0295254018521781e-17 1.4532538970073431e-108 0.0006257993129839005
201.0 1.4730779428746525e-08 6.0715409830903385e-12 1.038452442389006e-17 4.344932755889913e-108 0.0005390245156673224
202.0 1.3346000502125744e-08 5.71717392636741e-12 1.044282875934197e-17 1.2812516081450013e-107 0.0004635994630683657
203.0 1.2067539851069492e-08 5.37082471017502e-12 1.0469972228958137e-17 3.727163679426512e-107 0.0003981457614201467
204.0 1.0890195530777873e-08 5.033698703589161e-12 1.0466041012859773e-17 1.0697851843009993e-106 0.00034143646264113447
205.0 9.808646470877138e-09 4.706842194518178e-12 1.043139612372232e-17 3.030181975234765e-106 0.0002923817476232364
206.0 8.817512664669662e-09 4.391144348077218e-12 1.0366663339382358e-17 8.471755096957601e-106 0.0002500156330703381
207.0 7.91140916008554e-09 4.087340985975438e-12 1.0272719512277828e-17 2.338232957990483e-105 0.00021348367592662247
208.0 7.084993863549932e-09 3.7960199680994855e-12 1.0150675620048395e-17 6.3721746461368334e-105 0.0001820316423247795
209.0 6.333009262737453e-09 3.5176279496671324e-12 1.0001856973857718e-17 1.7149345823948487e-104 0.0001549951023447078
210.0 5.6503182552017805e-09 3.2524782848596703e-12 9.82778104108177e-18 4.5586961172604805e-104 0.0001317899075672536
211.0 5.031934337254515e-09 3.000759850203822e-12 9.630133366474406e-18 1.1971232623085285e-103 0.00011190350529550279
212.0 4.473046461710889e-09 2.762546567627821e-12 9.410742090809068e-18 3.1060822796373857e-103 9.488704126277644e-05
213.0 3.96903891485253e-09 2.5378074174347667e-12 9.171551568608368e-18 7.964021386130568e-103 8.034820151743231e-05
214.0 3.5155065930503905e-09 2.326416744796516e-12 8.914595577596548e-18 2.018206490604704e-102 6.794474384272457e-05
215.0 3.108266078932998e-09 2.1281646791372714e-12 8.641970592912724e-18 5.055681373937369e-102 5.737866941456528e-05
216.0 2.7433629268582662e-09 1.9427675033240705e-12 8.355809570074364e-18 1.252105097009173e-101 4.8390986308565666e-05
217.0 2.4170755689040333e-09 1.7698778283267394e-12 8.058256643595298e-18 3.0662943383194696e-101 4.075701783683089e-05
218.0 2.1259162467835066e-09 1.6090944483988967e-12 7.751443104510064e-18 7.426133876886981e-101 3.428221043024112e-05
219.0 1.866629363168958e-09 1.4599717713651072e-12 7.437464971413514e-18 1.7788955136644792e-100 2.8798397798707495e-05
220.0 1.636187628987439e-09 1.322028737842284e-12 7.118362417581828e-18 4.215398803127029e-100 2.4160480325030247e-05
221.0 1.431786362385793e-09 1.1947571617939709e-12 6.796101262837503e-18 9.882988372214504e-100 2.0243481011413432e-05
222.0 1.2508362712321824e-09 1.0776294424026757e-12 6.47255668453172e-18 2.2927628304823934e-99 1.6939941744369988e-05
223.0 1.0909550251215604e-09 9.701056135969506e-13 6.149499248688798e-18 5.263929853193448e-99 1.415762612492188e-05
224.0 9.499578956884628e-10 8.716397125018595e-13 5.8285833112160284e-18 1.1961870774076946e-98 1.1817497585812257e-05
225.0 8.258477162991231e-10 7.816854614573957e-13 5.511337791129952e-18 2.690810969737111e-98 9.851943952051386e-06
226.0 7.168043845151106e-10 6.997012700048132e-13 5.199159273906988e-18 5.992643714616002e-98 8.203221968489939e-06
227.0 6.211741035881517e-10 6.251545733353128e-13 4.893307363931139e-18 1.3214786264585607e-97 6.822097596694625e-06
228.0 5.374585330894838e-10 5.575255321544668e-13 4.5949021711210764e-18 2.8857759597046284e-97 5.666660057191933e-06
229.0 4.643039939199639e-10 4.963101257826508e-13 4.304923788433529e-18 6.241362104508409e-97 4.701289650416726e-06
230.0 4.004908496425859e-10 4.4102267566974135e-13 4.024213594200004e-18 1.3370976839380784e-96 3.895761322796597e-06
231.0 3.4492316450187186e-10 3.911978404518281e-13 3.753477196106877e-18 2.8376952642292783e-96 3.224467748929955e-06
232.0 2.9661871875936804e-10 3.4639212633995895e-13 3.4932888219133816e-18 5.9667564718185494e-96 2.6657473752344763e-06
233.0 2.5469944413657116e-10 3.06184958136547e-13 3.2440969554134498e-18 1.2431716681910017e-95 2.201304415492641e-06
234.0 2.1838232622399804e-10 2.7017935666051614e-13 3.0062310142831654e-18 2.5668096202778554e-95 1.8157092070142199e-06
235.0 1.8697080665893824e-10 2.380022679702831e-13 2.779908868870725e-18 5.252605142350805e-95 1.4959686317837414e-06
236.0 1.5984670562820027e-10 2.0930458863891163e-13 2.5652450071248792e-18 1.0654239014871728e-94 1.2311574851467423e-06
237.0 1.3646267472988015e-10 1.837609295948885e-13 2.3622591601943736e-18 2.1423184224523754e-94 1.012102741368713e-06
238.0 1.1633518132011119e-10 1.610691588184179e-13 2.170885215167718e-18 4.2707694701598093e-94 8.311136273453583e-07
239.0 9.903801805851416e-11 1.409497605969507e-13 1.9909802554242284e-18 8.441792572563534e-94 6.817512798003639e-07
240.0 8.419632531819603e-11 1.231450461980647e-13 1.822333584549055e-18 1.6546833760378308e-93 5.586325345404484e-07
241.0 7.148110931241422e-11 1.074182478112914e-13 1.664675606245734e-18 3.216557970297797e-93 4.5726308585566964e-07
242.0 6.060423507552278e-11 9.355252452424424e-14 1.5176864496583846e-18 6.201661124706664e-93 3.7389586691444117e-07
243.0 5.131387069080008e-11 8.134990600502399e-14 1.381004246572182e-18 1.1860640017843886e-92 3.05411044775659e-07
244.0 4.339035725666822e-11 7.063019652273482e-14 1.2542329837251205e-18 2.2502683272916768e-92 2.4921450290465323e-07
245.0 3.66424779062813e-11 6.122985899948964e-14 1.1369498696067643e-18 4.235733284849626e-92 2.031521059780014e-07
246.0 3.0904098632810615e-11 5.3000895989891894e-14 1.028712170385371e-18 7.91101920007975e-92 1.6543741207283863e-07
247.0 2.6031153621761206e-11 4.58097418569916e-14 9.290634837864425e-19 1.4661777660361634e-91 1.345908214437435e-07
248.0 2.1898948159124234e-11 3.9536177977582726e-14 8.375394326822589e-19 2.696692432286943e-91 1.0938843397746855e-07
249.0 1.8399752887098314e-11 3.4072280578502114e-14 7.536727717512638e-19 4.922735072047531e-91 8.881913366848736e-08
250.0 1.544066414304302e-11 2.932140878550224e-14 6.769979107582001e-19 8.919712822711351e-91 7.204863226344979e-08
251.0 1.2941706277646231e-11 2.519723865912085e-14 6.070548667814401e-19 1.6043650328129005e-90 5.838938938965489e-08
252.0 1.0834153148598744e-11 2.1622847394196564e-14 5.433926650834334e-19 2.8648468774568315e-90 4.7275486453865334e-08
253.0 9.059047378459932e-12 1.8529850464561768e-14 4.855722143346247e-19 5.079056228000271e-90 3.8241669472635097e-08
254.0 7.565897409327017e-12 1.585759329206131e-14 4.331686866283833e-19 8.940976464524343e-90 3.090589454957977e-08
255.0 6.3115338487834456e-12 1.3552397997411885e-14 3.8577343625193246e-19 1.5629447890747028e-89 2.4954811425178273e-08
256.0 5.2591080541078034e-12 1.1566864936256635e-14 3.4299549361249503e-19 2.7132824130682953e-89 2.0131707591435905e-08
257.0 4.3772173229398355e-12 9.859228022543583e-15 3.044626721655188e-19 4.67815348990444e-89 1.6226509834203696e-08
258.0 3.639142431618235e-12 8.392762278418563e-15 2.698223267725749e-19 8.011557901314419e-89 1.3067503457952815e-08
259.0 3.0221845744381866e-12 7.135241610259035e-15 2.3874180174561993e-19 1.3628780097534766e-88 1.0514483370584289e-08
260.0 2.5070899990502464e-12 6.058444479855405e-15 2.109086060300773e-19 2.3031831676627804e-88 8.453096981708574e-09
261.0 2.0775517990448095e-12 5.1377049039859135e-15 1.860303516500854e-19 3.8669181460906046e-88 6.7901776509751e-09
262.0 1.7197794110238177e-12 4.351506061638655e-15 1.6383448979446945e-19 6.450591710078681e-88 5.449900218571485e-09
263.0 1.4221273687378803e-12 3.681113703460545e-15 1.4406787685584418e-19 1.069214454074387e-87 4.370617829910357e-09
264.0 1.1747757915440882e-12 3.1102465313960994e-15 1.2649620043938905e-19 1.7611362558140333e-87 3.5022625857391426e-09
265.0 9.694559301799747e-13 2.6247807375500153e-15 1.1090329291032617e-19 2.8828079359636597e-87 2.8042121588413117e-09
266.0 7.992148623858618e-13 2.2124859508310284e-15 9.70903575208708e-20 4.689908754301385e-87 2.243540979993437e-09
267.0 6.582141277182337e-13 1.862789929665373e-15 8.487512960801151e-20 7.583503837577641e-87 1.7935883903828677e-09
268.0 5.415577190115219e-13 1.5665694518049601e-15 7.409099283411557e-20 1.2188850490934687e-86 1.4327876977013177e-09
269.0 4.451454117371528e-13 1.3159649817421836e-15 6.458606799491849e-20 1.9474799443427424e-86 1.143709710974837e-09
270.0 3.6554791653965355e-13 1.1042168371163324e-15 5.622228957677273e-20 3.0933590171616336e-86 9.122823652328834e-10
271.0 2.9990078913584873e-13 9.255207232473798e-16 4.8874483033322904e-20 4.884994100794166e-86 7.271547368365297e-10
272.0 2.458144301370417e-13 7.749006557895199e-16 4.242945368928556e-20 7.670135742554227e-86 5.791793104626211e-10
273.0 2.0129785967743494e-13 6.4809744238053785e-16 3.6785096278182093e-20 1.197500972601777e-85 4.6099097295981385e-10
274.0 1.646942623149676e-13 5.414710426079735e-16 3.184953238906797e-20 1.8591339142700898e-85 3.6666503269081773e-10
275.0 1.346265706030162e-13 4.5191526967465e-16 2.7540281536543007e-20 2.870352493537913e-85 2.914397263709012e-10
276.0 1.0995159486334527e-13 3.7678343536126e-16 2.378347017764338e-20 4.4073443346756177e-85 2.3149128892015224e-10
277.0 8.972141560612962e-14 3.1382367117623906e-16 2.0513081773839285e-20 6.730742725107515e-85 1.8375181795359384e-10
278.0 7.31509370578353e-14 2.6112278222596765e-16 1.7670249929575963e-20 1.0223979729269714e-84 1.457619407897894e-10
279.0 5.959065841367989e-14 2.1705760587971558e-16 1.5202595721541993e-20 1.5448073495336648e-84 1.1555175315998599e-10
280.0 4.8503856504993456e-14 1.80252954535696e-16 1.3063609555268575e-20 2.3219457574750707e-84 9.154469936333265e-11
281.0 3.9447492077968426e-14 1.4954532068853517e-16 1.1212077236403063e-20 3.4719935786634974e-84 7.248004864505458e-11
282.0 3.205625409014384e-14 1.239516131872678e-16 9.61154941186331e-21 5.16511781922493e-84 5.73504297118881e-11
283.0 2.6029244380267463e-14 1.0264227629728014e-16 8.229853109158818e-21 7.645063199812368e-84 4.535154581758035e-11
284.0 2.1118880576162913e-14 8.491821827398494e-17 7.038643769050236e-21 1.1259165158525286e-83 3.5841732703008434e-11
285.0 1.7121659792295913e-14 7.01910440153907e-17 6.012995916208791e-21 1.6499849477654655e-83 2.830946235697603e-11
286.0 1.3870480967500974e-14 5.796614742162664e-17 5.131030433864607e-21 2.406171449603702e-83 2.234725485380334e-11
287.0 1.122827086953059e-14 4.782827381551368e-17 4.373576291645171e-21 3.491964007393915e-83 1.7630753104803974e-11
288.0 9.082698959214209e-15 3.942921164167461e-17 3.7238645114872875e-21 5.043512000668479e-83 1.3901953337913565e-11
289.0 7.341800438400354e-15 3.2477316136090115e-17 3.167252136150583e-21 7.250027976814002e-83 1.0955777460287497e-11
290.0 5.930355754264588e-15 2.672860620705741e-17 2.690973980676035e-21 1.0373195272896869e-82 8.629330356575735e-12
291.0 4.7868993398785894e-15 2.1979209840792704e-17 2.2839199921901137e-21 1.4773190855546067e-82 6.793312357981604e-12
292.0 3.861251081171748e-15 1.805896336786107e-17 1.9364361115551885e-21 2.0943405565823715e-82 5.345160099017899e-12
293.0 3.1124814713161736e-15 1.482599630433572e-17 1.6401466161299513e-21 2.955654145998299e-82 4.203572275394117e-12
294.0 2.507236126592704e-15 1.2162156591468492e-17 1.387796021614915e-21 4.152551679729263e-82 3.3041441192965893e-12
295.0 2.01835770766698e-15 9.96915125010406e-18 1.1731087286011388e-21 5.808354754777134e-82 2.5958887319306687e-12
296.0 1.6237536731869653e-15 8.165295063819967e-18 9.906647126181848e-22 8.088894035458509e-82 2.0384672158702504e-12
297.0 1.3054669939825006e-15 6.682775202912674e-18 8.357896723335412e-22 1.1216157290502764e-81 1.5999848336699847e-12
298.0 1.0489142369647852e-15 5.465352968553004e-18 7.044581667662341e-22 1.5485980857145207e-81 1.255238813111068e-12
299.0 8.422615107519488e-16 4.466435315568389e-18 5.932083870460468e-22 2.1290875638242096e-81 9.843262466772492e-13
300.0 6.759138396535397e-16 3.6474587221715216e-18 4.990673198955234e-22 2.9149341746715704e-81 7.715388673312431e-13
301.0 5.420977599314978e-16 2.976536511482385e-18 4.1948516748447192e-22 3.9743343749334323e-81 6.044861948690765e-13
302.0 4.3452044871539566e-16 2.4273280678009593e-18 3.522779907645094e-22 5.396600040252362e-81 4.734003418904956e-13
303.0 3.4809161705699293e-16 1.9780946856856054e-18 2.9557764024148067e-22 7.298199915490144e-81 3.7058521575378275e-13
304.0 2.7869682186838506e-16 1.6109121795617605e-18 2.4778812900640174e-22 9.830378792661225e-81 2.89980413281998e-13
305.0 2.2301285908343354e-16 1.31101498722875e-18 2.0754768752101993e-22 1.3188723722822053e-80 2.2681615008239453e-13
306.0 1.7835756145230197e-16 1.0662504289697409e-18 1.736958180843713e-22 1.762512180086339e-80 1.7734039571445049e-13
307.0 1.4256769699066556e-16 8.666251285503978e-19 1.4524473915157281e-22 2.346264190683384e-80 1.3860324085639983e-13
308.0 1.1389979693958848e-16 7.039284449480973e-19 1.213546758850543e-22 3.111397475182645e-80 1.0828659716795807e-13
309.0 9.094967589719313e-17 5.714201754106085e-19 1.0131251371239648e-22 4.110418321995642e-80 8.456978072235467e-14
310.0 7.258717560741597e-17 4.635718332725176e-19 8.451338651371935e-23 5.409864990270733e-80 6.602348093113053e-14
311.0 5.790329614372228e-17 3.758525314897535e-19 7.044482067257704e-23 7.093726245716208e-80 5.1526169279109304e-14
312.0 4.616739757142624e-17 3.045519614375814e-19 5.867310092649412e-23 9.267605149774204e-80 4.019823643786386e-14
313.0 3.679258129564799e-17 2.4663418612543806e-19 4.883156408770436e-23 1.2063769155420078e-79 3.1350126897490444e-14
314.0 2.9307709552544833e-17 1.9961700200075888e-19 4.061056261636267e-23 1.564724944290291e-79 2.4441518715156185e-14
315.0 2.3334807438964838e-17 1.6147249345760277e-19 3.374887205844537e-23 2.0223176705534784e-79 1.904921353733165e-14
316.0 1.85708257309231e-17 1.305451343150621e-19 2.8026344841378084e-23 2.6045567336358324e-79 1.4841891620467615e-14
317.0 1.4772933803234013e-17 1.0548440249177432e-19 2.3257638171882696e-23 3.342780319771097e-79 1.1560274408743063e-14
318.0 1.1746667904023224e-17 8.51893863065879e-20 1.92868661067957e-23 4.275507985401654e-79 9.001544258621406e-15
319.0 9.33638718820628e-18 6.876328897129881e-20 1.5983045555293414e-23 5.44991322304797e-79 7.007113800496682e-15
320.0 7.417593488142705e-18 5.547609524052823e-20 1.3236223287778086e-23 6.923558297360562e-79 5.453029466767149e-15
321.0 5.8907550887396834e-18 4.4733962153629654e-20 1.0954186221147459e-23 8.766429710004252e-79 4.2424454456194035e-15
322.0 4.676343305004735e-18 3.605414391640878e-20 9.059670551155673e-24 1.1063316650423748e-78 3.299724125905338e-15
323.0 3.710846327560137e-18 2.90444673169791e-20 7.487996919789229e-24 1.391657891280425e-78 2.565813638996258e-15
324.0 2.9435699798262285e-18 2.338654547685257e-20 6.185068930200576e-24 1.7449354954287835e-78 1.9946276613892947e-15
325.0 2.334071663708789e-18 1.8822059955731792e-20 5.105681127032525e-24 2.1809264970699416e-78 1.550211405817605e-15
326.0 1.8501034493060977e-18 1.5141559092607897e-20 4.212090202321155e-24 2.717266799610739e-78 1.2045240173861182e-15
327.0 1.4659642883612776e-18 1.2175318038356357e-20 3.472809807273205e-24 3.3749536001583275e-78 9.357040324456659e-16
328.0 1.1611807621046066e-18 9.785886621090896e-21 2.861595073873539e-24 4.1789011673206725e-78 7.267132304641696e-16
329.0 9.194514772624928e-19 7.862017836650723e-21 2.3565878898790477e-24 5.158571987426328e-78 5.642767568674131e-16
330.0 7.278029044180861e-19 6.31372475639399e-21 1.9395982260697764e-24 6.348690561338066e-78 4.380551165240526e-16
331.0 5.759146844853084e-19 5.068258983462448e-21 1.5955004741608348e-24 7.790047350989305e-78 3.3999755887300126e-16
332.0 4.555806784174825e-19 4.066841126381825e-21 1.3117268956655144e-24 9.53040051203531e-78 2.6383730599322657e-16
333.0 3.6027868146879214e-19 3.262004477218628e-21 1.077842975078264e-24 1.1625483090800015e-77 2.046976525045726e-16
334.0 2.848270739957976e-19 2.6154383298079645e-21 8.851917754801213e-25 1.4140123293599024e-77 1.5878469416283594e-16
335.0 2.2511098537007096e-19 2.0962381063806615e-21 7.265963640249571e-25 1.714948523774344e-77 1.2314771666773671e-16
336.0 1.7786400815514436e-19 1.6794864701954005e-21 5.961110550361183e-25 2.0740437249290316e-77 9.549240952389561e-17
337.0 1.4049427984667663e-19 1.3451035436770226e-21 4.888136499693329e-25 2.5013054266281266e-77 7.403530724995457e-17
338.0 1.109459814721026e-19 1.076915769206716e-21 4.0063207138614126e-25 3.008226022213954e-77 5.73903948506206e-17
339.0 8.758909308379876e-20 8.619022920374986e-22 3.2819982277411876e-25 3.607961540710538e-77 4.448079795612912e-17
340.0 6.913168196731006e-20 6.895853826124724e-22 2.6873558392944635e-25 4.315525272327499e-77 3.4470029564456893e-17
341.0 5.455014984825611e-20 5.515376546542689e-22 2.1994299546554877e-25 5.147996544951884e-77 2.670847845223825e-17
342.0 4.3033786648936085e-20 4.409839278089136e-22 1.7992731549100757e-25 6.124744760808799e-77 2.0691772469025495e-17
343.0 3.394071562965863e-20 3.524797368111289e-22 1.4712616352813036e-25 7.26766862693952e-77 1.6028390677728328e-17
344.0 2.676290444257214e-20 2.8165187369340345e-22 1.2025201586013171e-25 8.601450314328287e-77 1.2414476792226248e-17
345.0 2.1098387998158372e-20 2.249891056447426e-22 9.824449517143777e-26 1.015382405862474e-76 9.614257961284933e-18
346.0 1.662922562238536e-20 1.79673453764178e-22 8.023081625849028e-26 1.1955858471079436e-76 7.444825357221778e-18
347.0 1.3104015661824602e-20 1.4344424147446131e-22 6.549301786647038e-26 1.40422515626562e-76 5.764307933930483e-18
348.0 1.0324030641005329e-20 1.144886030322628e-22 5.344083614000335e-26 1.6451637198951313e-76 4.462685090408302e-18
349.0 8.132227455679096e-21 9.135334563777208e-23 4.3589264401080895e-26 1.9226901400658624e-76 3.4546510847016693e-18
350.0 6.404539648438501e-21 7.287403482903436e-23 3.554000263318888e-26 2.2415506586589125e-76 2.6740742653171613e-18
351.0 5.042980370144098e-21 5.811796440197325e-23 2.896613295471762e-26 2.6069821526959526e-76 2.069695631376475e-18
352.0 3.970181434932793e-21 4.6338313524647753e-23 2.3599468577862707e-26 3.0247454437501745e-76 1.6017902334746446e-18
353.0 3.1250709309807233e-21 3.6937313154377866e-23 1.9220116719809273e-26 3.5011586304387666e-76 1.2395764305596765e-18
354.0 2.459453153763618e-21 2.943666425478799e-23 1.564787357849566e-26 4.043130119054568e-76 9.59205885018348e-19
355.0 1.935303379816971e-21 2.345379032603697e-23 1.273513427085279e-26 4.658190994127754e-76 7.422044210127167e-19
356.0 1.5226287497995935e-21 1.8682781606155685e-23 1.0361054637126194e-26 5.354526338638301e-76 5.742628396303012e-19
357.0 1.1977773177252672e-21 1.487911033568286e-23 8.426746793954302e-27 6.141005083347705e-76 4.442993106408321e-19
358.0 9.421017741413245e-22 1.1847375745875653e-23 6.851327747052725e-27 7.027207936906295e-76 3.4373247254473265e-19
359.0 7.409037609257792e-22 9.431482088372253e-24 5.5686714923486204e-27 8.02345292360632e-76 2.6591798275992437e-19
360.0 5.826000971755555e-22 7.506769689376753e-24 4.524740884404342e-27 9.140818034609675e-76 2.0571183485454984e-19
361.0 4.580644520666341e-22 5.973713050176998e-24 3.6753970069888656e-27 1.0391160481694244e-75 1.5913197448996602e-19
362.0 3.601076865683193e-22 4.7528757766213476e-24 2.9846015753274067e-27 1.1787132030776733e-75 1.230961254735659e-19
363.0 2.830677626478048e-22 3.780873124171398e-24 2.4229426459661195e-27 1.3342189886136998e-75 9.521869078961968e-20
364.0 2.2248620062012334e-22 3.0071420420303957e-24 1.966426121120548e-27 1.507060259599118e-75 7.365343867414792e-20
365.0 1.7485288209887855e-22 2.3913580942938268e-24 1.595485638145008e-27 1.698745045632865e-75 5.69716680377899e-20
366.0 1.3740480941748167e-22 1.901370390835733e-24 1.2941717887942843e-27 1.9108619903071671e-75 4.406786310417456e-20
367.0 1.079674503859865e-22 1.5115511805304828e-24 1.0494885153032044e-27 2.1450791403052903e-75 3.4086643485724434e-20
368.0 8.482968492402114e-23 1.201477259157364e-24 8.508502291918571e-28 2.4031420382239064e-75 2.6366209210152027e-20
369.0 6.664525848746249e-23 9.548768041189667e-25 6.8963790070735735e-28 2.6868710765176687e-75 2.0394560673922434e-20
370.0 5.2355140215051607e-23 7.587884583051902e-25 5.5883624368999835e-28 2.998158074286346e-75 1.577561121860101e-20
371.0 4.1126363769867357e-23 6.028900830775996e-25 4.527373150880519e-28 3.338962043710392e-75 1.2202959424730734e-20
372.0 3.230386125646958e-23 4.78963098560887e-25 3.666984787631249e-28 3.711304118758592e-75 9.439591545584475e-21
373.0 2.5372537109626955e-23 3.804651413460639e-25 2.9694484784576023e-28 4.117261625323904e-75 7.302174552976067e-21
374.0 1.992741046194964e-23 3.021892277689789e-25 2.40408100098042e-28 4.558961279133098e-75 5.6489024863239416e-21
375.0 1.565011365633748e-23 2.3999198251184507e-25 1.94595023901803e-28 5.038571505578869e-75 4.370092927161367e-21
376.0 1.2290396957568528e-23 1.905769923316586e-25 1.5748035436576173e-28 5.558293883957747e-75 3.3809117782313114e-21
377.0 9.651575454982234e-24 1.5132214596458832e-25 1.2741944572126781e-28 6.1203537273971625e-75 2.6157449855855295e-21
378.0 7.57907970553308e-24 1.2014206240522092e-25 1.0307713572702878e-28 6.726989818928796e-75 2.0238446123993994e-21
379.0 5.9514495495747264e-24 9.537850217403774e-26 8.336982165758364e-29 7.380443333599526e-75 1.5659608934638154e-21
380.0 4.6732507833118646e-24 7.571308922454568e-26 6.741831153511685e-29 8.082945986122982e-75 1.2117371029456518e-21
381.0 3.669504927129071e-24 6.009781647619082e-26 5.450945995164262e-29 8.836707453240141e-75 9.37694543278256e-22
382.0 2.8813094560320547e-24 4.7699723054376553e-26 4.4064962724488997e-29 9.643902129540112e-75 7.2567403270961855e-22
383.0 2.2623945070168546e-24 3.785686222814106e-26 3.5615983227281483e-29 1.0506655284904746e-74 5.616305073571894e-22
384.0 1.7764161558649656e-24 3.0043262651640996e-26 2.8782527465082765e-29 1.1427028700843226e-74 4.347007546397339e-22
385.0 1.3948289466843416e-24 2.384105138148853e-26 2.325668462075067e-29 1.2407005871615246e-74 3.3648240309934616e-22
386.0 1.0952138948209276e-24 1.8918278907192602e-26 1.878901294585241e-29 1.3448476864179367e-74 2.6047630488873225e-22
387.0 8.599645870192127e-25 1.5011283020054292e-26 1.517748411910246e-29 1.4553222938398377e-74 2.0165528764789666e-22
388.0 6.752547856636032e-25 1.191066489426369e-26 1.2258507978039008e-29 1.572290103559267e-74 1.5613063910752425e-22
389.0 5.302273000352208e-25 9.450139366211892e-27 9.899648298726157e-30 1.6959028249273075e-74 1.208941755530277e-22
390.0 4.163567575290482e-25 7.497671749665947e-27 7.993712704826939e-30 1.826296639665484e-74 9.36187638766447e-23
391.0 3.269490330420773e-25 5.948433346490603e-27 6.453958822540122e-30 1.9635906813232737e-74 7.250404883052266e-23
392.0 2.5674805938105558e-25 4.719203281075706e-27 5.21020691133764e-30 2.1078855495263665e-74 5.61571395879027e-23
393.0 2.016270056555517e-25 3.743920333322533e-27 4.2056883969833715e-30 2.2592618716332705e-74 4.3500331933394824e-23
394.0 1.5834573658425678e-25 2.970149007229649e-27 3.394491653103744e-30 2.4177789244290787e-74 3.3699738399302727e-23
395.0 1.2436033877298243e-25 2.3562722920317703e-27 2.7394923616170124e-30 2.583473328366583e-74 2.6110087637528537e-23
396.0 9.76735449427963e-26 1.8692619575574693e-27 2.210676926570283e-30 2.756357826618996e-74 2.0232028477719336e-23
397.0 7.671728059360276e-26 1.4829077746698647e-27 1.783784615589931e-30 2.9364201608342243e-74 1.5679104804011908e-23
398.0 6.026043881696331e-26 1.1764113599559695e-27 1.4392080891841935e-30 3.1236220549774957e-74 1.2152209762253396e-23
399.0 4.7336467394501975e-26 9.332696824285119e-28 1.1611033470573436e-30 3.3178983180240184e-74 9.419824564722953e-24
400.0 3.7186514057604676e-26 7.403886520614241e-28 9.366693590311684e-31 3.519156075524163e-74 7.302731298945902e-24
401.0 2.9214788580910923e-26 5.873794427654063e-28 7.555651529031934e-31 3.7272741392051685e-74 5.662186199909183e-24
402.0 2.2953517511466025e-26 4.659999290090635e-28 6.094382260143181e-31 3.9421025228174515e-74 4.39076955400134e-24
403.0 1.8035430689137992e-26 3.6971134786264807e-28 4.915430949358661e-31 4.163462111384864e-74 3.405306036329131e-24
404.0 1.4172161228436087e-26 2.9332644458708797e-28 3.964328131006796e-31 4.391144489878448e-74 2.641386647646598e-24
405.0 1.1137288199264727e-26 2.327302446475254e-28 3.197095440850799e-31 4.624911936131675e-74 2.049129643171763e-24
406.0 8.753024216055653e-27 1.8465847657387902e-28 2.5782292075517614e-31 4.864497581547543e-74 1.5898999931905675e-24
407.0 6.879764515958723e-27 1.4652175401737755e-28 2.0790706326187285e-31 5.1096057418328855e-74 1.2337704438556058e-24
408.0 5.40788244675652e-27 1.1626607523129167e-28 1.6764886594313663e-31 5.359912418658438e-74 9.575563774070232e-25
409.0 4.251288470130083e-27 9.226214413947868e-29 1.3518157100889512e-31 5.615065971770388e-74 7.432946683330262e-25
410.0 3.342373575438154e-27 7.321756261887312e-29 1.0899878756358775e-31 5.874687959723619e-74 5.77066119760422e-25
411.0 2.6280394890180074e-27 5.810717088229687e-29 8.788503852314626e-32 6.138374146040927e-74 4.480837942710933e-25
412.0 2.066582042582006e-27 4.6117787312754375e-29 7.085966628705236e-32 6.405695666274474e-74 3.479871345034163e-25
413.0 1.6252442925545505e-27 3.6604372757821053e-29 5.713153389835021e-32 6.676200350151511e-74 2.702953682436979e-25
414.0 1.2782954140543991e-27 2.9055258461070984e-29 4.606244886499223e-32 6.949414191743293e-74 2.099842125973336e-25
415.0 1.0055223483951686e-27 2.3064564317957362e-29 3.713763372901989e-32 7.22484295940958e-74 1.6315803001903058e-25
416.0 7.910454831071366e-28 1.831032108166126e-29 2.99418886238597e-32 7.501973936175399e-74 1.2679588506723603e-25
417.0 6.223887189397094e-28 1.4537117231446194e-29 2.4140350860691977e-32 7.780277780171111e-74 9.855482200101674e-26
418.0 4.897492521942403e-28 1.1542334911165752e-29 1.9462966711583445e-32 8.0592104938362e-74 7.661745245760205e-26
419.0 3.85424154843215e-28 9.165232720280686e-30 1.5691960474815135e-32 8.338215489779078e-74 5.957385900265845e-26
420.0 3.0336006148789186e-28 7.278286573836128e-30 1.265172328503356e-32 8.616725740460481e-74 4.6330077348890443e-26
421.0 2.3879951477490207e-28 5.780321583038625e-30 1.0200655179359181e-32 8.894165998271594e-74 3.603716677954969e-26
422.0 1.8800320607877738e-28 4.5910644874629916e-30 8.224583680794209e-33 9.16995507211794e-74 2.803623026245824e-26
423.0 1.4803181097430832e-28 3.646822787517728e-30 6.631454684754975e-33 9.443508146240002e-74 2.181579221544673e-26
424.0 1.165746221751577e-28 2.8970575044978753e-30 5.347050030111152e-33 9.714239126801046e-74 1.697875198010906e-26
425.0 9.181493256547642e-29 2.3016647074375672e-30 4.311533470440803e-33 9.981563001644283e-74 1.3216758228689238e-26
426.0 7.232427968562392e-29 1.8288191878797412e-30 3.476664992892515e-33 1.0244898198657722e-73 1.0290335122482237e-26
427.0 5.697935769648375e-29 1.4532639962452946e-30 2.803554307100231e-33 1.0503668928317925e-73 8.013467054945205e-27
428.0 4.48967332387161e-29 1.1549536118017366e-30 2.260849257170497e-33 1.0757307496240059e-73 6.241640006121159e-27
429.0 3.5381546057098893e-29 9.179775996103722e-31 1.8232750377032116e-33 1.1005256571939049e-73 4.862563064832357e-27
430.0 2.788719526042202e-29 7.297067415064222e-31 1.4704563432232101e-33 1.124697140047625e-73 3.788968367420206e-27
431.0 2.1983655894764058e-29 5.80115630663732e-31 1.18596769546901e-33 1.1481921944244066e-73 2.9530230313042906e-27
432.0 1.733257600215796e-29 4.612452383229697e-31 9.565677776995527e-34 1.1709594942818521e-73 2.301991509846876e-27
433.0 1.3667701251028293e-29 3.6677651061691452e-31 7.715821467995131e-34 1.1929495879549078e-73 1.7948680371278e-27
434.0 1.0779485897779461e-29 2.9169204064004067e-31 6.2240558612292085e-34 1.2141150844391264e-73 1.3997617897016097e-27
435.0 8.502993590221347e-30 2.3200760922323605e-31 5.0210092268376465e-34 1.2344108283386636e-73 1.0918661880719654e-27
436.0 6.708383733438762e-30 1.845591536587751e-31 4.050756182833169e-34 1.2537940626120808e-73 8.51881584291313e-28
437.0 5.293430095711503e-30 1.4683371020550434e-31 3.268210628350442e-34 1.2722245783521937e-73 6.647899047274942e-28
438.0 4.177636897631761e-30 1.1683524484297266e-31 2.637024169403375e-34 1.2896648509345898e-73 5.189025523046958e-28
439.0 3.2976107584759626e-30 9.297816532552761e-32 2.127892048624271e-34 1.3060801619798594e-73 4.051205027042251e-28
440.0 2.6034200315033376e-30 7.400279752814869e-32 1.717187575438267e-34 1.3214387066770334e-73 3.1635920231006693e-28
441.0 2.055730532157687e-30 5.890829080761138e-32 1.3858613628637804e-34 1.3357116861268204e-73 2.47101481698641e-28
442.0 1.6235518165989082e-30 4.689935440468916e-32 1.1185540222472936e-34 1.3488733844684773e-73 1.9304992645699053e-28
443.0 1.2824636459986746e-30 3.7343970367430547e-32 9.028809212348883e-35 1.3609012306607378e-73 1.5085653120651462e-28
444.0 1.0132201501939864e-30 2.973981819249411e-32 7.28855635827192e-35 1.3717758448904174e-73 1.1791241686875108e-28
445.0 8.006511125216862e-31 2.368761417004467e-32 5.884251977364851e-35 1.3814810696831214e-73 9.218423630591922e-29
446.0 6.327970159492067e-31 1.8869939502893266e-32 4.750954545751362e-35 1.39000398588858e-73 7.208687824657685e-29
447.0 5.002280242313173e-31 1.5034425656649311e-32 3.836290655290353e-35 1.3973349138027331e-73 5.63843967234842e-29
448.0 3.955077103120341e-31 1.198039894894986e-32 3.0980204499888987e-35 1.4034673997799502e-73 4.4112892654698517e-29
449.0 3.127707077189419e-31 9.548271683377037e-33 2.502074991993841e-35 1.4083981887674151e-73 3.452047166938255e-29
450.0 2.4739003643153706e-31 7.611114155410797e-33 2.0209740328926046e-35 1.4121271832712233e-73 2.702048777703966e-29
451.0 1.9571502535415572e-31 6.067958516928232e-33 1.6325504198675425e-35 1.4146573893336718e-73 2.115512578974355e-29
452.0 1.5486481976710739e-31 4.8384780585251247e-33 1.3189216763104492e-35 1.415994850162044e-73 1.6567030677578124e-29
453.0 1.2256566021798297e-31 3.858758933224626e-33 1.0656608306100918e-35 1.4161485681072907e-73 1.2977201284985856e-29
454.0 9.702263489067521e-32 3.0779396492211902e-33 8.611278633357723e-36 1.4151304157378015e-73 1.0167761669677906e-29
455.0 7.681858644347796e-32 2.455539935035187e-33 6.95930635978222e-36 1.4129550367968145e-73 7.968531059019985e-30
456.0 6.083441129849034e-32 1.9593373120504343e-33 5.624902036333425e-36 1.4096397378640311e-73 6.24655270284858e-30
457.0 4.818621451765942e-32 1.563678867615504e-33 4.5469028155942135e-36 1.4052043715719665e-73 4.897927995654108e-30
458.0 3.8175747560588985e-32 1.2481388700616436e-33 3.6759455872266736e-36 1.3996712122450299e-73 3.8414469951056075e-30
459.0 3.025131508304517e-32 9.964512454705965e-34 2.9721871350814143e-36 1.3930648248446059e-73 3.0136190825165534e-30
460.0 2.3976934294242971e-32 7.956605288796752e-34 2.4034653539668527e-36 1.3854119281082614e-73 2.364795144634195e-30
461.0 1.9008000680563576e-32 6.35446490655248e-34 1.943816106266788e-36 1.3767412527729453e-73 1.8561408610587766e-30
462.0 1.5072084203955545e-32 5.075868415767703e-34 1.5722768560838043e-36 1.3670833957654516e-73 1.4572737753791533e-30
463.0 1.1953771694187467e-32 4.055297294191722e-34 1.2719215645817965e-36 1.3564706712308933e-73 1.1444181667501065e-30
464.0 9.482700829586183e-33 3.2405354569619872e-34 1.0290820878587813e-36 1.3449369592548325e-73 8.989639311034542e-31
465.0 7.524112021355275e-33 2.5899617341168806e-34 8.327199902098023e-37 1.3325175531107628e-73 7.063407560489932e-31
466.0 5.9713870525633004e-33 2.070394709687976e-34 6.739196758025258e-37 1.319249005840089e-73 5.551384083833949e-31
467.0 4.740155634725344e-33 1.6553769892266523e-34 5.454793767707022e-37 1.3051689769383102e-73 4.364191750614782e-31
468.0 3.7636395549432975e-33 1.323809099305012e-34 4.4158107843945886e-37 1.2903160798901767e-73 3.4318036214528036e-31
469.0 2.9889738496272008e-33 1.0588616102663113e-34 3.5752412469175802e-37 1.2747297312567742e-73 2.6993400443870497e-31
470.0 2.374299436228323e-33 8.471086887369802e-35 2.895101991321317e-37 1.2584500019770476e-73 2.123781493551999e-31
471.0 1.886464995056944e-33 6.778379044926312e-35 2.3446975832066227e-37 1.2415174715062124e-73 1.6713970205748414e-31
472.0 1.4992100860197699e-33 5.425003529250745e-35 1.8992191285178896e-37 1.223973085364853e-73 1.3157320540891745e-31
473.0 1.1917284527873376e-33 4.342724986315745e-35 1.5386129983967894e-37 1.2058580166315017e-73 1.0360335061923094e-31
474.0 9.475317396499635e-34 3.477069859672767e-35 1.24666738493729e-37 1.187213531859977e-73 8.160168514910193e-32
475.0 7.53550629584373e-34 2.784543073443755e-35 1.0102746700348007e-37 1.1680808618586175e-73 6.429006900321845e-32
476.0 5.994236555289244e-34 2.2304091476820843e-35 8.188357071158783e-38 1.1485010777185563e-73 5.066505797649211e-32
477.0 4.769343889229787e-34 1.786922993554359e-35 6.637786627087956e-38 1.1285149724314068e-73 3.993866324918441e-32
478.0 3.7956595999213287e-34 1.4319190216245295e-35 5.381703457328428e-38 1.108162948389631e-73 3.1491929313492805e-32
479.0 3.021483779467186e-34 1.1476858057259435e-35 4.3640221224579675e-38 1.0874849110157324e-73 2.4838547651005145e-32
480.0 2.405792627019882e-34 9.200683551809497e-36 3.53936669863463e-38 1.066520168721001e-73 1.9596329510216745e-32
481.0 1.9160266189980602e-34 7.377518366616424e-36 2.87102078515048e-38 1.0453073393508336e-73 1.546483471710262e-32
482.0 1.5263383579931688e-34 5.9168997164982564e-36 2.329270811069936e-38 1.0238842632308947e-73 1.2207823680925017e-32
483.0 1.2162042774840474e-34 4.746488075216561e-36 1.8900670262886012e-38 1.0022879228864196e-73 9.63948925464325e-33
484.0 9.693244124131508e-35 3.8084251042423e-36 1.5339411278105122e-38 9.80554369469831e-74 7.613651531420606e-33
485.0 7.727502788079925e-35 3.056425670204854e-36 1.2451312268989496e-38 9.587186558928084e-74 6.0152757896247116e-33
486.0 6.161934217824775e-35 2.453455569955666e-36 1.0108743502122003e-38 9.368147766254603e-74 4.753812401501984e-33
487.0 4.914770871877639e-35 1.969876655396804e-36 8.208343261428337e-39 9.148756140927382e-74 3.757966001265175e-33
488.0 3.92101297929949e-35 1.5819650126976706e-36 6.666390896477872e-39 8.929328915666252e-74 2.9715861332164984e-33
489.0 3.1289780580359384e-35 1.2707269469559376e-36 5.415064298678459e-39 8.7101713242749e-74 2.3504381005685782e-33
490.0 2.497562865291209e-35 1.0209527443048327e-36 4.399412346509407e-39 8.491576256391629e-74 1.8596648206402074e-33
491.0 1.994070203874885e-35 8.204603174178887e-37 3.574905401654466e-39 8.273823972632184e-74 1.4717912966965686e-33
492.0 1.5924836737101928e-35 6.594905149535304e-37 2.9054532171047714e-39 8.057181878141365e-74 1.1651552916715869e-33
493.0 1.272097731730941e-35 5.302235904866258e-37 2.3618008431826738e-39 7.841904352410756e-74 9.226728511354761e-34
494.0 1.0164296420891436e-35 4.263924798195917e-37 1.920230261884998e-39 7.628232633062159e-74 7.308669714691403e-34
495.0 8.12355117881574e-36 3.429734441987406e-37 1.5615093299737446e-39 7.416394751141033e-74 5.791031174382314e-34
496.0 6.494215102173453e-36 2.7593855333465734e-37 1.2700408011586215e-39 7.206605515392231e-74 4.589873793320893e-34
497.0 5.193019503960288e-36 2.2205760735352024e-37 1.0331732394458287e-39 6.999066542854369e-74 3.6389254222933704e-34
498.0 4.1536141824574934e-36 1.7873959115202713e-37 8.406429425638426e-40 6.793966333086176e-74 2.8858478151509258e-34
499.0 3.323117071350568e-36 1.439057457884545e-37 6.8412189986763e-40 6.591480383248264e-74 2.28929540192831e-34
500.0 2.6593701049144583e-36 1.158879313141979e-37 5.568515826368387e-40 6.391771341266657e-74 1.8165973005336628e-34
501.0 2.1287562429580342e-36 9.334722497057133e-38 4.533462236538014e-40 6.1949891942653454e-74 1.4419300087664804e-34
502.0 1.7044624955975078e-36 7.520871264422452e-38 3.691523629930183e-40 6.001271489480638e-74 1.144876515581605e-34
503.0 1.365097501717207e-36 6.06092414796136e-38 3.0065395987937224e-40 5.81074358486994e-74 9.092898056115717e-35
504.0 1.093591029446066e-36 4.885554873676616e-38 2.4491441082446072e-40 5.6235189266762146e-74 7.223962071612892e-35
505.0 8.763176975633784e-37 3.939069917928669e-38 1.995484645467693e-40 5.439699351241117e-74 5.740877732601714e-35
506.0 7.023990677977646e-37 3.1767176669226793e-38 1.6261835916971534e-40 5.259375408430408e-74 4.563636897269041e-35
507.0 5.631476667288618e-37 2.562530612842277e-38 1.3254958725855944e-40 5.082626704089371e-74 3.628892027477327e-35
508.0 4.516239674195321e-37 2.0675946278864854e-38 1.0806256820302334e-40 4.909522259038592e-74 2.88647245041758e-35
509.0 3.6228329521594056e-37 1.6686604910490928e-38 8.811721470973591e-41 4.7401208821864025e-74 2.2966320198952583e-35
510.0 2.906943366455599e-37 1.3470297473239122e-38 7.186795261228435e-41 4.574471555443879e-74 1.8278740160387136e-35
511.0 2.333146765918979e-37 1.0876605038849301e-38 5.862721659881177e-41 4.4126138282184945e-74 1.455231740713802e-35
512.0 1.87311766457904e-37 8.784495906079533e-39 4.783581962698009e-41 4.254578219360048e-74 1.1589089568857009e-35
513.0 1.5042009312260825e-37 7.096561746081091e-39 3.903889758427531e-41 4.1003866245517184e-74 9.232045602460171e-36
514.0 1.208272007243479e-37 5.734388529269141e-39 3.1866376775346435e-41 3.950052727237483e-74 7.356618213783646e-36
515.0 9.708271433082513e-38 4.634837998823235e-39 2.601711109127226e-41 3.803582411295972e-74 5.8639510928410675e-36
516.0 7.802570548681248e-38 3.747059922431774e-39 2.1245997146236095e-41 3.660974173777922e-74 4.675569200524343e-36
517.0 6.272668727180183e-38 3.0300909723264336e-39 1.7353506461638103e-41 3.5222195361466866e-74 3.72915852550364e-36
518.0 5.044128072684723e-38 2.4509246204154028e-39 1.4177179766339537e-41 3.387303452563377e-74 2.9752234058931134e-36
519.0 4.0573194939723146e-38 1.9829593031479375e-39 1.1584714382790565e-41 3.256204713881714e-74 2.3744381786692596e-36
520.0 3.264464118272906e-38 1.604750439520654e-39 9.468345300069124e-42 3.128896346121594e-74 1.895548334481971e-36
521.0 2.6272682289226134e-38 1.2990065794017341e-39 7.740276986986761e-42 3.0053460023021873e-74 1.5137066850031827e-36
522.0 2.115032181210262e-38 1.0517817414638356e-39 6.328968773147461e-42 2.8855163466224684e-74 1.2091540025351802e-36
523.0 1.703137923360017e-38 8.518254494196326e-40 5.1761137486950755e-42 2.769365430080395e-74 9.661725132059037e-37
524.0 1.3718390158433872e-38 6.900595553986051e-40 4.234181244697349e-42 2.656847056723714e-74 7.722555765230799e-37
525.0 1.1052924016215049e-38 5.5915702125151864e-40 3.464417384044834e-42 2.547911139821047e-74 6.174487016189368e-37
526.0 8.907834276634666e-39 4.532027094766493e-40 2.835218013368749e-42 2.442504047336101e-74 4.938263936465076e-37
527.0 7.181053869179351e-39 3.67420153346723e-40 2.320804411480626e-42 2.340568936178358e-74 3.9507671264280066e-37
528.0 5.7906264344572605e-39 2.979514213640284e-40 1.900145225476152e-42 2.2420460747880276e-74 3.1617127214420038e-37
529.0 4.670726225754473e-39 2.416797171810488e-40 1.556078684262226e-42 2.14687315369306e-74 2.5310302980139133e-37
530.0 3.768469119774645e-39 1.9608638506143653e-40 1.2745977447543828e-42 2.054985583753739e-74 2.026778828666474e-37
531.0 3.041356827320489e-39 1.5913562099023775e-40 1.0442678143671746e-42 1.9663167818831547e-74 1.6234897959324173e-37
532.0 2.4552280436810993e-39 1.2918149938930378e-40 8.557523695645419e-43 1.8807984440972948e-74 1.300849527486588e-37
533.0 1.9826155588438722e-39 1.048929781799513e-40 7.0142640136126914e-43 1.798360805812272e-74 1.042650995735411e-37
534.0 1.601428545897465e-39 8.519339129682748e-41 5.7506136526578955e-43 1.7189328893667453e-74 8.359597316929305e-38
535.0 1.2938953877805224e-39 6.921161831996302e-41 4.715683578553415e-43 1.6424427387977614e-74 6.704499216209651e-38
536.0 1.0457153057566902e-39 5.624266825888928e-41 3.86788716923675e-43 1.56881764195205e-74 5.37875807934862e-38
537.0 8.453773699713365e-40 4.571585485951869e-41 3.1732325398694023e-43 1.4979843400565826e-74 4.316506953852143e-38
538.0 6.836137236295196e-40 3.7169095120488745e-41 2.603929637669038e-43 1.4298692249172726e-74 3.4651155886660383e-38
539.0 5.529604530037607e-40 3.0228147868737804e-41 2.1372538560545638e-43 1.3643985239475651e-74 2.7825176846104686e-38
540.0 4.474048171376975e-40 2.4589838803961627e-41 1.754618738587838e-43 1.3014984732662373e-74 2.2350803438481509e-38
541.0 3.621017783917664e-40 2.000850326177712e-41 1.4408191465448884e-43 1.2410954791307821e-74 1.7959052246393827e-38
542.0 2.9314615922717396e-40 1.6285026811925285e-41 1.1834134272473066e-43 1.1831162679990856e-74 1.4434735255454036e-38
543.0 2.3738946065306166e-40 1.325798372936424e-41 9.722189501594834e-44 1.1274880255358397e-74 1.1605648910649703e-38
544.0 1.922925484414201e-40 1.0796470002820856e-41 7.989001233158179e-44 1.0741385248983455e-74 9.333946085370471e-39
545.0 1.5580715232966992e-40 8.794305420323839e-42 6.566318662932447e-44 1.0229962446527788e-74 7.509248150633324e-39
546.0 1.262805171408469e-40 7.165342048097009e-42 5.398246621851967e-44 9.739904766867743e-75 6.043144566276103e-39
547.0 1.0237866194137006e-40 5.839667036788757e-42 4.4389987355815483e-44 9.27051424492181e-75 4.864799180844563e-39
548.0 8.302459912179366e-41 4.760528512134503e-42 3.651060948880327e-44 8.821102922031705e-75 3.9174395194377086e-39
549.0 6.734858369577068e-41 3.8818462386290874e-42 3.0036901485436156e-44 8.390993647776039e-75 3.155550771699962e-39
550.0 5.464803943211092e-41 3.1661953165105993e-42 2.471686480018077e-44 7.979520797162717e-75 2.5426323571314622e-39
551.0 4.4355270885831725e-41 2.5831726175090633e-42 2.0343892512139276e-44 7.586030907125615e-75 2.0494037407775067e-39
552.0 3.6011441572008287e-41 2.108072976645822e-42 1.6748555283119806e-44 7.209883236283086e-75 1.652369107403796e-39
553.0 2.9245596521700155e-41 1.72081613578328e-42 1.3791880394782614e-44 6.850450251875658e-75 1.3326687745691271e-39
554.0 2.3757746764105414e-41 1.4050767242000392e-42 1.1359851284077773e-44 6.507118047767928e-75 1.0751597867750675e-39
555.0 1.9305225502457858e-41 1.1475786815796151e-42 9.35890496932796e-45 6.179286697355068e-75 8.676797409589083e-40
556.0 1.5691680196302048e-41 9.37522898106479e-43 7.712245533235535e-45 5.866370545147667e-75 7.004571498111438e-40
557.0 1.2758188886930233e-41 7.661228024011612e-43 6.356825103973091e-45 5.567798440745962e-75 5.65639032400648e-40
558.0 1.0376088884639898e-41 6.262274429780772e-43 5.2408709359825626e-45 5.283013918813491e-75 4.569123121784702e-40
559.0 8.441186171176368e-42 5.120155023404523e-43 4.321859366311174e-45 5.011475328595158e-75 3.692003036650648e-40
560.0 6.869078404278759e-42 4.187468318500539e-43 3.5648555292343785e-45 4.752655916399341e-75 2.984193222307233e-40
561.0 5.591376330113521e-42 3.42560643082407e-43 2.941152500723973e-45 4.506043864381099e-75 2.4128344845590393e-40
562.0 4.5526501902947803e-42 2.803115528664606e-43 2.427155625470589e-45 4.271142288844884e-75 1.9514787259569182e-40
563.0 3.7079613417156494e-42 2.2943634776801083e-43 2.003467650476637e-45 4.047469201169638e-75 1.5788315757131321e-40
564.0 3.020866386246839e-42 1.8784568463041812e-43 1.6541383565772625e-45 3.834557434347708e-75 1.277742878150032e-40
565.0 2.4618029159929176e-42 1.5383603769473286e-43 1.3660489736623384e-45 3.6319545380064067e-75 1.034395936442072e-40
566.0 2.0067835486117813e-42 1.2601808887494913e-43 1.1284070569130211e-45 3.439222644662829e-75 8.376561838985648e-41
567.0 1.6363390842287763e-42 1.032584756335223e-43 9.323319103677876e-46 3.255938309837122e-75 6.78547775074675e-41
568.0 1.3346630263144767e-42 8.463239265432826e-44 7.705142504105311e-46 3.081692328530482e-75 5.498328465918484e-41
569.0 1.0889189086970685e-42 6.938501507010972e-44 6.36936752091423e-46 2.916089530450883e-75 4.4567320634314827e-41
570.0 8.886792900606337e-43 5.690009333591573e-44 5.2664453537922255e-46 2.75874855625007e-75 3.61358220154632e-41
571.0 7.2547126207467e-43 4.667437990808865e-44 4.35556624342799e-46 2.6093016169106367e-75 2.930858769249341e-41
572.0 5.9240814632350254e-43 3.829679941193502e-44 3.603110297872679e-46 2.4673942383147336e-75 2.37786586497384e-41
573.0 4.838909526931351e-43 3.143147806428485e-44 2.9813743030162232e-46 2.3326849928954703e-75 1.9298132665055044e-41
574.0 3.9536631838021364e-43 2.580391374949372e-44 2.4675251135850527e-46 2.204845220171914e-75 1.5666740863234367e-41
575.0 3.2313018758684043e-43 2.1189702606238336e-44 2.042739106257684e-46 2.0835587378521329e-75 1.272264561536506e-41
576.0 2.641685443757417e-43 1.7405347162463464e-44 1.691494456403434e-46 1.9685215450781943e-75 1.033502559198112e-41
577.0 2.160281694405592e-43 1.4300759731674261e-44 1.4009889658866734e-46 1.85944151928906e-75 8.398099078133053e-42
578.0 1.7671173174136104e-43 1.1753146824039581e-44 1.1606610595520162e-46 1.7560381080727338e-75 6.826305117363118e-42
579.0 1.445926093733976e-43 9.662018866061153e-45 9.617955772730317e-47 1.658042017279403e-75 5.55041701037813e-42
580.0 1.1834571011241787e-43 7.945117104656373e-45 7.971992762100528e-47 1.5651948965781062e-75 4.514406828258537e-42
581.0 9.689127068375438e-44 6.535088256308251e-45 6.609336546028263e-47 1.4772490235451724e-75 3.672915051825228e-42
582.0 7.934918710518637e-44 5.3767689211340124e-45 5.480949207787602e-47 1.3939669872886692e-75 2.989207934799018e-42
583.0 6.500189241452015e-44 4.4249673713115815e-45 4.546327464644903e-47 1.3151213725272863e-75 2.4335280840508123e-42
584.0 5.326417366860499e-44 3.642651143737866e-45 3.7720093350274203e-47 1.2404944449683258e-75 1.9817621581410407e-42
585.0 4.3658624209883323e-44 2.999465811102516e-45 3.130343462819985e-47 1.169877838746877e-75 1.6143643894666363e-42
586.0 3.579567350685998e-44 2.4705240989472244e-45 2.5984746659124643e-47 1.1030722466247354e-75 1.3154865447815239e-42
587.0 2.93573364241993e-44 2.035415747430948e-45 2.157507525265156e-47 1.0398871135735042e-75 1.0722745224196611e-42
588.0 2.408398548890114e-44 1.6773976637823215e-45 1.7918166073327607e-47 9.801403343060615e-76 8.742994987930533e-43
589.0 1.9763580801174949e-44 1.3827313632971518e-45 1.488477480754236e-47 9.236579552583068e-76 7.130977480990334e-43
590.0 1.6222898522608845e-44 1.1401407690221616e-45 1.2367972643350911e-47 8.702738814671955e-76 5.817982619354397e-43
591.0 1.3320385074683913e-44 9.403683896138249e-46 1.0279272050642797e-47 8.198295887366215e-76 4.748213260458515e-43
592.0 1.0940334111776187e-44 7.758119299694306e-46 8.545428778553329e-48 7.721738414326638e-76 3.876344596126278e-43
593.0 8.988140080595317e-45 6.402266798088171e-46 7.105801423424307e-48 7.271624162037988e-76 3.1655474100803026e-43
594.0 7.386428240384517e-45 5.284817094979159e-46 5.910170844216217e-48 6.846578318763976e-76 2.585886554050358e-43
595.0 6.071898417424926e-45 4.363600923857962e-46 4.9169389175961e-48 6.445290857355243e-76 2.1130230281309507e-43
596.0 4.9927501410486895e-45 3.603951601982006e-46 4.0916402923651845e-48 6.066513963639309e-76 1.7271617931087656e-43
597.0 4.106581482952102e-45 2.977362570165828e-46 3.4057124646655576e-48 5.709059531749051e-76 1.412198533620819e-43
598.0 3.378673971997216e-45 2.4603864868196873e-46 2.835479096897545e-48 5.371796727454501e-76 1.1550275452778719e-43
599.0 2.7805922538502997e-45 2.0337321744860015e-46 2.361309410180479e-48 5.05364962022358e-76 9.44980150098904e-44
600.0 2.2890404150434426e-45 1.6815236659689994e-46 1.9669229931555802e-48 4.7535948844970374e-76 7.733688860924897e-44
601.0 1.8849276668580762e-45 1.390692092585454e-46 1.6388147358353878e-48 4.470659570390638e-76 6.331174370344203e-44
602.0 1.552604850371392e-45 1.1504764662453303e-46 1.365779019128558e-48 4.2039189438149546e-76 5.184600838114958e-44
603.0 1.27924035687643e-45 9.520137477378858e-47 1.1385159354855152e-48 3.9524943957925725e-76 4.2469754350645804e-44
604.0 1.0543098635167052e-45 7.880021433462534e-47 9.4930532107679e-49 3.7155514205637284e-76 3.479985573007239e-44
605.0 8.691790106285313e-46 6.524244756053866e-47 7.917368579269546e-49 3.492297661899746e-76 2.852386066753182e-44
606.0 7.167619965392893e-46 5.403208498463616e-47 6.604865483551982e-49 3.2819810268908706e-76 2.3386877078485823e-44
607.0 5.912422011546416e-46 4.4760178259475e-47 5.511315503438439e-49 3.08388786633732e-76 1.9180906009592494e-44
608.0 4.878435046053122e-46 3.708945496601099e-47 4.599967539766607e-49 2.8973412207540326e-76 1.5736163202082371e-44
609.0 4.0264304960185454e-46 3.074168151581323e-47 3.840276276368938e-49 2.7216991308860557e-76 1.2914016146197462e-44
610.0 3.3241789384178733e-46 2.5487267026814813e-47 3.206848108810514e-49 2.556353011545042e-76 1.060123417845256e-44
611.0 2.7451938326392036e-46 2.1136708514190375e-47 2.6785671392182013e-49 2.4007260874927998e-76 8.705306115740947e-45
612.0 2.2677020625957276e-46 1.7533549410463634e-47 2.2378703039761633e-49 2.2542718900285468e-76 7.150626082784723e-45
613.0 1.873800104003397e-46 1.454858217806194e-47 1.8701460441683292e-49 2.116472812877755e-76 5.875385623915502e-45
614.0 1.548762152930901e-46 1.2075073945901303e-47 1.563235343893495e-49 1.9868387259339318e-76 4.8290405558335325e-45
615.0 1.280472691352867e-46 1.0024833604985974e-47 1.3070176109321557e-49 1.864905645364388e-76 3.970245656920922e-45
616.0 1.0589609791072525e-46 8.324971203587355e-48 1.0930668912635568e-49 1.7502344585592378e-76 3.265170286815527e-45
617.0 8.76019056986748e-47 6.915227072505477e-48 9.14366403760339e-50 1.6424097023824952e-76 2.6861242661809997e-45
618.0 7.248881918049698e-47 5.745769934524573e-48 7.650714448818893e-50 1.541038393165805e-76 2.210436532473132e-45
619.0 6.000014289919141e-47 4.7753811685070895e-48 6.4031242032172645e-50 1.445748906878258e-76 1.819539799263267e-45
620.0 4.967721539119542e-47 3.969957110957409e-48 5.360311732049894e-50 1.3561899079021092e-76 1.49822315111185e-45
621.0 4.114203912428553e-47 3.3012733624156594e-48 4.488449476539211e-50 1.2720293248456876e-76 1.2340215813395469e-45
622.0 3.408300670922447e-47 2.745964994675918e-48 3.7593329451423646e-50 1.1929533718327603e-76 1.0167172329098216e-45
623.0 2.824316819769663e-47 2.2846847142607205e-48 3.149440275848396e-50 1.1186656137176444e-76 8.379317815747494e-46
624.0 2.341058440647324e-47 1.9014077448459308e-48 2.639150025898887e-50 1.0488860736940053e-76 6.90793207053608e-46
625.0 1.9410393174319592e-47 1.5828577062617044e-48 2.212090411387863e-50 9.833503817795353e-77 5.696632958411549e-46
626.0 1.6098282576683685e-47 1.3180323034634934e-48 1.854597776851072e-50 9.218089626845555e-77 4.699147410099552e-46
627.0 1.3355120098075782e-47 1.0978113702581252e-48 1.55526585251764e-50 8.640262615957448e-77 3.8774875779320935e-46
628.0 1.1082531802882252e-47 9.146328830402169e-49 1.3045704886375623e-50 8.097800064321527e-77 3.200458062882917e-46
629.0 9.199262457369305e-48 7.622250870653008e-49 1.0945571532378975e-50 7.588605051620834e-77 2.6424337535035427e-46
630.0 7.638177814059817e-48 6.353849584857445e-49 9.185806336163854e-51 7.110699767983408e-77 2.1823589236443796e-46
631.0 6.343795080725954e-48 5.297949388644236e-49 7.710881688456886e-51 6.6622191472182105e-77 1.8029272900264213e-46
632.0 5.2702479461473795e-48 4.418712903293027e-49 6.474387234061062e-51 6.241404810179396e-77 1.489910114189133e-46
633.0 4.379609230223426e-48 3.686385824806321e-49 5.43752342833076e-51 5.846599305437362e-77 1.2316054561257084e-46
634.0 3.6405079270334326e-48 3.0762578061186884e-49 4.567845540512138e-51 5.476240634788665e-77 1.0183866012242842e-46
635.0 3.0269886561589036e-48 2.5678019492074508e-49 3.838216215531163e-51 5.128857051499102e-77 8.423316931485756e-47
636.0 2.5175707721577103e-48 2.1439620190002273e-49 3.2259317532418315e-51 4.803062119531114e-77 6.9691987999759e-47
637.0 2.0944719665874365e-48 1.790561864621097e-49 2.7119931190449366e-51 4.497550022369051e-77 5.767819554309026e-47
638.0 1.7429674279562657e-48 1.4958159668229317e-49 2.2804975650963107e-51 4.211091110425086e-77 4.7749566113653165e-47
639.0 1.450860745365582e-48 1.2499236889033102e-49 1.9181307852301026e-51 3.942527676367828e-77 3.9541760222166135e-47
640.0 1.208046950509899e-48 1.0447328282182912e-49 1.613742888710743e-51 3.690769948076521e-77 3.275451863003632e-47
641.0 1.006151553309527e-48 8.734605587155382e-50 1.3579942736388975e-51 3.454792289288713e-77 2.7140319011796466e-47
642.0 8.382322725749864e-49 7.304619140303093e-50 1.1430598061898456e-51 3.2336295983553007e-77 2.2495053330722854e-47
643.0 6.985325045013644e-49 6.11037661684244e-50 9.62381646463004e-52 3.0263738958777835e-77 1.8650363713414836e-47
644.0 5.8227749848113195e-49 5.112748244337803e-50 8.10462671589243e-52 2.8321710923355356e-77 1.546733993329086e-47
645.0 4.855057956053084e-49 4.279142664768561e-50 6.826937867216823e-52 2.650217927163807e-77 1.2831335085568414e-47
646.0 4.049297909202307e-49 3.582407225837522e-50 5.752095301136306e-52 2.4797590710615702e-77 1.0647699819825243e-47
647.0 3.3782035582668592e-49 2.999914423707662e-50 4.847673074800039e-52 2.320084383645957e-77 8.838271357043521e-48
648.0 2.819113428284288e-49 2.5128027880913467e-50 4.0864636462132144e-52 2.1705263188792574e-77 7.33848289799333e-48
649.0 2.3532052475752165e-49 2.1053459353261258e-50 3.4456325195466586e-52 2.0304574710111507e-77 6.094983107285752e-48
650.0 1.9648412222052064e-49 1.7644280126517556e-50 2.9060107180882458e-52 1.8992882540766633e-77 5.063675094986363e-48
651.0 1.6410256901269268e-49 1.4791074799339456e-50 2.4515024712086144e-52 1.7764647082851833e-77 4.208100502336562e-48
652.0 1.3709557428721786e-49 1.240254257734877e-50 2.06858923493266e-52 1.6614664269258844e-77 3.4981075732291927e-48
653.0 1.14564877680063e-49 1.0402478237041291e-50 1.745914278873172e-52 1.5538045976845632e-77 2.9087529847940305e-48
654.0 9.576337199880182e-50 8.727259543002689e-51 1.4739346690235742e-52 1.4530201525417371e-77 2.4193961493101756e-48
655.0 8.006949786391463e-50 7.323755614400142e-51 1.2446296423679663e-52 1.3586820206799056e-77 2.0129520378696227e-48
656.0 6.696600438955669e-50 6.147585263028726e-51 1.0512561771844118e-52 1.2703854790763818e-77 1.67527460214846e-48
657.0 5.602232664173473e-50 5.1616663684479945e-51 8.881440719896736e-53 1.1877505957057395e-77 1.394647820399137e-48
658.0 4.687996000638605e-50 4.335007342861548e-51 7.505241059799236e-53 1.1104207605060744e-77 1.1613654606939965e-48
659.0 3.9240318510248833e-50 3.6417000226293467e-51 6.343839059646051e-53 1.0380612994914242e-77 9.673839969721388e-49
660.0 3.28546524937706e-50 3.060080196722362e-51 5.363470236277321e-53 9.703581676084604e-78 8.060358613678267e-49
661.0 2.7515674077627576e-50 2.5720276867903722e-51 4.535714612069357e-53 9.070167161459882e-78 6.717924760551397e-49
662.0 2.3050599263001597e-50 2.162382628849935e-51 3.8366449728178253e-53 8.47760530706597e-78 5.600683666795591e-49
663.0 1.931536546276305e-50 1.8184585385405392e-51 3.246111772580221e-53 7.923303359427447e-78 4.670591889317855e-49
664.0 1.618982459230541e-50 1.529636007578472e-51 2.747142619514163e-53 7.404829634450331e-78 3.896077586649341e-49
665.0 1.3573746053439833e-50 1.2870235920569023e-51 2.3254378628191514e-53 6.919903793491034e-78 3.2509321234882447e-49
666.0 1.1383492258873522e-50 1.083174707691166e-51 1.9689468004988683e-53 6.466387683966645e-78 2.71339278144251e-49
667.0 9.549252789243022e-51 9.118512209942892e-52 1.6675115373344402e-53 6.042276713515116e-78 2.2653834094853643e-49
668.0 8.012742691997913e-51 7.678259833126873e-52 1.4125676226834983e-53 5.6456917282553265e-78 1.8918856408202212e-49
669.0 6.725286517835201e-51 6.467178502691581e-52 1.196892355733846e-53 5.274871367206142e-78 1.5804180777421157e-49
670.0 5.646223020742007e-51 5.4485380688748264e-52 1.014393117734856e-53 4.928164866361296e-78 1.320604782764218e-49
671.0 4.741576497132685e-51 4.591537153805395e-52 8.599293233559092e-54 4.604025287252685e-78 1.1038176608079377e-49
672.0 3.982949900908108e-51 3.8703394887781346e-52 7.291626158368708e-54 4.3010031461771303e-78 9.228799954097106e-50
673.0 3.346602469024924e-51 3.2632679562274374e-52 6.184307956636636e-54 4.0177404214759747e-78 7.718206117720176e-50
674.0 2.812680894999643e-51 2.7521303547893584e-52 5.246416974699052e-54 3.7529649174628443e-78 6.456699635029047e-50
675.0 2.3645783177033583e-51 2.3216552144101353e-52 4.4518383755187554e-54 3.5054849647168536e-78 5.402909458271525e-50
676.0 1.9883997336535854e-51 1.9590195779326504e-52 3.7785116388758993e-54 3.2741844375402927e-78 4.522384817390099e-50
677.0 1.672516044867242e-51 1.6534536567357594e-52 3.207796678327789e-54 3.05801807040727e-78 3.786429549568556e-50
678.0 1.40719194712319e-51 1.3959097611816198e-52 2.723939750790626e-54 2.8560070562067626e-78 3.1711341248963855e-50
679.0 1.184275349471266e-51 1.1787849852751856e-52 2.3136233417417052e-54 2.667234910011667e-78 2.656571613234693e-50
680.0 9.969380813824988e-52 9.956888584172995e-53 1.9655867326766022e-54 2.490843582993471e-78 2.226129638870507e-50
681.0 8.394593606185868e-52 8.41248623121037e-53 1.670306075816223e-54 2.3260298119389637e-78 1.8659551674531125e-50
682.0 7.07044922012502e-52 7.109460040466783e-53 1.419724579648135e-54 2.1720416906270184e-78 1.564492938742057e-50
683.0 5.9567589405117674e-52 6.0098034061472615e-53 1.2070249025449665e-54 2.0281754500797977e-78 1.312101642964819e-50
684.0 5.019824971992745e-52 5.081537960092559e-53 1.0264371063737075e-54 1.893772435425256e-78 1.1007346569874202e-50
685.0 4.2313845910342284e-52 4.297750572431623e-53 8.73076576172969e-55 1.7682162677878284e-78 9.236744071600579e-51
686.0 3.567727252177994e-52 3.6357852715783316e-53 7.428071978849877e-55 1.6509301802771269e-78 7.753112896196642e-51
687.0 3.008956122637785e-52 3.0765649895151204e-53 6.321258308069326e-55 1.5413745177527886e-78 6.509596228884373e-51
688.0 2.5383702560059367e-52 2.6040221305909657e-53 5.380647375410035e-55 1.4390443906326292e-78 5.467043870562433e-51
689.0 2.1419475607461968e-52 2.2046203825388936e-53 4.5810916076651174e-55 1.3434674735589685e-78 4.592735643075933e-51
690.0 1.80791200554215e-52 1.8669530481162819e-53 3.901276790720292e-55 1.254201940262389e-78 3.8593177477616746e-51
691.0 1.5263712420855668e-52 1.5814055672218147e-53 3.32313346739472e-55 1.1708345264564642e-78 3.243916308601001e-51
692.0 1.2890131084608493e-52 1.3398718997198002e-53 2.8313393598337228e-55 1.0929787130671182e-78 2.7273983799200794e-51
693.0 1.088851379315241e-52 1.1355161128732986e-53 2.412898641327065e-55 1.0202730225422277e-78 2.2937557175269264e-51
694.0 9.200127160257195e-53 9.625719179646964e-54 2.0567861050492433e-55 9.523794214061851e-79 1.9295907778999806e-51
695.0 7.7755809390650635e-53 8.16174073190317e-54 1.753646149003012e-55 8.889818226224134e-79 1.6236878685494987e-51
696.0 6.5733308807072035e-53 6.922165516585542e-54 1.4955380731186383e-55 8.297846816998161e-79 1.3666552447947838e-51
697.0 5.5584232143338685e-53 5.872331955530808e-54 1.2757205128799456e-55 7.745116808355203e-79 1.1506263340366241e-51
698.0 4.701441479270204e-53 4.9829726632060555e-54 1.0884689533363281e-55 7.229044957179876e-79 9.690102510079242e-52
699.0 3.9776228663170156e-53 4.229368779166615e-54 9.289212110222016e-56 6.747216399343645e-79 8.162834151504743e-52
700.0 3.3661165926916035e-53 3.5906378389051303e-54 7.9294656691433695e-56 6.297373822212938e-79 6.878154510644053e-52
