200.0 0.0 0.0 0.0 0.0 0.0
201.0 0.0 0.0 0.0 0.0 0.0
202.0 0.0 0.0 0.0 0.0 0.0
203.0 0.0 0.0 0.0 0.0 0.0
204.0 0.0 0.0 0.0 0.0 0.0
205.0 0.0 0.0 0.0 0.0 0.0
206.0 0.0 0.0 0.0 0.0 0.0
207.0 0.0 0.0 0.0 0.0 0.0
208.0 0.0 0.0 0.0 0.0 0.0
209.0 0.0 0.0 0.0 0.0 0.0
210.0 0.0 0.0 0.0 0.0 0.0
211.0 0.0 0.0 0.0 0.0 0.0
212.0 0.0 0.0 0.0 0.0 0.0
213.0 0.0 0.0 0.0 0.0 0.0
214.0 0.0 0.0 0.0 0.0 0.0
215.0 0.0 0.0 0.0 0.0 0.0
216.0 0.0 0.0 0.0 0.0 0.0
217.0 0.0 0.0 0.0 0.0 0.0
218.0 0.0 0.0 0.0 0.0 0.0
219.0 0.0 0.0 0.0 0.0 0.0
220.0 0.0 0.0 0.0 0.0 0.0
221.0 0.0 0.0 0.0 0.0 0.0
222.0 0.0 0.0 0.0 0.0 0.0
223.0 0.0 0.0 0.0 0.0 0.0
224.0 0.0 0.0 0.0 0.0 0.0
225.0 0.0 0.0 0.0 0.0 0.0
226.0 0.0 0.0 0.0 0.0 0.0
227.0 0.0 0.0 0.0 0.0 0.0
228.0 0.0 0.0 0.0 0.0 0.0
229.0 0.0 0.0 0.0 0.0 0.0
230.0 0.0 0.0 0.0 0.0 0.0
231.0 0.0 0.0 0.0 0.0 0.0
232.0 0.0 0.0 0.0 0.0 0.0
233.0 0.0 0.0 0.0 0.0 0.0
234.0 0.0 0.0 0.0 0.0 0.0
235.0 0.0 0.0 0.0 0.0 0.0
236.0 0.0 0.0 0.0 0.0 0.0
237.0 0.0 0.0 0.0 0.0 0.0
238.0 0.0 0.0 0.0 0.0 0.0
239.0 0.0 0.0 0.0 0.0 0.0
240.0 0.0 0.0 0.0 0.0 0.0
241.0 0.0 0.0 0.0 0.0 0.0
242.0 0.0 0.0 0.0 0.0 0.0
243.0 0.0 0.0 0.0 0.0 0.0
244.0 0.0 0.0 0.0 0.0 0.0
245.0 0.0 0.0 0.0 0.0 0.0
246.0 0.0 0.0 0.0 0.0 0.0
247.0 0.0 0.0 0.0 0.0 0.0
248.0 0.0 0.0 0.0 0.0 0.0
249.0 0.0 0.0 0.0 0.0 0.0
250.0 0.0 0.0 0.0 0.0 0.0
251.0 0.0 0.0 0.0 0.0 0.0
252.0 0.0 0.0 0.0 0.0 0.0
253.0 0.0 0.0 0.0 0.0 0.0
254.0 0.0 0.0 0.0 0.0 0.0
255.0 0.0 0.0 0.0 0.0 0.0
256.0 0.0 0.0 0.0 0.0 0.0
257.0 0.0 0.0 0.0 0.0 0.0
258.0 0.0 0.0 0.0 0.0 0.0
259.0 0.0 0.0 0.0 0.0 0.0
260.0 0.0 0.0 0.0 0.0 0.0
261.0 0.0 0.0 0.0 0.0 0.0
262.0 0.0 0.0 0.0 0.0 0.0
263.0 0.0 0.0 0.0 0.0 0.0
264.0 0.0 0.0 0.0 0.0 0.0
265.0 0.0 0.0 0.0 0.0 0.0
266.0 0.0 0.0 0.0 0.0 0.0
267.0 0.0 0.0 0.0 0.0 0.0
268.0 0.0 0.0 0.0 0.0 0.0
269.0 0.0 0.0 0.0 0.0 0.0
270.0 0.0 0.0 0.0 0.0 0.0
271.0 0.0 0.0 0.0 0.0 0.0
272.0 0.0 0.0 0.0 0.0 0.0
273.0 0.0 0.0 0.0 0.0 0.0
274.0 0.0 0.0 0.0 0.0 0.0
275.0 0.0 0.0 0.0 0.0 0.0
276.0 0.0 0.0 0.0 0.0 0.0
277.0 0.0 0.0 0.0 0.0 0.0
278.0 0.0 0.0 0.0 0.0 0.0
279.0 0.0 0.0 0.0 0.0 0.0
280.0 0.0 0.0 0.0 0.0 0.0
281.0 0.0 0.0 0.0 0.0 0.0
282.0 0.0 0.0 0.0 0.0 0.0
283.0 0.0 0.0 0.0 0.0 0.0
284.0 0.0 0.0 0.0 0.0 0.0
285.0 0.0 0.0 0.0 0.0 0.0
286.0 0.0 0.0 0.0 0.0 0.0
287.0 0.0 0.0 0.0 0.0 0.0
288.0 0.0 0.0 0.0 0.0 0.0
289.0 0.0 0.0 0.0 0.0 0.0
290.0 0.0 0.0 0.0 0.0 0.0
291.0 0.0 0.0 0.0 0.0 0.0
292.0 0.0 0.0 0.0 0.0 0.0
293.0 0.0 0.0 0.0 0.0 0.0
294.0 0.0 0.0 0.0 0.0 0.0
295.0 0.0 0.0 0.0 0.0 0.0
296.0 0.0 0.0 0.0 0.0 0.0
297.0 0.0 0.0 0.0 0.0 0.0
298.0 0.0 0.0 0.0 0.0 0.0
299.0 0.0 0.0 0.0 0.0 0.0
300.0 0.0 0.0 0.0 0.0 0.0
301.0 0.0 0.0 0.0 0.0 0.0
302.0 0.0 0.0 0.0 0.0 0.0
303.0 0.0 0.0 0.0 0.0 0.0
304.0 0.0 0.0 0.0 0.0 0.0
305.0 0.0 0.0 0.0 0.0 0.0
306.0 0.0 0.0 0.0 0.0 0.0
307.0 0.0 0.0 0.0 0.0 0.0
308.0 0.0 0.0 0.0 0.0 0.0
309.0 0.0 0.0 0.0 0.0 0.0
310.0 0.0 0.0 0.0 0.0 0.0
311.0 0.0 0.0 0.0 0.0 0.0
312.0 0.0 0.0 0.0 0.0 0.0
313.0 0.0 0.0 0.0 0.0 0.0
314.0 0.0 0.0 0.0 0.0 0.0
315.0 0.0 0.0 0.0 0.0 0.0
316.0 0.0 0.0 0.0 0.0 0.0
317.0 0.0 0.0 0.0 0.0 0.0
318.0 0.0 0.0 0.0 0.0 0.0
319.0 0.0 0.0 0.0 0.0 0.0
320.0 0.0 0.0 0.0 0.0 0.0
321.0 0.0 0.0 0.0 0.0 0.0
322.0 0.0 0.0 0.0 0.0 0.0
323.0 0.0 0.0 0.0 0.0 0.0
324.0 0.0 0.0 0.0 0.0 0.0
325.0 0.0 0.0 0.0 0.0 0.0
326.0 9.444039609626681e-17 1.6506115159331065e-17 9.150244721202314e-23 2.806424011522149e-83 1.2440460853280154e-20
327.0 9.436275068638122e-17 1.6580751722385173e-17 9.538192830424191e-23 4.60760236590426e-83 1.2774552258971948e-20
328.0 9.428520145242039e-17 1.665518977130205e-17 9.94002549214619e-23 7.541916700325955e-83 1.3115434966602954e-20
329.0 9.42077465920237e-17 1.672942827809423e-17 1.0356140271332867e-22 1.2307943331220944e-82 1.3463195557951773e-20
330.0 9.413038424117472e-17 1.680346621921212e-17 1.078694286386313e-22 2.0026179338422314e-82 1.381792078046285e-20
331.0 1.8810622494838829e-16 3.375460514989906e-17 2.246569435071091e-22 6.497724017380728e-82 2.835939506656988e-20
332.0 1.8795185860747863e-16 3.3901872657711274e-17 2.338855079755565e-22 1.0510576346552165e-81 2.90972257063962e-20
333.0 1.8779766536159194e-16 3.404873293430062e-17 2.434331618158776e-22 1.6952561202420192e-81 2.9849507800855675e-20
334.0 2.81465461484098e-16 5.129277593444832e-17 3.7996302740406504e-22 4.089687904966686e-81 4.592462383305716e-20
335.0 2.81234671719297e-16 5.1511835555055346e-17 3.9528154123832697e-22 6.558729108925906e-81 4.70971870472727e-20
336.0 3.74672162727987e-16 6.897370031417611e-17 5.481586226686827e-22 1.398507842861353e-80 6.438961823597319e-20
337.0 4.679563426286464e-16 8.658015324950225e-17 7.12482078556275e-22 2.7878488399300564e-80 8.251661042005842e-20
338.0 5.610874304819279e-16 1.0433056534056571e-16 8.888131716403542e-22 5.320388514802724e-80 1.0150141490981311e-19
339.0 6.540656354877352e-16 1.222243035258729e-16 1.0777327190559357e-21 9.844467143477153e-80 1.2136763351100538e-19
340.0 8.402525512617234e-16 1.5779332203178375e-16 1.4398217294155551e-21 2.0019740988419016e-79 1.599066209086039e-19
341.0 1.026134000960632e-15 1.9364791804964187e-16 1.828152199830245e-21 3.859761484423951e-79 2.0024946702538965e-19
342.0 1.2117103583498644e-15 2.2978680819471146e-16 2.243972828022032e-21 7.1763447031202e-79 2.424448651418587e-19
343.0 1.4901141071368117e-15 2.839559476458401e-16 2.8678126842651356e-21 1.3858701035674136e-78 3.05645023030123e-19
344.0 1.7680608503312208e-15 3.385490372294311e-16 3.535442504993983e-21 2.5754861014747696e-78 3.717200154280804e-19
345.0 2.1385306599554893e-15 4.1145339987009945e-16 4.442025503396479e-21 4.866389533136284e-78 4.607793481700931e-19
346.0 2.6012954210756563e-15 5.028791410233463e-16 5.611497231492727e-21 9.223391158739957e-78 5.743338008246164e-19
347.0 3.1561272911772577e-15 6.130350465944079e-16 7.069235293897763e-21 1.739221447047306e-77 7.139459039986359e-19
348.0 3.7100474824546686e-15 7.2402787555767e-16 8.626455777357772e-21 3.169411935154417e-77 8.597373755164827e-19
349.0 4.44840701931437e-15 8.721951025095947e-16 1.0734934982889384e-20 5.876401719135499e-77 1.0558600759485246e-18
350.0 5.370750566453264e-15 1.0579515945929165e-15 1.344867853862303e-20 1.094379433408046e-76 1.3055479554139034e-18
351.0 6.384099991999857e-15 1.2633993926725007e-15 1.6584507838524518e-20 2.0016405377151702e-76 1.5891120206599713e-18
352.0 7.673122977975844e-15 1.5254988659783262e-15 2.0674864476963784e-20 3.69273941084308e-76 1.955534451759274e-18
353.0 9.144766019412013e-15 1.826416202555027e-15 2.5551759705421978e-20 6.738835596917584e-76 2.3858678389298646e-18
354.0 1.0890870459112769e-14 2.1850729468763357e-15 3.155000071171247e-20 1.2259287118178638e-75 2.908434802646495e-18
355.0 1.2910754736519259e-14 2.602076375458765e-15 3.876935627534364e-20 2.2146650425327036e-75 3.528696413913097e-18
356.0 1.5388025195072024e-14 3.115339049006151e-15 4.788862685938396e-20 4.0129640894834217e-75 4.303828214891604e-18
357.0 1.8229477682751384e-14 3.70714633629541e-15 5.878267597449661e-20 7.210466808197446e-75 5.216744472281586e-18
358.0 2.171018046113385e-14 4.434668460707296e-15 7.252337654288965e-20 1.29941749548453e-74 6.356037740750539e-18
359.0 2.5736626370982147e-14 5.28044831746235e-15 8.904718573099659e-20 2.3255774468278855e-74 7.707565175499119e-18
360.0 3.049113344610403e-14 6.283527603710065e-15 1.0924747381088181e-19 4.150045094319537e-74 9.339573196285052e-18
361.0 3.606364823810988e-14 7.464484334610535e-15 1.3378046671142349e-19 7.376721158023973e-74 1.129683450858289e-17
362.0 4.2635502863911937e-14 8.863214053253415e-15 1.637179538036182e-19 1.3076819602501147e-73 1.3656467259225174e-17
363.0 5.03874223601019e-14 1.0520134067983929e-14 2.002471185387367e-19 2.312174295649557e-73 1.6501204913738946e-17
364.0 5.949952416332022e-14 1.2476178608696669e-14 2.4467796933046393e-19 4.0758504669884394e-73 1.9919601787866415e-17
365.0 7.015131742237045e-14 1.4772793933071215e-14 2.984510751418031e-19 7.158028858009577e-73 2.400624184022358e-17
366.0 8.261308829756747e-14 1.747125999677649e-14 3.635477672931998e-19 1.2528921574550096e-72 2.889391298748165e-17
367.0 9.733683020952427e-14 2.0672407394769544e-14 4.429810589128135e-19 2.1893305542044567e-72 3.478982601217679e-17
368.0 1.1440807695503922e-13 2.440051746467718e-14 5.383697558747254e-19 3.8082886839035537e-72 4.178285535159873e-17
369.0 1.344590041739627e-13 2.87972373357945e-14 6.541106083506994e-19 6.609664258637887e-72 5.017032634545183e-17
370.0 1.5784640625878675e-13 3.3947233535836776e-14 7.936980156028635e-19 1.1434714281965999e-71 6.016680990078159e-17
371.0 1.8519887250361404e-13 3.9995122502500674e-14 9.623672149055528e-19 1.972978005809129e-71 7.210675124662552e-17
372.0 2.1705192095728074e-13 4.7067557111732794e-14 1.1653898082481424e-18 3.3934411702369554e-71 8.631116598367527e-17
373.0 2.541209380754217e-13 5.533223484072662e-14 1.4095385753268982e-18 5.818575405078285e-71 1.0319541754695398e-16
374.0 2.9730041293655233e-13 6.499852388935423e-14 1.7032774891409339e-18 9.949131292713546e-71 1.2327736309894655e-16
375.0 3.47572466598958e-13 7.629817081004841e-14 2.0564288460785774e-18 1.6965608585522e-70 1.4714743256592915e-16
376.0 4.059158359948483e-13 8.946561834310024e-14 2.4797528019297027e-18 2.8841809761816102e-70 1.7543443431565798e-16
377.0 4.736680643322314e-13 1.0481812805638967e-13 2.9872860548367142e-18 4.8894273906749676e-70 2.0896660142847085e-16
378.0 5.523430155121549e-13 1.227168122495926e-13 3.595577955968653e-18 8.266695846920384e-70 2.487071974608469e-16
379.0 6.4353969717462e-13 1.4354705925745172e-13 4.323343304527021e-18 1.3937543509288682e-69 2.957227242316877e-16
380.0 7.491225017119476e-13 1.6775925443676995e-13 5.192897356251316e-18 2.3431865505694676e-69 3.512736677101261e-16
381.0 8.713102811607487e-13 1.9588995639181635e-13 6.23118711211055e-18 3.928547148475852e-69 4.168721487760053e-16
382.0 1.0126747885399752e-12 2.285630825556918e-13 7.470301227604995e-18 6.569053460366499e-69 4.9430110878744e-16
383.0 1.1759589291691916e-12 2.664502524657132e-13 8.946642685547064e-18 1.0954024093624934e-68 5.855444898953134e-16
384.0 1.364616039395963e-12 3.1039417162374943e-13 1.0705536624139246e-17 1.821890476696089e-68 6.930735765390112e-16
385.0 1.5821772042333977e-12 3.6126724796569404e-13 1.2797168179341281e-17 3.021934649408239e-68 8.195594032629287e-16
386.0 1.833059558729627e-12 4.20157161679371e-13 1.528366135362913e-17 4.999411432780513e-68 9.683090730502685e-16
387.0 2.1220236700379313e-12 4.882458465703766e-13 1.8235805599733456e-17 8.249076620052051e-68 1.1430251056328594e-15
388.0 2.454620443227985e-12 5.66914151576672e-13 2.1737786927232296e-17 1.3575596026635925e-67 1.3480759556433458e-15
389.0 2.837187549694807e-12 6.577443992945232e-13 2.5888575206338718e-17 2.228408485959255e-67 1.5885438879256676e-15
390.0 3.2769353826799997e-12 7.625437442346896e-13 3.0804239709688387e-17 3.648594878951273e-67 1.8703256362374934e-15
391.0 3.781943047957618e-12 8.833469517558446e-13 3.661963522400528e-17 5.958659410821154e-67 2.2001883437106414e-15
392.0 4.361601301922837e-12 1.022523921188476e-12 4.3494647145181687e-17 9.707023670963943e-67 2.5860924156716375e-15
393.0 5.0262492622979445e-12 1.182699787562037e-12 5.1613058586085815e-17 1.577347210732691e-66 3.0370594972898445e-15
394.0 5.7879730595049294e-12 1.3669475278132537e-12 6.119320538044226e-17 2.55679174948296e-66 3.5637341457684105e-15
395.0 6.660151967814968e-12 1.5786878006424166e-12 7.24866220232028e-17 4.1341548888703985e-66 4.1782179544996845e-15
396.0 7.658253982735026e-12 1.8218836437086545e-12 8.579004346290835e-17 6.668374622613515e-66 4.894674557922209e-15
397.0 8.799559050677277e-12 2.1009832273351467e-12 1.0144678580042614e-16 1.072996394281035e-65 5.729296898533659e-15
398.0 1.0103683961772345e-11 2.4210532346950692e-12 1.198573659858636e-16 1.7223813864488692e-65 6.700791430696402e-15
399.0 1.159292662850639e-11 2.787871480517804e-12 1.4148925646711355e-16 2.7581983264226397e-65 7.83078378516651e-15
400.0 1.3292164528680687e-11 3.2079136611630175e-12 1.6688210126781211e-16 4.406431575681431e-65 9.143949598654665e-15
401.0 1.522972907175678e-11 3.688575896154481e-12 1.9666570694420175e-16 7.023020248787298e-65 1.0668828438480811e-14
402.0 1.7437566204776655e-11 4.2382282298287835e-12 2.315708716522016e-16 1.1167215492275357e-64 1.243820258419121e-14
403.0 1.9951661487052732e-11 4.8663333964257985e-12 2.7244470644730914e-16 1.771566875961348e-64 1.448968962627426e-14
404.0 2.2812551039490936e-11 5.5835887113127116e-12 3.2026870092452646e-16 2.8039432669066136e-64 1.6866441819523744e-14
405.0 2.6065829406509562e-11 6.402069739034712e-12 3.761785848026283e-16 4.427784084694195e-64 1.961789488493454e-14
406.0 2.976274257943154e-11 7.335397456131027e-12 4.4148740545434727e-16 6.976139197613977e-64 2.2800635578185276e-14
407.0 3.3961218404815235e-11 8.39901651058838e-12 5.177175596283271e-16 1.0966439410055781e-63 2.647967280075646e-14
408.0 3.872592147599652e-11 9.61023653312841e-12 6.066210786751035e-16 1.720054756978609e-63 3.072903572641591e-14
409.0 4.41297159001879e-11 1.0988624170764461e-11 7.102238304392411e-16 2.691861544301793e-63 3.5633532069426023e-14
410.0 5.025441567028338e-11 1.2556224419846408e-11 8.308629619603933e-16 4.203439355183583e-63 4.129006433999873e-14
411.0 5.719153016050737e-11 1.4337784381355014e-11 9.712277005079728e-16 6.549438214366834e-63 4.7809029811752025e-14
412.0 6.504379487752341e-11 1.63611781397543e-11 1.1344174844169825e-15 1.0182575545781918e-62 5.531647881270699e-14
413.0 7.392634187778058e-11 1.8657748246211934e-11 1.3239996973032359e-15 1.5796937294839613e-62 6.395612413181066e-14
414.0 8.396777493508666e-11 2.1262628769875072e-11 1.54407106201022e-15 2.445431310735454e-62 7.389140351653662e-14
415.0 9.531228811355629e-11 2.421533861604218e-11 1.799344190798685e-15 3.777572609423786e-62 8.530860929021521e-14
416.0 1.081207213762013e-10 2.7560114287497418e-11 2.0952224444240583e-15 5.8230509592503025e-62 9.84192835714082e-14
417.0 1.2257318163768803e-10 3.134664798906469e-11 2.4379121416683582e-15 8.957279050559297e-62 1.1346420621268523e-13
418.0 1.3887033759302691e-10 3.5630498276963244e-11 2.8345191583541402e-15 1.3749755236683827e-61 1.3071642922789992e-13
419.0 1.5723636234081482e-10 4.047393097306681e-11 3.293187977234055e-15 2.1062682319206366e-61 1.504860684207902e-13
420.0 1.7792124692374343e-10 4.594661193405111e-11 3.823240973422128e-15 3.2198719208398626e-61 1.7312482680696204e-13
421.0 2.0120362028916095e-10 5.212644211096952e-11 4.435341364887818e-15 4.9121995622861715e-61 1.990313143637508e-13
422.0 2.273936370132987e-10 5.91004237720006e-11 5.141672643792114e-15 7.478796121300607e-61 2.2865679111155696e-13
423.0 2.5683680068110944e-10 6.696578449289692e-11 5.956155765140894e-15 1.1363495120852784e-60 2.625122407465404e-13
424.0 2.8991732727690614e-10 7.583099921324772e-11 6.8946756972853815e-15 1.7231480370103085e-60 3.011754473357738e-13
425.0 3.270626119227757e-10 8.58171177927369e-11 7.975354709244457e-15 2.607773047313468e-60 3.4529968779395156e-13
426.0 3.687474047361973e-10 9.705903737159513e-11 9.218843412874198e-15 3.9387582157304223e-60 3.9562269161060657e-13
427.0 4.1549890860226713e-10 1.0970703795837472e-10 1.0648660812456382e-14 5.937407917162994e-60 4.5297717455357666e-13
428.0 4.679024458363812e-10 1.2392849293914723e-10 1.2291579647025414e-14 8.932814735793355e-60 5.183026871890043e-13
429.0 5.266073433715784e-10 1.3990966455503736e-10 1.4178051918620416e-14 1.3413416990368363e-59 5.926584773758533e-13
430.0 5.923332927306017e-10 1.578576537419801e-10 1.6342684636070916e-14 2.010276267265573e-59 6.7723771273414e-13
431.0 6.658778697949256e-10 1.7800269001163036e-10 1.8824789468147508e-14 3.0070656421658805e-59 7.733839457436148e-13
432.0 7.481243438670076e-10 2.006005344229068e-10 2.1668988997412653e-14 4.489588043648489e-59 8.826089723562388e-13
433.0 8.400501165642532e-10 2.259350886816114e-10 2.4925893794963103e-14 6.690397393067921e-59 1.0066125641643352e-12
434.0 9.427364718145036e-10 2.5432139753429985e-10 2.86528770610944e-14 9.951409902710187e-59 1.1473050219046462e-12
435.0 1.0573789390753049e-09 2.861088628607711e-10 3.2914934998614606e-14 1.4774406119699846e-58 1.3068319007420453e-12
436.0 1.1852983490884409e-09 3.216846942117093e-10 3.778564230441561e-14 2.1894421762989595e-58 1.4876011344112154e-12
437.0 1.3279533457956136e-09 3.6147780730539266e-10 4.334823535767114e-14 3.238621758079432e-58 1.6923136737309543e-12
438.0 1.4869538279586887e-09 4.0596303470582964e-10 4.969681773985372e-14 4.7818449989466515e-58 1.923997209725236e-12
439.0 1.6640758237264438e-09 4.556657914037949e-10 5.693771535771961e-14 7.04765239179921e-58 2.1860438302058507e-12
440.0 1.8612773576446283e-09 5.11167082055565e-10 6.519097919528046e-14 1.0368413201899733e-57 2.482251286571289e-12
441.0 2.0807160669379824e-09 5.731090635330764e-10 7.459207452604319e-14 1.5226638699835074e-57 2.816869106632851e-12
442.0 2.3247681243175287e-09 6.422010499009611e-10 8.529375711389837e-14 2.2321569623869234e-57 3.1946492709473824e-12
443.0 2.5960493043455976e-09 7.192261985852527e-10 9.746818292676255e-14 3.2664752161687187e-57 3.620902893474614e-12
444.0 2.89743715253768e-09 8.050486000634684e-10 1.113092323971051e-13 4.7716971664647805e-57 4.101561837229898e-12
445.0 3.232095857069659e-09 9.00621222486661e-10 1.2703512788130675e-13 6.958412016415526e-57 4.6432478280888156e-12
446.0 3.6035028638677672e-09 1.0069944577019306e-09 1.4489133243012664e-13 1.0129686685513323e-56 5.2533481787663175e-12
447.0 4.015477977974817e-09 1.1253254859338823e-09 1.6515378247609245e-13 1.472093177027472e-56 5.940099605867936e-12
448.0 4.472214586656656e-09 1.2568883698204143e-09 1.8813246718476503e-13 2.135663095428448e-56 6.712680101440726e-12
449.0 4.978314079094941e-09 1.4030851917629178e-09 2.1417542790357534e-13 3.0930934936697347e-56 7.581310965219548e-12
450.0 5.538823091597164e-09 1.5654581466400775e-09 2.436731973100959e-13 4.472196648406974e-56 8.55736907456648e-12
451.0 6.159273209599858e-09 1.7457025001297588e-09 2.770636970229563e-13 6.455366222278114e-56 9.653509427853705e-12
452.0 6.845724950141162e-09 1.9456809435668453e-09 3.14837712172071e-13 9.302455631737004e-56 1.0883801435447295e-11
453.0 7.60481480163964e-09 2.1674390193321603e-09 3.575449348825895e-13 1.3383065193750942e-55 1.2263877868514444e-11
454.0 8.443806124662658e-09 2.413221862160246e-09 4.0580065855758614e-13 1.9222033511139498e-55 1.3811098494828828e-11
455.0 9.370644792426921e-09 2.685492528220104e-09 4.602932175493199e-13 2.7563430966553027e-55 1.5544730726043316e-11
456.0 1.0394018344054206e-08 2.9869515840884158e-09 5.217921713725554e-13 3.946043167916344e-55 1.748614625000206e-11
457.0 1.1523420950383403e-08 3.3205586361240923e-09 5.911574059743847e-13 5.640133292944766e-55 1.9659038438538025e-11
458.0 1.2769223039457731e-08 3.6895554974278517e-09 6.693491668378618e-13 8.048597564509419e-55 2.2089659813326492e-11
459.0 1.4142746275466885e-08 4.097491217165679e-09 7.574391311007741e-13 1.146723333911729e-54 2.480708190897631e-11
460.0 1.565634516012805e-08 4.548249368304926e-09 8.566226672565228e-13 1.63120644396557e-54 2.7843481063809308e-11
461.0 1.7323494344236623e-08 5.046077362172433e-09 9.682323250215868e-13 2.3167291210075033e-54 3.12344500235296e-11
462.0 1.9158882907256773e-08 5.59561818614352e-09 1.093752717918746e-12 3.2851999252890086e-54 3.501933907492647e-11
463.0 2.11785162657921e-08 6.2019447935557515e-09 1.2348369430075738e-12 4.6512823029918736e-54 3.924162961368673e-11
464.0 2.3399825615047532e-08 6.870597156607048e-09 1.3933246489746963e-12 6.575246469109008e-54 4.394934181241702e-11
465.0 2.5841785551139912e-08 7.607622211085431e-09 1.5712619138891533e-12 9.280767025492324e-54 4.919547950567156e-11
466.0 2.8525041091666493e-08 8.419617093630892e-09 1.7709231418740318e-12 1.3079532480000495e-53 5.503851669550941e-11
467.0 3.147204372448437e-08 9.31377560967252e-09 1.9948351065105977e-12 1.8405222327001799e-53 6.154292728912207e-11
468.0 3.470719776588962e-08 1.0297938357504317e-08 2.24580337915569e-12 2.5860347468820255e-53 6.87797629423318e-11
469.0 3.8257017879293486e-08 1.1380646813589545e-08 2.526941373150114e-12 3.6280728124443495e-53 7.682728335619445e-11
470.0 4.2150297850332235e-08 1.2571201463825822e-08 2.8417022017141468e-12 5.082411890798463e-53 8.577164209407554e-11
471.0 4.641829128379922e-08 1.3879724235971546e-08 3.1939135967704806e-12 7.109184481478434e-53 9.570763226267247e-11
472.0 5.1094906353686666e-08 1.5317225931560754e-08 3.5878162558990052e-12 9.92955019679357e-53 1.0673949969017782e-10
473.0 5.621691391952338e-08 1.689567852128411e-08 4.028105817364258e-12 1.3848508532599838e-52 1.1898182582591717e-10
474.0 6.182417012501161e-08 1.862809270632732e-08 4.5199787988189654e-12 1.9286072702928068e-52 1.3256048640225914e-10
475.0 6.795985572112504e-08 2.0528601494669776e-08 5.069182944256174e-12 2.6819808159152223e-52 1.4761369469416728e-10
476.0 7.467073154589071e-08 2.2612549703547787e-08 5.682072249746034e-12 3.7242795614418726e-52 1.6429313264201947e-10
477.0 8.20074117934566e-08 2.489658996326228e-08 6.365667117001714e-12 5.164249953171846e-52 1.827651780019987e-10
478.0 9.00246563521647e-08 2.7398785699448425e-08 7.127720090817175e-12 7.150793070616596e-52 2.032122353869696e-10
479.0 9.878168322320974e-08 3.0138721496239926e-08 7.976787647076842e-12 9.887504912556561e-52 2.2583417887674089e-10
480.0 1.0834250241574358e-07 3.313762136574497e-08 8.922308560124862e-12 1.365237779273258e-51 2.5084991514524294e-10
481.0 1.1877627171364765e-07 3.6418475150163296e-08 9.974689331059622e-12 1.8824457653360394e-51 2.784990741853092e-10
482.0 1.3015767712260888e-07 4.000617402631119e-08 1.114539739052599e-11 2.591986363903265e-51 3.090438406978168e-10
483.0 1.425673379299294e-07 4.3927655212237823e-08 1.2447062597072069e-11 3.564039105408264e-51 3.4277093313439543e-10
484.0 1.560922390420006e-07 4.82120568183391e-08 1.389358781792822e-11 4.893900445984704e-51 3.799937442055102e-10
485.0 1.708261912022556e-07 5.2890883162023744e-08 1.5500269252854006e-11 6.710797053071778e-51 4.210546524187059e-10
486.0 1.8687032119895407e-07 5.799818133523051e-08 1.7283927336126447e-11 9.189729695218187e-51 4.663275183269776e-10
487.0 2.0433359380826328e-07 6.357072971251644e-08 1.926304907523971e-11 1.2567368519836186e-50 5.162203789828778e-10
488.0 2.2333336685744082e-07 6.964823898433725e-08 2.1457942705506335e-11 1.7163357083630561e-50 5.711783538366192e-10
489.0 2.439959813174618e-07 7.627356647126303e-08 2.389090564354046e-11 2.340882770721806e-50 6.316867772663597e-10
490.0 2.66457388850293e-07 8.349294464671896e-08 2.6586406836478134e-11 3.188451884377258e-50 6.982745750198324e-10
491.0 2.9086381806445686e-07 9.135622444105616e-08 2.957128455762044e-11 4.337166082985603e-50 7.715178996290613e-10
492.0 3.1737248204962675e-07 9.991713432055654e-08 3.2874960893905e-11 5.891981849831854e-50 8.52044044008619e-10
493.0 3.461523292242862e-07 1.0923355597947968e-07 3.6529674194983817e-11 7.993722383405883e-50 9.405356519574454e-10
494.0 3.7738483947782625e-07 1.193678174772018e-07 4.057073082418589e-11 1.0831089882773866e-49 1.0377352449928199e-09
495.0 4.112648688038376e-07 1.303870050480166e-07 4.5036777763207505e-11 1.4656618793453962e-49 1.1444500891874862e-09
496.0 4.4800154332960453e-07 1.4236329410016956e-07 4.99700974681671e-11 1.9807835843534356e-49 1.26155742043128e-09
497.0 4.878192073205668e-07 1.553743010944833e-07 5.541692686016347e-11 2.6735290668448507e-49 1.3900100576289702e-09
498.0 5.309584256938373e-07 1.6950345672687825e-07 6.142780199736575e-11 3.603964086608113e-49 1.5308424233088561e-09
499.0 5.776770451565892e-07 1.8484040198642882e-07 6.805793046704427e-11 4.8520654619394065e-49 1.6851770021348597e-09
500.0 6.282513164168914e-07 2.0148140814780564e-07 7.536759346884701e-11 6.524187970944519e-49 1.8542312644499785e-09
501.0 6.829770799948498e-07 2.195298217950427e-07 8.342257968027068e-11 8.761588134090567e-49 2.039325083358067e-09
502.0 7.421710192595488e-07 2.3909653633984767e-07 9.229465324727898e-11 1.175164519918654e-48 2.2418886783541152e-09
503.0 8.061719835149277e-07 2.6030049125753434e-07 1.0206205828105903e-10 1.574261462590769e-48 2.4634711175832905e-09
504.0 8.753423837886774e-07 2.8326920022307833e-07 1.1281006235090644e-10 2.106300237493551e-48 2.7057494116190288e-09
505.0 9.500696661504825e-07 3.0813931004734966e-07 1.2463154188082588e-10 2.8146976278341927e-48 2.9705382397564677e-09
506.0 1.0307678638329823e-06 3.350571911841494e-07 1.3762761206122014e-10 3.756765521315646e-48 3.2598003405466743e-09
507.0 1.1178792338597796e-06 3.641795620269437e-07 1.519083046074794e-10 5.008066576033445e-48 3.5756576134582646e-09
508.0 1.2118759800902853e-06 3.9567414800552986e-07 1.6759329637956814e-10 6.66810647571409e-48 3.920402968570896e-09
509.0 1.3132620673622397e-06 4.2972037740778025e-07 1.8481269240859164e-10 8.867764047705773e-48 4.296512971509527e-09
510.0 1.4225751302666205e-06 4.665101154997775e-07 2.037078669134031e-10 1.177897830059755e-47 4.706661329115405e-09
511.0 1.5403884801154095e-06 5.062484385433602e-07 2.2443236608022722e-10 1.5627363002052684e-47 5.1537332632221284e-09
512.0 1.667313214531329e-06 5.491544496134606e-07 2.471528767004678e-10 2.070861422629418e-47 5.640840824675882e-09
513.0 1.8040004342437264e-06 5.954621381908705e-07 2.720502650034378e-10 2.740982639249136e-47 6.171339202401714e-09
514.0 1.9511435695975e-06 6.454212848416889e-07 2.9932068993156743e-10 3.623715296727133e-47 6.748844077358185e-09
515.0 2.109480822671006e-06 6.992984134289494e-07 3.2917679582865484e-10 4.78516587565081e-47 7.377250084713596e-09
516.0 2.2797977290286643e-06 7.573777927105324e-07 3.618489894875266e-10 6.311573613808703e-47 8.060750443675818e-09
517.0 2.462929842886452e-06 8.199624891141351e-07 3.9758680670609326e-10 8.31531289965271e-47 8.803857815715348e-09
518.0 2.6597655505945605e-06 8.873754728732548e-07 4.36660373931066e-10 1.0942646512278876e-46 9.611426458148897e-09
519.0 2.871249017299665e-06 9.599607797179098e-07 4.793619708402028e-10 1.4383729044523298e-46 1.048867574245232e-08
520.0 3.098383270914323e-06 1.0380847300908531e-06 5.260076998765142e-10 1.8885498982467546e-46 1.1441215106550586e-08
521.0 3.3422334284647264e-06 1.1221372081958458e-06 5.769392691912462e-10 2.4768274908172872e-46 1.2475070516265987e-08
522.0 3.603930069289158e-06 1.2125330030071754e-06 6.325258956586892e-10 3.2447096176585507e-46 1.3596712511604946e-08
523.0 3.884672760323349e-06 1.3097132136476493e-06 6.931663350699964e-10 4.245913384664126e-46 1.4813085919096038e-08
524.0 4.185733737496417e-06 1.4141467211573187e-06 7.592910467291301e-10 5.5498859492338094e-46 1.6131641309635954e-08
525.0 4.50846174936154e-06 1.5263317294039362e-06 8.313645003792205e-10 7.246311778351526e-46 1.756036829205671e-08
526.0 4.854286066421747e-06 1.6467973770117098e-06 9.098876332669423e-10 9.450882837207578e-46 1.910783072545581e-08
527.0 5.224720661994834e-06 1.7761054230093672e-06 9.954004659323961e-10 1.231267751096835e-45 2.0783203945306193e-08
528.0 5.621368569658966e-06 1.9148520086524556e-06 1.0884848855509903e-09 1.6023586515487897e-45 2.25963140984667e-08
529.0 6.045926421002183e-06 2.063669497447435e-06 1.1897676057813723e-09 2.0830340617936742e-45 2.455767967998238e-08
530.0 6.500189170031217e-06 2.223228396320458e-06 1.299923312964851e-09 2.704984180905168e-45 2.6678555378096063e-08
531.0 6.9860550081267654e-06 2.394239360057371e-06 1.4196780084635507e-09 3.508868427465668e-45 2.8970978327328595e-08
532.0 7.505530474554591e-06 2.5774552815424613e-06 1.5498125575490426e-09 4.546798365445316e-45 3.1447816877077125e-08
533.0 8.06073576722296e-06 2.773673470235528e-06 1.6911664556195892e-09 5.885492450762634e-45 3.412282198515333e-08
534.0 8.653910258866961e-06 2.9837379215154434e-06 1.8446418230659323e-09 7.610280139133863e-45 3.701068135104507e-08
535.0 9.287418222035102e-06 3.208541678917134e-06 2.01120764017759e-09 9.830178680906275e-45 4.0127076399375264e-08
536.0 9.96375476907554e-06 3.449029292277909e-06 2.191904234528907e-09 1.2684323229408802e-44 4.348874223925718e-08
537.0 1.0685552009518074e-05 3.706199373518107e-06 2.387848032950448e-09 1.6350102517272689e-44 4.711353071243534e-08
538.0 1.1455585430701342e-05 3.981107252987755e-06 2.6002365913989754e-09 2.1053441812155112e-44 5.102047666113859e-08
539.0 1.2276780505068502e-05 4.274867738491329e-06 2.8303539160116866e-09 2.7081786457496867e-44 5.5229867539585e-08
540.0 1.315221952726141e-05 4.588657979012339e-06 3.079576089038675e-09 3.480047837630309e-44 5.976331649486032e-08
541.0 1.4085148686156335e-05 4.923720435873223e-06 3.3493772143057423e-09 4.4673391058897727e-44 6.464383905517269e-08
542.0 1.5078985374032455e-05 5.281365963053222e-06 3.641335696697361e-09 5.728890387721539e-44 6.989593355362412e-08
543.0 1.6137325737005194e-05 5.662976999072858e-06 3.9571408711019834e-09 7.339256409221014e-44 7.554566542751028e-08
544.0 1.72639524690375e-05 6.0700108722291215e-06 4.298599996353957e-09 9.392811694235354e-44 8.162075552808907e-08
545.0 1.8462842852179608e-05 6.504003221090006e-06 4.667645630294537e-09 1.20088995867887e-43 8.815067258027142e-08
546.0 1.973817704617125e-05 6.966571532334402e-06 5.066343402721824e-09 1.5338287482545184e-43 9.516672993706526e-08
547.0 2.1094346628738315e-05 7.459418797395856e-06 5.496900203079526e-09 1.9571251556841304e-43 1.0270218676809496e-07
548.0 2.2535963388369236e-05 7.984337289529214e-06 5.961672800359091e-09 2.494769226754456e-43 1.1079235382636239e-07
549.0 2.4067868371146767e-05 8.543212462846842e-06 6.463176913161186e-09 3.176977822110731e-43 1.1947470393917235e-07
550.0 2.5695141182228174e-05 9.138026974522787e-06 7.004096748126078e-09 4.0417734803769186e-43 1.287889873669645e-07
551.0 2.742310954259522e-05 9.770864831369378e-06 7.587295025459043e-09 5.1369540411749745e-43 1.38777352176319e-07
552.0 2.9257359101498704e-05 1.0443915661916093e-05 8.215823510738903e-09 6.5225473405715156e-43 1.494844697747889e-07
553.0 3.120374350296702e-05 1.115947911438102e-05 8.892934072131539e-09 8.27386746728563e-43 1.6095766574694696e-07
554.0 3.3268394706719803e-05 1.1919969381615144e-05 9.622090283157512e-09 1.0485316318712408e-42 1.7324705614281836e-07
555.0 3.545773356091988e-05 1.2727919853051104e-05 1.0406979590838439e-08 1.3275107648373628e-42 1.8640568935687604e-07
556.0 3.777848062565648e-05 1.3585987894191598e-05 1.1251526069917871e-08 1.679113182450098e-42 2.0048969374465402e-07
557.0 4.0237667243183185e-05 1.4496959753126666e-05 1.2159903783474278e-08 2.121822978750424e-42 2.1555843111034963e-07
558.0 4.2842646853138626e-05 1.5463755594336256e-05 1.3136550771313412e-08 2.6787206227049523e-42 2.316746562112324e-07
559.0 4.560110654693184e-05 1.6489434658555673e-05 1.418618368674029e-08 3.37859872447692e-42 2.489046824039641e-07
560.0 4.852107885858841e-05 1.7577200548572074e-05 1.531381310362271e-08 4.257341970062741e-42 2.67318553574789e-07
561.0 5.161095378502635e-05 1.8730406639229683e-05 1.6524759514712908e-08 5.359632164514359e-42 2.8699022247241787e-07
562.0 5.4879491030517476e-05 1.9952561610527334e-05 1.7824670043055062e-08 6.741053006473646e-42 3.07997735571553e-07
563.0 5.833583246841325e-05 2.1247335102047688e-05 1.921953588809532e-08 8.470685885223596e-42 3.304234245852643e-07
564.0 6.198951481213536e-05 2.261856348652293e-05 2.071571052802674e-08 1.0634308278667958e-41 3.543541047372873e-07
565.0 6.58504824866012e-05 2.4070255759989476e-05 2.2319928699846425e-08 1.3338330999041561e-41 3.798812798989824e-07
566.0 6.99291006921259e-05 2.5606599546253442e-05 2.4039326179088953e-08 1.6714640501270984e-41 4.0710135469882243e-07
567.0 7.42361686482104e-05 2.7231967211642413e-05 2.5881460379795458e-08 2.0926548839965874e-41 4.3611585368337957e-07
568.0 7.878293300902893e-05 2.8950922087567863e-05 2.7854331796851736e-08 2.617609796517248e-41 4.6703164763112437e-07
569.0 8.358110143539232e-05 3.076822479578497e-05 2.996640631048154e-08 3.271301847440135e-41 4.99961187076271e-07
570.0 8.864285631225827e-05 3.268883967273807e-05 3.2226638374123354e-08 4.084570760597436e-41 5.350227431206847e-07
571.0 9.398086859755536e-05 3.47179412880998e-05 3.464449510573195e-08 5.095466945453664e-41 5.72340655588322e-07
572.0 9.960831178632609e-05 3.6860921051883034e-05 3.722998130176708e-08 6.350895485930214e-41 6.120455885608495e-07
573.0 0.00010553887597464661 3.9123393904588226e-05 3.9993665393084356e-08 7.90862524431842e-41 6.542747933299683e-07
574.0 0.00011178678200720352 4.151120508455234e-05 4.294670636149569e-08 9.839741978974111e-41 6.991723787924511e-07
575.0 0.00011836679568796937 4.403043696493064e-05 4.6100881633760165e-08 1.2231640941683288e-40 7.468895892795832e-07
576.0 0.0001252942420378744 4.668741595429609e-05 4.946861597102651e-08 1.5191674363986922e-40 7.975850898325409e-07
577.0 0.00013258501957675832 4.9488719452290696e-05 5.3063011368759576e-08 1.885159322621554e-40 8.514252588860726e-07
578.0 0.00014025561460906822 5.244118285246372e-05 5.689787798240621e-08 2.3372951523188016e-40 9.085844883271175e-07
579.0 0.00014832311549060008 5.555190658351405e-05 6.098776609255152e-08 2.895367583947189e-40 9.69245490871647e-07
580.0 0.0001568052268541611 5.88282631802606e-05 6.534799912281206e-08 3.5836044547455285e-40 1.0335996146965216e-06
581.0 0.0001657202837658971 6.227790437324749e-05 6.999470772035329e-08 4.4316370673930965e-40 1.101847165212019e-06
582.0 0.00017508726579048054 6.590876818818092e-05 7.494486491058555e-08 5.4756742029812056e-40 1.1741977338905345e-06
583.0 0.00018492581093598263 6.97290860435066e-05 8.021632233354147e-08 6.759924343252624e-40 1.2508705340063724e-06
584.0 0.00019525622944954271 7.37473898344062e-05 8.582784756831781e-08 8.338317099430468e-40 1.3320947431291075e-06
585.0 0.00020609951743687466 7.797251899207703e-05 9.179916255152891e-08 1.0276585012873887e-39 1.4181098522116462e-06
586.0 0.0002174773702739272 8.241362750524228e-05 9.81509830923204e-08 1.2654779024478445e-39 1.5091660210673594e-06
587.0 0.00022941219577918807 8.70801908907527e-05 1.0490505948501535e-07 1.5570305372282353e-39 1.6055244400153072e-06
588.0 0.0002419271271141333 9.198201309961279e-05 1.120842182183897e-07 1.9141588902901226e-39 1.7074576974487965e-06
589.0 0.0002550460353792747 9.71292333445971e-05 1.197124047788146e-07 2.3512488282729915e-39 1.8152501530645826e-06
590.0 0.0002687935418697408 0.00010253233283412213 1.2781472754100717e-07 2.8857612970324367e-39 1.9291983164466806e-06
591.0 0.00028319502995474146 0.00010820214139703403 1.364175027382687e-07 3.538872077025377e-39 2.0496112306818066e-06
592.0 0.0002982766565473 0.00011414984398358245 1.4554830050293918e-07 4.336240916356556e-39 2.176810860677955e-06
593.0 0.00031406536312126134 0.00012038698702410345 1.55235991961047e-07 5.3089354377297006e-39 2.311132485769002e-06
594.0 0.0003305888862417379 0.0001269254846302507 1.6551079736703297e-07 6.494540046664384e-39 2.4529250962315558e-06
595.0 0.0003478757675675365 0.00013377762462053045 1.7640433525824308e-07 7.938485788177286e-39 2.6025517932625927e-06
596.0 0.00036595536328510713 0.00014095607435209308 1.8794967260660102e-07 9.695643865773562e-39 2.7603901919493087e-06
597.0 0.0003848578529354971 0.00014847388634129906 2.0018137594302663e-07 1.1832233534874045e-38 2.9268328267526446e-06
598.0 0.0004046142475860724 0.0001563445036516536 2.1313556342218548e-07 1.4428104528588548e-38 3.102287558927244e-06
599.0 0.0004252563973148843 0.00016458176503371651 2.2684995780027805e-07 1.7579465320794004e-38 3.287177985395721e-06
600.0 0.0004468169979528796 0.00017319990979267565 2.413639402835899e-07 2.1402141673261128e-38 3.4819438483965176e-06
601.0 0.00046932959705015995 0.00018221358236717212 2.5671860521294774e-07 2.6035465396937226e-38 3.6870414453558884e-06
602.0 0.0004928285990151105 0.00019163783659606918 2.729568155365618e-07 3.164691148164205e-38 3.902944038273386e-06
603.0 0.0005173492693866579 0.000201488139654084 2.901232590260176e-07 3.8437623183493137e-38 4.130142261968465e-06
604.0 0.0005429277381908427 0.00021178037563349413 3.082645051814314e-07 4.664898984819398e-38 4.369144530435433e-06
605.0 0.0005696010023404346 0.0002225308487518659 3.274290627718762e-07 5.657047182597443e-38 4.620477440582356e-06
606.0 0.0005974069270262633 0.0002337562861616463 3.476674379473803e-07 6.8548901534477e-38 4.884686172518048e-06
607.0 0.0006263842460633027 0.00024547384034286757 3.6903219286262494e-07 8.299953040704618e-38 5.1623348856346885e-06
608.0 0.0006565725611373136 0.0002577010910533037 3.915780047382254e-07 1.0041913911219218e-37 5.4540071095623994e-06
609.0 0.0006880123399115302 0.0002704560468155637 4.153617252886514e-07 1.2140158420011992e-37 5.760306129149199e-06
610.0 0.000720744912948055 0.00028375714591854346 4.404424404384738e-07 1.4665621955066384e-37 6.081855362548178e-06
611.0 0.0007548124693959739 0.00029762325690943633 4.668815302421233e-07 1.7702970720472458e-37 6.419298731437392e-06
612.0 0.0007902580514053252 0.00031207367855510485 4.947427289216645e-07 2.135318211409513e-37 6.773301022423133e-06
613.0 0.0008271255472213033 0.0003271281392495921 5.240921849292265e-07 2.5736595136408755e-37 7.144548238603973e-06
614.0 0.0008654596829110408 0.00034280679584354707 5.549985209341043e-07 3.099651366764968e-37 7.5337479402193885e-06
615.0 0.0009053060126917707 0.00035913023187769325 5.875328936397224e-07 3.730345954547236e-37 7.941629573414615e-06
616.0 0.0009467109078028222 0.00037611945519187726 6.217690533136059e-07 4.486018877849194e-37 8.36894478589136e-06
617.0 0.000989721543895216 0.0003937958948934712 6.577834029279102e-07 5.390760330882104e-37 8.816467728449938e-06
618.0 0.0010343858868881544 0.0004121813976590583 6.956550567869247e-07 6.473171290341382e-37 9.284995341181828e-06
619.0 0.0010807526772600203 0.00043129822335044934 7.354658985241274e-07 7.767182749349081e-37 9.775347623196793e-06
620.0 0.0011288714127367695 0.0004511690399240735 7.773006383428074e-07 9.313019014325366e-37 1.02883678846947e-05
621.0 0.0011787923293346797 0.0004718169176102879 8.212468693644249e-07 1.115832954472412e-36 1.0824922980103989e-05
622.0 0.0012305663807357272 0.0004932653223475303 8.673951229576284e-07 1.3359517825881826e-36 1.138590352116812e-05
623.0 0.0012842452159506767 0.0005155381084468711 9.158389228993198e-07 1.598330040676727e-36 1.1972224068619077e-05
624.0 0.0013398811552464344 0.0005386595104709987 9.666748382280365e-07 1.910853460309963e-36 1.2584823301239602e-05
625.0 0.0013975271643075664 0.0005626541343089105 1.020002534639647e-06 2.2828359570625592e-36 1.3224664161024465e-05
626.0 0.0014572368266063177 0.0005875469474292984 1.0759248242728003e-06 2.7252702618201503e-36 1.3892733973162584e-05
627.0 0.001519064313955694 0.000613363268295616 1.1345477137259249e-06 3.251121089788637e-36 1.4590044539533441e-05
628.0 0.0015830643552235905 0.0006401287549271435 1.1959804501443936e-06 3.875667814201487e-36 1.5317632204415537e-05
629.0 0.0016492922031893552 0.0006678693925916788 1.260335565213346e-06 4.616904710038354e-36 1.6076557891109503e-05
630.0 0.0017178035995275434 0.0006966114806168266 1.327728916888692e-06 5.4960080975243226e-36 1.686790710818542e-05
631.0 0.0017886547379011531 0.0007263816183058063 1.3982797286914537e-06 6.53788116978109e-36 1.769278992401496e-05
632.0 0.001861902225162689 0.0007572066899502336 1.4721106263976642e-06 7.771788961154332e-36 1.8552340908383528e-05
633.0 0.0019376030406390962 0.0007891138489232534 1.549347671933488e-06 9.232097833322363e-36 1.9447719039736012e-05
634.0 0.002015814493512238 0.0008221305008508961 1.6301203943078375e-06 1.0959136060906454e-35 2.038010757694127e-05
635.0 0.002096594178283151 0.0008562842858500506 1.7145618173917036e-06 1.3000194626602119e-35 2.1350713894211745e-05
636.0 0.0021799999283271987 0.0008916030598291506 1.8028084843635152e-06 1.5410690233580355e-35 2.2360769277985767e-05
637.0 0.0022660897675461375 0.0009281148748473456 1.8950004786347355e-06 1.8255515861321182e-35 2.3411528684557863e-05
638.0 0.0023549218601126485 0.0009658479585236438 1.9912814410566066e-06 2.1610607988315022e-35 2.4504270457119727e-05
639.0 0.0024465544583460925 0.001004830692505361 2.0917985832408463e-06 2.556476394765117e-35 2.5640296001310497e-05
640.0 0.0025410458487079247 0.0010450915899846663 2.196702696781586e-06 3.022174784278717e-35 2.6820929417850262e-05
641.0 0.0026384542959563277 0.001086659272273133 2.3061481582048234e-06 3.5702729116331243e-35 2.8047517091352614e-05
642.0 0.002738837985475696 0.0011295624444344994 2.4202929294486636e-06 4.21491043281591e-35 2.9321427234164038e-05
643.0 0.0028422549638095203 0.0011738298699813313 2.5392985536854357e-06 4.972576006850792e-35 3.064404938421147e-05
644.0 0.002948763077432041 0.0012194903446442783 2.663330146300394e-06 5.862484332734325e-35 3.2016793855916834e-05
645.0 0.003058419909793141 0.0012665726692223983 2.7925563808386976e-06 6.907011519899815e-35 3.34410911432333e-05
646.0 0.0031712827166765723 0.001315105621525621 2.9271494697355483e-06 8.132197467398358e-35 3.491839127392826e-05
647.0 0.0032874083599156666 0.0013651179274222736 3.0672851396465053e-06 9.568325162976998e-35 3.6450163114292694e-05
648.0 0.0034068532395181996 0.0014166382310079823 3.213142601200958e-06 1.1250588217250215e-34 3.803789362355517e-05
649.0 0.0035296732242484385 0.0014696950639110156 3.3649045129977134e-06 1.3219859541837835e-34 3.968308705725631e-05
650.0 0.0036559235807372466 0.0015243168137588962 3.5227569396830327e-06 1.5523575888120174e-34 4.1387264119115666e-05
651.0 0.0037856589011551244 0.0015805316918164629 3.6868893039177357e-06 1.8216755012098845e-34 4.3151961060545315e-05
652.0 0.003918933029548803 0.0016383676998331922 3.857494332103045e-06 2.136316455183831e-34 4.497872872772809e-05
653.0 0.004055798986883104 0.0016978525961134675 4.034767993680557e-06 2.5036664330455875e-34 4.6869131555552274e-05
654.0 0.00419630889487903 0.0017590138608442713 4.218909433870243e-06 2.9322746768651763e-34 4.8824746508280564e-05
655.0 0.004340513898716444 0.0018218786607057985 4.410120899691377e-06 3.4320303448341176e-34 5.084716196661743e-05
656.0 0.004488464088699381 0.0018864738128032276 4.608607659143536e-06 4.014364966126439e-34 5.2937976561221664e-05
657.0 0.004640208420947122 0.0019528257479436858 4.814577913393163e-06 4.692484305596618e-34 5.5098797952350774e-05
658.0 0.0047957946372262 0.0020209604733046637 5.0282427018678685e-06 5.481633732357288e-34 5.7331241555979975e-05
659.0 0.004955269184007354 0.0020909035345275224 5.249815800134104e-06 6.399401730217837e-34 5.963692921643011e-05
660.0 0.005118677130845243 0.0021626799772759245 5.479513610452746e-06 7.466066800570831e-34 6.201748782575379e-05
661.0 0.005286062088182356 0.0022363143083010406 5.717555044916919e-06 8.704993697725879e-34 6.447454789023318e-05
662.0 0.005457466124693804 0.002311830456062269 5.96416140109905e-06 1.0143085712022816e-33 6.700974204459014e-05
663.0 0.0056329296842722 0.0023892517309452924 6.219556230122915e-06 1.1811300587324348e-33 6.962470351436689e-05
664.0 0.005812491502765164 0.002468600785125459 6.483965197097988e-06 1.3745238637978382e-33 7.232106452716429e-05
665.0 0.005996188524593733 0.002549899572131597 6.757615933879217e-06 1.5985812728435855e-33 7.51004546736936e-05
666.0 0.006184055819358198 0.0026331693061566845 7.040737884100605e-06 1.858001101008997e-33 7.796449921940766e-05
667.0 0.006376126498561453 0.002718430421172349 7.333562140466573e-06 2.1581764689940434e-33 8.091481736784874e-05
668.0 0.0065724316325693 0.002805702529900095 7.636321274283211e-06 2.505293465108335e-33 8.395302047679996e-05
669.0 0.006773000167946784 0.002895004382701156 7.949249157245313e-06 2.906443247456396e-33 8.708071022866479e-05
670.0 0.0069778588452864086 0.0029863538264374317 8.272580775479622e-06 3.369749334616945e-33 9.02994767562922e-05
671.0 0.007187032117665678 0.0030797677633657627 8.606552035881581e-06 3.904512049324049e-33 9.361089672583154e-05
672.0 0.007400542069867815 0.003175262110126802 8.951399564791655e-06 4.521372321043801e-33 9.701653137825094e-05
673.0 0.007618408338523231 0.0032728517569005117 9.307360499099452e-06 5.232497322740969e-33 0.00010051792453156444
674.0 0.007840648033252415 0.003372550526767816 9.674672269785058e-06 6.05179071751514e-33 0.00010411660054490512
675.0 0.008067275659018906 0.003474371135373507 1.0053572378075607e-05 6.995130625677288e-33 0.00010781406224735965
676.0 0.008298303039779836 0.0035783251509339605 1.0444298164264292e-05 8.080638795659461e-33 0.00011161178883299865
677.0 0.008533739243599969 0.003684422954667529 1.0847086569349304e-05 9.328984877200079e-33 0.00011551123372467235
678.0 0.00877359050935927 0.003792673701710594 1.1262173889623178e-05 1.0763730156789664e-32 0.00011951382240878095
679.0 0.00901786017519173 0.0039030852825861244 1.1689795524368063e-05 1.2411715628347829e-32 0.000123620950243434
680.0 0.009266548608820977 0.004015664285304068 1.2130185716866132e-05 1.430349984191045e-32 0.00012783398024290922
681.0 0.009519653139896991 0.004130415958147214 1.2583577288873539e-05 1.647385260541794e-32 0.00013215424084060342
682.0 0.009777167994494941 0.004247344173220937 1.3050201368796438e-05 1.8962311316182524e-32 0.00013658302363354804
683.0 0.010039084231919595 0.004366451390838406 1.3530287113804617e-05 2.181380747606883e-32 0.00014112158111144693
684.0 0.010305389683924507 0.004487738624798372 1.4024061426091359e-05 2.5079371805531165e-32 0.0001457711243728306
685.0 0.01057606889653222 0.004611205408646667 1.4531748663609966e-05 2.881692732504245e-32 0.00015053282083211174
686.0 0.010851103074522967 0.004736849762961445 1.5053570345478258e-05 3.3092180826679636e-32 0.00015540779191978513
687.0 0.011130470028786114 0.004864668163757719 1.558974485243183e-05 3.797962432451592e-32 0.0001603971107799033
688.0 0.01141414412662348 0.004994655512061702 1.614048712258648e-05 4.3563659359932977e-32 0.00016550179996760914
689.0 0.011702096245155207 0.00512680510473241 1.6706008342872738e-05 4.993985845961354e-32 0.0001707228291504796
690.0 0.011994293727923584 0.005261108606584646 1.7286515636450107e-05 5.721637961207371e-32 0.00017606111281676763
691.0 0.012290700344847333 0.005397556023892501 1.788221174650893e-05 6.551555135774288e-32 0.00018151750799456044
692.0 0.012591276255629261 0.005536135679331731 1.8493294716819838e-05 7.497564799234515e-32 0.0001870928119852806
693.0 0.01289597797671439 0.00567683418841653 1.9119957569400615e-05 8.575287648054788e-32 0.00019278776011496078
694.0 0.013204758351939768 0.0058196364375066745 1.97623879797573e-05 9.802359898477777e-32 0.0001986030235075013
695.0 0.013517566526942278 0.005964525563427858 2.0420767950065932e-05 1.1198681745101759e-31 0.0002045392068831039
696.0 0.013834347927459622 0.006111482934778974 2.1095273480784534e-05 1.2786694948206214e-31 0.0002105968463862143
697.0 0.014155044241595761 0.006260488134972311 2.178607424111084e-05 1.4591692778995093e-31 0.00021677640744645314
698.0 0.014479593406140592 0.006411518947060781 2.2493333238747844e-05 1.6642165887932058e-31 0.00022307828267638337
699.0 0.014807929597041821 0.006564551340410434 2.3217206489473274e-05 1.897018802981555e-31 0.00022950278981019253
700.0 0.015139983224094385 0.006719559459262288 2.3957842686978904e-05 2.1611845983035467e-31 0.00023605016968696247
