200.0 6.142584132615033e-07 2.1748677166800113e-13 6.610051186576801e-22 9.330593134495593e-113 4.01793436461718e-08
201.0 6.789935941773558e-07 2.5884604339998566e-13 8.673368044146614e-22 3.6289770605387544e-112 4.5020434430729933e-08
202.0 7.497988870482801e-07 3.075367372649019e-13 1.1350055069244591e-21 1.3925610239461883e-111 5.038749133170445e-08
203.0 8.271702719250859e-07 3.6476269718415133e-13 1.4813332090000418e-21 5.273339043290555e-111 5.633124190941243e-08
204.0 9.116379454484841e-07 4.319094639175768e-13 1.928275872662734e-21 1.9709849763487752e-110 6.29066608996893e-08
205.0 1.0037681380513688e-06 5.105691960290476e-13 2.503593722043479e-21 7.272607117847586e-110 7.017326339711739e-08
206.0 1.1041650998617456e-06 6.025687050472746e-13 3.242299661249553e-21 2.6496441315602067e-109 7.819542082856396e-08
207.0 1.2134732543599808e-06 7.100009607328156e-13 4.188447883578383e-21 9.533567885800163e-109 8.704270077117361e-08
208.0 1.33237916206746e-06 8.352602350519451e-13 5.3973362501388154e-21 3.3882246361888797e-108 9.679020575254588e-08
209.0 1.4616137396172487e-06 9.810815054024745e-13 6.938213336358606e-21 1.1896372865213281e-107 1.0751894262926467e-07
210.0 1.6019545132750593e-06 1.1505844429943466e-12 8.897597595108009e-21 4.127222965205618e-107 1.1931620777143702e-07
211.0 1.7542280362176224e-06 1.3473225442569571e-12 1.13833387012347e-20 1.415064469348461e-106 1.3227599807379103e-07
212.0 1.919312249346574e-06 1.5753377682519579e-12 1.4529574887007927e-20 4.795589407478888e-106 1.4649943208842029e-07
213.0 2.0981390502772494e-06 1.8392214206294155e-12 1.8502772565310122e-20 1.6066690058986246e-105 1.6209520140487337e-07
214.0 2.2916967598793564e-06 2.1441816463807306e-12 2.350906644438054e-20 5.322299825394653e-105 1.7918002938453858e-07
215.0 2.5010328858152083e-06 2.496118508584451e-12 2.980316501273551e-20 1.743529495030191e-104 1.9787916822766255e-07
216.0 2.727256914902598e-06 2.9017071662312305e-12 3.76991308490307e-20 5.649156253864579e-104 2.1832691488013822e-07
217.0 2.9715430013885796e-06 3.3684897458867367e-12 4.758340144630934e-20 1.810623822322237e-103 2.406671352451545e-07
218.0 3.2351331275961195e-06 3.9049773353051815e-12 5.993049339693142e-20 5.74153562469622e-103 2.6505384328066206e-07
219.0 3.519339848731136e-06 4.520762046265718e-12 7.532189108499726e-20 1.8015516664189543e-102 2.9165176451303906e-07
220.0 3.825549685263732e-06 5.226641291921334e-12 9.44687410601697e-20 5.5943122116734916e-102 3.206369703904402e-07
221.0 4.15522596697845e-06 6.034753887961706e-12 1.1823904104356216e-19 1.7194491703136044e-101 3.521974864120436e-07
222.0 4.509912455202767e-06 6.95873075716842e-12 1.4769018456515595e-19 5.231604481847387e-101 3.865339841253163e-07
223.0 4.8912364595988185e-06 8.013859752381555e-12 1.841078088644458e-19 1.575950418229953e-100 4.2386045093625604e-07
224.0 5.30091237953983e-06 9.217267108895333e-12 2.290521087627853e-19 4.700785043730681e-100 4.644049158773528e-07
225.0 5.740745223793161e-06 1.0588116292629904e-11 2.844129374672047e-19 1.3885947134352745e-99 5.084101946490775e-07
226.0 6.2126343765014255e-06 1.2147826154068543e-11 3.5247525651621776e-19 4.062692676333968e-99 5.561346777957338e-07
227.0 6.718576989222234e-06 1.3920308791674325e-11 4.359967070605696e-19 1.1774456144606184e-98 6.078531075585505e-07
228.0 7.260672101497688e-06 1.5932230832450698e-11 5.382994514295074e-19 3.380728377245204e-98 6.638574417090765e-07
229.0 7.841124386925868e-06 1.8213297881742423e-11 6.633786577607605e-19 9.617792599748353e-98 7.244577073390759e-07
230.0 8.462248186108463e-06 2.079656526651594e-11 8.160304693731708e-19 2.711368134619798e-97 7.899829038372739e-07
231.0 9.126471472038772e-06 2.3718776345795156e-11 1.0020026784049939e-18 7.575317783211973e-97 8.607819235479747e-07
232.0 9.83634014505101e-06 2.7020731470467917e-11 1.2281718800168705e-18 2.097794624832176e-96 9.372245274865352e-07
233.0 1.0594522127847475e-05 3.074768858271238e-11 1.5027513652108102e-18 5.7586994076979886e-96 1.0197023273629488e-06
234.0 1.1403811831572745e-05 3.494979931798153e-11 1.8355347649173662e-18 1.5672342779245114e-95 1.1086298280539321e-06
235.0 1.22671345096182e-05 3.968258192675397e-11 2.238181079632134e-18 4.2290168501688143e-95 1.204445485560716e-06
236.0 1.3187550674360504e-05 4.500743410604031e-11 2.724547622323267e-18 1.131587099673066e-94 1.3076127970410103e-06
237.0 1.4168260750702514e-05 5.09921892032629e-11 3.311078368050874e-18 3.002796774201213e-94 1.4186214407208355e-06
238.0 1.5212609834662245e-05 5.7711718526500715e-11 4.017256228160774e-18 7.903124095721885e-94 1.537988453942501e-06
239.0 1.632409216406963e-05 6.524858144584647e-11 4.866128871127926e-18 2.0632475108434374e-93 1.6662594099197078e-06
240.0 1.750635626037853e-05 7.369373018046443e-11 5.884919408922469e-18 5.343521294799613e-93 1.8040096900184965e-06
241.0 1.8763209563106028e-05 8.314726848721051e-11 7.105734270325089e-18 1.3730006084235513e-92 1.9518457335041895e-06
242.0 2.0098623647078396e-05 9.371927221164526e-11 8.566382897248007e-18 3.500446604446728e-92 2.110406375709906e-06
243.0 2.1516738976211327e-05 1.0553067133277245e-10 1.0311325189949246e-17 8.855795808627983e-92 2.280364167670478e-06
244.0 2.3021870367248527e-05 1.1871420281941885e-10 1.23927655731995e-17 2.223434419185493e-91 2.4624267994977905e-06
245.0 2.4618511990586975e-05 1.3341543342478054e-10 1.4871914091207443e-17 5.540566317786643e-91 2.657338505696533e-06
246.0 2.631134264514349e-05 1.497938602630424e-10 1.782043838383197e-17 1.3704302745394806e-90 2.8658815294468736e-06
247.0 2.8105231306527147e-05 1.680240943482024e-10 2.1322133244040745e-17 3.3648979033664263e-90 3.0888776475774703e-06
248.0 3.000524216869968e-05 1.882971276844126e-10 2.5474837225627258e-17 8.202336281658146e-90 3.327189671557196e-06
249.0 3.201664056417476e-05 2.1082169713679858e-10 3.0392631032872106e-17 1.985143636935015e-89 3.581723075882313e-06
250.0 3.414489811627236e-05 2.3582574099429384e-10 3.620835448088716e-17 4.770592621042814e-89 3.853427574003003e-06
251.0 3.639569872540853e-05 2.6355796379550845e-10 4.307648596361091e-17 1.138454060715983e-88 4.143298818775206e-06
252.0 3.8774943831759505e-05 2.94289505435424e-10 5.117643085475301e-17 2.6980974818847334e-88 4.45238005422759e-06
253.0 4.128875846530555e-05 3.2831573102375813e-10 6.071627394420574e-17 6.350885825290909e-88 4.781763888541172e-06
254.0 4.3943496960529595e-05 3.6595814055839503e-10 7.19370547729774e-17 1.484843049618178e-87 5.13259406243356e-06
255.0 4.6745748681699e-05 4.075664073493555e-10 8.511763313153603e-17 3.4485049684558234e-87 5.506067251265664e-06
256.0 4.970234401458285e-05 4.535205545686473e-10 1.0058021998602342e-16 7.9564468651280255e-87 5.903434931213794e-06
257.0 5.282036028173277e-05 5.042332747308935e-10 1.1869665678981093e-16 1.823807086930411e-86 6.3260052701629555e-06
258.0 5.610712766559863e-05 5.601524003774668e-10 1.3989553614901804e-16 4.153774824341927e-86 6.775145052841733e-06
259.0 5.957023543976333e-05 6.217635370590356e-10 1.6467026797539282e-16 9.400343192642947e-86 7.252281676678316e-06
260.0 6.321753773615758e-05 6.895928594486638e-10 1.935882041697593e-16 2.1140393542702124e-85 7.758905125608808e-06
261.0 6.70571599613348e-05 7.642100903439136e-10 2.2730095210721165e-16 4.724789092375209e-85 8.296570056196212e-06
262.0 7.109750470595865e-05 8.4623165990565e-10 2.6655601535422804e-16 1.049500642430439e-84 8.866897856263172e-06
263.0 7.53472580876674e-05 9.363240643273555e-10 3.122099208698715e-16 2.3170977971273246e-84 9.471578790559572e-06
264.0 7.981539588536139e-05 1.0352074267650967e-09 3.652430041184341e-16 5.085075239422861e-84 1.0112374154984043e-05
265.0 8.451118980710016e-05 1.143659274352034e-09 4.267760447457118e-16 1.1093569328612477e-83 1.0791118481448604e-05
266.0 8.944421363420391e-05 1.262518538484397e-09 4.980889632545912e-16 2.4059977209234772e-83 1.15097217610297e-05
267.0 9.462434979520881e-05 1.3926897966856093e-09 5.806418148678726e-16 5.187973734643844e-83 1.2270171756174283e-05
268.0 0.00010006179534768776 1.535147753229743e-09 6.760983324577302e-16 1.1122622570260638e-82 1.3074536271239789e-05
269.0 0.00010576706847273706 1.6909419850484302e-09 7.863523072642341e-16 2.3711078799613961e-82 1.3924965522538595e-05
270.0 0.00011175101476018973 1.8612019549325075e-09 9.135571150010341e-16 5.0264052934409707e-82 1.4823694515507357e-05
271.0 0.00011802481362208636 2.0471423091198647e-09 1.0601587313894247e-15 1.0596263791090707e-81 1.577304547247738e-05
272.0 0.0001245999844540621 2.250068465573588e-09 1.228932609469842e-15 2.2215888052938516e-81 1.6775430260548277e-05
273.0 0.00013148839321947263 2.4713825173137383e-09 1.4230248360702183e-15 4.632510983099663e-81 1.783335290915294e-05
274.0 0.00013870225861236822 2.712589449797302e-09 1.645998011197403e-15 9.608086825439764e-81 1.8949412104771502e-05
275.0 0.00014625415847209202 2.9753036975712503e-09 1.901882349840707e-15 1.982213848481329e-80 2.012630375226e-05
276.0 0.00015415703615494206 3.261256049437011e-09 2.1952325436715345e-15 4.068012633304026e-80 2.136682356352177e-05
277.0 0.00016242420673586022 3.5723009136580175e-09 2.5311909702351285e-15 8.30533188362524e-80 2.2673869655294336e-05
278.0 0.00017106936345983068 3.9104239667399215e-09 2.9155578989999547e-15 1.6869373652149047e-79 2.4050445213676298e-05
279.0 0.00018010658393799938 4.2777501906324245e-09 3.3548693895247142e-15 3.409040787896205e-79 2.549966115543276e-05
280.0 0.00018955033642342736 4.676552320813767e-09 3.856483651022361e-15 6.854572478134082e-79 2.7024738831854293e-05
281.0 0.0001994154861253834 5.1092597208497595e-09 4.4286766962159335e-15 1.3714084131810051e-78 2.862901276962013e-05
282.0 0.00020971730130727486 5.5784676934960325e-09 5.080748190011405e-15 2.7303259741693697e-78 3.0315933411880964e-05
283.0 0.00022047145950480977 6.086947253145202e-09 5.823138483638681e-15 5.409362857173466e-78 3.208906990684403e-05
284.0 0.00023169405373769928 6.6376553741929945e-09 6.667557901632334e-15 1.066556826594998e-77 3.3952112925923e-05
285.0 0.00024340159846124247 7.233745725571377e-09 7.627129434065757e-15 2.092908250102736e-77 3.590887747377791e-05
286.0 0.0002556110358031087 7.878579924512884e-09 8.716546105833469e-15 4.0875813638887194e-77 3.796330576922232e-05
287.0 0.0002683397414137382 8.575739308873762e-09 9.952244365995775e-15 7.946101039836535e-77 4.011947009835844e-05
288.0 0.0002816055304736834 9.329037262004495e-09 1.1352594986045169e-14 1.5375679988953076e-76 4.2381575718821696e-05
289.0 0.00029542666360589707 1.0142532102156102e-08 1.2938113054082317e-14 2.961610808897709e-76 4.4753963777839027e-05
290.0 0.000309821852733445 1.1020540556899639e-08 1.473168878815935e-14 5.678787145341768e-76 4.7241114249403934e-05
291.0 0.00032481026671648855 1.1967651836178316e-08 1.675884101980087e-14 1.084020271068514e-75 4.984764886448156e-05
292.0 0.00034041153718170487 1.2988742338352873e-08 1.9047995372157545e-14 2.060124214346739e-75 5.2578334096323425e-05
293.0 0.00035664576416986703 1.4088990997154638e-08 2.163078928022344e-14 3.898013225681187e-75 5.543808414383563e-05
294.0 0.0003735335215590308 1.527389528750414e-08 2.4542406176761998e-14 7.343558304434298e-75 5.843196390487832e-05
295.0 0.0003910958626356034 1.6549287925460774e-08 2.7821941372347714e-14 1.3775339106879244e-74 6.156519199634146e-05
296.0 0.00040935432539688057 1.792135426758074e-08 3.151280230264922e-14 2.5730574162958568e-74 6.48431437558522e-05
297.0 0.00042833093799912904 1.9396650448141663e-08 3.566314606878682e-14 4.785934416548494e-74 6.827135428905485e-05
298.0 0.0004480482237275815 2.0982122249333076e-08 4.0326357337991686e-14 8.864872709776772e-74 7.185552146325087e-05
299.0 0.0004685292063571394 2.2685124764434712e-08 4.55615700120646e-14 1.6352528760430854e-73 7.560150898408833e-05
300.0 0.0004897974148267485 2.4513442827798547e-08 5.143423615762786e-14 3.004152080232061e-73 7.951534938294769e-05
301.0 0.0005118768885481761 2.647531229591859e-08 5.801674615648008e-14 5.4966889521790103e-73 8.360324712580919e-05
302.0 0.0005347921818199948 2.8579442129286824e-08 6.538910404352929e-14 1.0017056153509979e-72 8.787158159651503e-05
303.0 0.0005585683686662476 3.0835037361602415e-08 7.363966255965493e-14 1.8182599286959653e-72 9.232691016617601e-05
304.0 0.0005832310473548045 3.3251822943555146e-08 8.286592255351379e-14 3.2874997320122783e-72 9.697597122758514e-05
305.0 0.000608806344841945 3.584006849663438e-08 9.317540178629814e-14 5.920878457380886e-72 0.00010182568723348478
306.0 0.0006353209210588815 3.86106139960198e-08 1.0468657850031672e-13 1.062267196373997e-71 0.0001068831677238204
307.0 0.0006628019730384071 4.157489640573178e-08 1.1752991548097387e-13 1.8985626167105665e-71 0.00011215571234041036
308.0 0.00069127723892157 4.474497729203297e-08 1.3184897073051457e-13 3.3804593984077114e-71 0.00011765081383455368
309.0 0.0007207750020045884 4.813357144988406e-08 1.4780160130314023e-13 5.996558448261918e-71 0.00012337616109400738
310.0 0.0007513240941718087 5.1754076524021776e-08 1.6556126711626844e-13 1.0597896258384646e-70 0.00012933964207682413
311.0 0.0007829538998143015 5.562060371991954e-08 1.8531844233495486e-13 1.8661390371293333e-70 0.00013554934683805513
312.0 0.0008156943590892797 5.974800955434031e-08 2.0728214196685836e-13 3.2740881528571864e-70 0.00014201357045317013
313.0 0.000849575971049739 6.415192870191439e-08 2.3168157210681593e-13 5.72366061926982e-70 0.0001487408159262223
314.0 0.0008846297971294882 6.884880799985107e-08 2.587679128463451e-13 9.970327469668474e-70 0.0001557397971671422
315.0 0.0009208874636384796 7.385594153538584e-08 2.888162429196355e-13 1.730659888685329e-69 0.0001630194418023291
316.0 0.0009583811649339804 7.919150696402168e-08 3.221276165222987e-13 2.9936106811349713e-69 0.00017058889410812033
317.0 0.000997143665599245 8.487460295466936e-08 3.590313024298467e-13 5.160295138631972e-69 0.0001784575177730296
318.0 0.0010372083032100564 9.09252879099417e-08 3.998871971231424e-13 8.864690069878503e-69 0.0001866348987662498
319.0 0.001078608990348138 9.736461987767916e-08 4.4508842339393647e-13 1.5176665020996732e-68 0.0001951308480736986
320.0 0.0011213802165891565 1.0421469773463809e-07 4.950641272379382e-13 2.58956446362516e-68 0.00020395540442873637
321.0 0.0011655570504217278 1.1149870366428357e-07 5.502824863579576e-13 4.40380749415276e-68 0.00021311883702931003
322.0 0.0012111751408514686 1.1924094692986638e-07 6.112539442553782e-13 7.464394980957751e-68 0.00022263164819574796
323.0 0.0012582707187688183 1.2746690897128172e-07 6.785346847979341e-13 1.2610690932724105e-67 0.0002325045759815258
324.0 0.0013068805981589322 1.362032898555945e-07 7.527303629999916e-13 2.1236075841810932e-67 0.00024274859674986658
325.0 0.0013570421771093987 1.4547805609954248e-07 8.345001085664126e-13 3.5646240987204495e-67 0.0002533749277067693
326.0 0.00140879343853305 1.553204898768279e-07 9.245608196200582e-13 5.964445913314099e-67 0.00026439502937350504
327.0 0.0014621729507238842 1.6576123964342496e-07 1.0236917650898097e-12 9.948463635430205e-67 0.0002758206080188602
328.0 0.0015172198677009172 1.768323721976429e-07 1.132739515137319e-12 1.6541845928152395e-66 0.0002876636180413821
329.0 0.0015739739291795788 1.8856742617644814e-07 1.2526232199200118e-12 2.741992811229626e-66 0.0002999362642695914
330.0 0.0016324754604048254 2.0100146703347857e-07 1.3843402583234846e-12 4.5312208546959325e-66 0.00031265100422246705
331.0 0.0016927653718446594 2.141711435200336e-07 1.5289722792846152e-12 7.465222760426789e-66 0.00032582055032899645
332.0 0.0017548851584600778 2.281147456532521e-07 1.6876916592151006e-12 1.2261986474692803e-65 0.00033945787205090174
333.0 0.0018188768986675732 2.4287226420076154e-07 1.8617684005113316e-12 2.008080727859146e-65 0.00035357619792826517
334.0 0.0018847832532714558 2.584854517356168e-07 2.0525774975989224e-12 3.2788034965613512e-65 0.00036818901760015635
335.0 0.0019526474640820899 2.7499788524378304e-07 2.2616067977467078e-12 5.337955749831578e-65 0.00038331008374433947
336.0 0.002022513351938068 2.9245503025797626e-07 2.4904653850814703e-12 8.665053366219187e-65 0.00039895341387835294
337.0 0.0020944253150047575 3.109043066535797e-07 2.740892518950968e-12 1.40254048386059e-64 0.00041513329219093576
338.0 0.002168428326191851 3.3039515595901324e-07 3.0147671569244728e-12 2.2636982059369647e-64 0.0004318642711751795
339.0 0.00224456793087896 3.5097911036322254e-07 3.3141180969370077e-12 3.6432715088182685e-64 0.0004491611732955239
340.0 0.0023228902438324184 3.7270986326964943e-07 3.641134771789905e-12 5.8471635567752505e-64 0.00046703909246615185
341.0 0.002403441946224027 3.9564334154308715e-07 3.998178733399524e-12 9.358156763335003e-64 0.00048551339551945386
342.0 0.002486270282071829 4.198377793560615e-07 4.387795863678935e-12 1.4936103311622628e-63 0.0005045997235273225
343.0 0.002571423054458064 4.4535379369706624e-07 4.8127293520402526e-12 2.3773692783803398e-63 0.0005243139930439519
344.0 0.002658948621596607 4.72254461563628e-07 5.275933480961081e-12 3.773797833956587e-63 0.0005446723972835781
345.0 0.0027488958923139696 5.006053987723751e-07 5.780588261864581e-12 5.974388291567967e-63 0.0005656914071425673
346.0 0.002841314321451326 5.304748404776866e-07 6.330114967102669e-12 9.433028626869078e-63 0.0005873877721670066
347.0 0.0029362539048284958 5.61933723341874e-07 6.928192604174333e-12 1.485462520916404e-62 0.0006097785213908465
348.0 0.003033765173768649 5.950557693556971e-07 7.578775380805423e-12 2.3331083864539826e-62 0.0006328809640415881
349.0 0.0031338991896083107 6.299175713920762e-07 8.286111212627572e-12 3.654942231053836e-62 0.0006567126901997609
350.0 0.003236707537523721 6.66598680365845e-07 9.054761324695247e-12 5.7109467382019505e-62 0.0006812915712714492
351.0 0.0033422423201790847 7.051816940927154e-07 9.889621002876325e-12 8.900761966304025e-62 0.0007066357603764477
352.0 0.0034505561511128887 7.457523478317159e-07 1.079594155208789e-11 1.383716540604765e-61 0.0007327636926332691
353.0 0.003561702147507309 7.883996064308212e-07 1.1779353519593712e-11 2.145740623604498e-61 0.0007596940852637772
354.0 0.0036757339229230193 8.332157581915592e-07 1.2845891246621812e-11 3.3191480966904135e-61 0.0007874459376383785
355.0 0.003792705579446717 8.802965103279512e-07 1.4002018810550466e-11 5.121585413684527e-61 0.0008160385311428575
356.0 0.003912671699406727 9.297410860382476e-07 1.5254657424223525e-11 7.883508757132167e-61 0.0008454914288968403
357.0 0.004035687337116682 9.816523232867124e-07 1.661121436285136e-11 1.210544879739765e-60 0.0008758244754211577
358.0 0.004161808009749678 1.0361367750739115e-06 1.807961348635833e-11 1.8543734598332246e-60 0.0009070577960589305
359.0 0.004291089688194497 1.0933048113771217e-06 1.9668327433989487e-11 2.8338518346704076e-60 0.0009392117963313924
360.0 0.00442358878722907 1.1532707225843188e-06 2.1386411564797933e-11 4.320452850701196e-60 0.0009723071610825091
361.0 0.004559362155666299 1.2161528245643517e-06 2.3243539725702524e-11 6.571462919329248e-60 0.0010063648535528697
362.0 0.004698467065848638 1.2820735651963343e-06 2.5250041925958325e-11 9.972037153108775e-60 0.0010414061142447807
363.0 0.004840961202643194 1.3511596323656592e-06 2.7416944002668605e-11 1.5097430126553004e-59 0.0010774524596084574
364.0 0.004986902652511361 1.4235420635594337e-06 2.975600936752595e-11 2.280487363364737e-59 0.0011145256806747278
365.0 0.005136349891530964 1.4993563567263306e-06 3.2279782918521024e-11 3.436892191063284e-59 0.0011526478413833002
366.0 0.005289361773678127 1.578742582731216e-06 3.500163721647889e-11 5.168038643293416e-59 0.0011918412768947737
367.0 0.005445997518016132 1.6618454989889008e-06 3.7935821013999235e-11 7.75380932148409e-59 0.0012321285915824038
368.0 0.005606316696134785 1.7488146646288213e-06 4.109751024339225e-11 1.1607583937074263e-58 0.0012735326570022113
369.0 0.0057703792186839156 1.8398045568149507e-06 4.450286155764699e-11 1.7338584700589392e-58 0.0013160766095797016
370.0 0.00593824532168785 1.9349746883809304e-06 4.81690685330109e-11 2.5842719290986403e-58 0.0013597838481651217
371.0 0.006109975552369422 2.0344897266563116e-06 5.2114420638620844e-11 3.8434665454617976e-58 0.00140467803139389
372.0 0.006285630754671889 2.1385196134987523e-06 5.6358365084917456e-11 5.7039514636565206e-58 0.0014507830748929954
373.0 0.006465272054206163 2.247239686395209e-06 6.09215716619066e-11 8.447024791899233e-58 0.0014981231482687736
374.0 0.006648960842737797 2.3608308006139344e-06 6.582600068423247e-11 1.2482865101351413e-57 0.0015467226718994843
375.0 0.006836758762436067 2.4794794524321826e-06 7.109497416456819e-11 1.8408338704294076e-57 0.0015966063135822092
376.0 0.007028727689579596 2.6033779032799778e-06 7.675325033503912e-11 2.7090180462781457e-57 0.0016477989849614403
377.0 0.0072249297176011015 2.7327243046900055e-06 8.282710164037951e-11 3.978444242828687e-57 0.0017003258377088
378.0 0.007425427140152516 2.867722824241797e-06 8.934439633860537e-11 5.830767806157996e-57 0.0017542122596112156
379.0 0.007630282433238415 3.0085837720845808e-06 9.633468383047423e-11 8.528177953783197e-57 0.0018094838703424422
380.0 0.00783955823732584 3.155523728308164e-06 1.038292838622739e-10 1.2448346363575773e-56 0.0018661665171288012
381.0 0.008053317338633379 3.3087656707866244e-06 1.1186137973016576e-10 1.8134215397991553e-56 0.0019242862701191095
382.0 0.008271622650201572 3.4685391036506123e-06 1.2046611563365402e-10 2.63647886498988e-56 0.0019838694175986207
383.0 0.008494537192441101 3.6350801861937245e-06 1.2968069831800523e-10 3.8255588386770653e-56 0.0020449424609731634
384.0 0.008722124073344314 3.8086318622084883e-06 1.395445031545685e-10 5.5400938799645365e-56 0.002107532109565668
385.0 0.008954446467909556 3.989443989473807e-06 1.5009918480122728e-10 8.007510518037798e-56 0.0021716652751143347
386.0 0.009191567597487927 4.177773469607845e-06 1.6138879260564275e-10 1.1551609708023233e-55 0.0022373690661409364
387.0 0.009433550708564074 4.373884377992389e-06 1.734598908990892e-10 1.6632535691126042e-55 0.0023046707820701135
388.0 0.009680459050896581 4.578048093632103e-06 1.863616843362877e-10 2.3902960498089484e-55 0.002373597907078566
389.0 0.00993235585535326 4.79054342900081e-06 2.0014614844693308e-10 3.42869168991741e-55 0.0024441781037533796
390.0 0.01018930431140139 5.011656759763443e-06 2.1486816556151033e-10 4.909020666943882e-55 0.002516439206548434
391.0 0.01045136754391891 5.241682154109249e-06 2.3058566626982582e-10 7.015474966354785e-55 0.0025904092149546896
392.0 0.010718608589624713 5.48092150172574e-06 2.4735977658503154e-10 1.0007397162347926e-54 0.002666116286455069
393.0 0.010991090373199617 5.729684642344054e-06 2.6525497098494133e-10 1.4249283010061212e-54 0.002743588729280169
394.0 0.011268875682730717 5.988289493555931e-06 2.843392314942247e-10 2.0252499388723242e-54 0.002822854994871686
395.0 0.011552027144774069 6.257062177928069e-06 3.0468421298736693e-10 2.873318972726051e-54 0.0029039436701242885
396.0 0.01184060719914687 6.536337149358028e-06 3.263654148915471e-10 4.0692507116800177e-54 0.00298688346943243
397.0 0.012134678073045998 6.82645731833308e-06 3.4946235945678467e-10 5.752759098789661e-54 0.0030717032264392053
398.0 0.012434301754714619 7.127774176073493e-06 3.7405877677706424e-10 8.118480251601787e-54 0.003158431885540244
399.0 0.0127395399669157 7.440647917578758e-06 4.0024279675085696e-10 1.1437094772885131e-53 0.003247098493206685
400.0 0.013050454139663494 7.765447563133337e-06 4.2810714814701767e-10 1.6084393674788364e-53 0.003337732188986513
401.0 0.013367105382765835 8.10255107844463e-06 4.577493649748338e-10 2.258120777212296e-53 0.003430362196322436
402.0 0.013689554457704292 8.45234549299778e-06 4.892720003273704e-10 3.1648168829980053e-53 0.003525017813064256
403.0 0.014017861749364067 8.815227016785293e-06 5.227828478991404e-10 4.428068672176012e-53 0.003621728401804836
404.0 0.01435208723703687 9.191601154914377e-06 5.583951713433605e-10 6.185143607667036e-53 0.003720523379890115
405.0 0.014692290465208277 9.581882820248918e-06 5.962279416712457e-10 8.62502160197241e-53 0.0038214322092327267
406.0 0.015038530513842102 9.986496443755087e-06 6.364060828684029e-10 1.2007450082125168e-52 0.003924484385853796
407.0 0.015390865968383538 1.040587608253376e-05 6.79060725921837e-10 1.6688863426698812e-52 0.0040297094292088735
408.0 0.015749354889054767 1.0840465525094455e-05 7.243294714238289e-10 2.3157583006864486e-52 0.0041371368711852615
409.0 0.016114054780164654 1.1290718394184115e-05 7.723566609666973e-10 3.208154464175394e-52 0.004246796244957598
410.0 0.01648502255868571 1.175709824650393e-05 8.232936574790197e-10 4.437290950678919e-52 0.004358717073505271
411.0 0.01686231452267613 1.2240078669531972e-05 8.772991347097291e-10 6.1275393597602865e-52 0.004472928857941513
412.0 0.017245986319054895 1.274014337493181e-05 9.345393760159455e-10 8.448212000685133e-52 0.004589461065523283
413.0 0.01763609291133944 1.3257786288803109e-05 9.951885826622527e-10 1.1629441589749404e-51 0.00470834311750179
414.0 0.01803268854682067 1.3793511638219898e-05 1.0594291917805861e-09 1.5983545039227418e-51 0.00482960437667372
415.0 0.018435826723360027 1.4347834033997664e-05 1.1274522041712342e-09 2.1933721407274824e-51 0.004953274134680502
416.0 0.01884556015595807 1.49212785496175e-05 1.199457522123264e-09 3.005254338347851e-51 0.005079381599094607
417.0 0.01926194074292511 1.551438079599077e-05 1.27565429741087e-09 4.1113506769640564e-51 0.005207955880246746
418.0 0.01968501953169815 1.6127686991901822e-05 1.3562612896297188e-09 5.615996461249861e-51 0.0053390259778046435
419.0 0.020114846684384027 1.6761754029996645e-05 1.4415072350362743e-09 7.659717200472794e-51 0.0054726207671240475
420.0 0.020551471443036554 1.7417149538129247e-05 1.5316312260446468e-09 1.0431500842232455e-50 0.005608768985373533
421.0 0.020994942094468637 1.8094451935697717e-05 1.626883101514546e-09 1.4185136258632283e-50 0.005747499217378101
422.0 0.021445305935097407 1.8794250485185907e-05 1.7275238480096662e-09 1.926093366798989e-50 0.005888839881316637
423.0 0.02190260923510213 1.9517145338095054e-05 1.833826012109617e-09 2.611455812848378e-50 0.0060328192140760885
424.0 0.022366897202739856 2.026374757578148e-05 1.9460741239703824e-09 3.5355250637771166e-50 0.006179465256492893
425.0 0.022838213947998686 2.103467924427725e-05 2.0645651321919724e-09 4.779642110922856e-50 0.0063288058382562845
426.0 0.023316602446463615 2.183057338365865e-05 2.1896088501819478e-09 6.452252319637736e-50 0.006480868562713957
427.0 0.023802104502580596 2.2652074051021374e-05 2.3215284140547067e-09 8.697732662840774e-50 0.006635680791355358
428.0 0.024294760712883362 2.3499836337351942e-05 2.4606607522141506e-09 1.17080270927151e-49 0.0067932696281279735
429.0 0.024794610429157465 2.437452637807257e-05 2.6073570667125207e-09 1.5737962128838476e-49 0.0069536619035804005
430.0 0.025301691720980905 2.5276821356495753e-05 2.7619833264097774e-09 2.1125378950477027e-49 0.0071168841586751715
431.0 0.025816041338706037 2.6207409501e-05 2.9249207721133615e-09 2.831756052615116e-49 0.0072829626285691555
432.0 0.026337694675879698 2.7166990074740675e-05 3.0965664336592516e-09 3.790587504304026e-49 0.007451923226081451
433.0 0.026866685731592965 2.8156273358142098e-05 3.2773336590325263e-09 5.067112885323787e-49 0.0076237915249859345
434.0 0.02740304707280877 2.917598062400734e-05 3.467652655574049e-09 6.764286006739623e-49 0.00779859274314299
435.0 0.027946809796580718 3.0226844104940993e-05 3.6679710432914333e-09 9.017675469844374e-49 0.007976351725446583
436.0 0.028498003492214662 3.130960695291642e-05 3.878754420294871e-09 1.2005559068466805e-48 0.008157092926601883
437.0 0.029056656203222377 3.2425023190600226e-05 4.100486940337898e-09 1.596206873405554e-48 0.008340840393691014
438.0 0.029622794389320403 3.357385765448017e-05 4.333671902481955e-09 2.1194285562343987e-48 0.008527617748599597
439.0 0.03019644288861942 3.475688592975095e-05 4.5788323528813186e-09 2.810444310366339e-48 0.00871744817034743
440.0 0.030777624879398443 3.597489427605587e-05 4.836511698558957e-09 3.721872819945669e-48 0.00891035437715013
441.0 0.03136636184223852 3.7228679544729884e-05 5.107274333224627e-09 4.9224591968181133e-48 0.009106358608435285
442.0 0.03196267352197868 3.851904908672023e-05 5.391706274983005e-09 6.501902408418833e-48 0.009305482606659875
443.0 0.032566577889904295 3.984682065143946e-05 5.690415815902852e-09 8.577093285171832e-48 0.009507747599048745
444.0 0.03317809110592668 4.121282227605615e-05 6.0040341833011405e-09 1.1300165162613394e-47 0.009713174279185884
445.0 0.03379722748080977 4.2617892165065426e-05 6.33321621262107e-09 1.486887091443764e-47 0.009921782788475914
446.0 0.03442399943852805 4.406287856002679e-05 6.6786410317713385e-09 1.9539942058134387e-47 0.010133592697501862
447.0 0.03505841747903377 4.554863959961729e-05 7.041012756816233e-09 2.5646265723015475e-47 0.010348622987363089
448.0 0.035700490140684875 4.7076043168840086e-05 7.421061198687724e-09 3.3618943555286935e-47 0.0105668920307751
449.0 0.03635022396341407 4.864596673855704e-05 7.819542580920108e-09 4.401558563671008e-47 0.01078841757325104
450.0 0.03700762345166878 5.025929719389778e-05 8.237240267990288e-09 5.755655791834488e-47 0.011013216714081262
451.0 0.037672691037848975 5.1916930652286106e-05 8.674965504158634e-09 7.51713631831868e-47 0.01124130588732763
452.0 0.038345427046007234 5.361977227058961e-05 9.133558162494484e-09 9.805791772204894e-47 0.011472700842765835
453.0 0.03902582965558724 5.5368736040881865e-05 9.613887503735999e-09 1.2775821941926763e-46 0.011707416626710985
454.0 0.039713894865819846 5.716474457548253e-05 1.0116852944808124e-08 1.6625482606364283e-46 0.011945467562913887
455.0 0.040409616460142815 5.900872888021138e-05 1.0643384836507797e-08 2.1609372307876296e-46 0.012186867233341453
456.0 0.041112985971293446 6.0901628116590836e-05 1.1194445250145476e-08 2.805406168146272e-46 0.01243162845903858
457.0 0.04182399264644705 6.284438935192437e-05 1.1771028772592165e-08 3.637795167386766e-46 0.012679763280886111
458.0 0.042542623413045856 6.483796729800756e-05 1.237416330947621e-08 4.7116475880589615e-46 0.012931282940451825
459.0 0.04326886284503267 6.688332403790667e-05 1.3004910896016612e-08 6.095404863860578e-46 0.013186197860852246
460.0 0.04400269312939608 6.898142874049045e-05 1.3664368514986601e-08 7.87645184877938e-46 0.013444517627599772
461.0 0.0447440940332969 7.113325736296556e-05 1.4353668921382999e-08 1.0166233353558135e-45 0.013706250969520353
462.0 0.04549304287183212 7.333979234137016e-05 1.5073981473296207e-08 1.3106718260515363e-45 0.01397140573976299
463.0 0.04624951447618908 7.560202226849668e-05 1.582651296834702e-08 1.6878557033095663e-45 0.01423998889682926
464.0 0.047013481162460895 7.79209415595324e-05 1.661250848518789e-08 2.1711364828196048e-45 0.014512006485709389
465.0 0.04778491270108661 8.02975501052421e-05 1.7433252229446103e-08 2.7896669800963324e-45 0.014787463619118008
466.0 0.04856377628673895 8.273285291227188e-05 1.8290068383397733e-08 3.58041995180077e-45 0.015066364458778746
467.0 0.049350036509247616 8.522785973144786e-05 1.9184321958910996e-08 4.590234375605429e-45 0.015348712196943727
468.0 0.050143655324846936 8.778358467277926e-05 2.0117419652698594e-08 5.878383683356688e-45 0.015634509037932464
469.0 0.05094459202830737 9.04010458080036e-05 2.1090810703343217e-08 7.519795617439623e-45 0.015923756179867594
470.0 0.05175280322583146 9.30812647603976e-05 2.210598774929284e-08 9.609084726616323e-45 0.016216453796575322
471.0 0.05256824280873978 9.582526628182665e-05 2.3164487687039413e-08 1.2265597230078099e-44 0.01651260101966352
472.0 0.053390861927803866 9.863407781669831e-05 2.426789252858795e-08 1.5639715737645423e-44 0.016812195920737114
473.0 0.05422060896862885 0.00010150872905349277 2.5417830257529388e-08 1.9920730172796985e-44 0.017115235493882133
474.0 0.05505742952779598 0.00010445025146330214 2.661597568270365e-08 2.5346653707276823e-44 0.017421715638332738
475.0 0.05590126638982373 0.00010745967782544072 2.7864051288549503e-08 3.2216451633772497e-44 0.01773163114134454
476.0 0.05675205950531529 0.0001105380417407967 2.9163828081364854e-08 4.0905260592289e-44 0.01804497566139598
477.0 0.057609745969642114 0.00011368637713167365 3.051712643017448e-08 5.188330994475301e-44 0.01836174171151726
478.0 0.0584742600030095 0.00011690571772973512 3.192581690160275e-08 6.573942185396886e-44 0.018681920643020503
479.0 0.059345532931366844 0.0001201970965510388 3.339182108744152e-08 8.321016842938644e-44 0.019005502629466632
480.0 0.06022349316819606 0.00012356154535821926 3.491711242383382e-08 1.052160112369348e-43 0.019332476650884754
481.0 0.06110806619770233 0.00012700009411091117 3.650371700125335e-08 1.329060503231291e-43 0.01966283047841757
482.0 0.06199917455885221 0.00013051377040334492 3.815371436383393e-08 1.677133785186268e-43 0.019996550659221568
483.0 0.06289673783051267 0.00013410359888966868 3.9869238297005606e-08 2.1142348648998515e-43 0.020333622501708764
484.0 0.06380067261795813 0.00013777060069763866 4.16524776024034e-08 2.6625871209658447e-43 0.020674030061222527
485.0 0.06471089254036518 0.0001415157928299634 4.3505676858585076e-08 3.349823949516492e-43 0.021017756126031323
486.0 0.0656273082194888 0.00014534018755379822 4.543113716640528e-08 4.210272088460093e-43 0.021364782203708993
487.0 0.06654982726983356 0.0001492447917791914 4.743121687796911e-08 5.286531311660435e-43 0.021715088508009885
488.0 0.06747835428963264 0.00015323060642509896 4.950833230737965e-08 6.631417060650702e-43 0.022068653946022334
489.0 0.06841279085366259 0.00015729862577538146 5.1664958422640046e-08 8.310347107652237e-43 0.022425456105941488
490.0 0.06935303550681463 0.00016144983682253014 5.390362951657689e-08 1.0404270945401743e-42 0.022785471245116623
491.0 0.07029898375944196 0.00016568521860158147 5.62269398561133e-08 1.3013261908244011e-42 0.023148674278712457
492.0 0.07125052808380357 0.0001700057415128741 5.863754430797554e-08 1.626091780089726e-42 0.023515038768769522
493.0 0.07220755791199192 0.00017441236663471956 6.113815893966412e-08 2.029974695246776e-42 0.023884536913797143
494.0 0.07316995963521314 0.0001789060450259083 6.373156159411817e-08 2.5317754206780597e-42 0.02425713953886315
495.0 0.07413761660464444 0.00018348771701881436 6.642059243676523e-08 3.1546486701042385e-42 0.024632816086261687
496.0 0.07511040913346413 0.00018815831150236693 6.920815447308997e-08 3.927085391909356e-42 0.025011534606632385
497.0 0.07608821450067654 0.00019291874519666437 7.209721403572423e-08 4.884110227836634e-42 0.02539326175074429
498.0 0.07707090695620368 0.00019776992191821783 7.509080123903875e-08 6.068740361830262e-42 0.025777962761776838
499.0 0.07805835772761152 0.00020271273183702573 7.819201039999085e-08 7.533761202177685e-42 0.026165601468227374
500.0 0.07905043502829484 0.00020774805072534786 8.140400042347581e-08 9.34388575331688e-42 0.02655614027739397
501.0 0.0800470040672844 0.00021287673919892212 8.472999515072819e-08 1.15783782240074e-41 0.02694954016949577
502.0 0.08104792706066893 0.0002180996419509631 8.817328366916667e-08 1.4334238825600214e-41 0.027345760692436136
503.0 0.08205306324441265 0.00022341758697870558 9.17372205818037e-08 1.7730066359458175e-41 0.02774475995714211
504.0 0.0830622688890368 0.00022883138480412127 9.542522623508205e-08 2.1910738694750106e-41 0.028146494633645457
505.0 0.0840753973157526 0.00023434182768810222 9.924078690305254e-08 2.705307932883981e-41 0.02855091994777417
506.0 0.08509229891432167 0.00023994968883926047 1.0318745492653354e-07 3.337271176944699e-41 0.028957989678554872
507.0 0.08611282116253961 0.0002456557216174902 1.072688488054779e-07 4.1132343504935375e-41 0.029367656156298782
508.0 0.0871368086473578 0.0002514606587327697 1.1148865324290253e-07 5.065176904716125e-41 0.029779870261383744
509.0 0.08816410308781415 0.0002573652114401541 1.1585061913892381e-07 6.231993836886022e-41 0.03019458142379819
510.0 0.08919454335948773 0.0002633700687306218 1.2035856353289082e-07 7.660950469892533e-41 0.030611737623357768
511.0 0.09022796552076251 0.00026947589651907727 1.2501636949230458e-07 9.409434606973932e-41 0.031031285390699145
512.0 0.09126420284079335 0.000275683336829722 1.2982798594674843e-07 1.1547065056681444e-40 0.031453169809022505
513.0 0.09230308582924758 0.0002819930069795411 1.347974274652865e-07 1.4158226866151952e-40 0.03187733451661564
514.0 0.09334444226757092 0.000288405498759684 1.399287739753349e-07 1.7345117054157473e-40 0.03230372171008051
515.0 0.09438809724228193 0.0002949213776168184 1.452261704221031e-07 2.1231400578624774e-40 0.032732272148443625
516.0 0.09543387317980054 0.00030154118183354915 1.5069382636630188e-07 2.5966595150961946e-40 0.03316292515798752
517.0 0.09648158988307537 0.00030826542170927926 1.56336015518896e-07 3.1731325843642087e-40 0.03359561863790191
518.0 0.09753106456994892 0.0003150945787419395 1.621570752112517e-07 3.87436168387157e-40 0.034030289066741
519.0 0.09858211191340406 0.00032202910481167593 1.6816140579937618e-07 4.726641884847266e-40 0.034466871509744625
520.0 0.09963454408336143 0.0003290694213660688 1.7435347000018742e-07 5.7616607541047825e-40 0.03490529962691524
521.0 0.10068817079025848 0.0003362159186082627 1.8073779215868503e-07 7.017573170084756e-40 0.035345505681938366
522.0 0.10174279933062493 0.000343468954689403 1.8731895744495876e-07 8.540284098619513e-40 0.03578742055202928
523.0 0.10279823463404597 0.0003508288549040466 1.9410161097854901e-07 1.0384978334419776e-39 0.03623097373849986
524.0 0.10385427931211337 0.0003582959108912288 2.0109045687981373e-07 1.261794329577756e-39 0.03667609337826307
525.0 0.10491073370899723 0.0003658703798406733 2.082902572463072e-07 1.5318739283499386e-39 0.0371227062561531
526.0 0.10596739595380959 0.00037355248370544297 2.157058310531755e-07 1.858278139095805e-39 0.03757073781812854
527.0 0.10702406201465114 0.0003813424084214062 2.2334205297610832e-07 2.2524408724502468e-39 0.03802011218532696
528.0 0.10808052575435301 0.00038924030313429344 2.3120385213564706e-07 2.7280530046154877e-39 0.038470752168981825
529.0 0.10913657898801424 0.00039724627943547646 2.3929621076190793e-07 3.301495071303494e-39 0.0389225792862443
530.0 0.11019201154198413 0.000405360410605977 2.476241627778639e-07 3.992350424216845e-39 0.039375513776791465
531.0 0.11124661131487307 0.00041358273087159503 2.561927923013946e-07 4.824013341874502e-39 0.0398294746204352
532.0 0.11230016433988671 0.0004219132346674108 2.650072320635941e-07 5.8244091102355593e-39 0.04028437955548713
533.0 0.11335245484895155 0.00043035187591414144 2.740726617434147e-07 7.026846036411783e-39 0.04074014509805203
534.0 0.11440326533847911 0.00043889856730663793 2.833943062174753e-07 8.471022799303134e-39 0.04119668656220164
535.0 0.11545237663671261 0.0004475531796151361 2.929774337241262e-07 1.0204218553599524e-38 0.04165391808101507
536.0 0.11649956797255073 0.00045631554099966867 3.0282735394076074e-07 1.2282697879774784e-38 0.042111752628452424
537.0 0.11754461704607054 0.0004651854363393571 3.1294941597430696e-07 1.4773368118135418e-38 0.04257010204214842
538.0 0.1185873001004954 0.0004741626065764351 3.233490062637e-07 1.775573296127642e-38 0.04302887704703903
539.0 0.11962739199573957 0.00048324674807638697 3.340315463941954e-07 2.1324193546830012e-38 0.04348798727987426
540.0 0.12066466628331647 0.0004924375120042151 3.4500249082256297e-07 2.559075685239733e-38 0.04394734131454508
541.0 0.12169889528278448 0.0005017345037183903 3.5626732451331063e-07 3.068822113280499e-38 0.044406846688292215
542.0 0.12272985015967715 0.0005111372821831637 3.678315604856113e-07 3.677391966950126e-38 0.04486640992878265
543.0 0.12375730100461632 0.0005206453593988851 3.797007372699354e-07 4.4034117467958734e-38 0.045325936581948355
544.0 0.12478101691403874 0.0005302581998529606 3.9188041627559796e-07 5.268917102274855e-38 0.04578533124074867
545.0 0.12580076607200996 0.000539975219990183 4.043761790677669e-07 6.299957919322517e-38 0.04624449757466847
546.0 0.12681631583349917 0.0005497957877048504 4.1719362455519924e-07 7.527307396559782e-38 0.04670333836009246
547.0 0.12782743280882775 0.0005597192218543741 4.3033836608813084e-07 8.987292384154598e-38 0.04716175551145451
548.0 0.12883388294934617 0.0005697447917954897 4.438160284668569e-07 1.0722765027393195e-37 0.047619650113185336
549.0 0.12983543163425595 0.0005798717169435868 4.576322448612285e-07 1.2784238951910316e-37 0.04807692245243139
550.0 0.13083184375860923 0.0005900991663561946 4.717926536417668e-07 1.5231216912492603e-37 0.04853347205255982
551.0 0.13182288382238352 0.0006004262583410648 4.86302895122797e-07 1.8133741074501353e-37 0.04898919770741506
552.0 0.13280831602063106 0.0006108520600897269 5.011686082184215e-07 2.1574201988556525e-37 0.04944399751632908
553.0 0.13378790433451898 0.0006213755873365585 5.163954270116047e-07 2.564944794893462e-37 0.049897768919819833
554.0 0.13476141262349364 0.0006319958040453132 5.319889772383288e-07 3.0473242901103376e-37 0.05035040873606667
555.0 0.1357286047182018 0.0006427116221222915 5.479548726866176e-07 3.6179128505313197e-37 0.050801813198028095
556.0 0.1366892445143943 0.0006535219011580601 5.642987115126354e-07 4.292375450984497e-37 0.051251877991287734
557.0 0.13764309606754735 0.0006644254481973415 5.810260724742436e-07 5.089075139621049e-37 0.05170049829253116
558.0 0.13858992368832299 0.0006754210175384858 5.98142511084088e-07 6.0295230508263825e-37 0.05214756880870005
559.0 0.13952949203863474 0.000686507310562258 6.156535556829395e-07 7.138900977012477e-37 0.052592983816737306
560.0 0.14046156622850955 0.0006976829755916862 6.335647034359341e-07 8.446667786431395e-37 0.05303663720399538
561.0 0.14138591191343627 0.0007089466077822848 6.518814162523407e-07 9.987262664159271e-37 0.05347842250919201
562.0 0.14230229539229952 0.0007202967490439468 6.706091166313629e-07 1.1800920086340927e-36 0.05391823296395068
563.0 0.14321048370585135 0.0007317318879950656 6.897531834359974e-07 1.393461364700217e-36 0.054355961534907966
564.0 0.14411024473549827 0.0007432504599485457 7.093189475962806e-07 1.6443148380024677e-36 0.054791500966303246
565.0 0.14500134730261752 0.0007548508469315615 7.293116877453895e-07 1.9390424098973185e-36 0.05522474382313125
566.0 0.14588356126806235 0.0007665313777380742 7.497366257896185e-07 2.2850895562482395e-36 0.05565558253472769
567.0 0.14675665763203768 0.000778290328015791 7.705989224158611e-07 2.6911259017437724e-36 0.05608390943885585
568.0 0.14762040863404238 0.0007901259203866855 7.919036725379485e-07 3.167239893739876e-36 0.056509616826176744
569.0 0.1484745878530786 0.0008020363246028405 8.136559006858697e-07 3.725163362906531e-36 0.056932596985178247
570.0 0.14931897030788185 0.0008140196577370081 8.358605563398098e-07 4.378530390272432e-36 0.057352742247466726
571.0 0.15015333255713256 0.0008260739844083187 8.585225092119756e-07 5.1431755281442126e-36 0.057769945033404414
572.0 0.15097745279967215 0.0008381973170439079 8.816465444798222e-07 6.037477135695713e-36 0.05818409789809852
573.0 0.15179111097460254 0.0008503876161764412 9.052373579735023e-07 7.082752399847336e-36 0.05859509357769328
574.0 0.15259408886118042 0.0008626427907776289 9.292995513207172e-07 8.303711530864477e-36 0.05900282503592767
575.0 0.15338617017848952 0.0008749606986282239 9.53837627052686e-07 9.728979663872296e-36 0.059407185510949125
576.0 0.1541671406847898 0.000887339146724481 9.788559836744792e-07 1.1391696177881775e-35 0.0598080685623408
577.0 0.15493678827655022 0.000899775891721647 1.0043589107038745e-06 1.3330202480565323e-35 0.060205368118361136
578.0 0.15569490308698186 0.0009122686404139449 1.0303505836817426e-06 1.558883081955449e-35 0.06059897852332093
579.0 0.1564412775840977 0.0009248150502516599 1.0568350591583712e-06 1.821880839155816e-35 0.06098879458510355
580.0 0.15717570666823139 0.0009374127298954002 1.0838162696597118e-06 2.1279292953757326e-35 0.06137471162279763
581.0 0.15789798776888034 0.0009500592398071542 1.1112980186371848e-06 2.4838558325282866e-35 0.06175662551438509
582.0 0.15860792094089257 0.0009627520928786503 1.1392839754057608e-06 2.8975350630984533e-35 0.062134432744486795
583.0 0.15930530895984968 0.0009754887550965002 1.1677776700740243e-06 3.3780438919492156e-35 0.06250803045210308
584.0 0.15998995741666788 0.0009882666462445947 1.196782488471242e-06 3.9358386921201853e-35 0.06287731647835205
585.0 0.16066167481125726 0.0010010831406430656 1.2263016670751374e-06 4.5829576242000195e-35 0.06324218941413709
586.0 0.1613202726452672 0.0010139355679242715 1.256338287945684e-06 5.333251526307565e-35 0.06360254864774878
587.0 0.16196556551378266 0.0010268212138452024 1.2868952736689718e-06 6.202647248901462e-35 0.0639582944123417
588.0 0.1625973711959119 0.001039737321136122 1.3179753823158615e-06 7.209447811476422e-35 0.06430932783325545
589.0 0.16321551074429413 0.0010526810903858203 1.3495812024210213e-06 8.37467432326621e-35 0.06465555097518576
590.0 0.16381980857329412 0.0010656496809621195 1.3817151479857406e-06 9.722455244643716e-35 0.06499686688910511
591.0 0.16441009254597733 0.001078640211968328 1.414379453510812e-06 1.128046927814101e-34 0.06533317965896374
592.0 0.16498619405974424 0.0010916497632349478 1.4475761690638912e-06 1.308044897685842e-34 0.06566439444811499
593.0 0.16554794813052165 0.0011046753763459703 1.4813071553860932e-06 1.5158753053521795e-34 0.06599041754541675
594.0 0.16609519347551585 0.0011177140556998194 1.5155740790434581e-06 1.7557016376631852e-34 0.06631115641100335
595.0 0.16662777259443115 0.0011307627696042375 1.5503784076281e-06 2.0322887763291133e-34 0.0666265197216809
596.0 0.16714553184909295 0.0011438184514046361 1.5857214050142045e-06 2.351086693498088e-34 0.06693641741591401
597.0 0.16764832154142845 0.001156878000645489 1.6216041266742365e-06 2.7183253407807195e-34 0.06724076073837629
598.0 0.16813599598974682 0.0011699382842641987 1.6580274150605022e-06 3.1411221659144097e-34 0.06753946228403265
599.0 0.1686084136032437 0.0011829961378167619 1.6949918950572942e-06 3.6276038666544906e-34 0.06783243604171485
600.0 0.169065436954706 0.0011960483667348084 1.7324979695090785e-06 4.187044187249703e-34 0.06811959743717101
601.0 0.16950693285131235 0.0012090917476130353 1.7705458148296234e-06 4.830019781246478e-34 0.06840086337553818
602.0 0.169932772403533 0.0012221230295267572 1.8091353766978929e-06 5.568586407835417e-34 0.06867615228322986
603.0 0.1703428310920412 0.0012351389353785947 1.8482663658456955e-06 6.416478000215006e-34 0.06894538414919375
604.0 0.17073698883257798 0.0012481361632735197 1.887938253942234e-06 7.38933144650966e-34 0.06920848056550606
605.0 0.17111513003874243 0.0012611113879216307 1.9281502695811785e-06 8.504940259925303e-34 0.06946536476728178
606.0 0.1714771436826556 0.0012740612620678056 1.9689013943753822e-06 9.783540688680139e-34 0.06971596167186954
607.0 0.17182292335343605 0.0012869824179473127 2.0101903591644037e-06 1.1248134231814095e-33 0.06996019791729582
608.0 0.17215236731344882 0.0012998714687665338 2.052015640340052e-06 1.2924850988602563e-33 0.07019800189993296
609.0 0.17246537855229288 0.001312725010207978 2.0943754562952767e-06 1.4843358781826121e-33 0.07042930381136586
610.0 0.17276186483845157 0.0013255396219584044 2.137267764001112e-06 1.703732356381839e-33 0.07065403567441698
611.0 0.17304173876862328 0.0013383118692595313 2.1806902557174315e-06 1.95449272448336e-33 0.07087213137832497
612.0 0.17330491781462867 0.0013510383044798542 2.224640355841749e-06 2.240944978217368e-33 0.071083526713025
613.0 0.17355132436788528 0.0013637154687067827 2.269115217901356e-06 2.5679923142639527e-33 0.07128815940251527
614.0 0.17378088578143538 0.001376339893358207 2.314111721693928e-06 2.9411865607821056e-33 0.0714859691372939
615.0 0.17399353440944507 0.001388908101812067 2.3596264705807532e-06 3.366810583982033e-33 0.0716768976058209
616.0 0.17418920764418147 0.0014014166110531457 2.40565578893785e-06 3.85197071733126e-33 0.07186088852499778
617.0 0.17436784795041052 0.0014138619333357335 2.4521957197691235e-06 4.4047003758301564e-33 0.07203788766962933
618.0 0.174529402897212 0.0014262405778612613 2.4992420224865064e-06 5.034076145737789e-33 0.07220784290085565
619.0 0.17467382518715288 0.0014385490524694547 2.546790170860943e-06 5.750347781354078e-33 0.07237070419351892
620.0 0.1748010726828316 0.0014507838653421516 2.594835351149069e-06 6.565083696261487e-33 0.07252642366245865
621.0 0.17491110843073282 0.0014629415267182725 2.643372460399185e-06 7.491333708204848e-33 0.0726749555876997
622.0 0.17500390068239385 0.001475018550618907 2.6923961049409114e-06 8.543810986065819e-33 0.07281625643852198
623.0 0.17507942291286505 0.0014870114565812846 2.7419005990623214e-06 9.73909535584563e-33 0.07295028489639342
624.0 0.17513765383643295 0.0014989167714002814 2.7918799638782636e-06 1.1095860352007994e-32 0.07307700187674239
625.0 0.17517857741959958 0.0015107310308762353 2.8423279263934266e-06 1.2635126652929292e-32 0.07319637054955497
626.0 0.17520218289130648 0.0015224507815678298 2.8932379187637093e-06 1.43805448166962e-32 0.07330835635878188
627.0 0.17520846475039029 0.0015340725825487168 2.944603077759171e-06 1.6358710538401174e-32 0.0734129270405382
628.0 0.17519742277025657 0.0015455930071665343 2.9964162444314784e-06 1.859951598493691e-32 0.07351005264007898
629.0 0.17516906200077748 0.0015570086448031277 3.0486699639891817e-06 2.1136541130826338e-32 0.07359970552754247
630.0 0.1751233927673954 0.0015683161026345135 3.1013564858831916e-06 2.400748942178664e-32 0.07368186041244258
631.0 0.17506043066743912 0.0015795120073893423 3.154467764105298e-06 2.7254672534744387e-32 0.0737564943569017
632.0 0.1749801965636492 0.0015905930071045103 3.2079954577021284e-06 3.0925549487370815e-32 0.0738235867876129
633.0 0.174882716574916 0.0016015557728765682 3.2619309315065584e-06 3.5073325880612294e-32 0.07388311950652098
634.0 0.17476802206423317 0.0016123970006075938 3.3162652570888952e-06 3.975761963827689e-32 0.07393507670021364
635.0 0.17463614962387458 0.001623113412744189 3.3709892139293406e-06 4.504520024283281e-32 0.07397944494801567
636.0 0.1744871410578033 0.0016337017600082519 3.426093290813587e-06 5.10108091609489e-32 0.07401621322877872
637.0 0.17432104336132176 0.0016441588231181912 3.4815676874528035e-06 5.773806991109577e-32 0.07404537292636103
638.0 0.17413790869797866 0.001654481414499232 3.5374023163292397e-06 6.532049705416836e-32 0.07406691783379274
639.0 0.17393779437374432 0.0016646663799814697 3.593586804768384e-06 7.386261429264318e-32 0.07408084415612223
640.0 0.17372076280847937 0.0016747106004844203 3.6501104972385785e-06 8.348119285055169e-32 0.07408715051194402
641.0 0.17348688150470148 0.0016846109936865703 3.706962457878236e-06 9.430662238245858e-32 0.07408583793360017
642.0 0.1732362230136924 0.0016943645156788586 3.7641314732515373e-06 1.0648442783216328e-31 0.07407690986606394
643.0 0.1729688648989475 0.0017039681626005352 3.821606055332064e-06 1.2017694693879462e-31 0.07406037216449707
644.0 0.17268488969700635 0.0017134189722562527 3.879374444714491e-06 1.3556518447815737e-31 0.07403623309048758
645.0 0.17238438487569815 0.0017227140257131657 3.937424614054266e-06 1.528508608395576e-31 0.07400450330697374
646.0 0.172067442789805 0.0017318504488765024 3.995744271733782e-06 1.7225867418289765e-31 0.07396519587184662
647.0 0.17173416063421237 0.0017408254140427325 4.054320865755154e-06 1.9403879720821506e-31 0.07391832623025171
648.0 0.17138464039454201 0.0017496361414287098 4.113141587857653e-06 2.1846963151121715e-31 0.07386391220557952
649.0 0.17101898879533875 0.0017582799006759357 4.172193377859172e-06 2.4586084460602887e-31 0.07380197398916727
650.0 0.17063731724581926 0.00176675401232844 4.231462928219468e-06 2.76556716983314e-31 0.073732534128707
651.0 0.17023974178323867 0.0017750558492832863 4.29093668882388e-06 3.109398290520035e-31 0.07365561751537632
652.0 0.16982638301391437 0.0017831828382124967 4.3506008719851575e-06 3.4943512050100784e-31 0.07357125136970094
653.0 0.16939736605194178 0.0017911324609552126 4.41044145766113e-06 3.9251435752936454e-31 0.07347946522615655
654.0 0.16895282045566068 0.0017989022558791003 4.470444198885935e-06 4.407010465462274e-31 0.0733802909165281
655.0 0.1684928801618993 0.0018064898192097227 4.5305946274114306e-06 4.94575836354138e-31 0.07327376255203132
656.0 0.1680176834180742 0.0018138928063271553 4.59087805955676e-06 5.547824545194735e-31 0.07315991650422321
657.0 0.16752737271214826 0.0018211089330282836 4.651279602261425e-06 6.220342276229476e-31 0.07303879138469647
658.0 0.16702209470055737 0.0018281359767544343 4.711784159339942e-06 6.971212393935671e-31 0.0729104280235988
659.0 0.16650200013410102 0.0018349717777827554 4.7723764379330096e-06 7.809181853833787e-31 0.07277486944696984
660.0 0.16596724378190464 0.001841614240380969 4.833040955152471e-06 8.743929878640432e-31 0.07263216085293628
661.0 0.16541798435344945 0.0018480613339239553 4.893762044914485e-06 9.786162400445e-31 0.07248234958675778
662.0 0.16485438441879519 0.0018543110939720348 4.95452386495825e-06 1.0947715545519011e-30 0.07232548511477355
663.0 0.1642766103269871 0.0018603616233093642 5.015310404043927e-06 1.2241668974123608e-30 0.07216161899724029
664.0 0.1636848321227549 0.0018662110929421937 5.076105489326319e-06 1.3682469955493964e-30 0.07199080486010417
665.0 0.16307922346154893 0.0018718577430560318 5.136892793898725e-06 1.5286069131153992e-30 0.07181309836572217
666.0 0.1624599615229574 0.0018772998839307713 5.197655844501443e-06 1.707006899824092e-30 0.07162855718254736
667.0 0.1618272269226075 0.0018825358968135653 5.258378029390483e-06 1.905388622895821e-30 0.07143724095382013
668.0 0.1611812036225628 0.0018875642347481747 5.319042606359484e-06 2.1258929033013717e-30 0.07123921126526632
669.0 0.16052207884033257 0.0018923834233607719 5.379632710910492e-06 2.3708790867386493e-30 0.07103453161185014
670.0 0.15985004295651364 0.0018969920616010915 5.440131364566319e-06 2.642946190241551e-30 0.07082326736358781
671.0 0.1591652894211825 0.0019013888224389886 5.5005214833198415e-06 2.944955976550625e-30 0.07060548573047093
672.0 0.15846801465903093 0.001905572453515037 5.560785886211678e-06 3.2800581204185794e-30 0.07038125572649409
673.0 0.1577584179734067 0.0019095417777458114 5.620907304032759e-06 3.651717643935703e-30 0.07015064813285572
674.0 0.15703670144923235 0.0019132956938823044 5.680868388141819e-06 4.06374481178994e-30 0.06991373546031837
675.0 0.1563030698549515 0.001916833177022065 5.740651719394154e-06 4.520327692190132e-30 0.06967059191079272
676.0 0.15555773054350297 0.0019201532790738853 5.800239817171878e-06 5.0260676050307264e-30 0.06942129333814431
677.0 0.15480089335246328 0.0019232551291756034 5.859615148511303e-06 5.5860176958349936e-30 0.06916591720828372
678.0 0.1540327705033695 0.0019261379340640753 5.918760137318314e-06 6.205724892141982e-30 0.06890454255854504
679.0 0.15325357650029553 0.001928800978397101 5.977657173664213e-06 6.891275518372098e-30 0.06863724995638436
680.0 0.15246352802782015 0.0019312436250280378 6.036288623157348e-06 7.649344865903588e-30 0.06836412145745949
681.0 0.15166284384836073 0.0019334653152317072 6.094636836379303e-06 8.487251037168229e-30 0.0680852405630793
682.0 0.1508517446990165 0.00193546556888248 6.152684158380704e-06 9.413013406146287e-30 0.0678006921770869
683.0 0.15003045318795738 0.001937243984584046 6.210412938227863e-06 1.0435416062762179e-29 0.06751056256219351
684.0 0.14919919369044204 0.0019388002397510331 6.267805538592637e-06 1.1564076635466942e-29 0.06721493929580083
685.0 0.148358192244532 0.0019401340906424773 6.3248443453777574e-06 1.2809520914815106e-29 0.06691391122534297
686.0 0.1475076764465666 0.0019412453723471764 6.381511777369425e-06 1.4183263731222438e-29 0.06660756842317826
687.0 0.1466478753464864 0.0019421339987212704 6.43779029590984e-06 1.5697896572403108e-29 0.06629600214107167
688.0 0.1457790193430468 0.0019427999622778584 6.493662414580624e-06 1.736718246036717e-29 0.06597930476428827
689.0 0.1449013400790301 0.001943243334029395 6.5491107088906916e-06 1.9206158644393006e-29 0.06565756976534867
690.0 0.1440150703364675 0.001943464263282327 6.604117825957875e-06 2.1231247705212243e-29 0.06533089165745336
691.0 0.14312044393202 0.0019434629773853892 6.6586664941801284e-06 2.346037770687856e-29 0.06499936594764616
692.0 0.14221769561251354 0.0019432397814308864 6.712739532884629e-06 2.591311207653287e-29 0.06466308908971691
693.0 0.14130706095071027 0.0019427950579095513 6.766319861947474e-06 2.861078993869308e-29 0.06432215843688342
694.0 0.14038877624143842 0.0019421292663201611 6.819390511378731e-06 3.157667767992924e-29 0.06397667219431157
695.0 0.13946307839805505 0.0019412429427331022 6.8719346308600136e-06 3.483613257188251e-29 0.06362672937146466
696.0 0.13853020484939882 0.0019401366993096584 6.923935499231508e-06 3.8416779335875213e-29 0.0632724297343574
697.0 0.1375903934372173 0.0019388112237764524 6.975376533916239e-06 4.2348700590758053e-29 0.0629138737577111
698.0 0.1366438823142115 0.0019372672788566933 7.026241300277713e-06 4.6664642187554385e-29 0.06255116257707885
699.0 0.1356909098426531 0.0019355057016573745 7.076513520897861e-06 5.140023449979969e-29 0.06218439794092454
700.0 0.13473171449377863 0.001933527403015038 7.126177084774416e-06 5.659423080768587e-29 0.06181368216275358
