200.0 5.6513417105771735e-05 1.2772241524434535e-07 8.9079889623765e-15 6.210609347802595e-116 2.6744088359713617e-11
201.0 6.842914410903191e-05 1.5941172702328204e-07 1.2068053581807352e-14 2.8064619762745927e-115 3.481646074843183e-11
202.0 8.25984591410597e-05 1.9828249546231045e-07 1.6279956314870554e-14 1.2478508612669572e-114 4.5151396150075216e-11
203.0 9.93924660328248e-05 2.457937079551404e-07 2.1869769577784572e-14 5.460568319542315e-114 5.833127596117347e-11
204.0 0.0001192325568349166 3.0366203552894654e-07 2.925676679812536e-14 2.3522088594730686e-113 7.507393859603592e-11
205.0 0.00014259527023481497 3.73899119263763e-07 3.897763319919551e-14 9.976225044132271e-113 9.626042715999282e-11
206.0 0.0001700172870511675 4.5885263711529166e-07 5.171626615581751e-14 4.166742098320251e-112 1.2296751400739648e-10
207.0 0.00020210050578943343 5.612512331981679e-07 6.834026807567211e-14 1.714166674077847e-111 1.5650562168431332e-10
208.0 0.00023951712995529616 6.842533306165798e-07 8.994540572833469e-14 6.947361399395513e-111 1.9846279733127502e-10
209.0 0.00028301468714786974 8.314997754914327e-07 1.1790949650394948e-13 2.7744693145206104e-110 2.507554280909374e-10
210.0 0.00033342088812311614 1.0071701734672257e-06 1.5395738309523955e-13 1.0919792111031377e-109 3.156864059259294e-10
211.0 0.0003916482222886266 1.2160426804878881e-06 2.00238871639944e-13 4.236458260384363e-109 3.960114587205451e-10
212.0 0.0004586981747787275 1.4635568972045842e-06 2.5942173161033244e-13 1.6204060152735427e-108 4.950143576095534e-10
213.0 0.000535664939692887 1.7558793915623893e-06 3.348020848161364e-13 6.111585913101248e-108 6.165916849396428e-10
214.0 0.0006237384946359817 2.0999712379509245e-06 4.304347407589357e-13 2.2733618669972146e-107 7.653477998114203e-10
215.0 0.0007242068937783027 2.5036568153623886e-06 5.512862599319488e-13 8.341455917735399e-107 9.46700565441603e-10
216.0 0.0008384576306352781 2.975692953258416e-06 7.034137378074016e-13 3.019579952308654e-106 1.1669983013312257e-09
217.0 0.0009679779181047288 3.5258373550712527e-06 8.941724911324711e-13 1.0785842216530182e-105 1.433648290415894e-09
218.0 0.0011143537323465734 4.164915068486498e-06 1.1324559842230536e-12 3.80219750659085e-105 1.7552570042398303e-09
219.0 0.001279267469276363 4.904881612782435e-06 1.4289714443473243e-12 1.3229924899365883e-104 2.141782005589032e-09
220.0 0.0014644940680815165 5.758881220683169e-06 1.796554668844217e-12 4.5445409513063065e-104 2.6046952463638956e-09
221.0 0.0016718954655697916 6.7412985101979415e-06 2.250527508078652e-12 1.5413430061981983e-103 3.1571571980972176e-09
222.0 0.001903413258559249 7.867801775892233e-06 2.809101402605595e-12 5.162389730083917e-103 3.814200933768453e-09
223.0 0.0021610594690527163 9.155375984284772e-06 3.493830144381712e-12 1.7076898631977082e-102 4.59292492391495e-09
224.0 0.0024469053287022174 1.0622343480256454e-05 4.330114704901327e-12 5.580040939487846e-102 5.512692920411497e-09
225.0 0.00276306802498178 1.22883703658963e-05 5.347762512483495e-12 1.8013511139583737e-101 6.595338881949433e-09
226.0 0.0031116953813959828 1.4174456505460254e-05 6.58160295240773e-12 5.745838276034356e-101 7.865374452079481e-09
227.0 0.0034949484777214686 1.630290714528418e-05 8.072160094804452e-12 1.811185496345733e-100 9.35019604130983e-09
228.0 0.00391498225323932 1.8697284219755113e-05 9.866382716033742e-12 5.64269405569411e-100 1.1080288098189358e-08
229.0 0.004373924175668746 2.1382335547629453e-05 1.2018430562970655e-11 1.737731726080545e-99 1.3089418691349463e-08
230.0 0.004873851100429649 2.4383900309981433e-05 1.459051451345638e-11 5.290653745788195e-99 1.5414823077432763e-08
231.0 0.005416764488103785 2.772878944314632e-05 1.7653786812021377e-11 1.5926604511409228e-98 1.8097370512033966e-08
232.0 0.006004564191726484 3.1444639877791025e-05 2.1289275915527318e-11 4.741113188356198e-98 2.118170918696485e-08
233.0 0.0066390210688475155 3.555974190747457e-05 2.558885868233707e-11 1.3958409360331135e-97 2.4716383862626656e-08
234.0 0.007321748715079475 4.010283937376873e-05 3.065626070131461e-11 4.064849125509198e-97 2.8753920524545208e-08
235.0 0.008054174655106324 4.5102902806159654e-05 3.660807351114502e-11 1.1710069270759806e-96 3.335087224399899e-08
236.0 0.008837511362758154 5.058887614744384e-05 4.3574775341053224e-11 3.3375971925583847e-96 3.856782037916839e-08
237.0 0.00967272751263127 5.658939822108841e-05 5.170173985280782e-11 9.412824508060305e-96 4.4469325328981185e-08
238.0 0.010560519890955812 6.313250064750635e-05 6.11502152305657e-11 2.6270542059429236e-95 5.112382125960085e-08
239.0 0.011501286411867987 7.024528447976817e-05 7.209825390430442e-11 7.256578461776727e-95 5.8603449572626975e-08
240.0 0.012495100696363452 7.795357839559099e-05 8.474157126662337e-11 1.984077495067633e-94 6.698382638304547e-08
241.0 0.013541688673904385 8.628158183638031e-05 9.92943100147571e-11 5.370301534004509e-94 7.634373992603618e-08
242.0 0.014640407660841495 9.525149701473228e-05 1.1598968529019363e-10 1.4391325964061832e-93 8.676477461731217e-08
243.0 0.015790228354759104 0.0001048831542029749 1.350804846642791e-10 3.8186796007744985e-93 9.833085944615395e-08
244.0 0.016989720159698053 0.00011519363515486462 1.568393962994183e-10 1.003421668939775e-92 1.1112773947698645e-07
245.0 0.01823704022389992 0.00012619689988623941 1.815591383662057e-10 2.6113107451249285e-92 1.2524237046099715e-07
246.0 0.01952992652952248 0.00013790342233543833 2.0955236307613842e-10 6.731081879807366e-92 1.4076223789653838e-07
247.0 0.020865695323493368 0.00015031984063102778 2.411513095515615e-10 1.718732473219153e-91 1.5777460330611576e-07
248.0 0.0222412431206425 0.00016344862780039347 2.7670718123715544e-10 4.347845404176592e-91 1.7636568199053866e-07
249.0 0.023653053445890422 0.0001772877887533129 3.165892256937353e-10 1.0897505287854693e-90 1.966197580509708e-07
250.0 0.02509720841241742 0.00019183058926222084 3.6118349741748274e-10 2.7065218215139296e-90 2.186182440030444e-07
251.0 0.02656940515884764 0.0002070653224335348 4.1089128779566047e-10 6.661487078657455e-90 2.4243869381017914e-07
252.0 0.028064977092028758 0.00022297511782217008 4.661272104250524e-10 1.6249849039951735e-89 2.6815377960010037e-07
253.0 0.02957891980439016 0.00023953779788596225 5.273169347427088e-10 3.929060792117156e-89 2.9583024366161066e-07
254.0 0.031105921457986272 0.00025672578591566633 5.948945661979661e-10 9.417416273242158e-89 3.2552783851422727e-07
255.0 0.03264039735234049 0.00027450606891429646 6.692996769483407e-10 2.2377947801307279e-88 3.5729826886253155e-07
256.0 0.03417652832235571 0.00029284021815299995 7.509739972082703e-10 5.272245634502855e-88 3.9118415006423565e-07
257.0 0.03570830254662926 0.0003116844693069363 8.403577837978481e-10 1.2316828388937053e-87 4.272179983204631e-07
258.0 0.037229560287485926 0.000330989863193727 9.378858890150126e-10 2.8534520385200428e-87 4.6542126811996934e-07
259.0 0.038734041033007774 0.00035070244721484083 1.0439835595524466e-09 6.556179494466221e-87 5.058034525159008e-07
260.0 0.040215432469141714 0.00037076353665317044 1.1590620016504953e-09 1.494099062362619e-86 5.483612615685913e-07
261.0 0.041667420677977796 0.00039111003403167197 1.2835137548831152e-09 3.377501719797321e-86 5.93077893750699e-07
262.0 0.04308374093661688 0.00041167480380315327 1.417707922752851e-09 7.574227151087553e-86 6.399224142759863e-07
263.0 0.04445822848051147 0.0004323870987433266 1.5619853134869423e-09 1.6851795486496513e-85 6.888492531935077e-07
264.0 0.04578486859573396 0.00045317303357517147 1.7166535489363625e-09 3.7201230826157503e-85 7.397978346977762e-07
265.0 0.04705784541612748 0.00047395610057940406 1.8819822031515954e-09 8.149097359984465e-85 7.926923474633495e-07
266.0 0.0482715888236001 0.0004946577212613086 2.0581980349367515e-09 1.7714960920985353e-84 8.474416639505233e-07
267.0 0.049420818882155604 0.0005151978275605619 2.2454803803669626e-09 3.821962751405458e-84 9.039394145788756e-07
268.0 0.05050058727788144 0.0005354954656199176 2.4439567718205337e-09 8.184364623424768e-84 9.620642204665892e-07
269.0 0.05150631528711393 0.0005554694147802308 2.653698849481391e-09 1.739690988175812e-83 1.0216800861297668e-06
270.0 0.052433827852092996 0.0005750388142480098 2.8747186294795306e-09 3.6709958482651905e-83 1.0826369511704412e-06
271.0 0.05327938340651254 0.0005941237897922696 3.1069651898699717e-09 7.690524782093995e-83 1.1447713976050106e-06
272.0 0.054039699160896855 0.0006126460728680131 3.350321831525392e-09 1.5996452871934847e-82 1.2079075071401242e-06
273.0 0.0547119716284665 0.0006305296047333475 3.604603765802772e-09 3.303863013001409e-82 1.271857860441124e-06
274.0 0.055293892244491494 0.000647701118418738 3.8695563746146386e-09 6.776191355011239e-82 1.3364246683004019e-06
275.0 0.05578365800479946 0.0006640906918137978 4.144854081408511e-09 1.3802218969540198e-81 1.4014010226444425e-06
276.0 0.05617997712056187 0.000679632265646851 4.430099863651476e-09 2.792195310345743e-81 1.4665722535525773e-06
277.0 0.05648206975562731 0.000694264120735361 4.72482542889114e-09 5.61060875834639e-81 1.5317173769348567e-06
278.0 0.05668966397812553 0.0007079293095647191 5.0284920674664126e-09 1.1198886683080175e-80 1.596610616252945e-06
279.0 0.05680298711892418 0.0007205760379957247 5.340492185654523e-09 2.2206158177138275e-80 1.6610229806913332e-06
280.0 0.0568227527847898 0.000732157993690267 5.660151513634709e-09 4.374600962519199e-80 1.724723881508095e-06
281.0 0.056750143823062454 0.0007426346186642884 5.986731973304704e-09 8.562533839612785e-80 1.7874827679230854e-06
282.0 0.056586791576724124 0.0007519713242109279 6.3194351818791495e-09 1.665317661835268e-79 1.8490707638375025e-06
283.0 0.05633475180351406 0.0007601396472686693 6.657406558496244e-09 3.218507899863233e-79 1.909262286915746e-06
284.0 0.05599647765999372 0.0007671173481246087 6.999739992919165e-09 6.181675933263041e-79 1.9678366320869745e-06
285.0 0.05557479017110669 0.0007728884501272382 7.345483027982422e-09 1.1800032308141673e-78 2.024579502321139e-06
286.0 0.05507284661793694 0.0007774432228241182 7.693642500827028e-09 2.2388051514361194e-78 2.0792844705804695e-06
287.0 0.054494107281235785 0.0007807781106260029 8.043190582294997e-09 4.2221732939548744e-78 2.1317543581146665e-06
288.0 0.05384230097627462 0.0007828956097213692 8.393071149197744e-09 7.915396422130375e-78 2.181802515726334e-06
289.0 0.05312138980612064 0.000783804096515987 8.742206420592909e-09 1.4752174274089717e-77 2.229253996249118e-06
290.0 0.052335533546117675 0.000783517611345514 9.089503786733783e-09 2.7334788717670403e-77 2.2739466082190495e-06
291.0 0.05148905405285742 0.0007820556016019554 9.433862758016029e-09 5.0359451586251385e-77 2.3157318425465664e-06
292.0 0.050586400066836894 0.0007794426287235553 9.77418196100846e-09 9.225306230636017e-77 2.3544756658718427e-06
293.0 0.04963211275022633 0.0007757080437247206 1.0109366109513767e-08 1.680520245747747e-76 2.390059176182045e-06
294.0 0.04863079227025544 0.0007708856360862634 1.04383328804768e-08 3.044375218757779e-76 2.422379118144199e-06
295.0 0.04758706570558646 0.0007650132608921753 1.0760019627399656e-08 5.4849424521030105e-76 2.4513482574376087e-06
296.0 0.0465055565183055 0.0007581324490898822 1.1073389867632958e-08 9.828633009958084e-76 2.4768956151227434e-06
297.0 0.04539085579856547 0.0007502880056725299 1.1377439484399161e-08 1.7518167337555813e-75 2.498966564735631e-06
298.0 0.04424749545306985 0.0007415276004398743 1.1671202589551634e-08 3.1058878536974625e-75 2.5175227963248216e-06
299.0 0.043079923473168184 0.0007319013557968902 1.1953756998780836e-08 5.477862671135323e-75 2.5325421530371774e-06
300.0 0.0418924813837957 0.0007214614358023772 1.2224229277112855e-08 9.611500256078193e-75 2.5440183470915095e-06
301.0 0.040689383941357404 0.0007102616403920844 1.2481799318990412e-08 1.6778455281990303e-74 2.5519605630467758e-06
302.0 0.03947470111731981 0.0006983570083799185 1.2725704433865953e-08 2.914199487153126e-74 2.556392957168053e-06
303.0 0.038252342375093416 0.0006858034324947572 1.2955242914959011e-08 5.0363804082809954e-74 2.5573540624168968e-06
304.0 0.03702604322093022 0.0006726572893452481 1.3169777075500531e-08 8.661135503762352e-74 2.554896109138108e-06
305.0 0.035799353985381116 0.000658975086830561 1.3368735743346207e-08 1.4822210938685336e-73 2.5490842718952622e-06
306.0 0.03457563077035293 0.0006448131311359959 1.3551616211164738e-08 2.524395871826308e-73 2.5399958531218354e-06
307.0 0.033358028478048016 0.0006302272150747084 1.3717985645403158e-08 4.2789025056330155e-73 2.527719414310991e-06
308.0 0.032149495822217704 0.0006152723291687652 1.3867481962884723e-08 7.218743296000362e-73 2.5123538653864924e-06
309.0 0.030952772208963576 0.0006000023965054336 1.3999814189069407e-08 1.212184083823438e-72 2.4940075226772805e-06
310.0 0.029770386363888138 0.000584470032065558 1.4114762316722627e-08 2.0261728883849832e-72 2.4727971455857885e-06
311.0 0.028604656574500127 0.000568726326901539 1.4212176687918792e-08 3.3713839406840276e-72 2.448846961601589e-06
312.0 0.027457692411302574 0.000552820657246406 1.4291976925942777e-08 5.584525055849525e-72 2.4222876887853117e-06
313.0 0.026331397787776538 0.0005368005183647694 1.4354150446731404e-08 9.209430874527613e-72 2.3932555642478513e-06
314.0 0.02522747521832454 0.0005207113827128587 1.4398750582024103e-08 1.5120624913779273e-71 2.3618913864929695e-06
315.0 0.024147431133900273 0.0005045965817579268 1.4425894348338017e-08 2.471830274777587e-71 2.328339578785986e-06
316.0 0.023092582117443725 0.0004884972106201676 1.4435759897339234e-08 4.023469864428852e-71 2.2927472799838035e-06
317.0 0.022064061924965246 0.0004724520545388516 1.4428583684063706e-08 6.521342030361349e-71 2.2552634685072333e-06
318.0 0.021062829163162947 0.00045649753603222825 1.4404657389894307e-08 1.0525625853247133e-70 2.2160381243865916e-06
319.0 0.020089675500440333 0.0004406676815132239 1.436432463715303e-08 1.6918189701690666e-70 2.1752214335595865e-06
320.0 0.019145234295058298 0.0004249941060419245 1.4307977531751423e-08 2.7081632382178448e-70 2.132963037871332e-06
321.0 0.018229989531589774 0.0004095060148367935 1.42360530695061e-08 4.317480996590594e-70 2.0894113335136986e-06
322.0 0.017344284964807267 0.0003942302201308659 1.4149029440611922e-08 6.855514134921161e-70 2.044712819967778e-06
323.0 0.016488333378332665 0.00037919117194193944 1.4047422265316943e-08 1.0842331210906048e-69 1.99901150086978e-06
324.0 0.015662225873774534 0.0003644110013274634 1.3931780792187115e-08 1.7080362782788376e-69 1.9524483376242028e-06
325.0 0.014865941114481283 0.0003499095747120788 1.380268408847734e-08 2.6802896420589596e-69 1.905160756035024e-06
326.0 0.014099354456362099 0.00033570455790708623 1.3660737250104295e-08 4.189813737435241e-69 1.8572822057215765e-06
327.0 0.013362246906350607 0.00032181148848412026 1.3506567656564242e-08 6.524600015542324e-69 1.8089417716295722e-06
328.0 0.012654313856974924 0.0003082438552191198 1.3340821293935998e-08 1.0122243951215031e-68 1.760263836545864e-06
329.0 0.011975173553004892 0.00029501318338365267 1.316415916681892e-08 1.5645184478321768e-68 1.7113677931679495e-06
330.0 0.011324375253313193 0.00028212912472927974 1.2977253817795579e-08 2.4092536277913257e-68 1.6623678039770298e-06
331.0 0.010701407057777392 0.0002695995510831074 1.278078597072113e-08 3.6965703648651936e-68 1.6133726069031324e-06
332.0 0.01010570337532482 0.00025743065054969246 1.2575441311938667e-08 5.651275153590584e-68 1.5644853645624763e-06
333.0 0.009536652014968087 0.0002456270253923559 1.2361907421327496e-08 8.608769264444486e-68 1.5158035546753658e-06
334.0 0.008993600886980287 0.0002341917907468897 1.214087086302764e-08 1.3067685312309253e-67 1.4674188991481422e-06
335.0 0.008475864306133419 0.00022312667339955043 1.191301444367912e-08 1.9766729901435886e-67 1.4194173292107545e-06
336.0 0.007982728893230146 0.000212432109939525 1.1679014644136714e-08 2.979647295740868e-67 1.3718789839466428e-06
337.0 0.007513459074987678 0.00020210734367241334 1.1439539228861015e-08 4.476141523887553e-67 1.3248782395280172e-06
338.0 0.007067302185687296 0.0001921505197547634 1.1195245035530794e-08 6.701414313821803e-67 1.2784837664717212e-06
339.0 0.006643493176941626 0.00018255877808067935 1.0946775945927395e-08 9.999248813851323e-67 1.2327586122616829e-06
340.0 0.00624125894443087 0.00017332834351843773 1.0694761037746244e-08 1.487033717678536e-66 1.1877603067326787e-06
341.0 0.005859822282579964 0.00016445461315843345 1.0439812915743978e-08 2.20414841830576e-66 1.1435409876795994e-06
342.0 0.005498405479906849 0.0001559322402931689 1.0182526219517476e-08 3.256426155758216e-66 1.1001475442420625e-06
343.0 0.005156233569183291 0.00014775521490484846 9.923476304207545e-09 4.795518622578706e-66 1.0576217757107813e-06
344.0 0.004832537247664942 0.0001399169404870319 9.663218089558743e-09 7.039425432608041e-66 1.0160005635112982e-06
345.0 0.0045265554834776215 0.00013241030707322052 9.402285072015418e-09 1.030052205396701e-65 9.753160542369738e-07
346.0 0.004237537824824852 0.00012522776038737988 9.141188493891861e-09 1.5025002001561957e-65 9.355958517250437e-07
347.0 0.003964746429043065 0.00011836136706958962 8.880416663135225e-09 2.184820631529035e-65 8.968632162971715e-07
348.0 0.0037074578286813704 0.00011180287596377393 8.620434416752639e-09 3.167199650913899e-65 8.591372694129678e-07
349.0 0.003464964451775003 0.00010554377548480407 8.361682720651904e-09 4.577261696770797e-65 8.224332021160189e-07
350.0 0.0032365759133110776 9.957534710853577e-05 8.104578398381239e-09 6.5950597972577215e-65 7.867624857796372e-07
351.0 0.0030216200945946264 9.388871505135254e-05 7.849513981085041e-09 9.473844830899521e-65 7.521330837870981e-07
352.0 0.002819444026820867 8.847489222544846e-05 7.596857670888483e-09 1.3568754344732343e-64 7.185496629052542e-07
353.0 0.0026294145946677877 8.332482257265183e-05 7.3469534098807655e-09 1.9376321528608355e-64 6.860138032305881e-07
354.0 0.0024509190751624706 7.842941989348945e-05 7.10012104689243e-09 2.758872282857484e-64 6.545242057037014e-07
355.0 0.00228336552645241 7.377960329933741e-05 6.856656594325277e-09 3.916804179119411e-64 6.240768962990664e-07
356.0 0.0021261830404512043 6.936632942442261e-05 6.6168325674126e-09 5.544763594312158e-64 5.946654261034357e-07
357.0 0.0019788218726309 6.518062154106625e-05 6.380898398431374e-09 7.827009462504087e-64 5.66281066596039e-07
358.0 0.0018407534615234753 6.121359572652067e-05 6.149080918589583e-09 1.1017445281301877e-63 5.389129995398186e-07
359.0 0.0017114703497638736 5.745648423266275e-05 5.921584900511631e-09 1.5464951734362102e-63 5.125485009803922e-07
360.0 0.001590486017782138 5.390065621145391e-05 5.698593654491694e-09 2.1647567504657524e-63 4.871731189331114e-07
361.0 0.0014773346405294718 5.053763594929426e-05 5.48026967194443e-09 3.0218478253565233e-63 4.627708444156267e-07
362.0 0.0013715707769082397 4.735911876235426e-05 5.266755309747336e-09 4.206771919388531e-63 4.393242755537375e-07
363.0 0.0012727690008834751 4.4356984703143075e-05 5.0581735094699785e-09 5.840472940073588e-63 4.168147745549915e-07
364.0 0.001180523482571294 4.15233102255634e-05 4.8546285457613505e-09 8.086849862062035e-63 3.9522261740274747e-07
365.0 0.0010944475269510398 3.8850377952323575e-05 4.6562067984864954e-09 1.116741248681747e-62 3.745271361795258e-07
366.0 0.0010141730772162494 3.6330684684298264e-05 4.4629775434953415e-09 1.5380728658508063e-62 3.5470685397674026e-07
367.0 0.0009393501891799471 3.3956947786814206e-05 4.2749937572157396e-09 2.112815946279053e-62 3.3573961239265873e-07
368.0 0.0008696464825792149 3.172211008283375e-05 4.09229293057236e-09 2.894782384904931e-62 3.176026916606038e-07
369.0 0.0008047465745804699 2.9619343377609406e-05 3.914897888027836e-09 3.955930436896555e-62 3.0027292348417493e-07
370.0 0.0007443515002777869 2.7642050733908943e-05 3.742817607851663e-09 5.3922334583119005e-62 2.837267966883608e-07
371.0 0.0006881781244930538 2.578386761111378e-05 3.57604804000296e-09 7.33136376776417e-62 2.679405558218049e-07
372.0 0.0006359585487393034 2.4038661975823894e-05 3.4145729183153903e-09 9.94272666345507e-62 2.5289029287042586e-07
373.0 0.0005874395167851794 2.240053348569847e-05 3.2583645639398347e-09 1.3450529303975947e-61 2.3855203226203837e-07
374.0 0.000542381821868656 2.086381184253062e-05 3.107384677280237e-09 1.8150758363406825e-61 2.249018093595449e-07
375.0 0.0005005597182442673 1.9423054404804934e-05 2.9615851159182765e-09 2.443317888931101e-61 2.1191574265448343e-07
376.0 0.0004617603394124037 1.8073043144356317e-05 2.8209086562773346e-09 3.280976666565236e-61 1.9957009988457162e-07
377.0 0.0004257831250698639 1.6808781026245894e-05 2.685289737021121e-09 4.395136237733722e-61 1.8784135830832833e-07
378.0 0.0003924392585359726 1.5625487885591926e-05 2.5546551824145844e-09 5.873480604619771e-61 1.76706259376872e-07
379.0 0.00036155111614878297 1.4518595869925991e-05 2.4289249041026502e-09 7.830339657800807e-61 1.661418580484457e-07
380.0 0.00033295172988718417 1.3483744510600349e-05 2.3080125799709185e-09 1.0414425059687745e-60 1.561255669942147e-07
381.0 0.0003064842642590782 1.2516775481985696e-05 2.191826308960446e-09 1.381870395014411e-60 1.46635195945936e-07
382.0 0.0002820015082989076 1.1613727102560807e-05 2.080269240897203e-09 1.8292970308763488e-60 1.376489864360615e-07
383.0 0.00025936538334066185 1.0770828627599422e-05 1.97324018058031e-09 2.4159811943203618e-60 1.2914564217987235e-07
384.0 0.00023844646707261134 9.98449437896167e-06 1.8706341655432877e-09 3.1834841084948143e-60 1.2110435534691342e-07
385.0 0.00021912353423700432 9.251317753527343e-06 1.7723430170650663e-09 4.1852265273436065e-60 1.1350482896582767e-07
386.0 0.00020128311420938128 8.568065148017333e-06 1.6782558641531811e-09 5.489713073488157e-60 1.0632729570218255e-07
387.0 0.00018481906557895732 7.93166983441865e-06 1.5882596403658447e-09 7.184588250987755e-60 9.955253324416401e-08
388.0 0.0001696321677504431 7.339225816864114e-06 1.5022395534661364e-09 9.381726567363493e-60 9.316187652511596e-08
389.0 0.00015562972949920755 6.787981697680993e-06 1.4200795280226662e-09 1.2223605377123665e-59 8.713722700569614e-08
390.0 0.000142725214334055 6.2753345773716326e-06 1.341662621179679e-09 1.5891265017577797e-59 8.146105923155506e-08
391.0 0.00013083788245460895 5.798824010538775e-06 1.2668714119205195e-09 2.0614228445377805e-59 7.611642487526947e-08
392.0 0.00011989244903241991 5.356126037208418e-06 1.1955883642408718e-09 2.668283412824713e-59 7.108695446379998e-08
393.0 0.00010981875849505951 4.945047306601817e-06 1.1276961647272807e-09 3.4463534010868736e-59 6.635685698474809e-08
394.0 0.00010055147445107402 4.563519308212415e-06 1.0630780351139303e-09 4.4417826004332265e-59 6.191091755691459e-08
395.0 9.202978485855198e-05 4.209592722980647e-06 1.0016180204529324e-09 5.712563119179022e-59 5.773449334233388e-08
396.0 8.419712201182466e-05 3.881431905478306e-06 9.432012535926048e-10 7.331409391572952e-59 5.381350786884831e-08
397.0 7.700089689795905e-05 3.577309506269124e-06 8.87714196707018e-10 9.389298287799619e-59 5.0134443923963666e-08
398.0 7.039224745721459e-05 3.295601242020053e-06 8.350448606635612e-10 1.1999810883766137e-58 4.668433517253674e-08
399.0 6.4325800268498e-05 3.034780819470616e-06 7.850830030496314e-10 1.5304445575467865e-58 4.345075664257113e-08
400.0 5.8759445171988876e-05 2.7934150180360424e-06 7.377203057089744e-10 1.9479105454698477e-58 4.0421814215303536e-08
401.0 5.3654122335922756e-05 2.57015893461121e-06 6.928505326620196e-10 2.4742002029103073e-58 3.758613324781821e-08
402.0 4.8973621272279255e-05 2.3637513930345554e-06 6.503696692993726e-10 3.1363263414295246e-58 3.4932846448445503e-08
403.0 4.4684391307081364e-05 2.173010519687147e-06 6.101760437512728e-10 3.9676589121908914e-58 3.245158111763052e-08
404.0 4.0755363014119184e-05 1.9968294858027338e-06 5.721704313403572e-10 5.0093356729789215e-58 3.013244585935402e-08
405.0 3.7157780126411086e-05 1.8341724162703524e-06 5.362561430279965e-10 6.3119659420927976e-58 2.7966016860963412e-08
406.0 3.3865041446910325e-05 1.6840704639961844e-06 5.02339098760768e-10 7.937683915926452e-58 2.594332383215103e-08
407.0 3.085255228884841e-05 1.5456180482628128e-06 4.703278866173782e-10 9.962617986440132e-58 2.40558356870112e-08
408.0 2.8097584986267183e-05 1.4179692549676977e-06 4.4013380864544524e-10 1.2479854028830686e-57 2.2295446046498332e-08
409.0 2.5579148026625527e-05 1.30033439613897e-06 4.116709142640319e-10 1.560298395408051e-57 2.0654458632294866e-08
410.0 2.327786336958772e-05 1.1919767257058568e-06 3.848560220908431e-10 1.9470346175006994e-57 1.9125572617021274e-08
411.0 2.1175851529054574e-05 1.0922093081395391e-06 3.5960873103311047e-10 2.425008228262414e-57 1.7701867989902083e-08
412.0 1.925662400911284e-05 1.0003920362776816e-06 3.3585142146019304e-10 3.014615446388533e-57 1.6376790991517774e-08
413.0 1.7504982698505313e-05 9.159287943875535e-07 3.135092472509506e-10 3.74054913325359e-57 1.514413966596253e-08
414.0 1.5906925842557225e-05 8.382647623153189e-07 2.925101194836109e-10 4.6326456242300614e-57 1.3998049573764225e-08
415.0 1.4449560226011274e-05 7.668838564036625e-07 2.7278468250906645e-10 5.726886218801837e-57 1.2932979704228778e-08
416.0 1.3121019214752089e-05 7.013063027284133e-07 2.542662831189648e-10 7.066579148964256e-57 1.1943698621371074e-08
417.0 1.1910386319056185e-05 6.410863381146748e-07 2.368909334916034e-10 8.703751704438688e-57 1.1025270873466625e-08
418.0 1.0807623955469777e-05 5.858100343281266e-07 2.2059726856748477e-10 1.0700786550496e-56 1.0173043692289969e-08
419.0 9.803507098820697e-06 5.350932408048772e-07 2.053264984761395e-10 1.313234118129591e-56 9.382634004461979e-09
420.0 8.889561530029336e-06 4.885796412738303e-07 1.9102235660439122e-10 1.6087594963510766e-56 8.64991577389166e-09
421.0 8.058006399312446e-06 4.4593891963989774e-07 1.776310438651018e-10 1.9672874399931517e-56 7.971007691122888e-09
422.0 7.301700837992553e-06 4.068650305298376e-07 1.6510116969396392e-10 2.401471414210348e-56 7.342261222438257e-09
423.0 6.614094365435743e-06 3.7107456995468983e-07 1.533836902710395e-10 2.926341896923379e-56 6.760249028858538e-09
424.0 5.989180850568249e-06 3.383052416091216e-07 1.4243184443273943e-10 3.5597200494675245e-56 6.2217537626576595e-09
425.0 5.421455799991386e-06 3.083144144090288e-07 1.3220108770986981e-10 4.3226971830571035e-56 5.723757246724816e-09
426.0 4.905876756859041e-06 2.808777669600047e-07 1.2264902489740302e-10 5.240189390692316e-56 5.263430039994435e-09
427.0 4.437826606426888e-06 2.557880147512012e-07 1.1373534153267917e-10 6.341577867589089e-56 4.8381213902590995e-09
428.0 4.013079595497769e-06 2.328537159789927e-07 1.0542173463047536e-10 7.6614467108619635e-56 4.445349573952e-09
429.0 3.627769883868349e-06 2.1189815202134942e-07 9.767184299593077e-11 9.240431378316526e-56 4.082792620926888e-09
430.0 3.2783624563240697e-06 1.9275827870555133e-07 9.045117740968591e-11 1.1126192503989676e-55 3.748279420863432e-09
431.0 2.9616262337449764e-06 1.7528374463838482e-07 8.372705095419687e-11 1.3374531421466868e-55 3.439781206690203e-09
432.0 2.6746092314559463e-06 1.5933597299700992e-07 7.746850972557033e-11 1.605066554165106e-55 3.155403409315453e-09
433.0 2.414615622100414e-06 1.447873033101713e-07 7.164626415182478e-11 1.9230683675675737e-55 2.8933778769946165e-09
434.0 2.179184569032735e-06 1.3152018989185952e-07 6.623262111600459e-11 2.300320349160375e-55 2.6520554518233553e-09
435.0 1.9660707045317645e-06 1.1942645372296102e-07 6.120141706145207e-11 2.747125555025639e-55 2.429898895133483e-09
436.0 1.7732261350235944e-06 1.0840658470879735e-07 5.652795223613658e-11 3.2754420784623644e-55 2.2254761529511683e-09
437.0 1.5987838630027476e-06 9.836909137283745e-08 5.218892621409643e-11 3.899125087172988e-55 2.0374539521785086e-09
438.0 1.4410425224402987e-06 8.922989517697274e-08 4.8162374813889816e-11 4.6342003696647785e-55 1.8645917177379765e-09
439.0 1.2984523312014741e-06 8.091176678763095e-08 4.442760851723693e-11 5.4991729025525836e-55 1.7057358005977503e-09
440.0 1.1696021703566011e-06 7.33438017330679e-08 4.096515247515837e-11 6.515374258590936e-55 1.559814006343572e-09
441.0 1.0532077062850585e-06 6.646093302093915e-08 3.775668817429268e-11 7.707352999433824e-55 1.4258304137901643e-09
442.0 9.481004771423878e-07 6.020347840565029e-08 3.4784996822293303e-11 9.103312536672964e-55 1.3028604730103824e-09
443.0 8.532178706130578e-07 5.4516720112619166e-08 3.203390449868956e-11 1.073560129880639e-54 1.1900463721145847e-09
444.0 7.675939249030598e-07 4.935051494027805e-08 2.9488229105783726e-11 1.2641260409212199e-54 1.0865926621098502e-09
445.0 6.903508896654933e-07 4.465893277114821e-08 2.7133729143522656e-11 1.486263445956945e-54 9.917621292224557e-10
446.0 6.206914880019348e-07 4.0399921629892434e-08 2.4957054322446198e-11 1.7448051352666753e-54 9.048719041590788e-10
447.0 5.578918248592343e-07 3.653499752901451e-08 2.2945698019856028e-11 2.0452577586015954e-54 8.252897979120892e-10
448.0 5.012948910595689e-07 3.302895744184721e-08 2.1087951576281363e-11 2.3938855750727833e-54 7.524308538792859e-10
449.0 4.503046158715715e-07 2.984961383747303e-08 1.9372860422013092e-11 2.797803142575176e-54 6.857541062609632e-10
450.0 4.043804244647437e-07 2.6967549303257822e-08 1.7790182016902795e-11 3.2650777052551256e-54 6.247595349135481e-10
451.0 3.6303225980298446e-07 2.435588986793445e-08 1.6330345580846167e-11 3.804842077595915e-54 5.689852070794601e-10
452.0 3.258160315333113e-07 2.199009572139533e-08 1.498441358717105e-11 4.4274188628988885e-54 5.180045966674241e-10
453.0 2.9232945722873247e-07 1.984776810688957e-08 1.3744044986680621e-11 5.144456881846022e-54 4.714240720299101e-10
454.0 2.622082639561917e-07 1.790847123692989e-08 1.2601460126124693e-11 5.969080722900883e-54 4.2888054346483687e-10
455.0 2.3512272057748287e-07 1.6153568156321312e-08 1.1549407321577683e-11 6.91605436004059e-54 3.900392619625805e-10
456.0 2.1077447345710567e-07 1.4566069544003388e-08 1.0581131044280237e-11 8.001959814053596e-54 3.545917610147818e-10
457.0 1.888936603623673e-07 1.3130494510364581e-08 9.69034167419773e-12 9.245391860830545e-54 3.2225393360609396e-10
458.0 1.6923627930154924e-07 1.1832742508073862e-08 8.871186774574676e-12 1.0667169812948381e-53 2.927642368131967e-10
459.0 1.515817908688801e-07 1.0659975532671814e-08 8.118223839282834e-12 1.2290567418790403e-53 2.6588201674214716e-10
460.0 1.3573093435603586e-07 9.600509844079919e-09 7.426394463593731e-12 1.4141561935596893e-53 2.413859468389824e-10
461.0 1.2150373945900054e-07 8.643716492066508e-09 6.7909998882150645e-12 1.62491034385118e-53 2.190725729111755e-10
462.0 1.087377168634198e-07 7.779929977616478e-09 6.207677865946806e-12 1.8645405426038626e-53 1.9875495849662137e-10
463.0 9.728621233804107e-08 7.000364428175875e-09 5.672380800081476e-12 2.1366257772454763e-53 1.8026142451037768e-10
464.0 8.701691021287458e-08 6.297036708099029e-09 5.181355103742719e-12 2.445136305896427e-53 1.6343437738898113e-10
465.0 7.781047327118222e-08 5.662695926307015e-09 4.73112172960144e-12 2.7944697286650354e-53 1.481292202337851e-10
466.0 6.955930715029096e-08 5.090758841408061e-09 4.318457819896427e-12 3.1894895934938984e-53 1.342133417307442e-10
467.0 6.216643833022902e-08 4.575250700362991e-09 3.940379427326139e-12 3.6355666278372835e-53 1.2156517789165784e-10
468.0 5.554449569759896e-08 4.110751080364225e-09 3.594125258183863e-12 4.138622681120056e-53 1.100733419217978e-10
469.0 4.961478651003085e-08 3.692344335036654e-09 3.2771413900523933e-12 4.705177455289882e-53 9.963581777047879e-11
470.0 4.4306458358751554e-08 3.315574275455947e-09 2.987066917422223e-12 5.342398091735214e-53 9.015921316373203e-11
471.0 3.95557394384085e-08 2.976402743956875e-09 2.7217204797613317e-12 6.058151672357766e-53 8.155806815255596e-11
472.0 3.5305250088123406e-08 2.671171764334305e-09 2.4790876277946127e-12 6.861060680563858e-53 7.375421543503801e-11
473.0 3.150337917034663e-08 2.3965689759537084e-09 2.2573089850568074e-12 7.760561454348368e-53 6.66761889266971e-11
474.0 2.8103719408162084e-08 2.149596081574714e-09 2.05466916314432e-12 8.766965648427336e-53 6.02586772604556e-11
475.0 2.506455631067715e-08 1.9275400594309026e-09 1.8695863904834327e-12 9.891524705483891e-53 5.4442019095384423e-11
476.0 2.2348405783744587e-08 1.7279469094182897e-09 1.7006028158681824e-12 1.1146497318036482e-52 4.9171737302585535e-11
477.0 1.992159595224454e-08 1.548597721180318e-09 1.5463754494629232e-12 1.2545219842152867e-52 4.439810927658595e-11
478.0 1.7753889113774884e-08 1.387486868546836e-09 1.4056677054269112e-12 1.4102179602291162e-52 4.007577079227392e-11
479.0 1.5818140104322862e-08 1.242802150247426e-09 1.2773415117737802e-12 1.5833091002872486e-52 3.616335099033477e-11
480.0 1.408998768708762e-08 1.112906711168122e-09 1.1603499545372114e-12 1.775497433693371e-52 3.262313622903584e-11
481.0 1.254757587822063e-08 9.9632259170841e-10 1.0537304247508846e-12 1.988623715529123e-52 2.942076068677309e-11
482.0 1.1171302400279119e-08 8.917157651086971e-10 9.56598238178146e-13 2.2246758031250658e-52 2.6524921738783087e-11
483.0 9.943591707491854e-09 7.978825340065139e-10 8.681406991249918e-13 2.485797252603008e-52 2.390711826266691e-11
484.0 8.848690258543495e-09 7.13737168014281e-10 7.876115810449735e-13 2.774296112890937e-52 2.1541410151429855e-11
485.0 7.872481924149774e-09 6.383006738426638e-10 7.143259979851173e-13 3.0926538913692975e-52 1.9404197429660068e-11
486.0 7.002321609921538e-09 5.706905984820904e-10 6.476556422312674e-13 3.4435346619677216e-52 1.7474017478706795e-11
487.0 6.226885351347097e-09 5.101117742477583e-10 5.870243647818604e-13 3.82979428309668e-52 1.5731358980411254e-11
488.0 5.536035298581431e-09 4.5584792214163106e-10 5.319040765119922e-13 4.254489689298782e-52 1.4158491286452422e-11
489.0 4.920698155383549e-09 4.072540370326315e-10 4.818109490813924e-13 4.720888216955059e-52 1.2739308011923816e-11
490.0 4.372755770186962e-09 3.6374948464727963e-10 4.363018957904195e-13 5.232476920806099e-52 1.1459183737660736e-11
491.0 3.884946699011004e-09 3.2481174633729256e-10 3.949713136963086e-13 5.7929718344766534e-52 1.0304842786350302e-11
492.0 3.450777670721304e-09 2.8997075308499735e-10 3.57448069365965e-13 6.4063271246420516e-52 9.264239112817186e-12
493.0 3.0644439859796193e-09 2.58803755259189e-10 3.233927116638887e-13 7.076744084985392e-52 8.326446419411227e-12
494.0 2.720757972907147e-09 2.3093067927353044e-10 2.92494895951058e-13 7.808679912686956e-52 7.481557673296148e-12
495.0 2.415084705843925e-09 2.0600992656051218e-10 2.6447100500649254e-13 8.606856206903176e-52 6.720593263989056e-12
496.0 2.1432842693071447e-09 1.8373457418224473e-10 2.39061952874728e-13 9.476267125542287e-52 6.0354170968754045e-12
497.0 1.9016599180313617e-09 1.6382893998461568e-10 2.1603115869358546e-13 1.0422187133705122e-51 5.4186599719441414e-12
498.0 1.6869115463953642e-09 1.4604547848626949e-10 1.9516267836532278e-13 1.1450178274407996e-51 4.863649646800477e-12
499.0 1.4960939371800295e-09 1.3016197670314596e-10 1.7625948270311592e-13 1.2566096889725728e-51 4.364347029378277e-12
500.0 1.3265793109663953e-09 1.159790218641431e-10 1.5914187141432678e-13 1.3776099718297582e-51 3.915287988882065e-12
501.0 1.1760237440431033e-09 1.0331771549392971e-10 1.4364601297318184e-13 1.5086649293259612e-51 3.5115303135353424e-12
502.0 1.0423370648778854e-09 9.201761064369306e-11 1.296226010895308e-13 1.6504518563157023e-51 3.1486053808864422e-12
503.0 9.236558774144537e-10 8.193485115713514e-11 1.1693561909866486e-13 1.8036794657254584e-51 2.822474140909445e-12
504.0 8.183193940414996e-10 7.294049378311643e-11 1.0546120418072191e-13 1.9690881715962953e-51 2.5294870440990388e-12
505.0 7.248477923774008e-10 6.491899570314823e-11 9.508660386868867e-14 2.1474502706861167e-51 2.2663475763671843e-12
506.0 6.41922838318348e-10 5.776685164474618e-11 8.570921782213216e-14 2.3395700146994472e-51 2.0300790899452194e-12
507.0 5.683705433911331e-10 5.139136621383134e-11 7.723571833181476e-14 2.5462835652926543e-51 1.8179946448462571e-12
508.0 5.031456475753127e-10 4.5709548411736433e-11 6.958124347831117e-14 2.7684588241235307e-51 1.6276695988568294e-12
509.0 4.4531773965320105e-10 4.0647116516813515e-11 6.266865729847907e-14 3.00699513040378e-51 1.4569167056703907e-12
510.0 3.94058846007129e-10 3.61376026161171e-11 5.6427871716992986e-14 3.262822818648987e-51 1.303763500736855e-12
511.0 3.4863233581059887e-10 3.2121547079168464e-11 5.079522537859203e-14 3.5369026296259814e-51 1.1664317728260948e-12
512.0 3.0838300591893647e-10 2.85457741812214e-11 4.5712914870543294e-14 3.830224967847667e-51 1.0433189362760338e-12
513.0 2.7272822261975486e-10 2.536274091615065e-11 4.112847415623004e-14 4.143808999399753e-51 9.329811345418129e-13
514.0 2.411500098903066e-10 2.2529951795627446e-11 3.699429834999845e-14 4.4787015843517406e-51 8.341179200558755e-13
515.0 2.1318798506313615e-10 2.0009433118733405e-11 3.326720825240468e-14 4.835976038555221e-51 7.455583686584794e-13
516.0 1.8843305293817116e-10 1.7767260820335866e-11 2.990805233444004e-14 5.216730720232358e-51 6.662484990375454e-13
517.0 1.6652177850714316e-10 1.577313657309245e-11 2.6881343110481253e-14 5.622087437418722e-51 5.952398788098653e-13
518.0 1.4713136667172423e-10 1.4000007331899165e-11 2.4154925073566095e-14 6.05318967304193e-51 5.316793091541853e-13
519.0 1.2997518472897417e-10 1.2423723975679819e-11 2.1699671584249026e-14 6.511200625195751e-51 4.747994893419827e-13
520.0 1.1479877004597265e-10 1.1022735123840607e-11 1.9489208306600337e-14 6.997301060988375e-51 4.2391057116565767e-13
521.0 1.0137627132299803e-10 9.777812587452893e-12 1.7499660972899418e-14 7.512686983227681e-51 3.78392521198452e-13
522.0 8.950727721667629e-11 8.671805261824937e-12 1.5709425433056663e-14 8.058567110117742e-51 3.3768821609008576e-13
523.0 7.901399092106384e-11 7.689418580890635e-12 1.4098958106692342e-14 8.636160169114214e-51 3.012972027602574e-13
524.0 6.973871363895405e-11 6.817016937720089e-12 1.2650585105811403e-14 9.246692007073766e-51 2.687700614449287e-13
525.0 6.154160376733562e-11 6.042446732251633e-12 1.1348328435039376e-14 9.891392519877524e-51 2.3970331512544806e-13
526.0 5.429868211304696e-11 5.354877939467156e-12 1.0177747804997597e-14 1.0571492405750624e-50 2.1373483396627135e-13
527.0 4.790005658788334e-11 4.744662301034649e-12 9.125796713419463e-15 1.1288219747590512e-50 1.9053968804479432e-13
528.0 4.2248342642224005e-11 4.2032064329532e-12 8.180691558609208e-15 1.2042796430704823e-50 1.698264059104836e-13
529.0 3.725725821519933e-11 3.722858312853091e-12 7.33179265144419e-15 1.2836434403453748e-50 1.5133360039330306e-13
530.0 3.285037423711015e-11 3.2968057650763424e-12 6.5694960859476545e-15 1.3670331789400968e-50 1.3482692662492382e-13
531.0 2.896000374228924e-11 2.9189857010189898e-12 5.885135514982782e-15 1.4545668860665573e-50 1.2009634046700486e-13
532.0 2.5526214462071918e-11 2.5840029979170688e-12 5.2708929574170755e-15 1.5463603883247547e-50 1.0695362848631609e-13
533.0 2.2495951389316105e-11 2.287058012580403e-12 4.719717836622145e-15 1.6425268846165983e-50 9.523018329984959e-14
534.0 1.9822257257414732e-11 2.0238818287061338e-12 4.225253517868903e-15 1.7431765087272384e-50 8.47750005566467e-14
535.0 1.7463580175445117e-11 1.7906784284101216e-12 3.7817706744784476e-15 1.8484158829593537e-50 7.545287604730556e-14
536.0 1.5383158822750628e-11 1.5840730614751312e-12 3.3841068698990363e-15 1.958347664303313e-50 6.714278345594286e-14
537.0 1.3548476644827233e-11 1.4010661603957406e-12 3.0276117955355758e-15 2.073070084713299e-50 5.973641510931819e-14
538.0 1.1930777420862404e-11 1.2389922164270616e-12 2.7080976525582775e-15 2.1926764871459076e-50 5.313686975080088e-14
539.0 1.0504635402860266e-11 1.0954830922204048e-12 2.421794210337611e-15 2.3172548590949646e-50 4.725747288648542e-14
540.0 9.247573967402525e-12 9.68435300925292e-13 2.1653081149231113e-15 2.446887365427553e-50 4.202071663098113e-14
541.0 8.139727382931887e-12 8.559808304445553e-13 1.935586058374249e-15 2.5816498823894513e-50 3.735730723328416e-14
542.0 7.163540886294897e-12 7.564611353862544e-13 1.729881454022592e-15 2.721611534700381e-50 3.3205309599901736e-14
543.0 6.303504789643693e-12 6.684039586557584e-13 1.5457242941490822e-15 2.8668342377113994e-50 2.9509379163558107e-14
544.0 5.545918809284413e-12 5.905026800073439e-13 1.3808938953073029e-15 3.017372246624974e-50 2.6220072380474456e-14
545.0 4.878683227754885e-12 5.215979206346443e-13 1.2333942628414357e-15 3.173271714812982e-50 2.329322798638848e-14
546.0 4.29111387463341e-12 4.606611613772809e-13 1.1014318302152509e-15 3.334570263277318e-50 2.068941190876824e-14
547.0 3.773778245196673e-12 4.0678015768802467e-13 9.833953507778983e-16 3.501296563310374e-50 1.8373419427532367e-14
548.0 3.3183503733366954e-12 3.5914595743031123e-13 8.778377396988821e-16 3.6734699343991982e-50 1.6313828805397475e-14
549.0 2.9174823400464803e-12 3.1704134813167395e-13 7.834596821773062e-16 3.8510999594127147e-50 1.4482601178037305e-14
550.0 2.5646905346913207e-12 2.7983057873692343e-13 6.99094840794469e-16 4.0341861190700773e-50 1.2854722008726921e-14
551.0 2.254254996376629e-12 2.469502174095914e-13 6.236965101845252e-16 4.22271744766546e-50 1.1407879877424732e-14
552.0 1.9811303497198066e-12 2.1790102170924648e-13 5.563255811503712e-16 4.41667221195932e-50 1.0122178794580172e-14
553.0 1.7408670157738665e-12 1.92240710707222e-13 4.961396890777966e-16 4.616017615101994e-50 8.979880609779133e-15
554.0 1.5295415269131953e-12 1.6957754044721089e-13 4.4238343309136674e-16 4.820709527367667e-50 7.965174428220249e-15
555.0 1.3436949062071386e-12 1.4956459475707702e-13 3.943795629572799e-16 5.030692245409354e-50 7.063970257617518e-15
556.0 1.1802781889188462e-12 1.3189471289853685e-13 3.515210403500731e-16 5.245898281642511e-50 6.263714387421116e-15
557.0 1.0366042678883105e-12 1.1629598402020303e-13 3.1326388984928337e-16 5.466248185271729e-50 5.553224254225427e-15
558.0 9.103053370910282e-13 1.0252774595864547e-13 2.791207629884755e-16 5.691650396351458e-50 4.922540774400449e-15
559.0 7.992952898898122e-13 9.037703270663087e-14 2.4865514591522816e-16 5.922001134167272e-50 4.362796329783226e-15
560.0 7.017365015324667e-13 7.965542091967762e-14 2.2147614779501377e-16 6.1571843210785555e-50 3.866096776763819e-15
561.0 6.160104903148619e-13 7.019623123831035e-14 1.9723381306599274e-16 6.397071542839168e-50 3.4254160153129434e-15
562.0 5.406920094187308e-13 6.185204503054868e-14 1.7561490607567718e-16 6.641522046262395e-50 3.0345018041438563e-15
563.0 4.745261725546016e-13 5.449250146856409e-14 1.563391215543538e-16 6.890382774950349e-50 2.687791642910523e-15
564.0 4.164082619047433e-13 4.800234369915762e-14 1.3915567884729923e-16 7.143488443649602e-50 2.3803376635491735e-15
565.0 3.6536590711042495e-13 4.227968629903756e-14 1.2384026187991424e-16 7.400661651637133e-50 2.107739581905146e-15
566.0 3.2054335974757356e-13 3.723447926632152e-14 1.1019227050321037e-16 7.661713035376643e-50 1.866084858826776e-15
567.0 2.811876193934264e-13 3.2787146528776154e-14 9.803235219622837e-17 7.926441460515922e-50 1.6518953080415685e-15
568.0 2.4663619545477736e-13 2.886737938225505e-14 8.720018611801644e-17 8.194634253134233e-50 1.4620794673322925e-15
569.0 2.1630631380600124e-13 2.5413067441009482e-14 7.755249423272607e-17 8.466067469971193e-50 1.2938901206768137e-15
570.0 1.896853993314864e-13 2.2369351613522102e-14 6.8961256703792e-17 8.740506207204587e-50 1.1448864229146012e-15
571.0 1.6632268499905678e-13 1.9687785338420054e-14 6.131211099034157e-17 9.017704947173055e-50 1.0129001358692095e-15
572.0 1.4582181539129272e-13 1.732559184752278e-14 5.4502916102557894e-17 9.29740794227417e-50 8.960055363414684e-16
573.0 1.2783432794257486e-13 1.5245006587530735e-14 4.8442465302675136e-17 9.57934963510504e-50 7.924926025855717e-16
574.0 1.1205390869377574e-13 1.3412695146282328e-14 4.304933219223834e-17 9.863255113750632e-50 7.008431273150949e-16
575.0 9.821133138321001e-14 1.1799238110194542e-14 3.8250836620827293e-17 1.014884060096419e-49 6.197094424417393e-16
576.0 8.606999931831672e-14 1.0378675240955805e-14 3.3982118201547297e-17 1.0435813975850494e-49 5.478954740588571e-16
577.0 7.542201887340576e-14 9.128102214590608e-15 3.018530643740906e-17 1.0723875326490036e-49 4.843398760281711e-16
578.0 6.608474177565356e-14 8.027313926440058e-15 2.6808777563239536e-17 1.1012717531843342e-49 4.2810101727349867e-16
579.0 5.789772069609039e-14 7.058489041501643e-15 2.3806489200456546e-17 1.1302026871092269e-49 3.783436218341034e-16
580.0 5.0720029166270035e-14 6.205911070405233e-15 2.1137384817848383e-17 1.1591483658520986e-49 3.343268821798326e-16
581.0 4.4427902590160953e-14 5.45572178507643e-15 1.876486079893244e-17 1.1880762901855704e-49 2.953938854849967e-16
582.0 3.891266220277276e-14 4.795703262422988e-15 1.6656289644661366e-17 1.2169534981945524e-49 2.609622097407147e-16
583.0 3.4078888317153193e-14 4.2150852655334495e-15 1.4782593496177035e-17 1.2457466351512214e-49 2.3051556195353358e-16
584.0 2.9842813168993526e-14 3.704375045913665e-15 1.3117862753464957e-17 1.2744220250674835e-49 2.035963444273787e-16
585.0 2.6130907172296864e-14 3.2552069822823277e-15 1.163901509795291e-17 1.3029457436836243e-49 1.7979904741704228e-16
586.0 2.2878635494595693e-14 2.860209766146086e-15 1.0325490706352528e-17 1.3312836926482177e-49 1.5876437743080834e-16
587.0 2.002936459294791e-14 2.512889105866141e-15 9.158979874342307e-18 1.3594016746396122e-49 1.4017404028034852e-16
588.0 1.7533400764399293e-14 2.2075241529106045e-15 8.123179656741368e-18 1.3872654691741624e-49 1.237461067501729e-16
589.0 1.5347144894002996e-14 1.9390760597578535e-15 7.203576479900461e-18 1.4148409088460845e-49 1.0923089659682319e-16
590.0 1.3432349462546078e-14 1.7031072613796766e-15 6.387251995894006e-18 1.4420939557399975e-49 9.640732358675979e-17
591.0 1.1755465534107898e-14 1.4957102340126944e-15 5.6627097302698894e-18 1.4689907777596624e-49 8.507965053077036e-17
592.0 1.028706890609893e-14 1.3134446283225252e-15 5.01972032867378e-18 1.4954978246154425e-49 7.507460884988032e-17
593.0 9.001355894370048e-15 1.1532818011487493e-15 4.449183435479441e-18 1.5215819032163492e-49 6.623884218462732e-17
594.0 7.875700363486464e-15 1.0125558826201654e-15 3.943004442173843e-18 1.5472102522161056e-49 5.843663799958956e-17
595.0 6.890264615133675e-15 8.889206151758077e-16 3.493984526962139e-18 1.572350615465057e-49 5.154791509497301e-17
596.0 6.0276576317046135e-15 7.8031128937539e-16 3.095722571992884e-18 1.5969713141296207e-49 4.546643846840689e-17
597.0 5.2726349512501565e-15 6.849111796083251e-16 2.742527692590569e-18 1.6210413172415442e-49 4.009823611781345e-17
598.0 4.611835136609927e-15 6.011219520736985e-16 2.4293412456823807e-18 1.6445303104525651e-49 3.536019518216537e-17
599.0 4.033548406447653e-15 5.275375787056697e-16 2.151667303691384e-18 1.6674087627748574e-49 3.117881731685038e-17
600.0 3.5275135288112574e-15 4.62921344974431e-16 1.905510686966623e-18 1.6896479910982599e-49 2.7489115427688243e-17
601.0 3.084739547170545e-15 4.061855874970126e-16 1.6873217435511665e-18 1.711220222285258e-49 2.4233635871318376e-17
602.0 2.697349322191712e-15 3.56373839860215e-16 1.4939471508888203e-18 1.7320986526565398e-49 2.136159199613762e-17
603.0 2.3584422364013137e-15 3.1264510261930403e-16 1.3225860909411475e-18 1.752257504689276e-49 1.88280964705344e-17
604.0 2.061973729240262e-15 2.742599866531284e-16 1.1707512190470012e-18 1.7716720807652047e-49 1.65934812449109e-17
605.0 1.8026496119677097e-15 2.40568508424944e-16 1.0362339085209399e-18 1.790318813817227e-49 1.462269523955871e-17
606.0 1.5758333600100915e-15 2.1099934166015637e-16 9.170733081952276e-19 1.808175314735293e-49 1.288477095863261e-17
607.0 1.3774647986854075e-15 1.8505035289847196e-16 8.115287995263186e-19 1.825220416408287e-49 1.1352352216196714e-17
608.0 1.2039887903164708e-15 1.6228026865532915e-16 7.180554841077412e-19 1.841434214291271e-49 1.0001276036946894e-17
609.0 1.0522926997059005e-15 1.4230133984274676e-16 6.352823719916112e-19 1.8567981034023962e-49 8.810202573625777e-18
610.0 9.19651563545839e-16 1.2477288492587607e-16 5.619929766058305e-19 1.8712948116667496e-49 7.760287576015382e-18
611.0 8.036800200106462e-16 1.0939560726986932e-16 4.971080536969097e-19 1.8849084295417814e-49 6.834892562207368e-18
612.0 7.022901696700518e-16 9.590659447497359e-17 4.396702500145877e-19 1.8976244358707367e-49 6.019328390017367e-18
613.0 6.136546398638412e-16 8.407491839657538e-17 3.8883045273917613e-19 1.909429719927242e-49 5.300628412553814e-18
614.0 5.361742134557975e-16 7.369776416778881e-17 3.4383565324505334e-19 1.920312599626e-49 4.667347833736778e-18
615.0 4.684494609086196e-16 6.459702503430016e-17 3.040181589794838e-19 1.9302628358939952e-49 4.109386263038839e-18
616.0 4.0925588317934854e-16 5.661630730490291e-17 2.6878600526323067e-19 1.9392716432034427e-49 3.617830809172982e-18
617.0 3.5752213317408707e-16 4.961829633386557e-17 2.376144349204898e-19 1.947331696288978e-49 3.1848173547181442e-18
618.0 3.123109364158691e-16 4.348244028455273e-17 2.1003832801814992e-19 1.9544371330787808e-49 2.803407921917082e-18
619.0 2.728023780607941e-16 3.8102913569504334e-17 1.8564547682515626e-19 1.9605835538868763e-49 2.467482277943431e-18
620.0 2.3827926421763155e-16 3.338682640021988e-17 1.6407061255204965e-19 1.9657680169244487e-49 2.171642139136183e-18
621.0 2.0811430137145986e-16 2.9252650881598566e-17 1.449901006462612e-19 1.969989030199623e-49 1.911126521052028e-18
622.0 1.817588691850189e-16 2.5628837614259636e-17 1.2811723053178135e-19 1.9732465398880893e-49 1.6817369473558527e-18
623.0 1.5873318958068935e-16 2.2452599878171095e-17 1.1319803380878265e-19 1.9755419152676355e-49 1.479771377913851e-18
624.0 1.3861771925859222e-16 1.966884521240355e-17 1.0000757217545438e-19 1.9768779303179232e-49 1.3019658470899022e-18
625.0 1.2104561409250345e-16 1.7229236621827003e-17 8.834664279498299e-20 1.977258742101069e-49 1.1454429190515745e-18
626.0 1.05696132524194e-16 1.5091367770303447e-17 7.803885458841109e-20 1.9766898660419748e-49 1.007666169520615e-18
627.0 9.228886146751864e-17 1.3218038395531237e-17 6.892803406570962e-20 1.975178148239897e-49 8.863999943541571e-19
628.0 8.057866261323912e-17 1.1576617832842953e-17 6.087592387904134e-20 1.972731734948471e-49 7.796741259195102e-19
629.0 7.035124964007925e-17 1.0138485990460359e-17 5.3760141354657656e-20 1.96936003936881e-49 6.857523096050068e-19
630.0 6.141931790206746e-17 8.878542400248002e-18 4.7472367886866067e-20 1.965073705905754e-49 6.031046560300168e-19
631.0 5.3619157866126333e-17 7.774775096452423e-18 4.191674330714499e-20 1.959884572043326e-49 5.303832405023905e-19
632.0 4.6807692083389625e-17 6.807882068413457e-18 3.700844221671566e-20 1.9538056279996777e-49 4.664005708408297e-19
633.0 4.08598829391757e-17 5.960938907831783e-18 3.267241183024047e-20 1.9468509743262316e-49 4.1011058856281095e-19
634.0 3.566646496800673e-17 5.219107040966105e-18 2.8842253155900745e-20 1.939035777617135e-49 3.605919072794738e-19
635.0 3.113196125464509e-17 4.5693776136313296e-18 2.545922936380661e-20 1.930376224499674e-49 3.170330265144161e-19
636.0 2.7172948468500143e-17 4.000346693023143e-18 2.2471386997601795e-20 1.920889474076378e-49 2.7871928957950496e-19
637.0 2.3716539484088263e-17 3.502017974929071e-18 1.9832777287800814e-20 1.9105936089913014e-49 2.4502138105121503e-19
638.0 2.0699056400776066e-17 3.0656296463404952e-18 1.7502766251563726e-20 1.89950758529116e-49 2.1538518319564502e-19
639.0 1.806487015785124e-17 2.6835024593965522e-18 1.5445423531740375e-20 1.887651181256087e-49 1.8932283174504478e-19
640.0 1.576538590471705e-17 2.348906429589596e-18 1.3628981055302098e-20 1.8750449453671202e-49 1.66404830046886e-19
641.0 1.3758155882579835e-17 2.0559438851360467e-18 1.2025353593402371e-20 1.8617101435822543e-49 1.4625309707033813e-19
642.0 1.200610384838236e-17 1.7994468704787002e-18 1.0609714195788479e-20 1.847668706085539e-49 1.2853483930887449e-19
643.0 1.047684706393505e-17 1.574887149620311e-18 9.360118263625516e-21 1.832943173674407e-49 1.1295714948378314e-19
644.0 9.142103617876625e-18 1.378297268366662e-18 8.257170727767248e-21 1.817556643944064e-49 9.926224632393619e-20
645.0 7.977174375987433e-18 1.2062013221285383e-18 7.283731423993171e-21 1.8015327174260204e-49 8.722327974607773e-20
646.0 6.96049019320165e-18 1.0555542407854136e-18 6.424654311325975e-21 1.7848954438324332e-49 7.664063463861251e-20
647.0 6.073216191995867e-18 9.236885469912194e-19 5.66655667203065e-21 1.767669268553059e-49 6.733867429609254e-20
648.0 5.298905937284267e-18 8.082676716094459e-19 4.997614869154922e-21 1.749878979546489e-49 5.916287148082391e-20
649.0 4.6231992356122635e-18 7.072450218202689e-19 4.4073836256362526e-21 1.7315496547627246e-49 5.197728120820771e-20
650.0 4.033558072145252e-18 6.188280957083698e-19 3.886636133515349e-21 1.712706610225689e-49 4.566231475713783e-20
651.0 3.5190358866368604e-18 5.41447023464421e-19 3.427222607558552e-21 1.6933753489012742e-49 4.0112779179465984e-20
652.0 3.0700759913634823e-18 4.737269911526298e-19 3.021945168880256e-21 1.6735815104678465e-49 3.523615079611284e-20
653.0 2.6783354606388166e-18 4.144640695874176e-19 2.6644471848517267e-21 1.6533508221003874e-49 3.0951054887227693e-20
654.0 2.336531282311588e-18 3.6260402933956735e-19 2.3491154050901832e-21 1.6327090503720164e-49 2.718592706717785e-20
655.0 2.038305964801558e-18 3.17223774240084e-19 2.070993422690153e-21 1.6116819543704292e-49 2.387783473298767e-20
656.0 1.778110145922623e-18 2.775150708330707e-19 1.8257051577913765e-21 1.5902952401194587e-49 2.0971439532091278e-20
657.0 1.551100058266979e-18 2.4277029080774425e-19 1.6093872094802932e-21 1.5685745163882464e-49 1.84180840516831e-20
658.0 1.3530479757915314e-18 2.123699181830977e-19 1.4186290540342765e-21 1.5465452519640025e-49 1.6174987922710595e-20
659.0 1.180264002281024e-18 1.85771603514441e-19 1.2504201845385036e-21 1.5242327344571977e-49 1.4204540287720825e-20
660.0 1.0295277687863212e-18 1.6250057415576877e-19 1.102103390621973e-21 1.5016620306997264e-49 1.2473677130801541e-20
661.0 8.980287876551005e-19 1.4214123310054055e-19 9.71333468976257e-22 1.4788579487915357e-49 1.0953333334074793e-20
662.0 7.833143686183742e-19 1.2432979953413023e-19 8.560407367626302e-22 1.4558450018415788e-49 9.617960529967236e-21
663.0 6.832441404149147e-19 1.0874786231617817e-19 7.543987921733857e-22 1.4326473734442298e-49 8.445102880857857e-21
664.0 5.959503421011686e-19 9.511673347732094e-20 6.647960303330073e-22 1.4092888849245632e-49 7.415023854328301e-21
665.0 5.198031536855899e-19 8.319250273402918e-20 5.858104793435267e-22 1.3857929643783512e-49 6.5103778879688545e-21
666.0 4.533804279437545e-19 7.27617062352376e-20 5.161875714221201e-22 1.362182617528267e-49 5.715921565563109e-21
667.0 3.9544126587720186e-19 6.363753346385491e-20 4.54820508481051e-22 1.3384804004091525e-49 5.0182595679969195e-21
668.0 3.449029487345752e-19 5.565650560918718e-20 4.0073292081628625e-22 1.3147083938909506e-49 4.405621227634302e-21
669.0 3.008208010896205e-19 4.867556696351081e-20 3.530635523767367e-22 1.2908881800403061e-49 3.867664013122445e-21
670.0 2.6237061328480796e-19 4.256953811947997e-20 3.1105273689749056e-22 1.2670408203180445e-49 3.395300710596877e-21
671.0 2.288332985752409e-19 3.7228886078732466e-20 2.7403045645076545e-22 1.2431868356027268e-49 2.9805474540325006e-21
672.0 1.9958150139986635e-19 3.255777193530041e-20 2.4140579810299474e-22 1.2193461880257079e-49 2.6163900982221446e-21
673.0 1.7406790911222632e-19 2.847234166604969e-20 2.1265764572367555e-22 1.1955382645995002e-49 2.2966667280139028e-21
674.0 1.5181505087276948e-19 2.4899229828250392e-20 1.8732646288747227e-22 1.1717818626144898e-49 2.0159643617962324e-21
675.0 1.3240639481189187e-19 2.1774249705634316e-20 1.6500703952928974e-22 1.148095176775975e-49 1.7695281400529036e-21
676.0 1.1547857851546115e-19 1.904124672348962e-20 1.453420898006733e-22 1.1244957880501794e-49 1.5531814948450547e-21
677.0 1.0071462879935454e-19 1.6651094827346434e-20 1.2801660165627739e-22 1.1010006541817433e-49 1.3632559766178395e-21
678.0 8.783804500911833e-20 1.4560818038632937e-20 1.1275285026830844e-22 1.077626101844525e-49 1.1965295736968384e-21
679.0 7.660763603794345e-20 1.2732821607917182e-20 9.930599759712164e-23 1.0543878203819114e-49 1.05017249978733e-21
680.0 6.681301519337869e-20 1.1134219120524863e-20 8.746020949245307e-23 1.0313008570918677e-49 9.216995479923643e-22
681.0 5.827066921514702e-20 9.736243604032304e-21 7.702522969771993e-23 1.0083796140074319e-49 8.089282183116391e-22
682.0 5.0820528376495706e-20 8.513732171991008e-21 6.783335720070772e-23 9.856378461233346e-50 7.099419210373171e-22
683.0 4.432297388403101e-20 7.444675039063837e-21 5.973677962396504e-23 9.630886610144568e-50 6.230576424678337e-22
684.0 3.865622689698054e-20 6.509820882382387e-21 5.260522087290255e-23 9.407445197930191e-50 5.467975332921326e-22
685.0 3.371407056449318e-20 5.69233152218717e-21 4.6323866141895775e-23 9.186172393477024e-50 4.79863945049572e-22
686.0 2.940386265942652e-20 4.977479769232769e-21 4.079153169337279e-23 8.967179958074187e-50 4.2111749731167155e-22
687.0 2.5644801782630923e-20 4.3523850523275256e-21 3.591905063743357e-23 8.750573291712288e-50 3.695578085938132e-22
688.0 2.236641482226753e-20 3.80578211015502e-21 3.1627849308052187e-23 8.536451490458386e-50 3.243065683105682e-22
689.0 1.9507237465031732e-20 3.3278186189767553e-21 2.784869180785801e-23 8.324907414302629e-50 2.8459266606350465e-22
690.0 1.7013663146099527e-20 2.909878142265738e-21 2.4520572922409098e-23 8.116027764877002e-50 2.4973912883409708e-22
691.0 1.4838938958394133e-20 2.5444252388150573e-21 2.1589741927014702e-23 7.909893172447679e-50 2.191516468091517e-22
692.0 1.2942289777181958e-20 2.224869960325942e-21 1.9008841860085848e-23 7.706578291577854e-50 1.9230849508672867e-22
693.0 1.1288154243649154e-20 1.945449314866685e-21 1.673615064829769e-23 7.506151904856472e-50 1.6875168183404124e-22
694.0 9.845518335112878e-21 1.701123574997547e-21 1.47349120684009e-23 7.308677034113314e-50 1.480791739793344e-22
695.0 8.587334068337161e-21 1.487485574096823e-21 1.2972745942821399e-23 7.114211058514469e-50 1.299380695539477e-22
696.0 7.490012469877251e-21 1.3006813662041173e-21 1.1421128213273224e-23 6.9228058389715195e-50 1.1401860165874976e-22
697.0 6.532981332718015e-21 1.1373408275894258e-21 1.0054932637521779e-23 6.734507848290875e-50 1.0004887297065055e-22
698.0 5.698299487445273e-21 9.9451695586259e-22 8.852026826315155e-24 6.549358306495369e-50 8.779023196161868e-23
699.0 4.970320371237972e-21 8.696327779063248e-22 7.792916195449788e-24 6.367393320781512e-50 7.703321277793111e-23
700.0 4.335398598578449e-21 7.60434913986222e-22 6.86043016512683e-24 6.188644029567594e-50 6.75939701984892e-23
