200.0 0.0 0.0 0.0 0.0 0.0
201.0 0.0 0.0 0.0 0.0 0.0
202.0 0.0 0.0 0.0 0.0 0.0
203.0 0.0 0.0 0.0 0.0 0.0
204.0 0.0 0.0 0.0 0.0 0.0
205.0 0.0 0.0 0.0 0.0 0.0
206.0 0.0 0.0 0.0 0.0 0.0
207.0 0.0 0.0 0.0 0.0 0.0
208.0 0.0 0.0 0.0 0.0 0.0
209.0 0.0 0.0 0.0 0.0 0.0
210.0 0.0 0.0 0.0 0.0 0.0
211.0 0.0 0.0 0.0 0.0 0.0
212.0 0.0 0.0 0.0 0.0 0.0
213.0 0.0 0.0 0.0 0.0 0.0
214.0 0.0 0.0 0.0 0.0 0.0
215.0 0.0 0.0 0.0 0.0 0.0
216.0 0.0 0.0 0.0 0.0 0.0
217.0 0.0 0.0 0.0 0.0 0.0
218.0 0.0 0.0 0.0 0.0 0.0
219.0 0.0 0.0 0.0 0.0 0.0
220.0 0.0 0.0 0.0 0.0 0.0
221.0 0.0 0.0 0.0 0.0 0.0
222.0 0.0 0.0 0.0 0.0 0.0
223.0 0.0 0.0 0.0 0.0 0.0
224.0 0.0 0.0 0.0 0.0 0.0
225.0 0.0 0.0 0.0 0.0 0.0
226.0 0.0 0.0 0.0 0.0 0.0
227.0 0.0 0.0 0.0 0.0 0.0
228.0 0.0 0.0 0.0 0.0 0.0
229.0 0.0 0.0 0.0 0.0 0.0
230.0 0.0 0.0 0.0 0.0 0.0
231.0 0.0 0.0 0.0 0.0 0.0
232.0 0.0 0.0 0.0 0.0 0.0
233.0 0.0 0.0 0.0 0.0 0.0
234.0 0.0 0.0 0.0 0.0 0.0
235.0 0.0 0.0 0.0 0.0 0.0
236.0 0.0 0.0 0.0 0.0 0.0
237.0 0.0 0.0 0.0 0.0 0.0
238.0 0.0 0.0 0.0 0.0 0.0
239.0 0.0 0.0 0.0 0.0 0.0
240.0 0.0 0.0 0.0 0.0 0.0
241.0 0.0 0.0 0.0 0.0 0.0
242.0 0.0 0.0 0.0 0.0 0.0
243.0 0.0 0.0 0.0 0.0 0.0
244.0 0.0 0.0 0.0 0.0 0.0
245.0 0.0 0.0 0.0 0.0 0.0
246.0 0.0 0.0 0.0 0.0 0.0
247.0 0.0 0.0 0.0 0.0 0.0
248.0 0.0 0.0 0.0 0.0 0.0
249.0 0.0 0.0 0.0 0.0 0.0
250.0 0.0 0.0 0.0 0.0 0.0
251.0 0.0 0.0 0.0 0.0 0.0
252.0 0.0 0.0 0.0 0.0 0.0
253.0 0.0 0.0 0.0 0.0 0.0
254.0 0.0 0.0 0.0 0.0 0.0
255.0 0.0 0.0 0.0 0.0 0.0
256.0 0.0 0.0 0.0 0.0 0.0
257.0 0.0 0.0 0.0 0.0 0.0
258.0 0.0 0.0 0.0 0.0 0.0
259.0 0.0 0.0 0.0 0.0 0.0
260.0 0.0 0.0 0.0 0.0 0.0
261.0 0.0 0.0 0.0 0.0 0.0
262.0 0.0 0.0 0.0 0.0 0.0
263.0 0.0 0.0 0.0 0.0 0.0
264.0 0.0 0.0 0.0 0.0 0.0
265.0 0.0 0.0 0.0 0.0 0.0
266.0 0.0 0.0 0.0 0.0 0.0
267.0 0.0 0.0 0.0 0.0 0.0
268.0 0.0 0.0 0.0 0.0 0.0
269.0 0.0 0.0 0.0 0.0 0.0
270.0 0.0 0.0 0.0 0.0 0.0
271.0 0.0 0.0 0.0 0.0 0.0
272.0 0.0 0.0 0.0 0.0 0.0
273.0 0.0 0.0 0.0 0.0 0.0
274.0 0.0 0.0 0.0 0.0 0.0
275.0 0.0 0.0 0.0 0.0 0.0
276.0 0.0 0.0 0.0 0.0 0.0
277.0 0.0 0.0 0.0 0.0 0.0
278.0 0.0 0.0 0.0 0.0 0.0
279.0 0.0 0.0 0.0 0.0 0.0
280.0 0.0 0.0 0.0 0.0 0.0
281.0 0.0 0.0 0.0 0.0 0.0
282.0 0.0 0.0 0.0 0.0 0.0
283.0 0.0 0.0 0.0 0.0 0.0
284.0 0.0 0.0 0.0 0.0 0.0
285.0 0.0 0.0 0.0 0.0 0.0
286.0 0.0 0.0 0.0 0.0 0.0
287.0 0.0 0.0 0.0 0.0 0.0
288.0 0.0 0.0 0.0 0.0 0.0
289.0 0.0 0.0 0.0 0.0 0.0
290.0 0.0 0.0 0.0 0.0 0.0
291.0 0.0 0.0 0.0 0.0 0.0
292.0 0.0 0.0 0.0 0.0 0.0
293.0 0.0 0.0 0.0 0.0 0.0
294.0 0.0 0.0 0.0 0.0 0.0
295.0 0.0 0.0 0.0 0.0 0.0
296.0 0.0 0.0 0.0 0.0 0.0
297.0 0.0 0.0 0.0 0.0 0.0
298.0 0.0 0.0 0.0 0.0 0.0
299.0 0.0 0.0 0.0 0.0 0.0
300.0 0.0 0.0 0.0 0.0 0.0
301.0 0.0 0.0 0.0 0.0 0.0
302.0 0.0 0.0 0.0 0.0 0.0
303.0 0.0 0.0 0.0 0.0 0.0
304.0 0.0 0.0 0.0 0.0 0.0
305.0 0.0 0.0 0.0 0.0 0.0
306.0 0.0 0.0 0.0 0.0 0.0
307.0 0.0 0.0 0.0 0.0 0.0
308.0 0.0 0.0 0.0 0.0 0.0
309.0 0.0 0.0 0.0 0.0 0.0
310.0 0.0 0.0 0.0 0.0 0.0
311.0 0.0 0.0 0.0 0.0 0.0
312.0 0.0 0.0 0.0 0.0 0.0
313.0 0.0 0.0 0.0 0.0 0.0
314.0 0.0 0.0 0.0 0.0 0.0
315.0 0.0 0.0 0.0 0.0 0.0
316.0 0.0 0.0 0.0 0.0 0.0
317.0 0.0 0.0 0.0 0.0 0.0
318.0 0.0 0.0 0.0 0.0 0.0
319.0 0.0 0.0 0.0 0.0 0.0
320.0 0.0 0.0 0.0 0.0 0.0
321.0 0.0 0.0 0.0 0.0 0.0
322.0 0.0 0.0 0.0 0.0 0.0
323.0 0.0 0.0 0.0 0.0 0.0
324.0 0.0 0.0 0.0 0.0 0.0
325.0 0.0 0.0 0.0 0.0 0.0
326.0 0.0 0.0 0.0 0.0 0.0
327.0 0.0 0.0 0.0 0.0 0.0
328.0 0.0 0.0 0.0 0.0 0.0
329.0 0.0 0.0 0.0 0.0 0.0
330.0 0.0 0.0 0.0 0.0 0.0
331.0 0.0 0.0 0.0 0.0 0.0
332.0 0.0 0.0 0.0 0.0 0.0
333.0 0.0 0.0 0.0 0.0 0.0
334.0 0.0 0.0 0.0 0.0 0.0
335.0 0.0 0.0 0.0 0.0 0.0
336.0 0.0 0.0 0.0 0.0 0.0
337.0 0.0 0.0 0.0 0.0 0.0
338.0 0.0 0.0 0.0 0.0 0.0
339.0 0.0 0.0 0.0 0.0 0.0
340.0 0.0 0.0 0.0 0.0 0.0
341.0 0.0 0.0 0.0 0.0 0.0
342.0 0.0 0.0 0.0 0.0 0.0
343.0 0.0 0.0 0.0 0.0 0.0
344.0 0.0 0.0 0.0 0.0 0.0
345.0 0.0 0.0 0.0 0.0 0.0
346.0 0.0 0.0 0.0 0.0 0.0
347.0 0.0 0.0 0.0 0.0 0.0
348.0 0.0 0.0 0.0 0.0 0.0
349.0 0.0 0.0 0.0 0.0 0.0
350.0 0.0 0.0 0.0 0.0 0.0
351.0 0.0 0.0 0.0 0.0 0.0
352.0 0.0 0.0 0.0 0.0 0.0
353.0 0.0 0.0 0.0 0.0 0.0
354.0 0.0 0.0 0.0 0.0 0.0
355.0 0.0 0.0 0.0 0.0 0.0
356.0 0.0 0.0 0.0 0.0 0.0
357.0 0.0 0.0 0.0 0.0 0.0
358.0 0.0 0.0 0.0 0.0 0.0
359.0 0.0 0.0 0.0 0.0 0.0
360.0 0.0 0.0 0.0 0.0 0.0
361.0 0.0 0.0 0.0 0.0 0.0
362.0 0.0 0.0 0.0 0.0 0.0
363.0 0.0 0.0 0.0 0.0 0.0
364.0 0.0 0.0 0.0 0.0 0.0
365.0 0.0 0.0 0.0 0.0 0.0
366.0 0.0 0.0 0.0 0.0 0.0
367.0 0.0 0.0 0.0 0.0 0.0
368.0 0.0 0.0 0.0 0.0 0.0
369.0 0.0 0.0 0.0 0.0 0.0
370.0 0.0 0.0 0.0 0.0 0.0
371.0 0.0 0.0 0.0 0.0 0.0
372.0 0.0 0.0 0.0 0.0 0.0
373.0 0.0 0.0 0.0 0.0 0.0
374.0 0.0 0.0 0.0 0.0 0.0
375.0 0.0 0.0 0.0 0.0 0.0
376.0 0.0 0.0 0.0 0.0 0.0
377.0 0.0 0.0 0.0 0.0 0.0
378.0 0.0 0.0 0.0 0.0 0.0
379.0 0.0 0.0 0.0 0.0 0.0
380.0 0.0 0.0 0.0 0.0 0.0
381.0 0.0 0.0 0.0 0.0 0.0
382.0 0.0 0.0 0.0 0.0 0.0
383.0 0.0 0.0 0.0 0.0 0.0
384.0 0.0 0.0 0.0 0.0 0.0
385.0 0.0 0.0 0.0 0.0 0.0
386.0 0.0 0.0 0.0 0.0 0.0
387.0 0.0 0.0 0.0 0.0 0.0
388.0 0.0 0.0 0.0 0.0 0.0
389.0 0.0 0.0 0.0 0.0 0.0
390.0 0.0 0.0 0.0 0.0 0.0
391.0 0.0 0.0 0.0 0.0 0.0
392.0 0.0 0.0 0.0 0.0 0.0
393.0 0.0 0.0 0.0 0.0 0.0
394.0 8.971596297946443e-17 2.1188248898078658e-17 9.485198517797016e-22 3.9631323709449604e-71 5.523934500098716e-20
395.0 8.965068923798255e-17 2.125033334121055e-17 9.757248267482473e-22 5.5648855610932996e-71 5.624197784338259e-20
396.0 8.958553292438643e-17 2.1312223062308686e-17 1.0035638385142908e-21 7.800601751431303e-71 5.725744141568626e-20
397.0 8.952049252239584e-17 2.1373917966703004e-17 1.0320478761909278e-21 1.0915906710507274e-70 5.828581605169096e-20
398.0 8.945556649316795e-17 2.1435417956380053e-17 1.0611880392549012e-21 1.5249546920215047e-70 5.932718161548312e-20
399.0 8.939075327526681e-17 2.1496722929767005e-17 1.090995537300508e-21 2.126791913572785e-70 6.038161749169683e-20
400.0 8.932605128464015e-17 2.155783278151967e-17 1.1214816897708594e-21 2.961211712827368e-70 6.14492025757871e-20
401.0 1.785229178292492e-16 4.3237494804638494e-17 2.3053158513331974e-21 8.232385887366171e-70 1.250600305286694e-19
402.0 1.7839394907182254e-16 4.335893335732403e-17 2.3690715664623063e-21 1.1424551158161777e-69 1.2724826689067409e-19
403.0 1.7826519299307915e-16 4.347998098531584e-17 2.4342538192264985e-21 1.5828692324613382e-69 1.2946326897706206e-19
404.0 2.672049693656581e-16 6.540095616548989e-17 3.7513291815182656e-21 3.2842779110491975e-69 1.9755778570716418e-19
405.0 2.6701245814390296e-16 6.558135371673413e-17 3.853488299288873e-21 4.535721822415491e-69 2.0096127597332092e-19
406.0 3.5576033421909675e-16 8.768155164660668e-17 5.277191995958873e-21 8.338726197286797e-69 2.7254080204654145e-19
407.0 3.555044555982944e-16 8.792051441047386e-17 5.4194433484533065e-21 1.1479617797725393e-68 2.7718798398938373e-19
408.0 4.44061209917834e-16 1.1019836584502494e-16 6.95598399963435e-21 1.972347118924669e-68 3.52362765408656e-19
409.0 5.324907961112982e-16 1.325941287746497e-16 8.569909077665213e-21 3.2481321656107625e-68 4.2997167493265786e-19
410.0 6.207934893548415e-16 1.5510721330162004e-16 1.0263661619611523e-20 5.192514428416528e-68 5.100567338298768e-19
411.0 7.089695573985822e-16 1.7773702886419486e-16 1.2039735097660686e-20 8.118951003789372e-68 5.926602524913588e-19
412.0 8.855769560582565e-16 2.227588713391223e-16 1.5445193267719552e-20 1.3863665663491091e-67 7.531386970741783e-19
413.0 9.734371361794062e-16 2.4567893607363424e-16 1.743398145922104e-20 2.0800874235217856e-67 8.421526716272772e-19
414.0 1.1496024965990342e-15 2.9110657197959017e-16 2.113987120875277e-20 3.3480391045925064e-67 1.0116469327130144e-18
415.0 1.3255158328458688e-15 3.3676470650926063e-16 2.5023627706862985e-20 5.253501308824346e-67 1.1863938483726245e-18
416.0 1.5894821861644077e-15 4.051611028029511e-16 3.0801854714566585e-20 8.560464313451391e-67 1.4468613973403445e-18
417.0 1.8530712990523975e-15 4.739011660946715e-16 3.685655343997326e-20 1.3541687100248321e-66 1.7153610699605204e-18
418.0 2.204462344882958e-15 5.656074086258046e-16 4.4995863470521275e-20 2.1826704101098664e-66 2.0750251715736657e-18
419.0 2.555351645256816e-15 6.577684993618704e-16 5.3519765978334447e-20 3.4230351756194617e-66 2.445648174522016e-18
420.0 2.905740054655294e-15 7.503820537504259e-16 6.243967276057485e-20 5.258568593133946e-66 2.827406801638809e-18
421.0 3.43160830727842e-15 8.890373419712619e-16 7.564652291788103e-20 8.377953041165402e-66 3.394558759915036e-18
422.0 3.956726470190526e-15 1.0283674345930632e-15 8.946684928372454e-20 1.3013359110210168e-65 3.978705780263375e-18
423.0 4.5689603289054886e-15 1.1912779318644746e-15 1.0595615321302368e-19 2.021492179750009e-65 4.6699227316424334e-18
424.0 5.355925349865862e-15 1.4008999558828507e-15 1.2737206393643649e-19 3.183339312513822e-65 5.563907574251959e-18
425.0 6.141768665041134e-15 1.6115228881863887e-15 1.4976576918364307e-19 4.897025280074013e-65 6.484234899469704e-18
426.0 7.101846060560747e-15 1.869296795979911e-15 1.7754920016721195e-19 7.585803766645607e-65 7.619447398940356e-18
427.0 8.235784734626095e-15 2.1745509549906386e-15 2.1107174133973368e-19 1.176879468875512e-64 8.978657758385387e-18
428.0 9.543212495682473e-15 2.5276122253943765e-15 2.5069575404653443e-19 1.8219128787809244e-64 1.0571162268849417e-17
429.0 1.1023757716481323e-14 2.9288050454712817e-15 2.967968662227358e-19 2.8079034771001913e-64 1.2406442001702527e-17
430.0 1.276447721357745e-14 3.4017510899809067e-15 3.521764320964569e-19 4.332041761187545e-64 1.4594123711195603e-17
431.0 1.4677448094356012e-14 3.9235802266654e-15 4.149407614207219e-19 6.628249996174806e-64 1.7047124158302604e-17
432.0 1.6936907582230652e-14 4.541427825894711e-15 4.905677339043958e-19 1.0164050722439742e-63 1.9981526759009697e-17
433.0 1.954211355659279e-14 5.255935416678443e-15 5.798518891146218e-19 1.5563893512544422e-63 2.341686126638121e-17
434.0 2.2492324737584904e-14 6.067739641013317e-15 6.836160844438413e-19 2.374262053294332e-63 2.7373033607231504e-17
435.0 2.5873918157849773e-14 7.0010447799999564e-15 8.054239618862382e-19 3.615276989593263e-63 3.197799804433105e-17
436.0 2.977302371517246e-14 8.080266067137328e-15 9.49122071491596e-19 5.499570119884125e-63 3.736644355204266e-17
437.0 3.4188530721160645e-14 9.306347364691454e-15 1.1160124570083652e-18 8.337922399222566e-63 4.3569089386590464e-17
438.0 3.929319301472925e-14 1.0727692803642703e-14 1.3132530512737248e-18 1.2636166300339806e-62 5.0842193146857126e-17
439.0 4.5085530384166297e-14 1.2345551561079694e-14 1.5426382975848567e-18 1.9094511290715065e-62 5.922743670847728e-17
440.0 5.173767987708274e-14 1.4208843591457223e-14 1.812105003387116e-18 2.8820940676571014e-62 6.899880982897678e-17
441.0 5.933453852546784e-14 1.6343009192763477e-14 2.1270976804506e-18 4.342089701255103e-62 8.03269754987136e-17
442.0 6.796075706846751e-14 1.8773687184069813e-14 2.4934221379072847e-18 6.525342268446651e-62 9.33902958969502e-17
443.0 7.778736280244174e-14 2.1550711364657575e-14 2.9205119079701093e-18 9.787583475397461e-62 1.0849581576730523e-16
444.0 8.89848896922408e-14 2.4724319149010088e-14 3.418483040403268e-18 1.4654638690981052e-61 1.2596546825257173e-16
445.0 1.0180987784683087e-13 2.8369250388124945e-14 4.001561656521635e-18 2.191875206453434e-61 1.4626066648248442e-16
446.0 1.1634525161684824e-13 3.2512537934367513e-14 4.678064418294876e-18 3.270542554698889e-61 1.69613328691365e-16
447.0 1.329328167910725e-13 3.725401744761145e-14 5.467433174498342e-18 4.873379798732594e-61 1.9664761628846282e-16
448.0 1.517407629396912e-13 4.2645807009263844e-14 6.383272437220894e-18 7.246234303008295e-61 2.277590174232172e-16
449.0 1.731092907930099e-13 4.878902347447109e-14 7.44745225805796e-18 1.0755513062024097e-60 2.636224520227577e-16
450.0 1.9737761280012951e-13 5.578556794693272e-14 8.683367060667918e-18 1.5936806138012465e-60 3.049443991720882e-16
451.0 2.2488395240350724e-13 6.373811724051913e-14 1.011599536726803e-17 2.3569473554369432e-60 3.5246355873882343e-16
452.0 2.5605161085209307e-13 7.27745773359238e-14 1.177591912409278e-17 3.4794105324627e-60 4.070883522253019e-16
453.0 2.9147466375515316e-13 8.307283949024384e-14 1.3703856358183962e-17 5.129414100289214e-60 4.700455923382652e-16
454.0 3.315735651124459e-13 9.476302089725393e-14 1.5935085327209924e-17 7.548157887452752e-60 5.423377915646403e-16
455.0 3.769392931071811e-13 1.0802540034918274e-13 1.8515545502833513e-17 1.108754030729856e-59 6.252952642225491e-16
456.0 4.2824690988463575e-13 1.2306624286386876e-13 2.149850785284758e-17 1.625820483468968e-59 7.204516914902166e-16
457.0 4.863410094568816e-13 1.4014274459006256e-13 2.494954326561576e-17 2.380393922059107e-59 8.297012354505812e-16
458.0 5.519780041959908e-13 1.5948922448511462e-13 2.893410320109048e-17 3.479184917129685e-59 9.548745682843157e-16
459.0 6.260833366966921e-13 1.8139128874697922e-13 3.353097123483259e-17 5.076414136120173e-59 1.0981813795402554e-15
460.0 7.097508571857075e-13 2.061863004955859e-13 3.883337178324265e-17 7.394766530823879e-59 1.2622316607071431e-15
461.0 8.04156687324389e-13 2.342389344155143e-13 4.494534899125518e-17 1.0754257647777313e-58 1.4499033140895783e-15
462.0 9.1064435416722e-13 2.659663475137666e-13 5.19873597145112e-17 1.5614943620443902e-58 1.6645105860097057e-15
463.0 1.0306387745666307e-12 3.018136257394294e-13 6.009253990028423e-17 2.2635164016008122e-58 1.9096684843013978e-15
464.0 1.1658165887260493e-12 3.423040953978602e-13 6.941765361751398e-17 3.275892536447047e-58 2.189626221639817e-15
465.0 1.318019954851872e-12 3.880149018086181e-13 8.01397625062056e-17 4.733510427026417e-58 2.5091386796266185e-15
466.0 1.489255915361465e-12 4.3957744079925386e-13 9.245763244340809e-17 6.828656636604746e-58 2.8734905691495878e-15
467.0 1.6818660414671254e-12 4.977281759292431e-13 1.0660398966580298e-16 9.835750956762512e-58 3.2888540828865638e-15
468.0 1.898355015918074e-12 5.632590411489927e-13 1.22837116909968e-16 1.4144651107231463e-57 3.761997982549741e-15
469.0 2.1416450382277944e-12 6.370937185184787e-13 1.4145931266191556e-16 2.0310114504000894e-57 4.300825817617368e-15
470.0 2.41481938221133e-12 7.202127268548059e-13 1.628030620219649e-16 2.911748520938322e-57 4.91391601806283e-15
471.0 2.7214613105300758e-12 8.137553422223159e-13 1.8725618807559416e-16 4.168048840375333e-57 5.611249598414447e-15
472.0 3.0653976828200958e-12 9.18944611676549e-13 2.1524814158747421e-16 5.957153527985796e-57 6.403750165441666e-15
473.0 3.4510370480839316e-12 1.0371898502457274e-12 2.472768681188453e-16 8.501305510139549e-57 7.304041797130918e-15
474.0 3.883198004286524e-12 1.1700370951135516e-12 2.839014679129574e-16 1.2113650515502331e-56 8.326171062282526e-15
475.0 4.3671922239244864e-12 1.3191956908127804e-12 3.257525505446984e-16 1.7234771380391196e-56 9.485855624215833e-15
476.0 4.909160833034443e-12 1.486641968566738e-12 3.73562786401551e-16 2.4484944737771608e-56 1.0801305882574017e-14
477.0 5.51547959013862e-12 1.6744417462200614e-12 4.281284617281498e-16 3.473261086062752e-56 1.229203052520318e-14
478.0 6.1936868568289194e-12 1.885033564759232e-12 4.903863900679942e-16 4.919738086433289e-56 1.3980980349866493e-14
479.0 6.951719588056962e-12 2.1209999035041417e-12 5.61363090064513e-16 6.958290174334555e-56 1.5892985761365598e-14
480.0 7.798754933131739e-12 2.3853260016708067e-12 6.422493144120511e-16 9.827311192378341e-56 1.805678260695558e-14
481.0 8.744699798747415e-12 2.6812479270615798e-12 7.343694369879994e-16 1.3859184892562624e-55 2.0504017871944897e-14
482.0 9.800608878769077e-12 3.0123836951891917e-12 8.392257993364631e-16 1.951713116990324e-55 2.3270373872904667e-14
483.0 1.0978680071933091e-11 3.382736045210955e-12 9.585106944743703e-16 2.7445588639220603e-55 2.6395754227311615e-14
484.0 1.2292333944988769e-11 3.7967211324730395e-12 1.0941262819995015e-15 3.853968585804356e-55 2.9924678058618396e-14
485.0 1.3756628831419157e-11 4.259301475406955e-12 1.2482362885800605e-15 5.404203159501865e-55 3.390752044695743e-14
486.0 1.538808634931291e-11 4.7759377559984136e-12 1.4232680962773038e-15 7.567405737281624e-55 3.840036273837417e-14
487.0 1.720476929199482e-11 5.352618324003536e-12 1.6219374847919448e-15 1.0581650915127991e-54 4.3465454498688394e-14
488.0 1.9226862017396535e-11 5.996045729975054e-12 1.8473231715497473e-15 1.477600517315067e-54 4.9172980961463e-14
489.0 2.147649429095211e-11 6.713589322355799e-12 2.1028743829661274e-15 2.0604419462050017e-54 5.5600987329294255e-14
490.0 2.3978235377285003e-11 7.513447038267236e-12 2.3924843056970117e-15 2.8692561351976835e-54 6.283703443182182e-14
491.0 2.675891672733277e-11 8.404598477078405e-12 2.720501801369711e-15 3.990110107868583e-54 7.097817585976164e-14
492.0 2.984829100478911e-11 9.397020442050265e-12 3.0918288605087733e-15 5.541299223957834e-54 8.013315587483685e-14
493.0 3.3279186940752836e-11 1.0501746262377154e-11 3.5119736421937353e-15 7.685188256453318e-54 9.042337474971592e-14
494.0 3.708741300801656e-11 1.1730846296761843e-11 3.987079746487958e-15 1.0644230021672248e-53 1.0198320546547898e-13
495.0 4.13126618277687e-11 1.3097725224990132e-11 4.52406541544694e-15 1.4722967646460757e-53 1.1496308851003217e-13
496.0 4.5998577124935093e-11 1.4617157152533702e-11 5.130681839278648e-15 2.0337703704215344e-53 1.2953046069876723e-13
497.0 5.1193069877117513e-11 1.630540030747746e-11 5.815602515345752e-15 2.805673870228579e-53 1.4587142314659718e-13
498.0 5.694871592762277e-11 1.8180339060021302e-11 6.5885279839657404e-15 3.8654839446873494e-53 1.6419272409331608e-13
499.0 6.332331769655393e-11 2.0261680113968538e-11 7.460317125058026e-15 5.318696411895346e-53 1.8472431884875434e-13
500.0 7.038046295917613e-11 2.2571150131422188e-11 8.443127744974853e-15 7.308784841814263e-53 2.0772205551380095e-13
501.0 7.818983172071712e-11 2.5132614734249716e-11 9.550536405932785e-15 1.0030601639163929e-52 2.334697455627751e-13
502.0 8.68277500190279e-11 2.7972278287616003e-11 1.079769604617918e-14 1.3748433786666618e-52 2.622820679913197e-13
503.0 9.637807209380565e-11 3.111899200849261e-11 1.220154583909819e-14 1.8820337079260903e-52 2.945086182929278e-13
504.0 1.0693264399862396e-10 3.4604430339731e-11 1.3780982687734542e-14 2.573076062823092e-52 3.3053687784412567e-13
505.0 1.1859226079432132e-10 3.8463429283226316e-11 1.5557107909587978e-14 3.513440824711048e-52 3.7079685646221307e-13
506.0 1.3146695740938899e-10 4.273411213977604e-11 1.755340270885673e-14 4.79148167222927e-52 4.15763866502537e-13
507.0 1.4567745365172018e-10 4.745839233895142e-11 1.979606949791795e-14 6.526307712111532e-52 4.659650886084217e-13
508.0 1.6135576641647747e-10 5.268221043366384e-11 2.23142839926363e-14 8.878280027097872e-52 5.219837970615302e-13
509.0 1.786463953178608e-10 5.845596117210897e-11 2.5140542872831316e-14 1.2063046066912611e-51 5.84465640082248e-13
510.0 1.9770708982368523e-10 6.483478822766008e-11 2.8310975416877435e-14 1.637022517377353e-51 6.541238451080489e-13
511.0 2.1871059950331712e-10 7.187920509710702e-11 3.186581694617504e-14 2.2188363357396867e-51 7.31747936465383e-13
512.0 2.4184526324378797e-10 7.96553408626327e-11 3.5849744370847464e-14 3.003802893975121e-51 8.182089737371363e-13
513.0 2.673169914882801e-10 8.823564801030235e-11 4.031243950603347e-14 4.0615912221376616e-51 9.144697516280242e-13
514.0 2.953505805810035e-10 9.769939750597342e-11 4.5309089976106626e-14 5.48532887802514e-51 1.0215932069568813e-12
515.0 3.261911012777742e-10 1.0813320374696029e-10 5.0900932775715534e-14 7.399349214272507e-51 1.1407514605832383e-12
516.0 3.601060166186547e-10 1.1963179738959633e-10 5.715594702226337e-14 9.969461780420445e-51 1.2732378387208474e-12
517.0 3.973869599544789e-10 1.3229869367448153e-10 6.414953836028835e-14 1.341652878910524e-50 1.4204782581863796e-12
518.0 4.383516659057542e-10 1.4624691891770124e-10 7.196529119076855e-14 1.803439903567058e-50 1.5840436758489495e-12
519.0 4.833462166654637e-10 1.6159985017957586e-10 8.069582039833594e-14 2.4213577343249587e-50 1.765664248346191e-12
520.0 5.327477649271272e-10 1.7849222365497817e-10 9.044375790248095e-14 3.247244286041504e-50 1.967245896685535e-12
521.0 5.869665875373916e-10 1.9707092934738818e-10 1.0132268774807283e-13 4.349830768318421e-50 2.1908851452020154e-12
522.0 6.46449186260725e-10 2.1749616614033444e-10 1.1345831985525925e-13 5.820145928640171e-50 2.438888538334402e-12
523.0 7.116814512276186e-10 2.399426304580574e-10 1.2698975015946588e-13 7.778616078675862e-50 2.713793190442164e-12
524.0 7.831913163849544e-10 2.6460054594086934e-10 1.4207070771844726e-13 1.0384374054730494e-49 3.018386305742532e-12
525.0 8.615528619332384e-10 2.9167719342715824e-10 1.5887114151802375e-13 1.3847473923857503e-49 3.3557311561455854e-12
526.0 9.473898226728782e-10 3.2139825581711727e-10 1.7757879773419185e-13 1.8444875503277204e-49 3.729191917195137e-12
527.0 1.0413794798232877e-09 3.5400930713463744e-10 1.9840096466186194e-13 2.454134973162091e-49 4.142461102477533e-12
528.0 1.1442571768658052e-09 3.8977752950815715e-10 2.2156644361023223e-13 3.2616797212763986e-49 4.599590697084129e-12
529.0 1.256820968646036e-09 4.289934934929681e-10 2.473276667025584e-13 4.3301897922076406e-49 5.1050252043885055e-12
530.0 1.3799366452511493e-09 4.71973084874207e-10 2.7596301717598495e-13 5.742458716840358e-49 5.6636376643204805e-12
531.0 1.5145430467493018e-09 5.190595508924727e-10 3.077793481213813e-13 7.607057592008947e-49 6.280768435424271e-12
532.0 1.6616579087781416e-09 5.70625749587831e-10 3.431147607894926e-13 1.0066208496755313e-48 6.96226786431148e-12
533.0 1.8223842348622924e-09 6.270766032756869e-10 3.8234165915487617e-13 1.3306016927491962e-48 7.714543018221208e-12
534.0 1.9979167070788304e-09 6.888515901620714e-10 4.258699947926552e-13 1.756975214752975e-48 8.544606588202038e-12
535.0 2.189549020753555e-09 7.564275801053104e-10 4.741509011228703e-13 2.3175071467702722e-48 9.460131840246003e-12
536.0 2.398681572440562e-09 8.303218212347004e-10 5.276806201851901e-13 3.053633202986349e-48 1.0469511447801554e-11
537.0 2.6268295782791205e-09 9.110951056796167e-10 5.870047551874436e-13 4.019346203360516e-48 1.1581920700245465e-11
538.0 2.8756321011673874e-09 9.99355282550672e-10 6.527229758871589e-13 5.284928778309184e-48 1.280738739989906e-11
539.0 3.1468614976063094e-09 1.095760951990944e-09 7.254940950698964e-13 6.941773623329706e-48 1.4156866582933731e-11
540.0 3.4424333603003958e-09 1.2010253686245903e-09 8.060415538621697e-13 9.108601591441276e-48 1.5642320598258445e-11
541.0 3.764417512983232e-09 1.3159207510568746e-09 8.951594707347192e-13 1.193947606898529e-47 1.7276807314425858e-11
542.0 4.115049808586814e-09 1.4412829150140073e-09 9.93719231766035e-13 1.5634121732093681e-47 1.9074575699646048e-11
543.0 4.496744083421023e-09 1.578016006501959e-09 1.1026764960557622e-12 2.0451193941753546e-47 2.1051166071479768e-11
544.0 4.912106023237511e-09 1.727097952804789e-09 1.2230790701867723e-12 2.67253324411878e-47 2.322352344109966e-11
545.0 5.363947089250471e-09 1.8895859876813536e-09 1.3560752476055091e-12 3.488904850644492e-47 2.561011580871459e-11
546.0 5.855299458908676e-09 2.0666225877044094e-09 1.5029228745497016e-12 4.550079077062167e-47 2.8231062119016506e-11
547.0 6.389432928731281e-09 2.259442159177645e-09 1.6649994323908906e-12 5.928090656451138e-47 3.1108274910718334e-11
548.0 6.969871612910201e-09 2.469377716992157e-09 1.8438126340818715e-12 7.715765647405977e-47 3.426560775566406e-11
549.0 7.60041266385345e-09 2.697868344271568e-09 2.0410121454048393e-12 1.0032605339033376e-46 3.77290185747414e-11
550.0 8.2851462028704e-09 2.9464671531775378e-09 2.2584022856978746e-12 1.3032302086344592e-46 4.152674554646682e-11
551.0 9.028476131584114e-09 3.216849634718873e-09 2.4979556725411785e-12 1.6912329682290177e-46 4.5689494467510506e-11
552.0 9.835142686871404e-09 3.510822709194354e-09 2.761828100682221e-12 2.192617028551575e-46 5.025064239755848e-11
553.0 1.0710246406222579e-08 3.830334365770907e-09 3.0523746350422567e-12 2.839888723563948e-46 5.524645659762896e-11
554.0 1.1659273805999475e-08 4.17748400560215e-09 3.3721670728741273e-12 3.674694104723039e-46 6.071633096394881e-11
555.0 1.2688124044096844e-08 4.554533234375334e-09 3.724012640178366e-12 4.7503378142292515e-46 6.670303687126208e-11
556.0 1.3803138530180281e-08 4.9639178142469354e-09 4.110974566656822e-12 6.134982530099523e-46 7.325299934776796e-11
557.0 1.501113140507494e-08 5.4082600393573814e-09 4.536394032577126e-12 7.915708273999441e-46 8.041658864847433e-11
558.0 1.6319422217553243e-08 5.890382017667909e-09 5.003913956443214e-12 1.0203658283448636e-45 8.824843490127681e-11
559.0 1.7735871170266635e-08 6.413320002962738e-09 5.51750484402867e-12 1.3140556501996017e-45 9.680776882572955e-11
560.0 1.9268915807928905e-08 6.980339379852165e-09 6.081492463348927e-12 1.69069538263535e-45 1.0615878343806048e-10
561.0 2.0927610780502647e-08 7.59495090013364e-09 6.7005879566917016e-12 2.173265317529574e-45 1.163710265601626e-10
562.0 2.272166963035542e-08 8.260927801637441e-09 7.379920192101886e-12 2.790987607531463e-45 1.27519819574544e-10
563.0 2.4661509207485556e-08 8.982324037929905e-09 8.125070667749646e-12 3.580987689946336e-45 1.396867068313571e-10
564.0 2.675829723270559e-08 9.763493819614776e-09 8.942111280843776e-12 4.590388917338533e-45 1.5295993990153632e-10
565.0 2.9024001958190728e-08 1.0609112096547441e-08 9.837644764756777e-12 5.878950774794235e-45 1.6743499205053652e-10
566.0 3.147144608815521e-08 1.1524196781378564e-08 1.081884866747564e-11 7.522389137171864e-45 1.832151165968247e-10
567.0 3.411436257353824e-08 1.2514131857356698e-08 1.1893522246723484e-11 9.616550632111072e-45 2.0041193703201192e-10
568.0 3.696745521866983e-08 1.3584692457295403e-08 1.3070137452588602e-11 1.2282656818782427e-44 2.191460873578612e-10
569.0 4.004646147885449e-08 1.4742070969351716e-08 1.4357893296010595e-11 1.5673885743236134e-44 2.39547889119993e-10
570.0 4.3368220298053244e-08 1.5992905228833447e-08 1.5766774792898962e-11 1.998362552133601e-44 2.6175808354359073e-10
571.0 4.695074314464555e-08 1.7344308136888818e-08 1.7307616064398256e-11 2.5455814925746456e-44 2.8592860986245814e-10
572.0 5.0813289369366983e-08 1.880389913492989e-08 1.8992168215449167e-11 3.2397887715779866e-44 3.1222343839639587e-10
573.0 5.49764464550952e-08 2.0379837763800802e-08 2.08331724563192e-11 4.1196962565920643e-44 3.4081946401498915e-10
574.0 5.9462214404393364e-08 2.208085904792693e-08 2.2844438454854355e-11 5.234007426745366e-44 3.7190745763401097e-10
575.0 6.42940950636952e-08 2.3916311018352743e-08 2.5040928488886975e-11 6.643943353528683e-44 4.056930828964438e-10
576.0 6.949718694241086e-08 2.5896194602885327e-08 2.743884791514626e-11 8.426393871500377e-44 4.423979840495471e-10
577.0 7.509828515153719e-08 2.8031205765753373e-08 3.005574213053035e-11 1.0677845266248259e-43 4.822609453252003e-10
578.0 8.112598701353572e-08 3.0332780123786646e-08 3.291060057142259e-11 1.3519271702764012e-43 5.255391280140598e-10
579.0 8.76108038110236e-08 3.28131402372343e-08 3.60239682960661e-11 1.7102221762195288e-43 5.725093911667239e-10
580.0 9.458527875070259e-08 3.5485345628814957e-08 3.941806556346833e-11 2.1616385696097772e-43 6.234696995376016e-10
581.0 1.0208411129265763e-07 3.836334561249639e-08 4.311691586840017e-11 2.7298995712287166e-43 6.787406229638022e-10
582.0 1.1014428852879136e-07 4.146203521496148e-08 4.7146483139104656e-11 3.444649367159247e-43 7.386669350714353e-10
583.0 1.1880522413174336e-07 4.479731441474238e-08 5.153481877745929e-11 4.3429001211289925e-43 8.036193184728886e-10
584.0 1.2810890400941384e-07 4.838615040285924e-08 5.63122186496262e-11 5.470825017478047e-43 8.73996174463008e-10
585.0 1.3810004071228865e-07 5.2246643665934954e-08 6.151139140635337e-11 6.885978319167385e-43 9.50225554918678e-10
586.0 1.4882623602036621e-07 5.639809770984796e-08 6.716763843948272e-11 8.660041858655858e-43 1.032767216940249e-09
587.0 1.6033815152047115e-07 6.08610923846085e-08 7.331904594628504e-11 1.0882219986264103e-42 1.1221148032634246e-09
588.0 1.7268968926906854e-07 6.565756163847557e-08 8.000669063857712e-11 1.3663432783206698e-42 1.2187981675713713e-09
589.0 1.8593818164348633e-07 7.081087540005666e-08 8.727485934702197e-11 1.7141490988884595e-42 1.3233858436064764e-09
590.0 2.0014459040125835e-07 7.634592563208095e-08 9.517128318261548e-11 2.1487477294757894e-42 1.4364876632160077e-09
591.0 2.1537371754443806e-07 8.228921758504183e-08 1.0374738817826339e-10 2.6913609157087594e-42 1.5587575472045489e-09
592.0 2.3169442585451624e-07 8.86689654809266e-08 1.1305856217340769e-10 3.368291910978872e-42 1.6908964596720787e-09
593.0 2.4917987122085047e-07 9.551519347821233e-08 1.2316443972447727e-10 4.212116342745281e-42 1.8336555469056686e-09
594.0 2.679077471199204e-07 1.0285984210167738e-07 1.341292060683472e-10 5.263146055096527e-42 1.9878394699111992e-09
595.0 2.8796054121618096e-07 1.1073688017336322e-07 1.4602192101231224e-10 6.571227079094247e-42 2.15430993705402e-09
596.0 3.0942580435210965e-07 1.1918242239486571e-07 1.589168637998751e-10 8.197946260296475e-42 2.333989445603922e-09
597.0 3.323964342200698e-07 1.2823485351334448e-07 1.7289390109413068e-10 1.0219337362749468e-41 2.52786525661432e-09
598.0 3.5697097199202553e-07 1.3793495846255183e-07 1.8803887825205805e-10 1.2729197076722235e-41 2.736993598015717e-09
599.0 3.832539140261945e-07 1.4832605934862818e-07 2.0444403605116704e-10 1.584314529592672e-41 2.9625041197694315e-09
600.0 4.1135603878987805e-07 1.594541593929979e-07 2.2220845410237676e-10 1.9703592881801941e-41 3.2056046106737963e-09
601.0 4.413947495788381e-07 1.7136809411622322e-07 2.414385224635367e-10 2.448581508875394e-41 3.467585990077088e-09
602.0 4.734944340490178e-07 1.8411969021840752e-07 2.622484432733657e-10 3.040537109929374e-41 3.749827591621937e-09
603.0 5.077868403616924e-07 1.9776393214317222e-07 2.8476076363442847e-10 3.772716109273523e-41 4.053802747098934e-09
604.0 5.44411471752481e-07 2.123591370945881e-07 3.09106942139476e-10 4.67764739809534e-41 4.381084694695704e-09
605.0 5.835159992930697e-07 2.279671384871828e-07 3.354279504001528e-10 5.795245314242776e-41 4.73335282043816e-09
606.0 6.252566943211003e-07 2.446534784752885e-07 3.6387491195680214e-10 7.174449714893487e-41 5.112399255608823e-09
607.0 6.697988807227014e-07 2.6248760970872123e-07 3.946097803121479e-10 8.875222024905635e-41 5.520135843206423e-09
608.0 7.173174078352607e-07 2.81543106691013e-07 4.278060582330423e-10 1.0970972719333836e-40 5.958601491615161e-09
609.0 7.679971454582347e-07 3.018978874026888e-07 4.63649560987977e-10 1.3551511319083117e-40 6.4299699402499335e-09
610.0 8.220335007316826e-07 3.2363444517833503e-07 5.023392252655944e-10 1.6726628713645193e-40 6.936557948317501e-09
611.0 8.796329588484807e-07 3.4684009169439064e-07 5.440879669187615e-10 2.063044417869585e-40 7.48083393665342e-09
612.0 9.410136472449778e-07 3.716072110167902e-07 5.891235893928556e-10 2.5426676445419487e-40 8.065427093927082e-09
613.0 1.0064059254104455e-06 3.980335256422647e-07 6.376897463100093e-10 3.1315030628888683e-40 8.693136980072e-09
614.0 1.0760529998434807e-06 4.262223744420188e-07 6.900469601900842e-10 3.853893159364222e-40 9.366943638402843e-09
615.0 1.1502115664649218e-06 4.562830035169466e-07 7.464737011230902e-10 4.739488088760445e-40 1.0090018252238663e-08
616.0 1.229152480481858e-06 4.88330870064158e-07 8.072675278887254e-10 5.824376993811099e-40 1.0865734362845812e-08
617.0 1.3131614544152777e-06 5.224879596395093e-07 8.727462945582753e-10 7.152454869927324e-40 1.1697679672134539e-08
618.0 1.4025397867304997e-06 5.588831178914988e-07 9.432494268837848e-10 8.777072846902706e-40 1.2589668469657826e-08
619.0 1.4976051201832897e-06 5.976523965253036e-07 1.019139270737092e-09 1.076302922914333e-39 1.3545754694946637e-08
620.0 1.5986922322618012e-06 6.389394145565268e-07 1.10080251712473e-09 1.318896996515595e-39 1.4570245675756633e-08
621.0 1.7061538583882852e-06 6.828957352377792e-07 1.1886517073335961e-09 1.6150280700116336e-39 1.5667716568604146e-08
622.0 1.8203615482946843e-06 7.296812589433659e-07 1.2831268217049576e-09 1.9762568630757498e-39 1.684302552629109e-08
623.0 1.94170655741457e-06 7.794646328718262e-07 1.384696956657695e-09 2.4165851523903135e-39 1.8101329630934772e-08
624.0 2.0706007746538457e-06 8.32423678240906e-07 1.4938620944371848e-09 2.952959402164351e-39 1.944810162781624e-08
625.0 2.2074776861280263e-06 8.887458349405316e-07 1.6111549689459293e-09 3.6058758391312886e-39 2.0889147479621888e-08
626.0 2.352793377685063e-06 9.486286249092891e-07 1.737143033456903e-09 4.4001069059893665e-39 2.2430624791523857e-08
627.0 2.5070275762340415e-06 1.012280134382117e-06 1.8724305341999752e-09 5.365572840396479e-39 2.4079062132559637e-08
628.0 2.6706847315277565e-06 1.0799195158142106e-06 2.0176606951365507e-09 6.53838665604946e-39 2.5841379294850297e-08
629.0 2.844295139644441e-06 1.1517775101297208e-06 2.1735180191388943e-09 7.962106169888897e-39 2.772490852953204e-08
630.0 3.028416108433886e-06 1.2280969895511918e-06 2.340730710219192e-09 9.689233076006752e-39 2.9737416789698664e-08
631.0 3.2236331674546785e-06 1.3091335221842044e-06 2.5200732233424473e-09 1.1783006601103148e-38 3.1887129033515305e-08
632.0 3.430561322721864e-06 1.3951559586446818e-06 2.7123689468959145e-09 1.4319548179369704e-38 3.418275262047661e-08
633.0 3.649846357333952e-06 1.4864470413219049e-06 2.9184930236200924e-09 1.739042411720625e-38 3.663350284185263e-08
634.0 3.8821661799273385e-06 1.5833040372326783e-06 3.139375316706584e-09 2.110570566577527e-38 3.9249129636244465e-08
635.0 4.128232221353926e-06 1.68603939479594e-06 3.376003526755791e-09 2.559762060646295e-38 4.2039945526878326e-08
636.0 4.388790881713791e-06 1.7949814255677245e-06 3.6294264668724853e-09 3.102490779894279e-38 4.501685483569445e-08
637.0 4.664625027466542e-06 1.9104750109987695e-06 3.900757501443813e-09 3.757800657131182e-38 4.819138420606104e-08
638.0 4.956555541996372e-06 2.0328823357719596e-06 4.191178157338739e-09 4.5485236943390575e-38 5.157571450417673e-08
639.0 5.265442928464856e-06 2.162583647426148e-06 4.501941912768259e-09 5.502015501303469e-38 5.5182714124055585e-08
640.0 5.5921889681386206e-06 2.29997804375645e-06 4.834378172856945e-09 6.651030124869171e-38 5.902597376666495e-08
641.0 5.937738434329042e-06 2.445484288238362e-06 5.189896438689938e-09 8.034759867145621e-38 6.311984273370249e-08
642.0 6.303080863169865e-06 2.5995416541712217e-06 5.569990677715675e-09 9.700070405750084e-38 6.747946678868168e-08
643.0 6.689252383015689e-06 2.7626107984708716e-06 5.976243904122511e-09 1.1702966949513425e-37 7.21208276451882e-08
644.0 7.097337602923497e-06 2.935174665501909e-06 6.410332976903318e-09 1.411033352245442e-37 7.706078412937041e-08
645.0 7.528471562153637e-06 3.1177394219509846e-06 6.874033624858521e-09 1.7001994932262372e-37 8.23171150805933e-08
646.0 7.98384174108571e-06 3.310835423111075e-06 7.369225706676402e-09 2.047315972352272e-37 8.790856403887866e-08
647.0 8.464690135005776e-06 3.5150182113874294e-06 7.897898715412904e-09 2.463731266341875e-37 9.385488578024418e-08
648.0 8.972315392071832e-06 3.7308695477788954e-06 8.46215753683424e-09 2.962963730300624e-37 1.0017689476077353e-07
649.0 9.508075016203613e-06 3.958998476859152e-06 9.064228470825842e-09 3.56110631896337e-37 1.0689651552524977e-07
650.0 1.0073387636135913e-05 4.200042425989792e-06 9.706465525780763e-09 4.277304871577021e-37 1.1403683514274058e-07
651.0 1.066973534171768e-05 4.454668339435773e-06 1.0391356996006337e-08 5.134322976237926e-37 1.2162215773101923e-07
652.0 1.1298666088127803e-05 4.723573847884943e-06 1.1121532332053116e-08 6.159208668200682e-37 1.2967806112818199e-07
653.0 1.1961796169145865e-05 5.007488474070619e-06 1.189976931457611e-08 7.384080829567742e-37 1.3823145577617785e-07
654.0 1.2660812761021277e-05 5.307174875369241e-06 1.2729001543028028e-08 8.847056205271178e-37 1.4731064588692243e-07
655.0 1.339747653640862e-05 5.623430123379511e-06 1.3612326248698958e-08 1.0593341500589278e-36 1.569453929388808e-07
656.0 1.4173624350429799e-05 5.957087021574872e-06 1.4553012444428849e-08 1.26765191635719e-36 1.6716698158278767e-07
657.0 1.4991171999344838e-05 6.30901546146447e-06 1.5554509422055588e-08 1.51600602705399e-36 1.780082880182878e-07
658.0 1.5852117051858122e-05 6.680123817506382e-06 1.662045560842918e-08 1.811910353421647e-36 1.8950385089871004e-07
659.0 1.6758541755149504e-05 7.071360381885798e-06 1.7754687793215235e-08 2.1642545969036994e-36 2.0168994484658782e-07
660.0 1.7712616014275742e-05 7.483714838823108e-06 1.896125073841497e-08 2.5835498312355184e-36 2.1460465662271698e-07
661.0 1.871660044750539e-05 7.918219779726891e-06 2.024440718385997e-08 3.082216709157336e-36 2.2828796403902857e-07
662.0 1.9772849516548923e-05 8.375952258990631e-06 2.1608648259444318e-08 3.6749235420776356e-36 2.427818176635556e-07
663.0 2.088381473264381e-05 8.858035391073216e-06 2.305870431718866e-08 4.378982643897834e-36 2.5813022539037066e-07
664.0 2.2052047939288642e-05 9.365639989435627e-06 2.459955619635094e-08 5.214814701018722e-36 2.743793399465118e-07
665.0 2.328020467045253e-05 9.899986247070998e-06 2.623644693287531e-08 6.206492517957094e-36 2.915775493843547e-07
666.0 2.4571047585818833e-05 1.0462345459522097e-05 2.797489392769868e-08 7.382377326622169e-36 3.0977557064215107e-07
667.0 2.5927449982825745e-05 1.1054041790519646e-05 2.9820701586737665e-08 8.775862973637525e-36 3.290265462342534e-07
668.0 2.7352399384403748e-05 1.1676454080003732e-05 3.1779974444581795e-08 1.0426245758602406e-35 3.493861441219405e-07
669.0 2.884900120372079e-05 1.2331017695314905e-05 3.385913078687648e-08 1.2379740538207314e-35 3.7091266084660026e-07
670.0 3.042048248457401e-05 1.3019226425201732e-05 3.6064916783562736e-08 1.4690666991689794e-35 3.9366712797387275e-07
671.0 3.207019571767785e-05 1.374263441697471e-05 3.8404421147174366e-08 1.7422833730778456e-35 4.177134219180064e-07
672.0 3.380162273197687e-05 1.4502858156654464e-05 4.088509032929176e-08 2.065115230531416e-35 4.4311837720168617e-07
673.0 3.561837866068023e-05 1.5301578492201416e-05 4.3514744269095354e-08 2.4463518191847186e-35 4.699519032140709e-07
674.0 3.7524215981037303e-05 1.6140542699619298e-05 4.6301592707328166e-08 2.896300165407057e-35 4.982871045211004e-07
675.0 3.952302862710589e-05 1.702156659181983e-05 4.9254252079404746e-08 3.4270398044463383e-35 5.28200404785125e-07
676.0 4.1618856174639466e-05 1.7946536670076435e-05 5.2381763001402666e-08 4.052719480399762e-35 5.597716743492227e-07
677.0 4.381588809632342e-05 1.8917412317503113e-05 5.569360836167834e-08 4.7899021257094e-35 5.930843615293568e-07
678.0 4.611846808734066e-05 1.9936228034742182e-05 5.919973203315125e-08 5.657965746259825e-35 6.282256276806776e-07
679.0 4.853109845826208e-05 2.1005095716751182e-05 6.291055821765344e-08 6.679569005210172e-35 6.652864860638026e-07
680.0 5.105844459485139e-05 2.2126206970688795e-05 6.68370114370629e-08 7.88119163909044e-35 7.043619445711155e-07
681.0 5.3705339482532914e-05 2.3301835474098784e-05 7.099053718368537e-08 9.293761377200273e-35 7.455511523477441e-07
682.0 5.647678829385207e-05 2.4534339372831475e-05 7.538312324311533e-08 1.0953380798705167e-34 7.889575503488684e-07
683.0 5.9377973036338106e-05 2.582616371773465e-05 8.002732170161136e-08 1.2902169582515955e-34 8.346890258613392e-07
684.0 6.241425725918047e-05 2.7179842939569357e-05 8.4936271651329e-08 1.5189239919872267e-34 8.828580710303679e-07
685.0 6.559119081599814e-05 2.8598003361104976e-05 9.012372260523912e-08 1.7871825509073278e-34 9.335819454151777e-07
686.0 6.89145146805031e-05 3.008336574512678e-05 9.56040586328182e-08 2.1016587583104615e-34 9.869828425891555e-07
687.0 7.239016581361481e-05 3.1638747877841434e-05 1.0139232322990829e-07 2.4701124887628394e-34 1.0431880608233625e-06
688.0 7.602428207785835e-05 3.326706718596831e-05 1.075042449323395e-07 2.901571848736591e-34 1.1023301778521385e-06
689.0 7.982320719543693e-05 3.497134338602862e-05 1.139562636834339e-07 3.406534680299627e-34 1.1645472297249225e-06
690.0 8.379349574917369e-05 3.67547011655608e-05 1.2076555796934497e-07 3.997201144612448e-34 1.2299828937873245e-06
691.0 8.794191821880725e-05 3.862037289303719e-05 1.279500727265039e-07 4.687742030890964e-34 1.2987866757350031e-06
692.0 9.227546605254074e-05 4.0571701356488465e-05 1.3552854803567782e-07 5.494608108524209e-34 1.371114100788932e-06
693.0 9.680135676754983e-05 4.2612142528110893e-05 1.4352054860809528e-07 6.4368866052856415e-34 1.4471269089480739e-06
694.0 0.00010152703907612751 4.4745268353418994e-05 1.5194649407299994e-07 7.536711766518801e-34 1.5269932543158688e-06
695.0 0.00010646019803238534 4.697476956271287e-05 1.6082769007308693e-07 8.819737442452778e-34 1.6108879084679396e-06
696.0 0.00011160876019587574 4.9304458503248404e-05 1.7018636017604015e-07 1.0315680779861813e-33 1.6989924678468568e-06
697.0 0.00011698089880662366 5.173827198965377e-05 1.8004567860719506e-07 1.205894737779028e-33 1.791495565138421e-06
698.0 0.00012258503896590977 5.4280274170046904e-05 1.9042980380759493e-07 1.4089349725691305e-33 1.8885930845776105e-06
699.0 0.0001284298628192173 5.693465940620383e-05 2.013639128243941e-07 1.6452932399210465e-33 1.9904883811602476e-06
700.0 0.0001345243147330304 5.97057551640175e-05 2.128742365327398e-07 1.9202919368872327e-33 2.0973925036600297e-06
