200.0 2.5929194721034576e-05 1.0278686005698058e-08 1.645094002413481e-14 2.3221760877873586e-105 0.9999740605255214
201.0 2.732784182210921e-05 1.1263634243179005e-08 1.9264876120546555e-14 8.060512728128211e-105 0.9999726608932773
202.0 2.8786953415568224e-05 1.233178580060938e-08 2.25248923806088e-14 2.7636242297021694e-104 0.9999712007133373
203.0 3.0308432512272584e-05 1.3489185059468352e-08 2.62960347032641e-14 9.361020575381026e-104 0.9999696780765498
204.0 3.1894215256719726e-05 1.4742239433259848e-08 3.065199004061988e-14 3.133089653910788e-103 0.9999680910404588
205.0 3.354627075451039e-05 1.6097736127494534e-08 3.5676118998980114e-14 1.0363438551738562e-102 0.9999664376290754
206.0 3.526660088332763e-05 1.7562859395169445e-08 4.146259749041356e-14 3.3883705887128815e-102 0.9999647158334338
207.0 3.70572400876415e-05 1.9145208290012332e-08 4.811767734628998e-14 1.0952342162031807e-101 0.9999629236113944
208.0 3.892025515745678e-05 2.0852814919335278e-08 5.576107654593103e-14 3.5004499356229346e-101 0.9999610588881348
209.0 4.085774499135452e-05 2.269416319783444e-08 6.452751049684056e-14 1.1063991372413787e-100 0.9999591195563207
210.0 4.287184034412457e-05 2.467820810320999e-08 7.456837662947282e-14 3.458914760007487e-100 0.9999571034761933
211.0 4.49647035593067e-05 2.6814395434003805e-08 8.605360544040183e-14 1.0697336055267867e-99 0.9999550084759158
212.0 4.713852828693931e-05 2.9112682069549212e-08 9.91736920342693e-14 3.273298157163459e-99 0.9999528323518814
213.0 4.939553918683566e-05 3.158355673144083e-08 1.141419231784255e-13 9.91139514886883e-99 0.9999505728689887
214.0 5.1737991617704164e-05 3.4238061245429016e-08 1.3119681589580274e-13 2.9702106291059264e-98 0.9999482277607414
215.0 5.416817131247695e-05 3.708781230217042e-08 1.5060478468271287e-13 8.810603976952565e-98 0.9999457947297413
216.0 5.668839404016281e-05 4.0145023714738025e-08 1.726630555496353e-13 2.5873290924813676e-97 0.9999432714481015
217.0 5.930100525454889e-05 4.3422529170282914e-08 1.9770284624614531e-13 7.522906565603364e-97 0.9999406555573905
218.0 6.200837973016723e-05 4.693380547280968e-08 2.2609283324706342e-13 2.1660426654237814e-96 0.9999379446693558
219.0 6.481292118581524e-05 5.0692996273431475e-08 2.5824292734585755e-13 6.1766635090964355e-96 0.9999351363661351
220.0 6.771706189601884e-05 5.471493628403964e-08 2.9460838102534243e-13 1.7446313406269386e-95 0.9999322282005709
221.0 7.072326229079886e-05 5.90151759698056e-08 3.3569425215476216e-13 4.881714180461711e-95 0.9999292176965383
222.0 7.383401054413148e-05 6.361000671546448e-08 3.820602499977361e-13 1.353365575450338e-94 0.9999261023496667
223.0 7.705182215139178e-05 6.851648645975132e-08 4.3432599100709023e-13 3.717801169855464e-94 0.9999228796272586
224.0 8.037923949625483e-05 7.37524657920316e-08 4.931766934328951e-13 1.012135464252302e-93 0.9999195469689837
225.0 8.381883140736437e-05 7.933661450454851e-08 5.593693413767788e-13 2.731019612576981e-93 0.9999161017873422
226.0 8.737319270513138e-05 8.528844859328137e-08 6.337393505915003e-13 7.304592792697972e-93 0.9999125414679009
227.0 9.10449437390834e-05 9.162835769998747e-08 7.172077700498183e-13 1.9368796365357002e-92 0.9999088633698242
228.0 9.483672991610603e-05 9.837763298747969e-08 8.107890550897369e-13 5.092068288798267e-92 0.9999050648263165
229.0 9.875122121995703e-05 1.0555849543976944e-07 9.155994497862016e-13 1.327453862054029e-91 0.9999011431450765
230.0 0.0001027911117224245 1.1319412457824729e-07 1.03286601810122e-12 3.431832650761749e-91 0.9998970956087078
231.0 0.00010695911908651104 1.213086875846692e-07 1.1639363653255604e-12 8.799565147683221e-91 0.9998929194752346
232.0 0.00011125798406201018 1.2992736882125652e-07 1.3102890933452344e-12 2.238055977114621e-90 0.9998886119786257
233.0 0.00011569046997381336 1.390763997377853e-07 1.4735450353443068e-12 5.646777716327793e-90 0.9998841703290833
234.0 0.0001202593622033967 1.4878308915525788e-07 1.6554793176941419e-12 1.4134975717565032e-89 0.9998795917138193
235.0 0.00012496746766373247 1.5907585391513038e-07 1.8580342989717636e-12 3.510733975034168e-89 0.9998748732972623
236.0 0.00012981761426810896 1.6998424988295694e-07 2.083333438305027e-12 8.652714394814817e-89 0.9998700122217488
237.0 0.0001348126503931201 1.8153900329469394e-07 2.3336961475480915e-12 2.1164148005196168e-88 0.9998650056078862
238.0 0.00013995544433626525 1.9377204243376347e-07 2.6116536841577378e-12 5.137890636962829e-88 0.9998598505552543
239.0 0.00014524888376840668 2.0671652962638443e-07 2.919966144056387e-12 1.2380709672974604e-87 0.9998545441426333
240.0 0.000150695875181586 2.2040689354270037e-07 3.261640616245133e-12 2.961577700191546e-87 0.9998490834289077
241.0 0.00015629934333233187 2.3487886179039344e-07 3.639950563447293e-12 7.03326939640277e-87 0.9998434654531109
242.0 0.00016206223068106776 2.5016949378786524e-07 4.058456495648563e-12 1.6583907618758966e-86 0.999837687235479
243.0 0.00016798749682765332 2.663172139029255e-07 4.521028006012676e-12 3.882847270238584e-86 0.9998317457774565
244.0 0.00017407811794368507 2.8336184484355147e-07 5.031867241337544e-12 9.027869325114155e-86 0.9998256380626139
245.0 0.00018033708620167463 3.0134464128624094e-07 5.5955338819242505e-12 2.0846292122244486e-85 0.9998193610570866
246.0 0.00018676740920147659 3.2030832372763417e-07 6.21697170850086e-12 4.780985776991282e-85 0.999812911709927
247.0 0.00019337210939439017 3.402971125449346e-07 6.901536836650199e-12 1.089148377690629e-84 0.9998062869539295
248.0 0.00020015422350506712 3.6135676224997605e-07 7.655027702028953e-12 2.4647502514475534e-84 0.9997994837059384
249.0 0.00020711680195168429 3.835345959221052e-07 8.483716882558662e-12 5.541276294491959e-84 0.9997924988674864
250.0 0.0002142629082646219 4.068795398045231e-07 9.394384846683e-12 1.2377470247226846e-83 0.9997853293253908
251.0 0.0002215956185039109 4.3144215804857956e-07 1.0394355719739636e-11 2.747089557783428e-83 0.999777971952205
252.0 0.0002291180206757984 4.5727468759050354e-07 1.1491535163481223e-11 6.058508100257434e-83 0.9997704236067659
253.0 0.00023683321414867288 4.84431073144746e-07 1.2694450466789344e-11 1.327831902258617e-82 0.9997626811346975
254.0 0.00024474430906873146 5.129670022982396e-07 1.4012292948669994e-11 2.892258497335935e-82 0.9997547413692454
255.0 0.00025285442577539406 5.429399406890131e-07 1.5454962777658997e-11 6.261512916330206e-82 0.9997466011313465
256.0 0.0002611666942171051 5.744091672538143e-07 1.7033116314879823e-11 1.3474128901857526e-81 0.9997382572305177
257.0 0.00026968425336751703 6.074358095279597e-07 1.8758216091060103e-11 2.8822519833586617e-81 0.9997297064653979
258.0 0.0002784102506423067 6.420828789811255e-07 2.0642583530933254e-11 6.129190833425152e-81 0.9997209456240135
259.0 0.0002873478413170895 6.784153063731887e-07 2.269945454159076e-11 1.2958177915192143e-80 0.9997119714845617
260.0 0.00029650018794649343 7.164999771133154e-07 2.494303808444875e-11 2.7238521247578405e-80 0.9997027808160058
261.0 0.00030587045978454146 7.564057666056636e-07 2.738857785363179e-11 5.693124146592742e-80 0.9996933703782351
262.0 0.00031546183220696014 7.982035755661295e-07 3.005241718674121e-11 1.1832421452638655e-79 0.9996837369230855
263.0 0.00032527748613514327 8.419663652925376e-07 3.2952067337038764e-11 2.4455713138362324e-79 0.999673877194547
264.0 0.0003353206074623041 8.877691928725144e-07 3.61062792392564e-11 5.026876476125333e-79 0.9996637879292526
265.0 0.0003455943864820874 9.356892463128243e-07 3.953511890434472e-11 1.0276715103388957e-78 0.9996534658573502
266.0 0.0003561020173194767 9.858058795727762e-07 4.32600465815148e-11 2.0896582972260568e-78 0.999642907702653
267.0 0.00036684669736462036 1.0382006474864751e-06 4.730399982909787e-11 4.2265627857477186e-78 0.9996321101833644
268.0 0.00037783162670948755 1.0929573405568342e-06 5.169148063872262e-11 8.503864033393286e-78 0.9996210700125073
269.0 0.0003890600075876707 1.150162019605494e-06 5.644864676039428e-11 1.7021102362169663e-77 0.9996097838984521
270.0 0.00040053504381752295 1.2099030502625225e-06 6.160340737904695e-11 3.3894289460346628e-77 0.9995982485455331
271.0 0.00041225994024865996 1.2722711372794185e-06 6.718552329608835e-11 6.7151786492839484e-77 0.9995864606543774
272.0 0.00042423790221218495 1.3373593586500125e-06 7.322671177243927e-11 1.3237474688893648e-76 0.9995744169224681
273.0 0.00043647213497475693 1.4052631995233414e-06 7.976075619243123e-11 2.5965293768319004e-76 0.9995621140447504
274.0 0.0004489658431964717 1.4760805858922026e-06 8.682362071074832e-11 5.068103853181838e-76 0.9995495487139019
275.0 0.0004617222303930781 1.5499119180429749e-06 9.445357004749445e-11 9.844308960663418e-76 0.9995367176210763
276.0 0.0004747444984022616 1.6268601037500227e-06 1.0269129459907978e-10 1.9029851072666522e-75 0.9995236174562119
277.0 0.0004880358468543786 1.7070305912001505e-06 1.1158004103542956e-10 3.661159048389311e-75 0.9995102449084314
278.0 0.0005015994726479414 1.7905314016326639e-06 1.2116574855664487e-10 7.010631779754661e-75 0.9994965966668701
279.0 0.0005154385694293625 1.8774731616779611e-06 1.314971909846474e-10 1.3362048876184359e-74 0.9994826694206348
280.0 0.000529556327077962 1.9679691353830203e-06 1.4262612486816174e-10 2.535058355362254e-74 0.9994684598597203
281.0 0.0005439559311955445 2.062135255906435e-06 1.5460744378145758e-10 4.787659241946209e-74 0.9994539646751988
282.0 0.0005586405626012001 2.1600901568705688e-06 1.6749933899991933e-10 9.001189959123984e-74 0.9994391805597892
283.0 0.0005736133968310983 2.261955203355542e-06 1.8136346673760251e-10 1.6847629562221416e-73 0.9994241042081354
284.0 0.0005888776036437899 2.3678545225227182e-06 1.9626512213431355e-10 3.1394988828459375e-73 0.9994087323175573
285.0 0.0006044363465304584 2.4779150338515326e-06 2.1227342018156327e-10 5.824849259686603e-73 0.9993930615880793
286.0 0.0006202927822310162 2.5922664789793644e-06 2.2946148377919774e-10 1.0760483262956563e-72 0.9993770887231695
287.0 0.000636450060255462 2.7110414511287084e-06 2.4790663911600123e-10 1.9793436841167638e-72 0.999360810430001
288.0 0.0006529113224110212 2.8343754241103935e-06 2.676906185697236e-10 3.625536973909794e-72 0.9993442234199879
289.0 0.000669679702334772 2.9624067808887377e-06 2.8889977132348083e-10 6.613087100593312e-72 0.9993273244089846
290.0 0.0006867583250322919 3.0952768416981372e-06 3.116252818973971e-10 1.201256468589541e-71 0.9993101101178654
291.0 0.0007041503064219831 3.233129891697239e-06 3.3596339679554475e-10 2.1731283925487857e-71 0.9992925772728523
292.0 0.000721858752885386 3.3761132081499107e-06 3.6201565946995177e-10 3.915358080865994e-71 0.9992747226059407
293.0 0.0007398867608233106 3.5243770871203414e-06 3.898891538045179e-10 7.026063905440432e-71 0.9992565428551233
294.0 0.0007582374162182478 3.678074869672962e-06 4.19696756323182e-10 1.2558131334161927e-70 0.9992380347649441
295.0 0.0007769137942026495 3.837362967563899e-06 4.515573973273792e-10 2.235773625986747e-70 0.9992191950867612
296.0 0.0007959189586334522 4.0024008884148935e-06 4.855963311691208e-10 3.964951225983876e-70 0.9992000205791476
297.0 0.000815255961672738 4.173351260358506e-06 5.219454158666822e-10 7.004419981731148e-70 0.9991805080082358
298.0 0.0008349278433745054 4.350379856144148e-06 5.607434022705862e-10 1.2326724286829567e-69 0.999160654147917
299.0 0.0008549376312779496 4.5336556166969356e-06 6.021362329884749e-10 2.1611305459917675e-69 0.9991404557803664
300.0 0.0008752883400068639 4.723350674117757e-06 6.462773512774005e-10 3.7747531494330087e-69 0.9991199096963234
301.0 0.0008959829708752655 4.919640374115718e-06 6.933280201127192e-10 6.568807664791911e-69 0.9990990126952753
302.0 0.0009170245114996635 5.122703297866058e-06 7.434576516432221e-10 1.1389140672900495e-68 0.9990777615859624
303.0 0.0009384159354173529 5.33272128328165e-06 7.968441472414097e-10 1.9675127940343897e-68 0.9990561531864999
304.0 0.000960160201711375 5.549879445693061e-06 8.536742483587673e-10 3.3867406241605012e-68 0.999034184324782
305.0 0.000982260254641688 5.774366197926754e-06 9.141438983947568e-10 5.808974054510205e-68 0.9990118518386827
306.0 0.001004719023282916 6.0063732697756155e-06 9.784586157886395e-10 9.928536259866734e-68 0.998989152576401
307.0 0.001027539421168473 6.246095726853419e-06 1.046833878542238e-09 1.6910415187256408e-67 0.9989660833967481
308.0 0.0010507243459409378 6.493731988825295e-06 1.119495520381205e-09 2.8702606720252004e-67 0.9989426411692394
309.0 0.0010742766790093083 6.7494838470113755e-06 1.196680138762289e-09 4.8551316986372776e-67 0.9989188227746112
310.0 0.00109819928521216 7.0135564813511935e-06 1.278635514931694e-09 8.18479272088199e-67 0.9988946251048023
311.0 0.0011224950124877578 7.286158476729252e-06 1.3656210462404776e-09 1.3751673671574293e-66 0.9988700450634148
312.0 0.0011471666915500703 7.567501838649593e-06 1.4579081909197227e-09 2.3028129150686347e-66 0.9988450795656831
313.0 0.001172217135571707 7.857802008260223e-06 1.5557809255189666e-09 3.8435348718622106e-66 0.9988197255388724
314.0 0.0011976491398731834 8.15727787671874e-06 1.6595362152082459e-09 6.394192901043884e-66 0.9987939799225749
315.0 0.0012234654816181297 8.466151798891816e-06 1.7694844971425318e-09 1.060319811620578e-65 0.998767839668616
316.0 0.001249668919515591 8.78464960639164e-06 1.8859501770875422e-09 1.7526595996859636e-65 0.9987413017415316
317.0 0.0012762621935280642 9.113000619936276e-06 2.0092721395008917e-09 2.8878922766577056e-65 0.9987143631185104
318.0 0.0013032480245864309 9.451437661037968e-06 2.139804271263647e-09 4.743513123555486e-65 0.9986870207897625
319.0 0.0013306291143108044 9.800197063009341e-06 2.277915999252304e-09 7.767258425417006e-65 0.9986592717585473
320.0 0.0013584081447380752 1.0159518681289712e-05 2.4239928419414647e-09 1.2679338651730827e-64 0.9986311130414848
321.0 0.0013865877780552965 1.0529645903082647e-05 2.5784369752222116e-09 2.063474734556205e-64 0.9986025416685208
322.0 0.0014151706563397236 1.0910825656308269e-05 2.741667812621738e-09 3.34801789866848e-64 0.998573554683182
323.0 0.001444159401304816 1.1303308417862823e-05 2.914122600103783e-09 5.415950027804247e-64 0.9985441491426239
324.0 0.0014735566140526523 1.1707348221187404e-05 3.096257025629356e-09 8.735179588073248e-64 0.9985143221178261
325.0 0.0015033648748323176 1.2123202663140473e-05 3.2885458436517996e-09 1.404724773992676e-63 0.9984840706936343
326.0 0.0015335867428047626 1.2551132910177343e-05 3.4914835147192996e-09 2.2523953144941687e-63 0.9984533919690347
327.0 0.001564224755813062 1.2991403703826676e-05 3.705584860351244e-09 3.6011695598597366e-63 0.9984222830569468
328.0 0.0015952814301595215 1.344428336547523e-05 3.931385733356795e-09 5.741159041091703e-63 0.9983907410845377
329.0 0.0016267592603884488 1.3910043800451073e-05 4.169443703754652e-09 9.126914207491641e-63 0.9983587631932896
330.0 0.001658660719074588 1.438896050140473e-05 4.420338760451839e-09 1.446864746997754e-62 0.9983263465388716
331.0 0.0016909882566182042 1.4881312550997037e-05 4.684674028837988e-09 2.2872968764106424e-62 0.9982934882914385
332.0 0.001723744301045417 1.5387382623882553e-05 4.9630765044417216e-09 3.6059416800479443e-62 0.9982601856355374
333.0 0.0017569312578147324 1.5907456987996807e-05 5.256197802797451e-09 5.669270950519017e-62 0.998226435770206
334.0 0.0017905515096290922 1.64418255051433e-05 5.564714925662484e-09 8.889119546995306e-62 0.9981922359089165
335.0 0.0018246074162540492 1.6990781630886227e-05 5.8893310437235805e-09 1.3900289183260021e-61 0.9981575832797127
336.0 0.001859101314341203 1.7554622413743404e-05 6.230776295923226e-09 2.167868280384957e-61 0.9981224751250949
337.0 0.0018940355172578313 1.8133648493689308e-05 6.5898086055370056e-09 3.3720670497856505e-61 0.9980869087021923
338.0 0.0019294123149214016 1.8728164099958493e-05 6.967214513121038e-09 5.231472340245212e-61 0.9980508812825475
339.0 0.0019652339736402824 1.9338477048163752e-05 7.363810026453177e-09 8.095172978453186e-61 0.9980143901522285
340.0 0.0020015027359596674 1.9964898736722604e-05 7.78044148757798e-09 1.2494322999042557e-60 0.9979774326117932
341.0 0.0020382208205129734 2.0607744142597664e-05 8.217986457065677e-09 1.9235059428870145e-60 0.9979400059762515
342.0 0.00207539042187851 2.1267331816351097e-05 8.677354615587422e-09 2.953780646060674e-60 0.9979021075749708
343.0 0.002113013710441689 2.1943983876520413e-05 9.159488682907072e-09 4.524560890004011e-60 0.9978637347516749
344.0 0.0021510928322623353 2.2638026003313285e-05 9.66536535438025e-09 6.913494070837829e-60 0.9978248848643441
345.0 0.0021896299089473963 2.334978743163011e-05 1.019599625505017e-08 1.053782727424249e-59 0.9977855552852027
346.0 0.002228627037528543 2.40796009434108e-05 1.0752428911419604e-08 1.6023084929248926e-59 0.9977457434005614
347.0 0.002268086290345164 2.482780285931725e-05 1.1335747740978288e-08 2.4304792574098486e-59 0.9977054466107963
348.0 0.0023080097149320014 2.5594733029746683e-05 1.1947075059553113e-08 3.677879289790528e-59 0.9976646623301358
349.0 0.002348399333912541 2.638073482519324e-05 1.25875721065512e-08 5.55228474468909e-59 0.9976233879867735
350.0 0.002389257144896117 2.7186155125939455e-05 1.3258440088145349e-08 8.362257431185032e-59 0.9975816210224547
351.0 0.002430585120381097 2.801134431110983e-05 1.3960921238467053e-08 1.2564974606991783e-58 0.997539358892582
352.0 0.002472385207662123 2.885665624706851e-05 1.4696299898843925e-08 1.88362572709424e-58 0.9974965990659841
353.0 0.0025146593287423023 2.972244827517645e-05 1.5465903615127393e-08 2.8172868411266713e-58 0.997453339024772
354.0 0.002557409380250212 3.060908119891206e-05 1.6271104253145068e-08 4.204161756941559e-58 0.9974095762642443
355.0 0.002600637233361185 3.1516919270355754e-05 1.7113319132303716e-08 6.259620618542031e-58 0.9973653082926454
356.0 0.0026443447337232387 3.244633017604694e-05 1.7994012177367272e-08 9.299189659346827e-58 0.9973205326309577
357.0 0.002688533701388041 3.339768502222542e-05 1.8914695088428992e-08 1.3784114027414343e-57 0.9972752468128935
358.0 0.0027332059307454267 3.437135831944558e-05 1.987692852907855e-08 2.0387188451311003e-57 0.9972294483845435
359.0 0.0027783631904626347 3.5367727966582883e-05 2.088232333277349e-08 3.008766784434063e-57 0.9971831349041606
360.0 0.0028240072234285638 3.638717523424404e-05 2.193254172741758e-08 4.430781299716352e-57 0.9971363039421871
361.0 0.0028701397467005042 3.7430084747555096e-05 2.3029298578114234e-08 6.510892207045948e-57 0.9970889530806507
362.0 0.002916762451457372 3.8496844468384785e-05 2.4174362648112833e-08 9.54721751300842e-57 0.9970410799133699
363.0 0.0029638770029545886 3.9587845676949535e-05 2.5369557877885093e-08 1.3970015307527784e-56 0.9969926820453013
364.0 0.003011485040485231 4.0703482952864345e-05 2.6616764682340983e-08 2.0398970427121573e-56 0.996943757092641
365.0 0.0030595881773435025 4.184415415559803e-05 2.791792126611523e-08 2.9724761728548584e-56 0.9968943026823501
366.0 0.0031081880007931256 4.301026040437177e-05 2.927502495690368e-08 4.322496668510907e-56 0.996844316452019
367.0 0.003157286072038687 4.420220605748374e-05 3.069013355678392e-08 6.272842851150311e-56 0.99679379604943
368.0 0.0032068839262018784 4.542039869109297e-05 3.2165366711481234e-08 9.08478863461863e-56 0.9967427391324609
369.0 0.0032569830723008196 4.6665249077445567e-05 3.370290729750094e-08 1.3130857036617256e-55 0.9966911433687873
370.0 0.0033075849932326573 4.7937171162553e-05 3.530500282706052e-08 1.894114429474471e-55 0.9966390064354452
371.0 0.0033586911457601522 4.9236582043340405e-05 3.6973966870749406e-08 2.7268499386410707e-55 0.9965863260185258
372.0 0.0034103029605026375 5.056390194427864e-05 3.8712180497842093e-08 3.9180057526384014e-55 0.9965330998131146
373.0 0.0034624218419282466 5.191955419346306e-05 4.0522093734138864e-08 5.618553839870244e-55 0.9964793255225513
374.0 0.0035150491683525868 5.3303965198222556e-05 4.240622703729721e-08 8.041673594954698e-55 0.9964250008585994
375.0 0.003568186291937174 5.471756442016765e-05 4.436717278947199e-08 1.148781547019078e-54 0.9963701235405606
376.0 0.0036218345386948123 5.616078434979458e-05 4.640759680724364e-08 1.637963430687837e-54 0.9963146912954364
377.0 0.0036759952084948182 5.763406048054401e-05 4.853023986862757e-08 2.331058911692131e-54 0.9962587018571315
378.0 0.0037306695750743226 5.9137831282421255e-05 5.0737919257122434e-08 3.311243214791766e-54 0.9962021529664687
379.0 0.003785858886050078 6.0672538175095496e-05 5.303353032259629e-08 4.694875886076096e-54 0.9961450423704826
380.0 0.0038415643629353536 6.223862550056291e-05 5.542004805893054e-08 6.644444881645299e-54 0.9960873678222844
381.0 0.0038977872011584634 6.383654049532427e-05 5.7900528698240716e-08 9.386444737265646e-54 0.9960291270805423
382.0 0.00395452857008449 6.546673326211142e-05 6.047811132153561e-08 1.3236025869600573e-53 0.9959703179090554
383.0 0.004011789613040437 6.712965674117407e-05 6.315601948567046e-08 1.863091976622416e-53 0.9959109380764677
384.0 0.004069571447342431 6.882576668111618e-05 6.593756286640864e-08 2.6178049313152613e-53 0.9958509853557891
385.0 0.0041278751643258295 7.055552160929878e-05 6.882613891743438e-08 3.6717456662215006e-53 0.9957904575239599
386.0 0.004186701829377572 7.231938280181225e-05 7.182523454513064e-08 5.140983232212169e-53 0.9957293523613239
387.0 0.004246052481972547 7.41178142530535e-05 7.493842779897417e-08 7.185615467315245e-53 0.9956676676514238
388.0 0.004305928135710679 7.595128264486119e-05 7.816938957729643e-08 1.0026094354536055e-52 0.9956054011803736
389.0 0.0043663297783573495 7.782025731526298e-05 8.152188534826747e-08 1.3965465386615471e-52 0.9955425507364144
390.0 0.004427258371886161 7.972521022682586e-05 8.499977688588073e-08 1.9419612967233932e-52 0.9954791141094717
391.0 0.004488714852524538 8.16666159346258e-05 8.860702402074172e-08 2.6958326114395395e-52 0.9954150890908033
392.0 0.004550700130800153 8.364495155381234e-05 9.234768640541293e-08 3.736096416489281e-52 0.9953504734723133
393.0 0.004613215091590594 8.566069672681681e-05 9.622592529413444e-08 5.169179063185099e-52 0.9952852650460997
394.0 0.004676260594176371 8.771433359021668e-05 1.0024600533670346e-07 7.140176018393617e-52 0.995219461604245
395.0 0.004739837472292526 8.980634674117767e-05 1.0441229638618858e-07 9.846582770101403e-52 0.995153060937835
396.0 0.004803946534186462 9.193722320362137e-05 1.0872927532038494e-07 1.3556788213143118e-51 0.995086060836885
397.0 0.004868588562674503 9.410745239398946e-05 1.1320152787662878e-07 1.8634943130969705e-51 0.9950184590895499
398.0 0.004933764315202377 9.63175260867101e-05 1.1783375049981753e-07 2.5574349161043333e-51 0.9949502534817607
399.0 0.00499947452390648 9.856793837931314e-05 1.2263075220332053e-07 3.504221803378566e-51 0.9948814417966207
400.0 0.005065719895676705 0.00010085918565722114 1.2759745644253524e-07 4.793958078500949e-51 0.9948120218137527
401.0 0.005132501112223491 0.00010319176655827311 1.3273890300088687e-07 6.548135240496716e-51 0.9947419913091239
402.0 0.0051998188301419284 0.00010556618193685156 1.38060249887824e-07 8.930317071558494e-51 0.9946713480539581
403.0 0.00526767368098299 0.0001079829348278181 1.4356677524878896e-07 1.2160374855434158e-50 0.9946000898147016
404.0 0.005336066271321621 0.00011044253041006175 1.492638792866118e-07 1.6533426078956522e-50 0.9945282143520782
405.0 0.0054049971828294295 0.00011294547596982579 1.5515708619425156e-07 2.244499337574494e-50 0.994455719420716
406.0 0.00547446697234759 0.00011549228086372912 1.6125204609846673e-07 3.0424377552158976e-50 0.9943826027685333
407.0 0.005544476171960952 0.00011808345648151365 1.6755453701414866e-07 4.117886188980901e-50 0.9943088621360796
408.0 0.005615025289074584 0.00012071951620854891 1.7407046680905222e-07 5.565217823113504e-50 0.9942344952560612
409.0 0.0056861148064901125 0.00012340097538804804 1.8080587517853224e-07 7.510172500838423e-50 0.9941594998525836
410.0 0.0057577451824854 0.00012612835128307767 1.8776693563008618e-07 1.0120040604458618e-49 0.9940838736407707
411.0 0.005829916850892901 0.00012890216303827187 1.9495995747724152e-07 1.3617075017568016e-49 0.9940076143259109
412.0 0.0059026302211815295 0.0001317229316413573 2.0239138784261255e-07 1.829612957451355e-49 0.993930719603027
413.0 0.005975885678538116 0.00013459117988441822 2.1006781366968347e-07 2.454782351323499e-49 0.9938531871561611
414.0 0.006049683583950451 0.00013750743232494948 2.179959637430427e-07 3.288892105191622e-49 0.9937750146577542
415.0 0.006124024274291637 0.00014047221524669822 2.2618271071672825e-07 4.400211863215698e-49 0.9936961997680726
416.0 0.006198908062404664 0.0001434860566202809 2.3463507315031138e-07 5.8788081987706606e-49 0.9936167401344884
417.0 0.006274335237188389 0.00014654948606360733 2.4336021755240564e-07 7.843341234462551e-49 0.9935366333908597
418.0 0.0063503060636844735 0.0001496630348021078 2.5236546043124504e-07 1.0449929844348099e-48 0.9934558771569048
419.0 0.006426820783165156 0.00015282723562877438 2.616582703519767e-07 1.3903699581574156e-48 0.9933744690375781
420.0 0.00650387961322063 0.00015604262286398438 2.7124627000025445e-07 1.8473805220510612e-48 0.9932924066222553
421.0 0.0065814827478492145 0.00015930973231519948 2.8113723825190593e-07 2.451294766210464e-48 0.9932096874842503
422.0 0.006659630357546866 0.0001626291012364565 2.9133911224817475e-07 3.2482696678070726e-48 0.9931263091800951
423.0 0.006738322589396507 0.00016600126828767564 3.0185998947617433e-07 4.2986303988406134e-48 0.9930422692487232
424.0 0.006817559567160659 0.00016942677349387133 3.127081298543497e-07 5.681116752589576e-48 0.9929575652110316
425.0 0.006897341391371047 0.00017290615820412204 3.238919578222826e-07 7.498371530439484e-48 0.9928721945689222
426.0 0.0069776681394226004 0.00017643996505048773 3.354200644347935e-07 9.88402512449928e-48 0.9927861548049132
427.0 0.007058539865663731 0.0001800287379066792 3.4730120945960456e-07 1.3011828996247316e-47 0.9926994433811286
428.0 0.007139956601490606 0.00018367302184667917 3.595443234785169e-07 1.7107415870028232e-47 0.9926120577388149
429.0 0.007221918355440565 0.0001873733631032009 3.721585099914959e-07 2.2463423253171544e-47 0.9925239952976647
430.0 0.007304425113283789 0.0001911303090259688 3.8515304752323525e-07 2.9458918180494015e-47 0.9924352534548577
431.0 0.0073874768381190095 0.00019494440803996752 3.985373917320735e-07 3.858431592372038e-47 0.9923458295846188
432.0 0.007471073470466455 0.00019881620960350492 4.123211775205491e-07 5.047330767008186e-47 0.9922557210373555
433.0 0.007555214928362749 0.00020274626416620192 4.265142211474133e-07 6.594371921191221e-47 0.9921649251390289
434.0 0.0076399011074537344 0.00020673512312682275 4.4112652234049794e-07 8.604973619468749e-47 0.9920734391902388
435.0 0.007725131881091597 0.00021078333879110984 4.561682664103814e-07 1.1214857853509753e-46 0.9919812604658356
436.0 0.007810907100426101 0.0002148914643293665 4.7164982636387754e-07 1.4598552103263024e-46 0.9918883862137662
437.0 0.007897226594502583 0.0002190600537341246 4.875817650176402e-07 1.8980218105614427e-46 0.9917948136547821
438.0 0.007984090170353692 0.00022328966177755856 5.039748371107582e-07 2.464742798790057e-46 0.9917005399813345
439.0 0.008071497613095469 0.00022758084396893273 5.208399914164953e-07 3.196866968860789e-46 0.991605562357042
440.0 0.008159448686020494 0.00023193415651189336 5.381883728523706e-07 4.141556563435668e-46 0.9915098779157787
441.0 0.008247943130695115 0.00023635015626180287 5.56031324588572e-07 5.359104150005317e-46 0.991413483761284
442.0 0.00833698066704915 0.00024082940068279607 5.743803901535435e-07 6.926499797319996e-46 0.9913163769658724
443.0 0.008426560993473647 0.0002453724478050048 5.932473155373423e-07 8.941943315146344e-46 0.9912185545701385
444.0 0.0085166837869134 0.0002499798561815752 6.126440512914648e-07 1.1530545553422796e-45 0.9911200135820459
445.0 0.008607348702959894 0.00025465218484565084 6.325827546250829e-07 1.485152409999129e-45 0.9910207509761135
446.0 0.00869855537594489 0.00025938999326732343 6.530757914972929e-07 1.910727506497353e-45 0.990920763692694
447.0 0.008790303419033642 0.00026419384131053585 6.741357387048686e-07 2.455479756299158e-45 0.9908200486372561
448.0 0.008882592424317425 0.0002690642891899256 6.957753859650748e-07 3.152006539449389e-45 0.9907186026796161
449.0 0.008975421962904838 0.0002740018974276039 7.180077379930558e-07 4.0416086685898095e-45 0.9906164226530801
450.0 0.009068791585014734 0.00027900722680995125 7.408460165735816e-07 5.1765573510332754e-45 0.9905135053538191
451.0 0.009162700820065893 0.0002840808383442982 7.64303662626362e-07 6.622936791850499e-45 0.990409847539917
452.0 0.00925714917676995 0.00028922329321567864 7.883943382649745e-07 8.464204834384311e-45 0.9903054459308424
453.0 0.009352136143220006 0.00029443515274344583 8.131319288483904e-07 1.0805648323038425e-44 0.9902002972064976
454.0 0.009447661186979511 0.00029971697833787827 8.385305450250027e-07 1.3779952191924195e-44 0.9900943980063601
455.0 0.009543723755175173 0.0003050693314569093 8.646045247690733e-07 1.7554153459454941e-44 0.9899877449291044
456.0 0.009640323274580549 0.00031049277356256144 8.91368435407976e-07 2.2338315574431265e-44 0.9898803345313144
457.0 0.009737459151707335 0.00031598786607762666 9.188370756413246e-07 2.8396337635046993e-44 0.9897721633270622
458.0 0.009835130772892333 0.00032155517034220834 9.47025477550414e-07 3.605941020443563e-44 0.9896632277870985
459.0 0.009933337504381804 0.0003271952475701982 9.759489085977742e-07 4.574274881166934e-44 0.9895535243378584
460.0 0.010032078692420386 0.00033290865880590456 1.005622873616953e-06 5.796638266443043e-44 0.9894430493609915
461.0 0.010131353663332524 0.00033869596488045594 1.0360631167910334e-06 7.338095557311728e-44 0.989331799192226
462.0 0.010231161723610908 0.0003445577263684536 1.0672856236208008e-06 9.279971583537715e-44 0.9892197701209929
463.0 0.010331502159996876 0.0003504945035443823 1.099306622880642e-06 1.1723814063312663e-43 0.989106958389343
464.0 0.010432374239563837 0.0003565068563391422 1.1321425885628219e-06 1.4796296898654482e-43 0.9889933601912418
465.0 0.010533777209799906 0.0003625953442965895 1.1658102418093481e-06 1.8655281836285295e-43 0.9888789716718649
466.0 0.010635710298688724 0.00036876052653003993 1.2003265528308188e-06 2.3497304921685206e-43 0.9887637889268024
467.0 0.010738172714788342 0.00037500296167874834 1.2357087428118377e-06 2.956681378492174e-43 0.9886478080011691
468.0 0.010841163647312784 0.0003813232078645107 1.2719742858030307e-06 3.716755437027835e-43 0.9885310248890458
469.0 0.010944682266207508 0.00038772182264809867 1.3091409105982283e-06 4.667659399440239e-43 0.9884134355324496
470.0 0.0110487277222292 0.0003941993629858846 1.3472266025975995e-06 5.856157488699375e-43 0.988295035820781
471.0 0.011153299147019747 0.0004007563851863103 1.3862496056550627e-06 7.340192260255734e-43 0.9881758215898417
472.0 0.011258395653184037 0.0004073934448665338 1.4262284239106846e-06 9.191489166451754e-43 0.9880557886212841
473.0 0.011364016334362586 0.000414111096908947 1.4671818236065774e-06 1.1498752224864274e-42 0.9879349326416823
474.0 0.011470160265305063 0.00042090989541777044 1.5091288348865206e-06 1.4371581351568626e-42 0.9878132493217945
475.0 0.011576826501942914 0.000427790393675676 1.5520887535786966e-06 1.794526996206705e-42 0.987690734275823
476.0 0.01168401408146149 0.00043475314410044156 1.5960811429611224e-06 2.2386675335320973e-42 0.9875673830607303
477.0 0.011791722022366483 0.00044179869820145783 1.641125835508644e-06 2.7901395164731404e-42 0.9874431911751723
478.0 0.011899949324557775 0.00044892760653656675 1.6872429346228267e-06 3.47425331013942e-42 0.9873181540591448
479.0 0.012008694969393661 0.0004561404186686062 1.7344528163419449e-06 4.322139562340804e-42 0.9871922670929222
480.0 0.012117957919759009 0.0004634376831221578 1.7827761310325257e-06 5.372053426377286e-42 0.9870655255964242
481.0 0.012227737120130608 0.00047081994734026345 1.8322338050610655e-06 6.670963351234157e-42 0.9869379248284424
482.0 0.012338031496640608 0.0004782877576411278 1.8828470424455588e-06 8.276484845252104e-42 0.9868094599858183
483.0 0.012448839957142452 0.00048584165917498287 1.9346373264870856e-06 1.0259232082953626e-41 0.9866801262029126
484.0 0.012560161391267812 0.0004934821958806808 1.987626421379296e-06 1.270567518545542e-41 0.9865499185504548
485.0 0.012671994670493562 0.00050120991044274 2.0418363737982004e-06 1.5721608948128362e-41 0.9864188320353009
486.0 0.012784338648195661 0.0005090253442479556 2.0972895144683297e-06 1.9436360291495455e-41 0.9862868615992398
487.0 0.01289719215971127 0.0005169290373424033 2.1540084597080695e-06 2.4007887457589825e-41 0.9861540021185629
488.0 0.013010554022393 0.0005249215283882024 2.212016112951242e-06 2.9628954776310654e-41 0.9860202484031141
489.0 0.013124423035667406 0.0005330033546205286 2.2713356662464474e-06 3.653460364777354e-41 0.9858855951957679
490.0 0.013238797981087187 0.0005411750518044435 2.3319906017319737e-06 4.501118436762862e-41 0.985750037171531
491.0 0.01335367762238516 0.0005494371541918749 2.3940046930871417e-06 5.540726591280262e-41 0.9856135689368817
492.0 0.013469060705525764 0.0005577901944785693 2.457402006959038e-06 6.81468034013249e-41 0.9854761850290192
493.0 0.013584945958756993 0.0005662347037611427 2.5222069043646047e-06 8.374501752808229e-41 0.985337879915253
494.0 0.013701332092656596 0.0005747712114939706 2.5884440420665996e-06 1.0282752908583361e-40 0.9851986479920686
495.0 0.01381821780018467 0.0005834002454464228 2.6561383739251815e-06 1.2615339733521936e-40 0.9850584835847576
496.0 0.01393560175672436 0.0005921223316596765 2.725315152221299e-06 1.5464283658653151e-40 0.9849173809462984
497.0 0.01405348262013249 0.000600937994404029 2.7959999289555855e-06 1.894105345495865e-40 0.9847753342570391
498.0 0.014171859030779421 0.0006098477561358335 2.868218557118309e-06 2.318056730906879e-40 0.9846323376237229
499.0 0.014290729611594916 0.0006188521374547648 2.941997191933279e-06 2.8345996206161275e-40 0.9844883850790366
500.0 0.01441009296810586 0.0006279516570608265 3.017362292072483e-06 3.463452457719867e-40 0.9843434705806865
501.0 0.01452994768847794 0.0006371468317115919 3.0943406208432723e-06 4.228425364394154e-40 0.9841975880108563
502.0 0.014650292343554645 0.0006464381761794248 3.1729592473466847e-06 5.158246777563154e-40 0.9840507311755737
503.0 0.014771125486892023 0.0006558262032085798 3.2532455476057283e-06 6.2875525415800995e-40 0.983902893803888
504.0 0.01489244565479608 0.0006653114234725112 3.3352272056649706e-06 7.658068487143985e-40 0.9837540695473386
505.0 0.015014251366356137 0.000674894345531068 3.4189322146594145e-06 9.320023279688661e-40 0.9836042519792302
506.0 0.015136541123477995 0.0006845754757877718 3.504388877853156e-06 1.1333835109308085e-39 0.9834534345940116
507.0 0.01525931341091497 0.0006943553184470698 3.591625809646845e-06 1.3772123798166595e-39 0.9833016108066066
508.0 0.015382566696298228 0.0007042343754716384 3.6806719365540727e-06 1.672210933093975e-39 0.9831487739517942
509.0 0.015506299430164986 0.0007142131465396608 3.7715564981456613e-06 2.0288468915065248e-39 0.982994917283549
510.0 0.01563051004598503 0.0007242921290021176 3.864309047961786e-06 2.459673773748782e-39 0.9828400339743771
511.0 0.015755196960188986 0.0007344718178402219 3.958959454392148e-06 2.9797353937763436e-39 0.9826841171148509
512.0 0.015880358572189054 0.0007447527056225849 4.055537901521656e-06 3.607046635377676e-39 0.9825271597127646
513.0 0.016005993264404158 0.0007551352824626717 4.154074889944062e-06 4.363164477004526e-39 0.982369154692671
514.0 0.01613209940228236 0.0007656200359761898 4.254601237541375e-06 5.273865723780759e-39 0.9822100948953287
515.0 0.01625867533431696 0.0007762074512382643 4.357148080227736e-06 6.369950815532997e-39 0.9820499730768675
516.0 0.016385719392070536 0.0007868980107410611 4.4617468726610285e-06 7.68819649099887e-39 0.9818887819085228
517.0 0.016513229890186568 0.0007976921943508852 4.568429388916405e-06 9.272484081945651e-39 0.9817265139757135
518.0 0.0166412051264105 0.0008085904792658068 4.677227723127222e-06 1.1175134883025187e-38 0.9815631617777844
519.0 0.016769643381600807 0.0008195933399728827 4.788174290087719e-06 1.345848950530205e-38 0.9813987177272296
520.0 0.016898542919742278 0.0008307012482055416 4.9013018258202906e-06 1.6196774502865083e-38 0.9812331741491587
521.0 0.017027901987958925 0.0008419146729010303 5.01664338810633e-06 1.9478307012486308e-38 0.9810665232808106
522.0 0.017157718816523625 0.0008532340801577625 5.134232356979315e-06 2.3408096839217313e-38 0.9808987572709779
523.0 0.017287991618866284 0.0008646599331926621 5.254102435180368e-06 2.811091555659493e-38 0.9807298681794335
524.0 0.017418718591583074 0.0008761926922986321 5.376287648576546e-06 3.373491400045546e-38 0.9805598479765033
525.0 0.01754989791443927 0.0008878328148017528 5.500822346539204e-06 4.0455883287827334e-38 0.9803886885423588
526.0 0.017681527750377884 0.0008995807550188518 5.6277412022858165e-06 4.848227049605537e-38 0.9802163816667356
527.0 0.017813606245518754 0.0009114369642146431 5.75707921318007e-06 5.80610787485135e-38 0.9800429190481874
528.0 0.01794613152916523 0.0009234018905593159 5.8888717009952424e-06 6.948480308308091e-38 0.9798682922938592
529.0 0.01807910171379853 0.000935475979085555 6.023154312134034e-06 8.309957860133545e-38 0.9796924929186539
530.0 0.01821251489508421 0.0009476596716462387 6.15996301781242e-06 9.931474655558913e-38 0.9795155123451528
531.0 0.018346369151862534 0.0009599534068713638 6.299334114197963e-06 1.1861407785456564e-37 0.9793373419027437
532.0 0.018480662546152306 0.0009723576201257293 6.441304222511827e-06 1.4156893267876445e-37 0.979157972827548
533.0 0.018615393123138254 0.0009848727434658058 6.5859102890841505e-06 1.6885368032197215e-37 0.9789773962615552
534.0 0.018750558911171066 0.0009974992055973321 6.733189585372257e-06 2.0126375596956742e-37 0.9787956032525138
535.0 0.01888615792175915 0.001010237431832522 6.883179707934252e-06 2.397367919796838e-37 0.9786125847534458
536.0 0.019022188149554174 0.001023087844046989 7.035918578357982e-06 2.8537733160515983e-37 0.9784283316219357
537.0 0.019158647572348926 0.0010360508606373866 7.191444443151922e-06 3.394857144214168e-37 0.9782428346201248
538.0 0.019295534151060164 0.0010491268964782738 7.349795873587552e-06 4.035918166542462e-37 0.9780560844140038
539.0 0.019432845829718156 0.0010623163628794086 7.5110117655008e-06 4.794944380224553e-37 0.9778680715731369
540.0 0.019570580535451305 0.001075619667542798 7.675131339047877e-06 5.693072517809882e-37 0.9776787865701956
541.0 0.019708736178473064 0.0010890372145199321 7.842194138417858e-06 6.755123788433843e-37 0.977488219780691
542.0 0.019847310652064586 0.0011025694041688161 8.0122400314991e-06 8.010228130020287e-37 0.9772963614825627
543.0 0.019986301832555325 0.0011162166331109347 8.185309209500024e-06 9.492551155792226e-37 0.977103201855732
544.0 0.020125707579306734 0.0011299792941884255 8.361442186525687e-06 1.1242140180152442e-36 0.9769087309818879
545.0 0.020265525734690155 0.001143857776420959 8.540679799106605e-06 1.3305908241385926e-36 0.9767129388440474
546.0 0.02040575412406594 0.001157852464962736 8.72306320568193e-06 1.573877794963772e-36 0.9765158153262553
547.0 0.02054639055576155 0.0011719637410594476 8.908633886035885e-06 1.8605010332914437e-36 0.9763173502132962
548.0 0.0206874328210473 0.0011861919820051422 9.09743364068642e-06 2.1979747693737802e-36 0.976117533190356
549.0 0.020828878694110726 0.0012005375610990424 9.289504590226333e-06 2.5950803895458343e-36 0.9759163538426936
550.0 0.020970725932032672 0.001215000847602493 9.484889174617451e-06 3.0620740550836337e-36 0.9757138016554542
551.0 0.021112972274757273 0.0012295822066955766 9.683630152434465e-06 3.610927337809485e-36 0.9755098660132551
552.0 0.02125561544506759 0.0012442819994340948 9.885770600063104e-06 4.255605962561476e-36 0.9753045362001038
553.0 0.021398653148550835 0.0012591005827059566 1.009135391084492e-05 5.012392506424692e-36 0.9750978013988963
554.0 0.02154208307357487 0.0012740383091882587 1.0300423794178535e-05 5.9002597740608294e-36 0.9748896506914875
555.0 0.02168590289124776 0.0012890955273033849 1.0513024274563522e-05 6.941302562819602e-36 0.9746800730580574
556.0 0.021830110255394983 0.0013042725811761708 1.0729199690603256e-05 8.161236667935343e-36 0.9744690573773309
557.0 0.021974702802518814 0.0013195698105900311 1.0948994693949096e-05 9.589975276589526e-36 0.9742565924260503
558.0 0.022119678151766815 0.001334987550943643 1.1172454248198783e-05 1.1262294382274305e-35 0.9740426668789202
559.0 0.02226503390489306 0.0013505261332072134 1.1399623627740435e-05 1.3218600542861426e-35 0.9738272693082781
560.0 0.022410767646227677 0.0013661858838792625 1.1630548416549932e-05 1.550581623563203e-35 0.973610388184191
561.0 0.022556876942633614 0.0013819671249426359 1.186527450693036e-05 1.8178400262478853e-35 0.9733920118740433
562.0 0.02270335934346861 0.001397870173820864 1.210384809820236e-05 2.1299523165088977e-35 0.973172128642405
563.0 0.022850212380549424 0.0014138953433346466 1.2346315695343675e-05 2.4942420464304653e-35 0.9729507266510536
564.0 0.02299743356810862 0.0014300429416579078 1.2592724107572493e-05 2.919194978665393e-35 0.9727277939587163
565.0 0.023145020402754297 0.0014463132722740322 1.284312044687957e-05 3.4146381636780944e-35 0.9725033185210009
566.0 0.02329297036342591 0.0014627066339318554 1.3097552126505082e-05 3.9919457776485903e-35 0.9722772881902011
567.0 0.023441280911355403 0.0014792233206020102 1.3356066859365184e-05 4.6642755946214957e-35 0.9720496907153773
568.0 0.02358994949001868 0.0014958636214326487 1.3618712656419438e-05 5.4468405088404e-35 0.9718205137420763
569.0 0.02373897352509709 0.0015126278207058116 1.3885537824989673e-05 6.357220138918934e-35 0.9715897448125204
570.0 0.023888350424425865 0.0015295161977929674 1.415659096701741e-05 7.41571824410178e-35 0.9713573713652884
571.0 0.0240380775779514 0.0015465290271111133 1.443192097727119e-05 8.645772475149552e-35 0.9711233807354237
572.0 0.024188152357683505 0.0015636665780785503 1.4711577041496395e-05 1.007442388042993e-34 0.9708877601543591
573.0 0.024338572117647565 0.001580929115070655 1.4995608634509407e-05 1.173285460522851e-34 0.9706504967498968
574.0 0.02448933419383836 0.0015983168973757406 1.5284065518236993e-05 1.3657003374412724e-34 0.9704115775462855
575.0 0.024640435904168284 0.0016158301791505752 1.5576997739696893e-05 1.5888269652558476e-34 0.9701709894641158
576.0 0.024791874548418254 0.0016334692093760389 1.5874455628922995e-05 1.847431885077935e-34 0.9699287193203646
577.0 0.02494364740819015 0.0016512342318128906 1.6176489796835295e-05 2.1470002617439974e-34 0.9696847538285347
578.0 0.025095751746851403 0.0016691254849570101 1.648315113304801e-05 2.493841013493342e-34 0.9694390795985229
579.0 0.025248184809490808 0.0016871432019953635 1.6794490803627577e-05 2.8952068474028983e-34 0.969191683136962
580.0 0.02540094382285656 0.001705287610760783 1.7110560248781416e-05 3.3594312461377986e-34 0.9689425508469104
581.0 0.025554025995313156 0.001723558933687997 1.743141118050152e-05 3.896084722888638e-34 0.9686916690283002
582.0 0.0257074285167816 0.0017419573877685145 1.775709558013872e-05 4.516152967386181e-34 0.9684390238777811
583.0 0.02586114855869135 0.0017604831845063065 1.808766569592624e-05 5.232239850918699e-34 0.9681846014890391
584.0 0.026015183273922788 0.0017791365298728183 1.8423174040438653e-05 6.058798647083062e-34 0.9679283878527913
585.0 0.026169529796752976 0.0017979176242621893 1.8763673387993234e-05 7.012395262953979e-34 0.967670368856934
586.0 0.026324185242801907 0.0018168266624464995 1.9109216771993025e-05 8.112007768418826e-34 0.9674105302867354
587.0 0.02647914670897827 0.0018358638335309642 1.945985748220987e-05 9.379367066281721e-34 0.9671488578250407
588.0 0.026634411273423367 0.0018550293209089748 1.9815649062005957e-05 1.0839344169846285e-33 0.9668853370524336
589.0 0.02678997599545326 0.0018743233022170164 2.0176645305494473e-05 1.2520390256359009e-33 0.9666199534473606
590.0 0.02694583791550415 0.0018937459492897656 2.0542900254641417e-05 1.4455036453214914e-33 0.9663526923863986
591.0 0.027101994055074803 0.001913297428114999 2.0914468196305388e-05 1.6680461199535996e-33 0.9660835391444393
592.0 0.02725844141667626 0.0019329778987889554 2.1291403659221313e-05 1.9239134020162842e-33 0.9658124788951541
593.0 0.027415176983761554 0.0019527875154703013 2.1673761410907984e-05 2.2179545665076507e-33 0.9655394967107754
594.0 0.027572197720683932 0.0019727264263360716 2.2061596454535916e-05 2.55570358191527e-33 0.9652645775629021
595.0 0.02772950057262956 0.0019927947735357892 2.245496402571386e-05 2.9434730990706018e-33 0.9649877063224287
596.0 0.027887082465560514 0.0020129926931462885 2.2853919589220896e-05 3.3884606760423495e-33 0.9647088677598578
597.0 0.02804494030616414 0.0020333203151269848 2.3258518835682076e-05 3.898869033450687e-33 0.9644280465458461
598.0 0.02820307098179003 0.0020537777632742196 2.3668817678170826e-05 4.484042131907468e-33 0.9641452272513427
599.0 0.028361471360389533 0.002074365155175779 2.408487224875131e-05 5.15461908415181e-33 0.9638603943478284
600.0 0.028520138290465555 0.002095082602166127 2.450673889496571e-05 5.922708161539042e-33 0.9635735322079276
601.0 0.028679068601012988 0.002115930209280946 2.4934474176251167e-05 6.802083430857834e-33 0.9632846251057119
602.0 0.0288382591014547 0.0021369080752113153 2.5368134860288815e-05 7.808406866322081e-33 0.9629936572168607
603.0 0.028997706581590992 0.00215801629225888 2.5807777919301223e-05 8.959479126692921e-33 0.9627006126193026
604.0 0.02915740781154077 0.0021792549462903575 2.6253460526278236e-05 1.0275522572914798e-32 0.9624054752935802
605.0 0.029317359541681295 0.002200624116691955 2.6705240051138014e-05 1.1779500531938748e-32 0.9621082291231774
606.0 0.02947755850259607 0.0022221238763243346 2.7163174056830564e-05 1.34974772925594e-32 0.9618088578951327
607.0 0.02963800140500881 0.002243754291476543 2.7627320295364363e-05 1.5459023854673903e-32 0.9615073453001965
608.0 0.029798684939739736 0.0022655154218215903 2.8097736703788474e-05 1.7697675050530987e-32 0.9612036749337349
609.0 0.029959605777636702 0.002287407320370105 2.8574481400086753e-05 2.02514443220398e-32 0.9608978302958121
610.0 0.030120760569526093 0.002309430033425479 2.9057612679025e-05 2.3163403179668366e-32 0.9605897947919244
611.0 0.030282145946153714 0.002331583600538219 2.95471890079237e-05 2.648233319404746e-32 0.9602795517334181
612.0 0.030443758518130273 0.002353868054460647 3.0043269022369255e-05 3.0263459290451275e-32 0.9599670843380571
613.0 0.03060559487587848 0.00237628342110169 3.054591152186149e-05 3.456927413887586e-32 0.9596523757306418
614.0 0.030767651589571385 0.0023988297194809994 3.105517546538648e-05 3.947046456973338e-32 0.9593354089433588
615.0 0.030929925209087113 0.002421506961684295 3.1571119966939526e-05 4.5046952209642456e-32 0.9590161669166477
616.0 0.031092412263946264 0.002444315152817383 3.209380429096481e-05 5.138906193688652e-32 0.958694632499521
617.0 0.03125510926326415 0.0024672542909612814 3.262328784774328e-05 5.859883331714619e-32 0.9583707884503523
618.0 0.0314180126956946 0.0024903243671267057 3.315963018870604e-05 6.67914919133659e-32 0.958044617437399
619.0 0.03158111902938 0.002513525365208998 3.3702891001686864e-05 7.60970992876312e-32 0.9577161020395141
620.0 0.03174442471189863 0.0025368572619428667 3.4253130106105596e-05 8.666240264760392e-32 0.9573852247467763
621.0 0.03190792617021095 0.0025603200268570115 3.4810407448083005e-05 9.86529074577665e-32 0.9570519679610805
622.0 0.03207161981061389 0.0025839136222293793 3.537478309549784e-05 1.1225519896064582e-31 0.9567163139969682
623.0 0.03223550201868468 0.0026076380030415932 3.5946317232964525e-05 1.2767954146224001e-31 0.9563782450821425
624.0 0.03239956915924257 0.0026314931169347864 3.6525070156763896e-05 1.451627874587299e-31 0.956037743358499
625.0 0.032563817576284154 0.0026554789041633373 3.711110226967713e-05 1.6497163225010584e-31 0.9556947908823811
626.0 0.03272824359295089 0.0026795952975511603 3.770447407578743e-05 1.8740625363727768e-31 0.9553493696257679
627.0 0.03289284351147649 0.0027038422224464217 3.830524617519282e-05 2.1280438067022476e-31 0.9550014614768659
628.0 0.03305761361313502 0.0027282195966762566 3.891347925865048e-05 2.415458402502769e-31 0.9546510482407152
629.0 0.03322255015821031 0.0027527273305032723 3.9529234102179184e-05 2.7405763573617785e-31 0.9542981116403985
630.0 0.033387649385934144 0.002777365326579477 4.015257156155665e-05 3.1081961761228785e-31 0.9539426333173415
631.0 0.03355290751445865 0.0028021334799030197 4.078355256678935e-05 3.523708128070361e-31 0.9535845948325855
632.0 0.03371832074080553 0.0028270316777730562 4.142223811648782e-05 3.993164864599527e-31 0.9532239776673787
633.0 0.033883885240827145 0.0028520597997455824 4.206868927218632e-05 4.523360178972701e-31 0.9528607632241002
634.0 0.034049597169163774 0.00287721771758897 4.2722967152591814e-05 5.121916813621798e-31 0.9524949328270551
635.0 0.03421545265920788 0.0029025052952400977 4.3385132927771525e-05 5.797384317392691e-31 0.952126467723457
636.0 0.03438144782306961 0.0029279223887606226 4.405524781327558e-05 6.5593480620244635e-31 0.951755349084425
637.0 0.034547578751528266 0.0029534688462920624 4.473337306417292e-05 7.418550645005541e-31 0.9513815580055757
638.0 0.03471384151400938 0.002979144508013082 4.5419569969051665e-05 8.387027035826985e-31 0.9510050755083075
639.0 0.0348802321585447 0.003004949206095345 4.6113899843929686e-05 9.478254965713255e-31 0.9506258825405957
640.0 0.035046746711736396 0.0030308827646597695 4.681642402610228e-05 1.0707322218472535e-30 0.9502439599778846
641.0 0.03521338117873062 0.0030569449997335735 4.752720386793357e-05 1.2091112653546498e-30 0.9498592886242173
642.0 0.03538013154318391 0.003083135719206791 4.8246300730571344e-05 1.3648512983196905e-30 0.949471849213148
643.0 0.03554699376723397 0.0031094547227891547 4.89737759775987e-05 1.5400642535722835e-30 0.949081622408752
644.0 0.03571396379147319 0.0031359018019672833 4.970969096862117e-05 1.737110846748717e-30 0.948688588806694
645.0 0.03588103753492362 0.00316247673996201 5.0454107052789195e-05 1.9586289140325207e-30 0.9482927289353013
646.0 0.03604821089500599 0.0031891793116852743 5.1207085562243074e-05 2.2075648659804634e-30 0.9478940232564673
647.0 0.036215479747523885 0.0032160092836983328 5.196868780551126e-05 2.4872085876193745e-30 0.9474924521669258
648.0 0.03638283994663898 0.003242966414169281 5.273897506082933e-05 2.8012321486408793e-30 0.9470879959992663
649.0 0.03655028732484549 0.0032700504528305426 5.3518008569389025e-05 3.1537327244535034e-30 0.9466806350229048
650.0 0.03671781769296188 0.0032972611409379324 5.430584952854452e-05 3.549280169381922e-30 0.9462703494454812
651.0 0.0368854268401048 0.0033245982112282183 5.510255908492662e-05 3.992969727756858e-30 0.9458571194137616
652.0 0.03705311053367647 0.003352061387877925 5.590819832750747e-05 4.490480417398645e-30 0.9454409250148698
653.0 0.03722086451935369 0.00337965038646237 5.672282828060163e-05 5.048139673441162e-30 0.9450217462775257
654.0 0.03738868452107124 0.0034073649139142524 5.754650989679173e-05 5.67299489901228e-30 0.9445995631731152
655.0 0.03755656624101557 0.003435204668483243 5.837930404980151e-05 6.372892633455439e-30 0.9441743556169926
656.0 0.037724505359614885 0.0034631693396953455 5.922127152729791e-05 7.156566119042294e-30 0.94374610346966
657.0 0.03789249753552876 0.0034912586083122544 6.007247302362501e-05 8.033732124055338e-30 0.9433147865379063
658.0 0.03806053840564849 0.0035194721462918186 6.093296913248788e-05 9.015197964314323e-30 0.9428803845761861
659.0 0.03822862358509567 0.0035478096167484157 6.180282033956872e-05 1.0112979757324928e-29 0.9424428772879171
660.0 0.03839674866721305 0.0035762706739126955 6.268208701506287e-05 1.1340433043966561e-29 0.9420022443265572
661.0 0.03856490922357557 0.003604854963093312 6.357082940618321e-05 1.2712397022785044e-29 0.9415584652971475
662.0 0.038733100803982914 0.003633562120637016 6.446910762956716e-05 1.4245353762321577e-29 0.9411115197573651
663.0 0.038901318936475894 0.003662391773891084 6.537698166365852e-05 1.5957603888456084e-29 0.9406613872191287
664.0 0.039069559127330775 0.0036913435411637923 6.62945113409875e-05 1.7869460387388415e-29 0.9402080471496261
665.0 0.03923781686108311 0.0037204170316877602 6.722175634043426e-05 2.000346232177424e-29 0.9397514789730274
666.0 0.039406087600525636 0.003749611845581005 6.815877617938575e-05 2.2384610428730193e-29 0.9392916620715334
667.0 0.03957436678672865 0.0037789275738101943 6.910563020586455e-05 2.5040626755311998e-29 0.9388285757869274
668.0 0.039742649839054685 0.0038083637981535133 7.006237759058545e-05 2.8002240690865477e-29 0.9383621994219558
669.0 0.03991093215517733 0.0038379200911640614 7.102907731895454e-05 3.1303503977941694e-29 0.9378925122417662
670.0 0.04007920911109811 0.003867596016133188 7.200578818300233e-05 3.498213752578698e-29 0.9374194934752622
671.0 0.04024747606117095 0.0038973911270546854 7.299256877326592e-05 3.9079913114505804e-29 0.9369431223166028
672.0 0.04041572833813305 0.003927304968589779 7.398947747062146e-05 4.36430733657277e-29 0.9364633779268035
673.0 0.04058396125311433 0.003957337076030155 7.499657243801509e-05 4.8722793668935714e-29 0.9359802394348045
674.0 0.04075217009569165 0.003987486975265511 7.601391161221186e-05 5.437569009392679e-29 0.9354936859395397
675.0 0.04092035013389887 0.004017754182746977 7.704155269540486e-05 6.066437769109552e-29 0.9350036965109344
676.0 0.041088496614270005 0.004048138205453898 7.807955314682218e-05 6.765808398554513e-29 0.9345102501916346
677.0 0.041256604761882754 0.004078638540860857 7.912797017427406e-05 7.543332291051501e-29 0.9340133259986958
678.0 0.04142466978038679 0.004109254676903363 8.018686072561254e-05 8.407463490370767e-29 0.933512902924882
679.0 0.04159268685204996 0.004139986091945479 8.125628148016345e-05 9.367539940985878e-29 0.933008959940331
680.0 0.04176065113780497 0.0041708322547477006 8.233628884010097e-05 1.0433872659772647e-28 0.9325014759941841
681.0 0.04192855777729224 0.004201792624434638 8.342693892175553e-05 1.161784357133389e-28 0.9319904300160898
682.0 0.04209640188891352 0.00423286665046396 8.452828754688366e-05 1.2932012815798622e-28 0.9314758009179007
683.0 0.0422641785698837 0.004264053772595356 8.5640390233878e-05 1.4390236410315837e-28 0.930957567595283
684.0 0.04243188289628302 0.00429535342085979 8.676330218891882e-05 1.6007795224038199e-28 0.9304357089292948
685.0 0.042599509923120144 0.0043267650155300015 8.789707829709137e-05 1.780153631164952e-28 0.9299102037881555
686.0 0.04276705468438526 0.004358287967090247 8.904177311342678e-05 1.9790027742987176e-28 0.9293810310287474
687.0 0.04293451219312028 0.004389921676208 9.019744085392108e-05 2.1993728166633175e-28 0.9288481694984495
688.0 0.043101877441481085 0.004421665533705093 9.136413538648389e-05 2.443517245411394e-28 0.9283115980367493
689.0 0.04326914540081105 0.004453518920530205 9.254191022185565e-05 2.713917488924525e-28 0.9277712954770472
690.0 0.043436311021708564 0.0044854812077309925 9.373081850445672e-05 3.0133051494909915e-28 0.9272272406482872
691.0 0.043603369234101595 0.00451755175642723 9.493091300320069e-05 3.344686322795235e-28 0.9266794123766909
692.0 0.043770314947329046 0.00454972991778485 9.614224610226692e-05 3.711368192275228e-28 0.9261277894875863
693.0 0.04393714305021858 0.004582015032989903 9.73648697918138e-05 4.116988102628678e-28 0.9255723508071112
694.0 0.044103848411171424 0.00461440643322355 9.859883565865803e-05 4.565545334315064e-28 0.9250130751640178
695.0 0.044270425878249996 0.004646903439637512 9.98441948769055e-05 5.061435819900199e-28 0.9244499413914832
696.0 0.044436870279266336 0.004679505363330025 0.0001011009981985373 5.609490063650954e-28 0.9238829283288877
697.0 0.04460317642187518 0.004712211505322476 0.00010236929594395492 6.215014548015091e-28 0.923312014823641
698.0 0.04476933909367032 0.0047450211565366615 0.00010364913799248388 6.883836934658842e-28 0.9227371797330222
699.0 0.044935353062281434 0.004777933597772496 0.0001049405737728326 7.622355393709111e-28 0.9221584019259816
700.0 0.045101213075480484 0.004810948099686928 0.00010624365225352363 8.437592422919378e-28 0.9215756602850855
