200.0 0.0 0.0 0.0 0.0 0.0
201.0 0.0 0.0 0.0 0.0 0.0
202.0 0.0 0.0 0.0 0.0 0.0
203.0 0.0 0.0 0.0 0.0 0.0
204.0 0.0 0.0 0.0 0.0 0.0
205.0 0.0 0.0 0.0 0.0 0.0
206.0 0.0 0.0 0.0 0.0 0.0
207.0 0.0 0.0 0.0 0.0 0.0
208.0 0.0 0.0 0.0 0.0 0.0
209.0 0.0 0.0 0.0 0.0 0.0
210.0 0.0 0.0 0.0 0.0 0.0
211.0 0.0 0.0 0.0 0.0 0.0
212.0 0.0 0.0 0.0 0.0 0.0
213.0 0.0 0.0 0.0 0.0 0.0
214.0 0.0 0.0 0.0 0.0 0.0
215.0 0.0 0.0 0.0 0.0 0.0
216.0 0.0 0.0 0.0 0.0 0.0
217.0 0.0 0.0 0.0 0.0 0.0
218.0 0.0 0.0 0.0 0.0 0.0
219.0 1.1066876973647827e-16 3.4327445072204784e-19 1.2361958349799398e-25 1.1445139874830367e-117 1.8528445793774766e-22
220.0 1.1065892934150171e-16 3.523746085503408e-19 1.3574982684512404e-25 3.4339096823994334e-117 1.968138987419129e-22
221.0 1.106488882929446e-16 3.61629422434993e-19 1.489437419801404e-25 1.020087042677708e-116 2.0894603839150272e-22
222.0 1.1063864346697265e-16 3.7103964586481815e-19 1.632830743128812e-25 3.00071355611258e-116 2.217059355476094e-22
223.0 2.2125638333784207e-16 7.612120170600754e-19 3.577098329836711e-25 1.7483891045323308e-115 4.70238775082439e-22
224.0 2.2123505926169968e-16 7.806584324764728e-19 3.915039834650609e-25 5.045151005433686e-115 4.984258813092856e-22
225.0 3.318199620273983e-16 1.200629852507315e-18 6.42218844335372e-25 2.163262912195659e-114 7.920417005950172e-22
226.0 4.4238224552794003e-16 1.6409954805359702e-18 9.35690656182818e-25 8.168720030211074e-114 1.1182013614931748e-21
227.0 5.529212412350692e-16 2.1022330392012123e-18 1.2770628258237731e-24 2.865401132892604e-113 1.47925556954785e-21
228.0 7.740089771309667e-16 3.0156264144511954e-18 1.9506266695592863e-24 1.115585096381228e-112 2.190621030299651e-21
229.0 9.95048514233402e-16 3.97188857161108e-18 2.734140098181472e-24 3.953263254519767e-112 2.9777851873746356e-21
230.0 1.3265873941131206e-15 5.423984467045822e-18 3.9713139011303594e-24 1.4400346709732827e-111 4.195678028654518e-21
231.0 1.6580507642886382e-15 6.942563545990514e-18 5.40375620548853e-24 4.875072350045835e-111 5.5395354690040685e-21
232.0 2.2104849282447516e-15 9.476761142578742e-18 7.83730876078554e-24 1.7453655105234954e-110 7.797709778298924e-21
233.0 2.762788296237065e-15 1.2125016390702903e-17 1.0648648128766588e-23 5.808707280018196e-110 1.0285573031450184e-20
234.0 3.5359542333994373e-15 1.5882426515151742e-17 1.4805088104670572e-23 1.9630720791977131e-109 1.388637482138623e-20
235.0 4.52989959628122e-15 2.082037461012955e-17 2.0589433991679423e-23 6.586079931654984e-109 1.875749026847037e-20
236.0 5.744538079657799e-15 2.701221269494911e-17 2.832437164540074e-23 2.169496974907062e-108 2.506976271070826e-20
237.0 7.400696436411951e-15 3.5595831011079695e-17 3.9557496206247015e-23 7.201842159039894e-108 3.402390660359962e-20
238.0 9.277309466114558e-15 4.563389655330105e-17 5.371984300690746e-23 2.3078404382025637e-107 4.491175773664647e-20
239.0 1.1815998776827706e-14 5.942831458920266e-17 7.4071095131202e-23 7.455141899590514e-107 6.020702934182287e-20
240.0 1.4906072977006484e-14 7.664136076670919e-17 1.0109274636370977e-22 2.3669120123315013e-106 7.990858406090313e-20
241.0 1.887849169663454e-14 9.92121286344981e-17 1.3842637002495627e-22 7.486746694561004e-106 1.064309404085682e-19
242.0 2.3732868020090364e-14 1.274578878177228e-16 1.8802535806750616e-22 2.332909353697245e-105 1.4065024639260627e-19
243.0 2.979991066219252e-14 1.635207804118493e-16 2.549289525624847e-22 7.206755240896779e-105 1.8557368272314017e-19
244.0 3.741012515521989e-14 2.0970658910038532e-16 3.4534891626694385e-22 2.209461360496225e-104 2.4469518055467597e-19
245.0 4.689380438805883e-14 2.68489729315557e-16 4.668520009212697e-22 6.714592596985465e-104 3.220419075348654e-19
246.0 5.858101879835093e-14 3.425182483921508e-16 6.285630876309433e-22 2.019022619148972e-103 4.222235701629484e-19
247.0 7.313252259528017e-14 4.3659436921828333e-16 8.452152358806859e-22 6.024014032804222e-103 5.529868313688235e-19
248.0 9.109833521115184e-14 5.55195438678912e-16 1.1333702623968772e-21 1.7808423563714155e-102 7.223795869038353e-19
249.0 1.1324862078852574e-13 7.044727718812303e-16 1.515799778169956e-21 5.217624213755085e-102 9.413971210940979e-19
250.0 1.4057349432612713e-13 8.923996799741052e-16 2.023046766419896e-21 1.5159663324622345e-101 1.2245158894940887e-18
251.0 1.7406234546628184e-13 1.12749637783956e-15 2.6918442794552828e-21 4.3640949365338994e-101 1.588272203464407e-18
252.0 2.153651105702686e-13 1.4232151303109555e-15 3.576968471551511e-21 1.2469814330378974e-100 2.0577593277214524e-18
253.0 2.659100885135739e-13 1.792446668692461e-15 4.740500793113094e-21 3.532167198519595e-100 2.6594698791324866e-18
254.0 3.2778551314686715e-13 2.2534584973775223e-15 6.268832798052946e-21 9.92381026169471e-100 3.4303214497309482e-18
255.0 4.034084396858889e-13 2.8280437408702625e-15 8.271992998291091e-21 2.7657301191679027e-99 4.415912453160368e-18
256.0 4.956345143044382e-13 3.5425644304103872e-15 1.0890767747118209e-20 7.645910900321667e-99 5.673026949722607e-18
257.0 6.080878454520917e-13 4.430697759918386e-15 1.4310715371900695e-20 2.0974712052054384e-98 7.275228829424393e-18
258.0 7.447197772865907e-13 5.530743932010726e-15 1.876095675033455e-20 5.707889510956442e-98 9.310032685378038e-18
259.0 9.105789942999987e-13 6.89174463984975e-15 2.4542481867897722e-20 1.5412591021509923e-97 1.1890677730033674e-17
260.0 1.1118103019120109e-12 8.5743240204908e-15 3.2043844734943355e-20 4.130639974806887e-97 1.516019255168384e-17
261.0 1.355323229808691e-12 1.0648960514258276e-14 4.174906868404914e-20 1.098605688827647e-96 1.9291144817878458e-17
262.0 1.6496711245615674e-12 1.3203681799467001e-14 5.428386143785007e-20 2.900162230666435e-96 2.4502550285590747e-17
263.0 2.0049391791443026e-12 1.6344480888757442e-14 7.044107827262525e-20 7.599678656700107e-96 3.10651346995837e-17
264.0 2.4331823388217664e-12 2.020023588457147e-14 9.122950933918052e-20 1.9770151275933185e-95 3.931567526335406e-17
265.0 2.948422756619461e-12 2.4924340984681745e-14 1.1791613292654712e-19 5.105840246109384e-95 4.9666365631309743e-17
266.0 3.5676364113866447e-12 3.070489544014777e-14 1.5211644013040715e-19 1.3092699276784508e-94 6.263236430614111e-17
267.0 4.3105293950299235e-12 3.776525107520617e-14 1.9585286938718941e-19 3.333551155015602e-94 7.884242928389192e-17
268.0 5.2008525096639865e-12 4.6378138321060015e-14 2.516932850759185e-19 8.428748176238937e-94 9.907912729686363e-17
269.0 6.266285818336073e-12 5.686812429088011e-14 3.2285041890387884e-19 2.116517344858586e-93 1.2429814477901606e-16
270.0 7.539311447861978e-12 6.962318303242185e-14 4.1334764140726356e-19 5.278420851125172e-93 1.5566929774538443e-16
271.0 9.058524011418175e-12 8.511131433839889e-14 5.282440782082579e-19 1.307537718060183e-92 1.9463324328791267e-16
272.0 1.086906057091537e-11 1.0389013966042832e-13 6.738536943088573e-19 3.2173831069485815e-92 2.429476859240071e-16
273.0 1.3023907394422157e-11 1.2662559165309727e-13 8.580576470209816e-19 7.86467835913245e-92 3.0275931391649214e-16
274.0 1.558509445952662e-11 1.5411094900877492e-13 1.0906702199254293e-18 1.909932147238174e-91 3.7668364168337713e-16
275.0 1.8625435861751695e-11 1.8729274664350487e-13 1.3839127194375084e-18 4.6083809015340253e-91 4.679095239973612e-16
276.0 2.2229718389124183e-11 2.2729302233832387e-13 1.7529354309513618e-18 1.10483696536967e-90 5.803044049629005e-16
277.0 2.6497312381875198e-11 2.7544782004275385e-13 2.2165472313748347e-18 2.632092867092174e-90 7.185712916149954e-16
278.0 3.1543681219077635e-11 3.333370341403656e-13 2.7979906681053126e-18 6.231367179667224e-90 8.883978626070391e-16
279.0 3.7503639999528805e-11 4.028349598784058e-13 3.526009925001939e-18 1.4661407864068676e-89 1.0966748591649042e-15
280.0 4.45338403572346e-11 4.86156202893443e-13 4.436044921312595e-18 3.428517122873063e-89 1.3517222280711377e-15
281.0 5.2816453619080413e-11 5.859179752310114e-13 5.571755951557877e-18 7.969013661211731e-89 1.6635816994801844e-15
282.0 6.25626262969107e-11 7.052042822740903e-13 6.98679763731434e-18 1.8411831390331047e-88 2.044341443844869e-15
283.0 7.401724000530383e-11 8.476493795838808e-13 8.747049437117829e-18 4.2287409468676005e-88 2.50854615312076e-15
284.0 8.74638783899677e-11 1.0175295036737435e-12 1.0933266396137529e-17 9.655488606909086e-88 3.0736687569037008e-15
285.0 1.0323043735976161e-10 1.2198684528289327e-12 1.3644269699673281e-17 2.1918616197710515e-87 3.760666065508201e-15
286.0 1.2169570439297366e-10 1.4605619210454796e-12 1.7000814393729234e-17 4.947137956981875e-87 4.594641530627687e-15
287.0 1.4329657587394856e-10 1.7465179960453922e-12 2.115020737189561e-17 1.1102539447939437e-86 5.605617109125188e-15
288.0 1.6853689326547357e-10 2.0858270117537434e-12 2.6271948092730622e-17 2.4776733121757476e-86 6.829466999958687e-15
289.0 1.9799658228505512e-10 2.487946600875255e-12 3.2584369483277784e-17 5.498500882984681e-86 8.30898201108003e-15
290.0 2.3234240311094565e-10 2.9639193230885316e-12 4.035264398393488e-17 1.213521687630647e-85 1.0095133911915389e-14
291.0 2.723406334579461e-10 3.526629501433407e-12 4.989845330690885e-17 2.6636583634873265e-85 1.2248581538717727e-14
292.0 3.1887058655661384e-10 4.1910878067973446e-12 6.161140407105323e-17 5.815157443582899e-85 1.4841400764195027e-14
293.0 3.729399412085908e-10 4.974758173932311e-12 7.596264179829804e-17 1.2627572894247852e-84 1.7959109118245626e-14
294.0 4.357030759694324e-10 5.897946117456378e-12 9.352127595910784e-17 2.72757976026063e-84 2.1703081189263233e-14
295.0 5.084802166118369e-10 6.984223022926177e-12 1.1497361793092228e-16 5.860804159272604e-84 2.619329589776737e-14
296.0 5.927801148004517e-10 8.260926010646818e-12 1.4114625882139203e-16 1.2528004479811242e-83 3.157159223550548e-14
297.0 6.90325481940483e-10 9.759727995224811e-12 1.7303345039739814e-16 2.6642452752332634e-83 3.800545876045804e-14
298.0 8.030806214169104e-10 1.1517274593072016e-11 2.11829314457831e-16 5.6371062860362224e-83 4.5692388936411694e-14
299.0 9.332836415544324e-10 1.3575926483916126e-11 2.589662414100502e-16 1.1867243972326136e-82 5.486500375166095e-14
300.0 1.0834818158139906e-09 1.598459356348504e-11 3.1616007685846787e-16 2.4858603277151296e-82 6.579695274954539e-14
301.0 1.2565717046544864e-09 1.8799690628073245e-11 3.854635860307833e-16 5.1815314248909436e-82 7.880978093795473e-14
302.0 1.4558433645021233e-09 2.2086212440703143e-11 4.693292623951067e-16 1.074768868698512e-81 9.428083350630221e-14
303.0 1.6850306859538993e-09 2.5918966871545692e-11 5.706835320470873e-16 2.2185453248520927e-81 1.1265244956154955e-13
304.0 1.9483668541833524e-09 3.0383960893748716e-11 6.930137519091986e-16 4.557621573126128e-81 1.3444252914696514e-13
305.0 2.2506469651518322e-09 3.557998080823875e-11 8.404706001389217e-16 9.318482137866235e-81 1.602567683986732e-13
306.0 2.5972967842023507e-09 4.162036295774374e-11 1.0179877683152193e-15 1.8963082187845884e-80 1.9080268137457635e-13
307.0 2.9944505385290244e-09 4.863501313988995e-11 1.2314225803375366e-15 3.841042920368579e-80 2.2690581868214577e-13
308.0 3.4490370449052972e-09 5.6772679136660574e-11 1.487720344792832e-15 7.744355676135e-80 2.6952838077294907e-13
309.0 3.96887477348229e-09 6.620350158359416e-11 1.795106072998089e-15 1.5543056365433954e-79 3.19790533616968e-13
310.0 4.562778824767055e-09 7.712190996163563e-11 2.1633087937845206e-15 3.1054278696410813e-79 3.789949621718537e-13
311.0 5.24067845249329e-09 8.974986176071389e-11 2.603822490838803e-15 6.17673529028672e-79 4.4865490594841655e-13
312.0 6.013748200742914e-09 1.0434049783665225e-10 3.1302102607890013e-15 1.223115438965091e-78 5.305263097826119e-13
313.0 6.8945523550490876e-09 1.2118223373528594e-10 3.758457586067925e-15 2.4113761007443164e-78 6.266445070523038e-13
314.0 7.89720607639879e-09 1.4060337206892327e-10 4.507383303514878e-15 4.733358765181068e-78 7.393662206695063e-13
315.0 9.037552139165113e-09 1.62977247508793e-10 5.399115607960494e-15 9.251209730590106e-78 8.714173455667836e-13
316.0 1.0333357587879806e-08 1.8872801312589305e-10 6.4596444136622175e-15 1.800402945056364e-77 1.0259475264489834e-12
317.0 1.1804529747249625e-08 2.1833709514813978e-10 7.719460083480475e-15 3.488993833102246e-77 1.2065921856281653e-12
318.0 1.3473355433328521e-08 2.523504255718829e-10 9.214292505813783e-15 6.732974814563534e-77 1.4175431549283676e-12
319.0 1.536476363132551e-08 2.9138650209233416e-10 1.098596404748521e-14 1.2939182906697774e-76 1.6636288212670997e-12
320.0 1.7506615877145702e-08 3.3614540245818645e-10 1.3083374314821396e-14 2.4763746848647524e-76 1.9504052031267912e-12
321.0 1.9930024458803897e-08 3.874188091921404e-10 1.5563634053680348e-14 4.7201070364502646e-76 2.2842590726270495e-12
322.0 2.2669703271346854e-08 4.461011947134569e-10 1.849337113908445e-14 8.96044267760414e-76 2.672524869018345e-12
323.0 2.576435300379586e-08 5.132022643937911e-10 2.1950232187360454e-14 1.6942018474040876e-75 3.1236169711814078e-12
324.0 2.92570830633361e-08 5.898607741938535e-10 2.6024606664606742e-14 3.1906166895773617e-75 3.647179120714429e-12
325.0 3.3195875187165315e-08 6.773598974149485e-10 3.0821605892319195e-14 5.985128000848119e-75 4.254253274770281e-12
326.0 3.763409107233394e-08 7.771442720435903e-10 3.646333109624507e-14 1.1183478808109774e-74 4.957470066695936e-12
327.0 4.2631027712213616e-08 8.90838894668624e-10 4.309146987773601e-14 2.081614013145492e-74 5.771263421234198e-12
328.0 4.825252558285637e-08 1.0202700666169913e-09 5.0870266697798505e-14 3.859741750776178e-74 6.71211230932839e-12
329.0 5.457163209112456e-08 1.1674885514961871e-09 5.998991560839498e-14 7.129610669688466e-74 7.798812532276537e-12
330.0 6.166932799970118e-08 1.3347952248509736e-09 7.067043473244718e-14 1.3120110282751693e-73 9.052782433150897e-12
331.0 6.963531784099064e-08 1.524769367392889e-09 8.316608166792653e-14 2.4054019334952497e-73 1.0498405833090617e-11
332.0 7.856889340442704e-08 1.7402999363580855e-09 9.777038482683342e-14 4.3937014441340046e-73 1.2163416961280485e-11
333.0 8.857987341892113e-08 1.984620036724023e-09 1.148218675567639e-13 7.996136280744254e-73 1.4079331697366532e-11
334.0 9.978962685955278e-08 2.2613449205914593e-09 1.3471055569359738e-13 1.4499414168146833e-72 1.6281930478439942e-11
335.0 1.1233218561501448e-07 2.5745138222076496e-09 1.5788536736640939e-13 2.6197210008224984e-72 1.8811798435079943e-11
336.0 1.2635545386527314e-07 2.9286359882742705e-09 1.8486249699780715e-13 4.716365687065512e-72 2.1714929065399514e-11
337.0 1.4202252162559507e-07 3.3287412840657095e-09 2.1623491807206277e-13 8.460988474560722e-72 2.5043398326483433e-11
338.0 1.5951308916203014e-07 3.780435757003405e-09 2.526831416887731e-13 1.5125478872507069e-71 2.885611647488639e-11
339.0 1.7902501205306317e-07 4.28996263054154e-09 2.9498738742801206e-13 2.6945397424874027e-71 3.321966615163491e-11
340.0 2.0077597483132584e-07 4.8642691810400355e-09 3.440413371820752e-13 4.783660587266081e-71 3.820923560029509e-11
341.0 2.250053025892728e-07 5.511080006735912e-09 4.00867663011812e-13 8.463483325883387e-71 4.390965690563551e-11
342.0 2.519759203037568e-07 6.238977231449587e-09 4.666355408956702e-13 1.492325330492546e-70 5.041656002696405e-11
343.0 2.819764707329441e-07 7.057488238674547e-09 5.426803863940661e-13 2.62250225554277e-70 5.7837654497965657e-11
344.0 3.153236014441221e-07 7.977181552521885e-09 6.3052607220192e-13 4.593233048705132e-70 6.629415156819346e-11
345.0 3.523644328109422e-07 9.009771542801762e-09 7.319099166287466e-13 8.01832126978419e-70 7.59223408432825e-11
346.0 3.9347921954741286e-07 1.0168232681645195e-08 8.488107629956145e-13 1.3951559385826304e-69 8.68753367561464e-11
347.0 4.39084217264747e-07 1.1466924084186055e-08 9.83480499775284e-13 2.419625754200727e-69 9.93250111625511e-11
348.0 4.896347699243091e-07 1.2921725213071267e-08 1.1384794156365379e-12 4.1828421091741474e-69 1.1346413059323584e-10
349.0 5.456286300853929e-07 1.455018356217994e-08 1.3167158138493532e-12 7.207822948578884e-69 1.2950871723299445e-10
350.0 6.07609529135459e-07 1.6371675310842948e-08 1.52149036400758e-12 1.2381051102652796e-68 1.4770065536233948e-10
351.0 6.761710106792132e-07 1.840757987629203e-08 1.7565457058700638e-12 2.1200346283726893e-68 1.6831056569268153e-10
352.0 7.519605464367129e-07 2.0681469499185003e-08 2.0261218846910567e-12 3.6188581275136305e-68 1.9164097319193918e-10
353.0 8.356839489985027e-07 2.3219314909755127e-08 2.335018239850036e-12 6.1582075816149355e-68 2.1802979465992192e-10
354.0 9.281101015800442e-07 2.6049708325882117e-08 2.688662442118826e-12 1.0447253279953725e-67 2.478541756838671e-10
355.0 1.0300760218601493e-06 2.9204105002477176e-08 3.0931874315003352e-12 1.7669558467500233e-67 2.815347079682599e-10
356.0 1.1424922814447145e-06 3.27170847277558e-08 3.555517089571293e-12 2.979446965954988e-67 3.195400614337652e-10
357.0 1.2663487990697275e-06 3.662663462221183e-08 4.083461546286802e-12 5.0089015945490475e-67 3.623920669859997e-10
358.0 1.402721029728499e-06 4.0974454767295416e-08 4.68582311444853e-12 8.395693672728193e-67 4.1067128947453987e-10
359.0 1.552776572477963e-06 4.580628826990216e-08 5.372513936173247e-12 1.4030984966191791e-66 4.65023133290539e-10
360.0 1.7177822181336992e-06 5.1172277387156614e-08 6.154686516330153e-12 2.3380153053595247e-66 5.261645254970508e-10
361.0 1.8991114616830655e-06 5.712734750645202e-08 7.044878432806326e-12 3.884580841169367e-66 5.948912254893645e-10
362.0 2.0982525030320806e-06 6.373162080961898e-08 8.057172621048178e-12 6.435591847064109e-66 6.720858131005922e-10
363.0 2.316816761351125e-06 7.105086156944983e-08 9.207374755692355e-12 1.0631391550538712e-65 7.587264109964014e-10
364.0 2.5565479299873106e-06 7.915695515297637e-08 1.051320938783101e-11 1.751292505418188e-65 8.558962014075316e-10
365.0 2.8193315971375416e-06 8.812842282875788e-08 1.1994536628311889e-11 2.8767609325285908e-65 9.64793800537875e-10
366.0 3.1072054603252153e-06 9.805097464031586e-08 1.3673591326759934e-11 4.712320327283388e-65 1.0867445589430672e-09
367.0 3.4223701637306188e-06 1.0901810272250856e-07 1.5575246860387954e-11 7.697702453556992e-65 1.2232128608375724e-09
368.0 3.7672007860161595e-06 1.211317174782143e-07 1.7727305811596037e-11 1.2539838536938195e-64 1.3758154993235308e-09
369.0 4.144259008532242e-06 1.3450282918894752e-07 2.0160820005231187e-11 2.0372128155726735e-64 1.5463362100252982e-09
370.0 4.556305994719983e-06 1.4925227775317462e-07 2.2910442576435755e-11 3.3006806088074406e-64 1.736741450956211e-09
371.0 5.0063160099355765e-06 1.6551151328630967e-07 2.6014814940759224e-11 5.3333755460850646e-64 1.9491975210776674e-09
372.0 5.497490814497763e-06 1.834234305255796e-07 2.951699177734721e-11 8.594907421523297e-64 2.1860891167935564e-09
373.0 6.033274860205181e-06 2.0314325999639407e-07 3.346490736031055e-11 1.3814314152755093e-63 2.450039430397616e-09
374.0 6.617371323893479e-06 2.2483951910390328e-07 3.791188684181184e-11 2.2144972979941455e-63 2.743931901736945e-09
375.0 7.25375900799305e-06 2.4869502629286313e-07 4.2917206338299624e-11 3.540684258092019e-63 3.0709337391495164e-09
376.0 7.946710142847297e-06 2.749079816801422e-07 4.854670598044583e-11 5.646429181817019e-63 3.434521334118659e-09
377.0 8.700809122698947e-06 3.0369311757250234e-07 5.4873460372882436e-11 8.981389637389585e-63 3.838507699714712e-09
378.0 9.520972207306392e-06 3.352829223859457e-07 6.197851122682969e-11 1.4249656317606156e-62 4.2870720698552526e-09
379.0 1.0412468222627069e-05 3.6992894163796484e-07 6.995166727326249e-11 2.255093656678838e-62 4.7847918042818675e-09
380.0 1.1380940292956715e-05 4.0790315975363345e-07 7.889237691284054e-11 3.5598538511855514e-62 5.336676751213255e-09
381.0 1.2432428636299115e-05 4.4949946650960643e-07 8.891067942815757e-11 5.605509670182765e-62 5.948206227079038e-09
382.0 1.3573394454343023e-05 4.950352120301221e-07 1.0012824097382264e-10 8.80483594716269e-62 6.6253687804988695e-09
383.0 1.4810744949535183e-05 5.448528543942716e-07 1.126794819814644e-10 1.3796166940656838e-61 7.374704916414159e-09
384.0 1.6151859497837934e-05 5.993217038768441e-07 1.2671280302303537e-10 2.1564248221111197e-61 8.203352962843132e-09
385.0 1.760461700781385e-05 6.588397680204027e-07 1.423919166444088e-10 3.362455354755976e-61 9.119098272299434e-09
386.0 1.9177424494704442e-05 7.238357017659918e-07 1.5989729314359221e-10 5.2303720745743616e-61 1.0130425957805862e-08
387.0 2.0879246895219985e-05 7.947708668573824e-07 1.7942772874124637e-10 8.116521499714224e-61 1.1246577370890863e-08
388.0 2.271963815132969e-05 8.721415049251717e-07 2.0120204513083314e-10 1.2565389906399882e-60 1.24776105394312e-08
389.0 2.4708773584116874e-05 9.564810284771185e-07 2.2546092987670637e-10 1.9406979541558611e-60 1.3834464788699021e-08
390.0 2.6857483584115874e-05 1.048362434311374e-06 2.5246892773561783e-10 2.9903573193555456e-60 1.5329029781209098e-08
391.0 2.91772886339423e-05 1.148400843547373e-06 2.825165934683995e-10 4.5970424011216816e-60 1.697421921468349e-08
392.0 3.168043568602001e-05 1.25725617281474e-06 3.159228173748008e-10 7.050684320345232e-60 1.87840494308067e-08
393.0 3.4379935907599206e-05 1.3756359408024785e-06 3.530373353138346e-10 1.0789177611185038e-59 2.077372319108851e-08
394.0 3.728960380762771e-05 1.5042982145248725e-06 3.9424343563732185e-10 1.6472390312919991e-59 2.2959718886940585e-08
395.0 4.042409775656809e-05 1.6440546995842469e-06 4.399608760985496e-10 2.5092442661382494e-59 2.535988545864298e-08
396.0 4.3798961903544355e-05 1.795773978490952e-06 4.90649024412925e-10 3.813765993043023e-59 2.7993543303211212e-08
397.0 4.7430669497004796e-05 1.960384901212962e-06 5.468102368678473e-10 5.78357813789596e-59 3.088159146152321e-08
398.0 5.1336667606200924e-05 2.1388801317987334e-06 6.089934900033933e-10 8.751394151061965e-59 3.404662137866378e-08
399.0 5.5535423242532394e-05 2.3323198550081313e-06 6.777982811390165e-10 1.3213032080102186e-58 3.7513037541410875e-08
400.0 6.004647086830866e-05 2.5418356464207444e-06 7.538788141388149e-10 1.990576212560712e-58 4.130718529793861e-08
401.0 6.489046128346925e-05 2.7686345096085654e-06 8.379484876008199e-10 2.9923514817613477e-58 4.545748617492353e-08
402.0 7.00892118711122e-05 3.014003083539987e-06 9.307847033127393e-10 4.488592751172176e-58 4.999458100869525e-08
403.0 7.566575817803255e-05 3.2793120231505357e-06 1.0332340135333949e-09 6.718585864124211e-58 5.495148121112051e-08
404.0 8.16444068045255e-05 3.5660205558864136e-06 1.146217626418621e-09 1.0035102358514758e-57 6.036372849639822e-08
405.0 8.805078956706287e-05 3.8756812165077925e-06 1.270737289557331e-09 1.4957125614903098e-57 6.626956339362615e-08
406.0 9.491191889645834e-05 4.2099447623133205e-06 1.4078815723537785e-09 2.2246564004216441e-57 7.271010287472494e-08
407.0 0.00010225624442242373 4.570565270338088e-06 1.5588325686109306e-09 3.3019631256791627e-57 7.97295274234343e-08
408.0 0.0001101137106962572 4.959405417995595e-06 1.7248730414558312e-09 4.8908225982191344e-57 8.737527787559098e-08
409.0 0.00011851581598805002 5.378441947817906e-06 1.9073940332869162e-09 7.229327471116147e-57 9.569826235220318e-08
410.0 0.00012749567209543322 5.8297713168136135e-06 2.107902964176389e-09 1.0664144007119114e-56 1.0475307360910626e-07
411.0 0.0001370880650876266 6.315615530187812e-06 2.3280322426848276e-09 1.5698999654296791e-56 1.1459821711739282e-07
412.0 0.00014732951690778754 6.838328158929024e-06 2.569548413735871e-09 2.3064366691118594e-56 1.2529635018777512e-07
413.0 0.00015825834773792243 7.400400539683759e-06 2.8343618685628138e-09 3.3817407058150213e-56 1.369145324349396e-07
414.0 0.0001699147390366807 8.004468155360535e-06 3.1245371424737772e-09 4.948503438574699e-56 1.4952448787969578e-07
415.0 0.00018234079714136363 8.65331719375496e-06 3.442303826459594e-09 7.226828927252931e-56 1.6320287896631193e-07
416.0 0.0001955806173177771 9.349891280812415e-06 3.790068119067488e-09 1.0533373129470524e-55 1.780315927591128e-07
417.0 0.00020968034814443888 1.0097298384952956e-05 4.170425045517468e-09 1.5322808502269274e-55 1.9409803957714247e-07
418.0 0.00022468825608817783 1.0898817887125959e-05 4.586171370919898e-09 2.224671286407896e-55 2.1149546428959878e-07
419.0 0.0002406547901418619 1.1757907811518491e-05 5.040319235070758e-09 3.2237043123437637e-55 2.3032327049503696e-07
420.0 0.00025763264637068326 1.2678212210265322e-05 5.5361105361280144e-09 4.662423056736834e-55 2.5068735777161226e-07
421.0 0.0002756768322068823 1.3663568694732639e-05 6.0770320905318855e-09 6.73039387935922e-55 2.7270047216305873e-07
422.0 0.00029484473033087536 1.4718016105376736e-05 6.666831596610878e-09 9.697209009658937e-55 2.9648257004512173e-07
423.0 0.00031519616195810964 1.5845802310756658e-05 7.309534428938861e-09 1.3945548453430574e-54 3.221611954786299e-07
424.0 0.0003367934493489973 1.705139212563774e-05 8.009461290368404e-09 2.0017602141087477e-54 3.4987187113021666e-07
425.0 0.0003597014773429788 1.8339475336738156e-05 8.771246748090142e-09 2.8680129843619554e-54 3.797585027997034e-07
426.0 0.0003839877537174032 1.971497482404726e-05 9.599858679722807e-09 4.101547292993942e-54 4.119737975644047e-07
427.0 0.00040972246815610243 2.1183054764216372e-05 1.0500618654604548e-08 5.854863577026329e-54 4.4667969550343216e-07
428.0 0.0004369785496050526 2.2749128901470754e-05 1.147922327465321e-08 8.34244074138181e-54 4.840478149230528e-07
429.0 0.00046583172178449593 2.441886887038267e-05 1.2541766498194605e-08 1.1865377895476457e-53 5.242599109586815e-07
430.0 0.0004963605566189111 2.6198212553706876e-05 1.3694762969024655e-08 1.684561477842753e-53 5.675083473805712e-07
431.0 0.0005286465253402193 2.8093372457414367e-05 1.4945172371717664e-08 2.387336890608077e-53 6.139965813808854e-07
432.0 0.0005627740470002672 3.0110844083256065e-05 1.6300424832380554e-08 3.377277658989298e-53 6.639396610518081e-07
433.0 0.0005988305341419085 3.2257414279073265e-05 1.776844738293725e-08 4.769256221162674e-53 7.1756473523015e-07
434.0 0.0006369064353451494 3.454016954448967e-05 1.9357691504434783e-08 6.7231057642168715e-53 7.751115752936067e-07
435.0 0.0006770952743829064 3.696650426970949e-05 2.107716176347567e-08 9.46082827620062e-53 8.36833108458814e-07
436.0 0.0007194936856949693 3.9544128882864504e-05 2.2936445553023567e-08 1.3290238885870694e-52 9.029959620416895e-07
437.0 0.0007642014458977968 4.2281077880918786e-05 2.4945743946752222e-08 1.8637397451320476e-52 9.738810180887602e-07
438.0 0.000811321501026988 4.5185717717068484e-05 2.7115903672889946e-08 2.6091016340095654e-52 1.0497839776968401e-06
439.0 0.0008609599892237931 4.826675451740509e-05 2.9458450211141474e-08 3.646316256015723e-52 1.1310159342872378e-06
440.0 0.0009132262585586034 5.1533241597629126e-05 3.198562201262458e-08 5.0872091451984304e-52 1.2179039550056068e-06
441.0 0.000968232879680756 5.4994586749389366e-05 3.471040583927256e-08 7.085508912273511e-52 1.3107916693374467e-06
442.0 0.001026095652999652 5.86605592656997e-05 3.764657321610171e-08 9.8521935670058e-52 1.4100398639713491e-06
443.0 0.0010869336100710976 6.254129667211557e-05 4.080871798479246e-08 1.367632615056599e-51 1.5160270828189595e-06
444.0 0.0011508690088947826 6.664731113112789e-05 4.4212294943998606e-08 1.8953295963315805e-51 1.629150231058221e-06
445.0 0.0012180273228066703 7.098949548495532e-05 4.787365955660648e-08 2.6223034013058664e-51 1.7498251819494273e-06
446.0 0.0012885372226505334 7.557912890088252e-05 5.181010869941729e-08 3.622164000186679e-51 1.8784873850823688e-06
447.0 0.0013625305519376612 8.042788208369381e-05 5.6039922426678017e-08 4.995101305500138e-51 2.015592474654752e-06
448.0 0.001440142294683536 8.554782201755793e-05 6.0582406712843e-08 6.877261122706041e-51 2.161616876258254e-06
449.0 0.0015215105356252846 9.095141619955726e-05 6.545793713493198e-08 9.453349594905642e-51 2.3170584105714185e-06
450.0 0.0016067764125234432 9.665153632602306e-05 7.0688003448966e-08 1.2973550460075509e-50 2.4824368922579407e-06
451.0 0.0016960840602758514 0.00010266146139328505 7.629525500984604e-08 1.7776194333747286e-50 2.6582947223036106e-06
452.0 0.001789580546552202 0.00010899488017231854 8.230354697679192e-08 2.4318087207664166e-50 2.8451974718925535e-06
453.0 0.0018874157986862204 0.00011566589301749773 8.873798724094332e-08 3.3215021457310336e-50 3.0437344558610186e-06
454.0 0.001989742521578537 0.00012268901296973205 9.562498400552279e-08 4.529580246591681e-50 3.2545192936873748e-06
455.0 0.002096716106346743 0.00013007916611234102 1.0299229394094556e-07 6.167418671173478e-50 3.478190455843415e-06
456.0 0.0022084945295044105 0.00013785169113992177 1.1086907083185216e-07 8.384451961754256e-50 3.7154117932969286e-06
457.0 0.002325238242457037 0.00014602233810004576 1.1928591462569146e-07 1.1380868304454295e-49 3.966873047860026e-06
458.0 0.002447110051089142 0.00015460726626596793 1.282749207837969e-07 1.5424434154232617e-49 4.233290340946754e-06
459.0 0.002574274985281334 0.00016362304110181707 1.3786972983092577e-07 2.0872757921480323e-49 4.515406638304741e-06
460.0 0.0027069001581959302 0.00017308663028108693 1.4810557699099277e-07 2.8202705906520198e-49 4.81399218818285e-06
461.0 0.0028451546151564812 0.000183015398717765 1.5901934178743483e-07 3.8049208893555795e-49 5.1298449302686404e-06
462.0 0.002989209172027643 0.00019342710257401854 1.7064959748224747e-07 5.1256379592459815e-49 5.463790872768827e-06
463.0 0.0031392362429768094 0.000204339882206303 1.830366602176643e-07 6.8944744752744e-49 5.816684434864496e-06
464.0 0.0032954096575518142 0.00021577225401472557 1.9622263771844266e-07 9.259953929379434e-49 6.189408751770761e-06
465.0 0.0034579044670009504 0.00022774310115964132 2.1025147740327477e-07 1.2418648738933374e-48 6.58287593952313e-06
466.0 0.0036268967398437476 0.0002402716631145394 2.2516901374957952e-07 1.663034018354249e-48 6.998027316675694e-06
467.0 0.0038025633466579516 0.00025337752402132926 2.4102301474442904e-07 2.2237838896143775e-48 7.435833579933333e-06
468.0 0.003985081734132205 0.0002670805998195354 2.5786322725027183e-07 2.969286055055447e-48 7.897294930817184e-06
469.0 0.004174629688452215 0.00028140112412218093 2.757414211064349e-07 3.958975715902354e-48 8.383441150427252e-06
470.0 0.004371385088080359 0.0002963596328107187 2.9471143177794727e-07 5.2709424805982913e-48 8.895331619281833e-06
471.0 0.0045755256460921915 0.0003119769473284954 3.148292013611102e-07 7.007637510594475e-48 9.434055279356167e-06
472.0 0.0047872286421866625 0.0003282741566494539 3.3615281774370737e-07 9.303280991861643e-48 1.0000730535297756e-05
473.0 0.005006670644589795 0.0003452725979061484 3.5874255171618635e-07 1.2333462708531893e-47 1.0596505091956602e-05
474.0 0.005234027222056298 0.0003629938356606737 3.8266089182109094e-07 1.6327567249114519e-47 1.1222555725301258e-05
475.0 0.005469472646218193 0.0003814596398058006 4.0797257672320964e-07 2.1584832037497173e-47 1.1880087983853445e-05
476.0 0.005713179584616674 0.0004006919620904065 4.347446248817749e-07 2.8495070983412363e-47 1.257033581794017e-05
477.0 0.005965318784689328 0.00042071291125976806 4.6304636129437485e-07 3.7565381690225533e-47 1.3294561133916964e-05
478.0 0.00622605874910984 0.0004415447268109397 4.929494410846608e-07 4.945451564538623e-47 1.4054053270782494e-05
479.0 0.006495565402893293 0.0004632097513657849 5.245278697013008e-07 6.501704843985649e-47 1.4850128396657103e-05
480.0 0.006774001752668756 0.00048573040166464894 5.578580194890772e-07 8.53600655642857e-47 1.568412882259364e-05
481.0 0.007061527538614964 0.0005091291381917053 5.93018642395332e-07 1.1191580961487764e-46 1.6557422231433476e-05
482.0 0.007358298879577623 0.0005334284334461677 6.300908785726102e-07 1.4653465534286866e-46 1.7471400819522632e-05
483.0 0.0076644679118952844 0.0005586507388758136 6.691582606354002e-07 1.9160393787788494e-46 1.8427480349182104e-05
484.0 0.007980182422520002 0.000584818450495266 7.103067133307988e-07 2.501996163057243e-46 1.942709911003599e-05
485.0 0.008305585477066573 0.0006119538732168296 7.53624548384978e-07 3.2627958365905523e-46 2.0471716787501266e-05
486.0 0.008640815043412424 0.0006400791839228626 7.992024542850979e-07 4.249297271276892e-46 2.1562813236816353e-05
487.0 0.008986003611569607 0.0006692163933180292 8.47133480764662e-07 5.526767126366043e-46 2.270188716133851e-05
488.0 0.009341277810494077 0.0006993873065979125 8.975130177558656e-07 7.178850564736508e-46 2.389045469383152e-05
489.0 0.009706758022636161 0.0007306134829830727 9.504387685867328e-07 9.31260526999856e-46 2.513004787995089e-05
490.0 0.010082557996983559 0.000762916194166248 1.0060107171987556e-06 1.206487505695974e-45 2.6422213063162974e-05
491.0 0.010468784461384783 0.0007963163817256557 1.0643310891676504e-06 1.5610348924850753e-45 2.7768509170594297e-05
492.0 0.010865536735039672 0.0008308346135675018 1.1255043063243975e-06 2.0171737895513077e-45 2.9170505899751483e-05
493.0 0.011272906341948323 0.0008664910394563536 1.189636934770183e-06 2.6032609387205044e-45 3.062978180600295e-05
494.0 0.011690976626267882 0.0009033053457069358 1.2568376261019143e-06 3.355355208007922e-45 3.21479222913465e-05
495.0 0.012119822370435537 0.0009412967091069245 1.3272170516641095e-06 4.319250920811733e-45 3.3726517494975523e-05
496.0 0.012559509417004778 0.0009804837501501407 1.4008878296616765e-06 5.553032227487753e-45 3.536716008663778e-05
497.0 0.013010094295122015 0.0010208844856611245 1.4779644449768876e-06 7.130277926417067e-45 3.707144296398525e-05
498.0 0.013471623852611391 0.0010625162808984147 1.558563161550385e-06 9.144077239128406e-45 3.8840956855497127e-05
499.0 0.013944134894652278 0.0011053958012284101 1.6428019272015306e-06 1.1712055357959842e-44 4.067728783089276e-05
500.0 0.01442765382996343 0.001149538963459411 1.7308002707699565e-06 1.4982654728563692e-44 4.258201472104451e-05
501.0 0.01492219632557122 0.0011949608869416407 1.822679191494969e-06 1.914297596365614e-44 4.455670645017904e-05
502.0 0.015427766971088884 0.0012416758445305477 1.9185610405497547e-06 2.44285533866368e-44 4.6602919283047355e-05
503.0 0.015944358953523717 0.00128969721352118 2.0185693946762298e-06 3.1135527355846997e-44 4.872219399033346e-05
504.0 0.016471953743574238 0.0013390374266604044 2.1228289218798504e-06 3.9635782208906656e-44 5.0916052935752236e-05
505.0 0.017010520794472853 0.0013897079233546948 2.2314652391766885e-06 5.039574910588007e-44 5.31859970889236e-05
506.0 0.01756001725427137 0.00144171910118185 2.3446047623878798e-06 6.399973232503066e-44 5.55335029679916e-05
507.0 0.018120387692586518 0.0014950802678279796 2.4623745480152004e-06 8.1178811806600995e-44 5.7960019516687434e-05
508.0 0.01869156384277068 0.001549799593570345 2.5849021272504374e-06 1.0284661132727213e-43 6.046696492075974e-05
509.0 0.01927346436039455 0.0016058840644233745 2.712315332186507e-06 1.3014350949246008e-43 6.305572336882283e-05
510.0 0.019865994599018333 0.0016633394360759076 2.844742114337923e-06 1.6449122040940526e-43 6.57276417633498e-05
511.0 0.02046904640413854 0.0017221701887434836 2.982310355594579e-06 2.0766009522439966e-43 6.848402638764371e-05
512.0 0.02108249792611969 0.001782379483056087 3.125147671750922e-06 2.6185200997245273e-43 7.132613953475386e-05
513.0 0.021706213453046942 0.0018439691171154276 3.2733812088011935e-06 3.298023277005462e-43 7.425519610511919e-05
514.0 0.022340043264235346 0.0019069394848419158 3.427137432193887e-06 4.149051754446523e-43 7.727236017945233e-05
515.0 0.02298382350520042 0.0019712895357401625 3.586541909280561e-06 5.213671854566026e-43 8.037874157400021e-05
516.0 0.02363737608481193 0.0020370167362074735 3.751719085214636e-06 6.5439594617078445e-43 8.357539238542873e-05
517.0 0.02430050859535612 0.002104117032512748 3.92279205258996e-06 8.204307287708728e-43 8.686330353298137e-05
518.0 0.024973014256083743 0.0021725848155628906 4.099882315119746e-06 1.0274246438350132e-42 9.024340130542625e-05
519.0 0.025654671880916115 0.0022424128875843047 4.28310954570583e-06 1.285189291621569e-42 9.371654392101613e-05
520.0 0.026345245870867024 0.0023135924308393865 4.472591339265333e-06 1.6058152610031783e-42 9.728351810865693e-05
521.0 0.02704448623156571 0.0023861129784847725 4.668442960687992e-06 2.004184579176485e-42 0.00010094503571820987
522.0 0.027752128616508307 0.002459962387701085 4.870777088372974e-06 2.4985945038118525e-42 0.00010470173036908414
523.0 0.02846789439624334 0.002535126815188583 5.079703553758585e-06 3.1115159836565855e-42 0.00010855415414507254
524.0 0.029191490753937593 0.0026115906951455934 5.295329077333594e-06 3.870514813715038e-42 0.00011250277434458497
525.0 0.02992261080757866 0.002689336719831196 5.517757001621975e-06 4.8093691194051226e-42 0.00011654797029504995
526.0 0.030660933758936783 0.002768345822802586 5.747087021642714e-06 5.969423488234908e-42 0.00012069003024002603
527.0 0.0314061250695507 0.002848597164931065 5.983414913406292e-06 7.401228024750974e-42 0.0001249291483083907
528.0 0.032157836663683936 0.002930068123272635 6.226832260984625e-06 9.166520066175435e-42 0.00012926542157399838
529.0 0.032915707158380034 0.0030127342828858926 6.477426182757783e-06 1.1340617533940502e-41 0.00013369884721514845
530.0 0.03367936212047445 0.003096569431665545 6.735279057421615e-06 1.4015306228145143e-41 0.0001382293197823523
531.0 0.03444841435043391 0.0031815455582608794 7.0004682503730705e-06 1.730231917010113e-41 0.00014285662858312648
532.0 0.035222464192916796 0.0032676328531502305 7.273065841124768e-06 2.1337524797514618e-41 0.0001475804551928073
533.0 0.03600109987364708 0.003354799712914364 7.553138352368785e-06 2.628596292500711e-41 0.00015240037109930067
534.0 0.0367838978624048 0.0034430127477700838 7.840746481378617e-06 3.234789349188829e-41 0.00015731583549066027
535.0 0.03757042326161972 0.003532236792395114 8.13594483439962e-06 3.9766053918273017e-41 0.00016232619319317458
536.0 0.03836023022013714 0.003622434920081591 8.438781664718115e-06 4.883435718198638e-41 0.00016743067276804233
537.0 0.039152862371649694 0.0037135684602468693 8.749298615106348e-06 5.990830544373646e-41 0.0001726283847744489
538.0 0.03994785329707075 0.0038055970193081813 9.067530465313123e-06 7.341744426752506e-41 0.0001779183202059194
539.0 0.04074472701032373 0.0038984785049441637 9.393504885330964e-06 8.988024146127184e-41 0.0001832993491076653
540.0 0.041542998466635 0.0039921691537276255 9.727242195101836e-06 1.0992184374875277e-40 0.00018877021938090846
541.0 0.04234217409268856 0.0040866235621369144 1.0068755131396409e-05 1.3429524555787916e-40 0.00019432955578126736
542.0 0.0431417523376439 0.004181794720916625 1.0418048622533364e-05 1.6390649910849853e-40 0.0001999758591166053
543.0 0.043941224244129926 0.00427763405276601 1.07751195716381e-05 1.9984470594357477e-40 0.00020570750565008405
544.0 0.04474007403827512 0.004374091453325197 1.1139956649135017e-05 2.434176596473768e-40 0.00021152274671376272
545.0 0.04553777973763774 0.004471115335407134 1.1512540095124468e-05 2.9619416070046546e-40 0.00021741970853698364
546.0 0.046333813776007225 0.004568652676429788 1.1892841532321267e-05 3.6005420064714986e-40 0.00022339639229403317
547.0 0.04712764364392749 0.00466664906898783 1.228082379020142e-05 4.372484179149213e-40 0.0002294506743747559
548.0 0.047918732543682854 0.004765048774488255 1.2676440740971063e-05 5.304684662238793e-40 0.00023558030688097928
549.0 0.04870654005759968 0.004863794779781311 1.3079637147992242e-05 6.429302137128532e-40 0.00024178291835181295
550.0 0.04949052282831022 0.0049628288566935 1.3490348527237327e-05 7.784720125834583e-40 0.0002480560147195502
551.0 0.05027013524968565 0.0050620916243710205 1.3908501022346044e-05 9.416706519739437e-40 0.0002543969804978067
552.0 0.051044830167125944 0.005161522614335526 1.43340112938377e-05 1.1379780386243303e-39 0.0002608030802030284
553.0 0.05181405958572317 0.005261060338132326 1.4766786422966143e-05 1.3738821494720681e-39 0.00026727146000922046
554.0 0.05257727538502458 0.00536064235746743 1.5206723830740032e-05 1.6570963776520327e-39 0.00027379914963633335
555.0 0.05333393003884888 0.005460205356697559 1.5653711212530916e-05 1.9967820598575746e-39 0.0002803830644708895
556.0 0.05408347733876452 0.005559685217547941 1.6107626488706812e-05 2.4038097416386663e-39 0.00028702000791770623
557.0 0.05482537311976609 0.005659017095920254 1.6568337771677755e-05 2.8910656226919655e-39 0.00029370667398067067
558.0 0.05555907598664631 0.0057581355006443465 1.7035703349695592e-05 3.473810643259964e-39 0.00030043965006977747
559.0 0.05628404803962145 0.005856974374028137 1.7509571687731484e-05 4.170100844358946e-39 0.0003072154200313812
560.0 0.05699975559766801 0.005955467174044825 1.798978144568516e-05 5.0012789801420004e-39 0.0003140303673974898
561.0 0.057705669918185154 0.006053546958007696 1.8476161514187482e-05 5.992548904571577e-39 0.0003208807788501794
562.0 0.058401267911399095 0.006151146467556956 1.8968531068152157e-05 7.173646024105583e-39 0.00032776284789551026
563.0 0.059086032848132096 0.0062481982147994195 1.9466699638249678e-05 8.579619134286505e-39 0.0003346726787418084
564.0 0.05975945505943777 0.006344634569424361 1.9970467200391557e-05 1.025174127581422e-38 0.0003416062903758961
565.0 0.06042103262670462 0.006440387846624133 2.0479624283292753e-05 1.2238569894197175e-38 0.00034855962083073585
566.0 0.06107027206078853 0.006535390395638879 2.0993952094114476e-05 1.4597179610602848e-38 0.0003555285316370746
567.0 0.06170668896882696 0.00662957468874971 2.151322266216599e-05 1.7394594359765227e-38 0.00036250881245153665
568.0 0.06232980870733505 0.006722873410534078 2.2037199000568265e-05 2.070944957947528e-38 0.00036949618585263057
569.0 0.06293916702034508 0.006815219547209835 2.2565635285780885e-05 2.4633919607909465e-38 0.0003764863122964145
570.0 0.0635343106612138 0.006906546475875043 2.3098277054786222e-05 2.927595052976882e-38 0.00038347479522208986
571.0 0.06411479799694736 0.0069967880534705495 2.3634861419742342e-05 3.4761844488462416e-38 0.00039045718629844854
572.0 0.06468019959379012 0.007085878705276775 2.4175117299818924e-05 4.1239248036894955e-38 0.00039742899080083506
573.0 0.06523009878296704 0.007173753512767588 2.4718765669917947e-05 4.888060453176384e-38 0.0004043856731084735
574.0 0.06576409220545082 0.007260348300638132 2.526551982591129e-05 5.788713899478737e-38 0.00041132266231125764
575.0 0.0662817903347585 0.007345599722834379 2.5815085666013196e-05 6.849345339075541e-38 0.0004182353579152845
576.0 0.06678281797673942 0.007429445347403665 2.636716198782421e-05 8.097282104195636e-38 0.00042511913563551303
577.0 0.06726681474547841 0.00751182374000011 2.692144080058095e-05 9.564328106244423e-38 0.0004319693532643272
578.0 0.06773343551438656 0.007592674545869715 2.747760765206168e-05 1.1287464742066599e-37 0.00043878135660387144
579.0 0.06818235084175098 0.007671938570159154 2.80353419696104e-05 1.3309656271144806e-37 0.00044555048545069095
580.0 0.06861324736992555 0.00774955785637946 2.859431741464426e-05 1.5680774414370055e-37 0.0004522720796200948
581.0 0.06902582819755128 0.007825475762876354 2.915420225002755e-05 1.8458658885709991e-37 0.0004589414849984402
582.0 0.06941981322416986 0.007899637037153922 2.971465971962399e-05 2.171033277212943e-37 0.0004655540596108632
583.0 0.06979493946668894 0.007971987887906684 3.0275348439315928e-05 2.551339415242818e-37 0.0004721051796921013
584.0 0.07015096134725346 0.008042476054624503 3.0835922798759775e-05 2.9957608123045686e-37 0.0004785902457482306
585.0 0.07048765095210452 0.008111050874635786 3.13960333730988e-05 3.5146726512299963e-37 0.00048500468859686267
586.0 0.07080479826111195 0.008177663347465324 3.195532734384328e-05 4.120056605147247e-37 0.0004913439753736535
587.0 0.07110221134771448 0.008242266196387347 3.25134489280922e-05 4.825737967279014e-37 0.0004976036154929013
588.0 0.07137971654909278 0.008304813927063878 3.307003981525777e-05 5.647655996608283e-37 0.00050377916655028
589.0 0.07163715860644851 0.008365262883163634 3.3624739610424814e-05 6.604171869746533e-37 0.0005098662401557745
590.0 0.07187440077536021 0.008423571298867248 3.417718628346998e-05 7.716419172951934e-37 0.0005158605076852423
591.0 0.07209132490622742 0.008479699348169572 3.472701662304029e-05 9.008702474304878e-37 0.0005217577059390794
592.0 0.07228783149490549 0.008533609190900264 3.5273866694485635e-05 1.0508950191118626e-36 0.0005275536426968595
593.0 0.07246383970369424 0.008585265015391308 3.581737230082903e-05 1.2249228718939345e-36 0.0005332442021570632
594.0 0.07261928735290103 0.00863463307772776 3.635716944584591e-05 1.4266325623807358e-36 0.0005388253502512702
595.0 0.07275413088328116 0.00868168173752798 3.689289479832713e-05 1.6602410627408553e-36 0.0005442931398226382
596.0 0.0728683452897105 0.008726381490207373 3.742418615659403e-05 1.9305784144686242e-36 0.0005496437156588005
597.0 0.07296192402650577 0.008768704995687696 3.795068291233342e-05 2.243172427561313e-36 0.0005548733193696856
598.0 0.07303487888487385 0.00880862710352356 3.847202651282635e-05 2.6043444418244378e-36 0.0005599782941012317
599.0 0.07308723984302892 0.008846124874426108 3.898786092065124e-05 3.021317507098466e-36 0.0005649550890764054
600.0 0.07311905488956606 0.008881177598171993 3.949783306994715e-05 3.502338494128823e-36 0.0005698002639553588
601.0 0.0731303898207378 0.00891376680789444 4.000159331833591e-05 4.0568158190093e-36 0.0005745104930070609
602.0 0.07312132801232807 0.008943876290761729 4.049879589361556e-05 4.6954746531568644e-36 0.0005790825690852376
603.0 0.07309197016686975 0.008971492095056556 4.098909933435307e-05 5.430531699298686e-36 0.0005835134074019671
604.0 0.07304243403699082 0.008996602533677692 4.147216692352097e-05 6.275891843789448e-36 0.00058780004909278
605.0 0.07297285412572307 0.009019198184093531 4.1947667114345966e-05 7.247369248681384e-36 0.0005919396645676791
606.0 0.07288338136464237 0.00903927188478475 4.241527394755683e-05 8.362935725458982e-36 0.0005959295566430168
607.0 0.07277418277074862 0.009056818728220922 4.287466745924632e-05 9.642999538526483e-36 0.0005997671634497392
608.0 0.07264544108302466 0.009071836050422973 4.33255340785859e-05 1.1110718122832371e-35 0.0006034500611140388
609.0 0.07249735437964748 0.009084323417171011 4.376756701466321e-05 1.2792348569123693e-35 0.0006069759662070654
610.0 0.07233013567684768 0.009094282606923076 4.42004666317398e-05 1.471764013507173e-35 0.0006103427379608541
611.0 0.07214401251044036 0.009101717590517403 4.462394081225938e-05 1.6920273483978783e-35 0.0006135483802482388
612.0 0.07193922650107593 0.009106634507737407 4.503770530697335e-05 1.943835183827475e-35 0.0006165910433250962
613.0 0.07171603290426579 0.009109041640823165 4.544148407157905e-05 2.2314949766055528e-35 0.0006194690253337638
614.0 0.07147470014626302 0.009108949385019884 4.5835009589305204e-05 2.5598725899315276e-35 0.0006221807735670757
615.0 0.07121550934689008 0.009106370216259388 4.621802317892124e-05 2.9344606516342774e-35 0.0006247248854930622
616.0 0.07093875383040649 0.00910131865607418 4.6590275287675616e-05 3.3614547612308775e-35 0.0006271001095407907
617.0 0.07064473862551941 0.009093811233849142 4.695152576871329e-05 3.8478383836040244e-35 0.0006293053456484259
618.0 0.07033377995564989 0.009083866446520702 4.730154414256541e-05 4.4014773492296263e-35 0.0006313396455751621
619.0 0.0700062047205522 0.009071504715835373 4.7640109842334946e-05 5.03122497028107e-35 0.0006332022129790502
620.0 0.06966234997039429 0.009056748343284685 4.7967012442252276e-05 5.747038879158414e-35 0.0006348924032633736
621.0 0.06930256237340046 0.009039621462836624 4.828205186931523e-05 6.560110801642712e-35 0.0006364097231946947
622.0 0.06892719767813388 0.00902014999158422 4.858503859775883e-05 7.48301059158275e-35 0.0006377538302960159
623.0 0.06853662017150804 0.008998361578437442 4.887579382615697e-05 8.529845978478538e-35 0.0006389245320191608
624.0 0.06813120213358939 0.008974285550984663 4.9154149636992166e-05 9.716439614235948e-35 0.0006399217847007948
625.0 0.06771132329023234 0.008947952860650935 4.941994913856404e-05 1.1060525151496193e-34 0.0006407456923068473
626.0 0.06727737026459088 0.00891939602628446 4.96730465891674e-05 1.2581964244106065e-34 0.0006413965049707232
627.0 0.06682973602849994 0.0088886490762992 4.9913307503485425e-05 1.430298653132607e-34 0.0006418746173307287
628.0 0.06636881935473404 0.008855747489507345 5.0140608741213054e-05 1.6248454852194908e-34 0.0006421805666728729
629.0 0.06589502427108747 0.008820728134770143 5.0354838577935864e-05 1.8446158136015068e-34 0.0006423150308851473
630.0 0.06540875951722473 0.00878362920959963 5.055589675835071e-05 2.0927134630208e-34 0.0006422788262299803
631.0 0.06491043800521241 0.008744490177841896 5.074369453194476e-05 2.372602835886002e-34 0.0006420729049417511
632.0 0.0644004762846024 0.008703351706570425 5.091815467127987e-05 2.6881481955263306e-34 0.0006416983526564157
633.0 0.06387929401292698 0.00866025560231953 5.107921147307793e-05 3.0436569280794813e-34 0.0006411563856806986
634.0 0.06334731343240559 0.008615244746782814 5.122681074231906e-05 3.4439271531827846e-34 0.0006404483481082803
635.0 0.06280495885368209 0.008568363032107017 5.136090975963658e-05 3.894300084731695e-34 0.0006395757087910843
636.0 0.062252656147288865 0.00851965529589748 5.1481477232256247e-05 4.400717576351542e-34 0.0006385400581730567
637.0 0.06169083224360598 0.00846916725606417 5.1588493228844846e-05 4.969785322056197e-34 0.0006373431049950774
638.0 0.06111991464195392 0.008416945445621625 5.16819490985849e-05 5.60884222096167e-34 0.000635986672878763
639.0 0.06054033092948381 0.00836303714756222 5.176184737487328e-05 6.326036456066489e-34 0.0006344726967976904
640.0 0.05995250831045259 0.008307490329913675 5.1828201664034354e-05 7.130408881140037e-34 0.0006328032194442141
641.0 0.059356873146467204 0.008250353581093555 5.1881036519492725e-05 8.031984356858582e-34 0.0006309803875004642
642.0 0.05875385050820584 0.008191676045664759 5.192038730184183e-05 9.041871727660127e-34 0.0006290064478217368
643.0 0.05814386373911687 0.008131507360596717 5.194630002529119e-05 1.0172373184537098e-33 0.0006268837435408094
644.0 0.05752733403156132 0.008069897592134225 5.195883119100162e-05 1.14371038163467e-33 0.0006246147101017532
645.0 0.05690468001576783 0.008006897173363314 5.195804760778083e-05 1.2851122213355746e-33 0.0006222018712311242
646.0 0.056276317362030905 0.007942556842574128 5.194402620071994e-05 1.4431073051904379e-33 0.0006196478348554532
647.0 0.05564265839644912 0.007876927582502885 5.19168538082788e-05 1.6195342658413614e-33 0.0006169552889728211
648.0 0.05500411173051457 0.007810060560538366 5.1876626968389135e-05 1.8164228624745717e-33 0.0006141269974867901
649.0 0.05436108190482738 0.007742007069974002 5.18234516941552e-05 2.0360124625337782e-33 0.0006111657960108288
650.0 0.05371396904714409 0.00767281847237837 5.175744323971576e-05 2.280772166980936e-33 0.0006080745876509418
651.0 0.05306316854495582 0.007602546141155791 5.167872585686108e-05 2.553422711312468e-33 0.0006048563387743154
652.0 0.05240907073276615 0.007531241406365605 5.158743254301263e-05 2.8569602839115664e-33 0.0006015140747717252
653.0 0.051752060594161264 0.007458955500858343 5.148370478114057e-05 3.19468241324548e-33 0.0005980508758208256
654.0 0.051092517478779 0.0073857395077889946 5.1367692272237966e-05 3.570216085930775e-33 0.00059446987265774
655.0 0.050430814834229926 0.007311644309560714 5.1239552660958456e-05 3.9875482688114434e-33 0.0005907742423639915
656.0 0.04976731995298543 0.007236720538246452 5.1099451255014156e-05 4.451059019949992e-33 0.0005869672041754895
657.0 0.04910239373422249 0.007161018527532677 5.094756073893529e-05 4.965557385847658e-33 0.0005830520153201392
658.0 0.048436390460599436 0.007084588266226919 5.078406088280636e-05 5.5363202953164215e-33 0.0005790319668905817
659.0 0.047769657589890734 0.007007479353364155 5.060913824657164e-05 6.169134674242689e-33 0.0005749103797581281
660.0 0.04710253556136544 0.006929740954940075 5.04229858804782e-05 6.870343020040148e-33 0.0005706906005334906
661.0 0.04643535761682963 0.00685142176230465 5.02258030222869e-05 7.646892689925681e-33 0.0005663759975804325
662.0 0.04576844963615245 0.006772569952233731 5.001779479179114e-05 8.50638917327114e-33 0.0005619699570872672
663.0 0.04510212998712182 0.006693233148700045 4.9799171883229514e-05 9.457153635236621e-33 0.0005574758792014858
664.0 0.04443670938942645 0.006613458386356897 4.957015025613869e-05 1.0508285036693643e-32 0.0005528971742322043
665.0 0.043772490792574156 0.006533292075749232 4.933095082521975e-05 1.1669727154128854e-32 0.0005482372589252631
666.0 0.04310976926747471 0.0064527799702537815 4.9081799149711744e-05 1.2952340842797349e-32 0.0005434995528147893
667.0 0.04244883191147877 0.0063719671347585985 4.882292512284443e-05 1.4367981906931418e-32 0.0005386874746557714
668.0 0.041789957766561414 0.006290897916075989 4.855456266183153e-05 1.5929584962269396e-32 0.0005338044389408479
669.0 0.04113341775039412 0.0062096159150902535 4.827694939893423e-05 1.765125369865123e-32 0.0005288538525051504
670.0 0.04047947459998679 0.006128163960631091 4.799032637405286e-05 1.9548357973892234e-32 0.0005238391112221468
671.0 0.03982838282758901 0.006046584085063816 4.76949377293158e-05 2.1637638194654614e-32 0.0005187635967934533
672.0 0.03918038868852683 0.005964917501584313 4.739103040611609e-05 2.3937317465611942e-32 0.0005136306736352929
673.0 0.03853573016062684 0.0058832045832018474 4.707885384501433e-05 2.646722201483287e-32 0.0005084436858638473
674.0 0.0378946369348882 0.005801484843392996 4.675865968893096e-05 2.9248910431072264e-32 0.0005032059543817231
675.0 0.0372573304170311 0.005719796918403828 4.6430701490006214e-05 3.2305812277505247e-32 0.0004979207740672077
676.0 0.0366240237395754 0.005638178551180019 4.609523442052651e-05 3.5663376676470214e-32 0.0004925914110681442
677.0 0.03599492178404926 0.005556666576895095 4.575251498824e-05 3.934923149090027e-32 0.00048722110020139707
678.0 0.035370221212972265 0.005475296910052544 4.540280075642863e-05 4.339335376049988e-32 0.0004818130424593039
679.0 0.03475011051122589 0.005394104533131325 4.5046350069049204e-05 4.782825208418431e-32 0.0004763704026238968
680.0 0.0341347700364095 0.005313123486740606 4.468342178122425e-05 5.268916167500195e-32 0.0004708963069892988
681.0 0.033524372077810866 0.005232386861253194 4.4314274995386213e-05 5.801425284966013e-32 0.00046539384119293213
682.0 0.032919080923595335 0.005151926789881697 4.393916880332958e-05 6.384485375185226e-32 0.0004598660481556307
683.0 0.032319052935809424 0.005071774443158857 4.355836203439615e-05 7.022568814683795e-32 0.00045431592613043287
684.0 0.031724436632833655 0.004991960024788286 4.3172113010050956e-05 7.72051291643012e-32 0.00044874642686017
685.0 0.031135372778865262 0.004912512768821868 4.278067930501355e-05 8.483546990705175e-32 0.0004431604538429886
686.0 0.030551994480070496 0.004833460938128214 4.23843175151687e-05 9.317321188515735e-32 0.0004375608607055786
687.0 0.029974427287001486 0.004754831824107829 4.198328303239559e-05 1.02279372277955e-31 0.00043195044968300157
688.0 0.02940278930289702 0.0046766517476135964 4.157782982646822e-05 1.1221981107068772e-31 0.0004263319702041767
689.0 0.02883719129750901 0.004598946061036977 4.116821023418382e-05 1.2306557915780488e-31 0.0004207081175821445
690.0 0.028277736826056134 0.004521739151512966 4.075467475579856e-05 1.3489328855130838e-31 0.0004150815318074602
691.0 0.0277245223529541 0.004445054445202907 4.033747185889133e-05 1.4778550588008964e-31 0.0004094547964435159
692.0 0.027177637379951082 0.004368914412609957 3.991684778972206e-05 1.61831170414661e-31 0.0004038304376220842
693.0 0.02663716457832271 0.0042933405748845285 3.9493046392161254e-05 1.771260379012294e-31 0.000398210923137508
694.0 0.026103179924770854 0.004218353511074519 3.9066308934230074e-05 1.937731515395255e-31 0.0003925986616376249
695.0 0.025575752840684685 0.004143972866276004 3.863687394228067e-05 2.118833414900145e-31 0.0003869960019094697
696.0 0.025054946334438267 0.004070217360641494 3.820497704284717e-05 2.315757543485236e-31 0.00038140523225784243
697.0 0.024540817146387853 0.003997104799200007 3.777085081215248e-05 2.529784140789215e-31 0.0003758285799744377
698.0 0.02403341589627133 0.003924652082448286 3.733472463328931e-05 2.7622881594851274e-31 0.0003702682108956067
699.0 0.02353278723267472 0.0038528752176654785 3.689682456101066e-05 3.0147455506451337e-31 0.00036472622904605475
700.0 0.02303896998429517 0.003781789330912934 3.645737319413634e-05 3.2887399116530234e-31 0.00035920467636654276
