200.0 0.0 0.0 0.0 0.0 0.0
201.0 0.0 0.0 0.0 0.0 0.0
202.0 0.0 0.0 0.0 0.0 0.0
203.0 0.0 0.0 0.0 0.0 0.0
204.0 0.0 0.0 0.0 0.0 0.0
205.0 0.0 0.0 0.0 0.0 0.0
206.0 0.0 0.0 0.0 0.0 0.0
207.0 0.0 0.0 0.0 0.0 0.0
208.0 0.0 0.0 0.0 0.0 0.0
209.0 0.0 0.0 0.0 0.0 0.0
210.0 0.0 0.0 0.0 0.0 0.0
211.0 0.0 0.0 0.0 0.0 0.0
212.0 0.0 0.0 0.0 0.0 0.0
213.0 0.0 0.0 0.0 0.0 0.0
214.0 0.0 0.0 0.0 0.0 0.0
215.0 0.0 0.0 0.0 0.0 0.0
216.0 0.0 0.0 0.0 0.0 0.0
217.0 0.0 0.0 0.0 0.0 0.0
218.0 0.0 0.0 0.0 0.0 0.0
219.0 0.0 0.0 0.0 0.0 0.0
220.0 0.0 0.0 0.0 0.0 0.0
221.0 0.0 0.0 0.0 0.0 0.0
222.0 0.0 0.0 0.0 0.0 0.0
223.0 0.0 0.0 0.0 0.0 0.0
224.0 0.0 0.0 0.0 0.0 0.0
225.0 0.0 0.0 0.0 0.0 0.0
226.0 0.0 0.0 0.0 0.0 0.0
227.0 0.0 0.0 0.0 0.0 0.0
228.0 0.0 0.0 0.0 0.0 0.0
229.0 0.0 0.0 0.0 0.0 0.0
230.0 0.0 0.0 0.0 0.0 0.0
231.0 0.0 0.0 0.0 0.0 0.0
232.0 0.0 0.0 0.0 0.0 0.0
233.0 0.0 0.0 0.0 0.0 0.0
234.0 0.0 0.0 0.0 0.0 0.0
235.0 0.0 0.0 0.0 0.0 0.0
236.0 0.0 0.0 0.0 0.0 0.0
237.0 0.0 0.0 0.0 0.0 0.0
238.0 0.0 0.0 0.0 0.0 0.0
239.0 0.0 0.0 0.0 0.0 0.0
240.0 0.0 0.0 0.0 0.0 0.0
241.0 0.0 0.0 0.0 0.0 0.0
242.0 0.0 0.0 0.0 0.0 0.0
243.0 0.0 0.0 0.0 0.0 0.0
244.0 0.0 0.0 0.0 0.0 0.0
245.0 0.0 0.0 0.0 0.0 0.0
246.0 0.0 0.0 0.0 0.0 0.0
247.0 0.0 0.0 0.0 0.0 0.0
248.0 0.0 0.0 0.0 0.0 0.0
249.0 0.0 0.0 0.0 0.0 0.0
250.0 0.0 0.0 0.0 0.0 0.0
251.0 0.0 0.0 0.0 0.0 0.0
252.0 0.0 0.0 0.0 0.0 0.0
253.0 0.0 0.0 0.0 0.0 0.0
254.0 0.0 0.0 0.0 0.0 0.0
255.0 0.0 0.0 0.0 0.0 0.0
256.0 0.0 0.0 0.0 0.0 0.0
257.0 0.0 0.0 0.0 0.0 0.0
258.0 0.0 0.0 0.0 0.0 0.0
259.0 0.0 0.0 0.0 0.0 0.0
260.0 0.0 0.0 0.0 0.0 0.0
261.0 0.0 0.0 0.0 0.0 0.0
262.0 0.0 0.0 0.0 0.0 0.0
263.0 0.0 0.0 0.0 0.0 0.0
264.0 0.0 0.0 0.0 0.0 0.0
265.0 0.0 0.0 0.0 0.0 0.0
266.0 0.0 0.0 0.0 0.0 0.0
267.0 0.0 0.0 0.0 0.0 0.0
268.0 0.0 0.0 0.0 0.0 0.0
269.0 0.0 0.0 0.0 0.0 0.0
270.0 0.0 0.0 0.0 0.0 0.0
271.0 0.0 0.0 0.0 0.0 0.0
272.0 0.0 0.0 0.0 0.0 0.0
273.0 0.0 0.0 0.0 0.0 0.0
274.0 0.0 0.0 0.0 0.0 0.0
275.0 0.0 0.0 0.0 0.0 0.0
276.0 0.0 0.0 0.0 0.0 0.0
277.0 0.0 0.0 0.0 0.0 0.0
278.0 0.0 0.0 0.0 0.0 0.0
279.0 0.0 0.0 0.0 0.0 0.0
280.0 0.0 0.0 0.0 0.0 0.0
281.0 0.0 0.0 0.0 0.0 0.0
282.0 0.0 0.0 0.0 0.0 0.0
283.0 0.0 0.0 0.0 0.0 0.0
284.0 0.0 0.0 0.0 0.0 0.0
285.0 0.0 0.0 0.0 0.0 0.0
286.0 0.0 0.0 0.0 0.0 0.0
287.0 0.0 0.0 0.0 0.0 0.0
288.0 0.0 0.0 0.0 0.0 0.0
289.0 0.0 0.0 0.0 0.0 0.0
290.0 0.0 0.0 0.0 0.0 0.0
291.0 0.0 0.0 0.0 0.0 0.0
292.0 0.0 0.0 0.0 0.0 0.0
293.0 0.0 0.0 0.0 0.0 0.0
294.0 0.0 0.0 0.0 0.0 0.0
295.0 0.0 0.0 0.0 0.0 0.0
296.0 0.0 0.0 0.0 0.0 0.0
297.0 0.0 0.0 0.0 0.0 0.0
298.0 0.0 0.0 0.0 0.0 0.0
299.0 0.0 0.0 0.0 0.0 0.0
300.0 0.0 0.0 0.0 0.0 0.0
301.0 0.0 0.0 0.0 0.0 0.0
302.0 0.0 0.0 0.0 0.0 0.0
303.0 0.0 0.0 0.0 0.0 0.0
304.0 0.0 0.0 0.0 0.0 0.0
305.0 0.0 0.0 0.0 0.0 0.0
306.0 0.0 0.0 0.0 0.0 0.0
307.0 0.0 0.0 0.0 0.0 0.0
308.0 0.0 0.0 0.0 0.0 0.0
309.0 0.0 0.0 0.0 0.0 0.0
310.0 0.0 0.0 0.0 0.0 0.0
311.0 0.0 0.0 0.0 0.0 0.0
312.0 0.0 0.0 0.0 0.0 0.0
313.0 0.0 0.0 0.0 0.0 0.0
314.0 0.0 0.0 0.0 0.0 0.0
315.0 0.0 0.0 0.0 0.0 0.0
316.0 0.0 0.0 0.0 0.0 0.0
317.0 0.0 0.0 0.0 0.0 0.0
318.0 0.0 0.0 0.0 0.0 0.0
319.0 0.0 0.0 0.0 0.0 0.0
320.0 0.0 0.0 0.0 0.0 0.0
321.0 0.0 0.0 0.0 0.0 0.0
322.0 0.0 0.0 0.0 0.0 0.0
323.0 0.0 0.0 0.0 0.0 0.0
324.0 0.0 0.0 0.0 0.0 0.0
325.0 0.0 0.0 0.0 0.0 0.0
326.0 0.0 0.0 0.0 0.0 0.0
327.0 0.0 0.0 0.0 0.0 0.0
328.0 0.0 0.0 0.0 0.0 0.0
329.0 0.0 0.0 0.0 0.0 0.0
330.0 0.0 0.0 0.0 0.0 0.0
331.0 0.0 0.0 0.0 0.0 0.0
332.0 0.0 0.0 0.0 0.0 0.0
333.0 0.0 0.0 0.0 0.0 0.0
334.0 0.0 0.0 0.0 0.0 0.0
335.0 0.0 0.0 0.0 0.0 0.0
336.0 0.0 0.0 0.0 0.0 0.0
337.0 0.0 0.0 0.0 0.0 0.0
338.0 1.1097695975620148e-16 2.4668226535675395e-20 1.7579752855128414e-22 1.0523146839833475e-80 2.0075870222166116e-20
339.0 1.1097579278156735e-16 2.5287707086819746e-20 1.828596954412374e-22 1.6703179107472842e-80 2.059253477957581e-20
340.0 1.1097460248118699e-16 2.59189555284652e-20 1.9016145065639523e-22 2.6440655189086264e-80 2.1119333303773284e-20
341.0 1.1097338852860133e-16 2.6562112821534274e-20 1.9770930908755886e-22 4.1742190633749705e-80 2.165639369327016e-20
342.0 1.1097215059464258e-16 2.7217320264822895e-20 2.0550991322766785e-22 6.572316557549624e-80 2.2203844260322662e-20
343.0 1.1097088834740328e-16 2.7884719479887645e-20 2.1357003444410334e-22 1.0320769113614172e-79 2.2761813717599548e-20
344.0 1.1096960145221057e-16 2.856445239592925e-20 2.218965742400158e-22 1.6164639705291935e-79 2.333043116481886e-20
345.0 2.21936579143191e-16 5.851332246934688e-20 4.609931310085331e-22 5.050336036729893e-79 4.781965215071002e-20
346.0 2.219339047305447e-16 5.992297699051191e-20 4.787543474992344e-22 7.869091676907262e-79 4.900025656564397e-20
347.0 2.219311789802376e-16 6.135815387822699e-20 4.970913966775505e-22 1.2229781331378033e-78 5.020293593526991e-20
348.0 2.2192840120024758e-16 6.281913914974776e-20 5.160191473956536e-22 1.8958855023829115e-78 5.1427951287090086e-20
349.0 3.3288835603914904e-16 9.645932892981179e-20 8.033291115505848e-22 4.397497124735117e-78 7.901334643250548e-20
350.0 3.328840301311578e-16 9.872952180618188e-20 8.335613908116507e-22 6.783063778106169e-78 8.091905582848019e-20
351.0 4.438394973492303e-16 1.347196244438403e-19 1.1529987989002751e-21 1.3915933823822288e-77 1.1047926588950539e-19
352.0 5.547918893467672e-16 1.723172500830852e-19 1.494860327155727e-21 2.669971379954794e-77 1.4139153722522774e-19
353.0 5.547842680616597e-16 1.76303081687875e-19 1.5501451076789174e-21 4.088240165235154e-77 1.4474311752786275e-19
354.0 6.657318072139963e-16 2.1642929549576892e-19 1.9285730254771845e-21 7.493797120239737e-77 1.777853813062129e-19
355.0 7.766760419063513e-16 2.5827475148428653e-19 2.332259483949352e-21 1.3322825152252832e-76 2.1227682035465888e-19
356.0 8.876168836174939e-16 3.01882337933335e-19 2.7623267569941392e-21 2.314770501101663e-76 2.482547655920476e-19
357.0 1.1095047136854873e-15 3.8588391323283583e-19 3.577702949682484e-21 4.388522288346973e-76 3.1750786735736817e-19
358.0 1.2204368290935463e-15 4.34014184646087e-19 4.076898386985537e-21 7.304669671893612e-76 3.5730437892064236e-19
359.0 1.4423123507172985e-15 5.243909828496717e-19 4.990314345210442e-21 1.3032823439094203e-75 4.3194147851153236e-19
360.0 1.6641806213224262e-15 6.18515024373118e-19 5.962635963200937e-21 2.2650599840076575e-75 5.097461120018118e-19
361.0 1.886041451921741e-15 7.164765763995672e-19 6.996394375002513e-21 3.8578464916921944e-75 5.9079708236983335e-19
362.0 2.218836474075662e-15 8.614390165179924e-19 8.52020834655102e-21 6.805437335065809e-75 7.107097518823226e-19
363.0 2.5516200233714572e-15 1.0123056575891678e-18 1.0140517878335959e-20 1.1708855015722767e-74 8.356213295997352e-19
364.0 2.995329951701388e-15 1.214185728483141e-18 1.2317598507935954e-20 2.0518680029970343e-74 1.0027942357553016e-18
365.0 3.4390240393235416e-15 1.424194335362271e-18 1.4630950061777698e-20 3.509076411017852e-74 1.176856626729817e-18
366.0 3.99363622320485e-15 1.6894500204985892e-18 1.7574425097120115e-20 6.056661973171787e-74 1.3967735611251014e-18
367.0 4.548227848683303e-15 1.9652214345234795e-18 2.0699038424094217e-20 1.0230016916691857e-73 1.6256134001777521e-18
368.0 5.213728799121135e-15 2.3007010511556278e-18 2.4534228487058206e-20 1.7354879930756962e-73 1.904100497570226e-18
369.0 5.9901324877523054e-15 2.6992375332119093e-18 2.914054904493849e-20 2.944597489177969e-73 2.2350820133563204e-18
370.0 6.8774321127553916e-15 3.1642789301329462e-18 3.458174531631761e-20 4.9821515146847364e-73 2.6214923756659807e-18
371.0 7.875620652930812e-15 3.699374121039171e-18 4.0924866393372745e-20 8.390130091113488e-73 3.0663546254720675e-18
372.0 8.984690863321099e-15 4.3081742557789845e-18 4.8240380072173626e-20 1.4046878619169813e-72 3.572781761137902e-18
373.0 1.0315555219366082e-14 5.048721521867178e-18 5.721753239906494e-20 2.3619398048702406e-72 4.18902132249803e-18
374.0 1.1868199424308356e-14 5.928225880243419e-18 6.799464796025669e-20 3.9716821485125405e-72 4.921218626337427e-18
375.0 1.3531693206580845e-14 6.8975672604312206e-18 8.00608992955882e-20 6.605051679974065e-72 5.728744664679276e-18
376.0 1.5416941406131722e-14 8.018609930161668e-18 9.418258727291039e-20 1.0954302634065256e-71 6.663111301961348e-18
377.0 1.763483938063916e-14 9.357998729348789e-18 1.1121777828812762e-19 1.8203521240007616e-71 7.77990481014231e-18
378.0 2.0185364027988616e-14 1.0927292776738612e-17 1.3140032170940215e-19 3.021062280004109e-71 9.088999364775283e-18
379.0 2.2957585314706488e-14 1.2677131553489279e-17 1.542306142017412e-19 4.972068476843416e-71 1.0549589560446682e-17
380.0 2.6173293521945038e-14 1.474098826949107e-17 1.81432578014804e-19 8.186766413313636e-71 1.2273011143700215e-17
381.0 2.983245606917962e-14 1.7135061384913425e-17 2.1334720799258065e-19 1.3450800794692414e-70 1.4273124435370114e-17
382.0 3.393503937401585e-14 1.9875990964718064e-17 2.5033206036463637e-19 2.201309742774864e-70 1.6564180109100558e-17
383.0 3.848100883270858e-14 2.298086434025512e-17 2.9276178586343424e-19 3.5844950656421867e-70 1.9160824522608432e-17
384.0 4.380300988815696e-14 2.6669777021201004e-17 3.4363858628890823e-19 5.848112894905044e-70 2.2247070128090145e-17
385.0 4.9679200072193055e-14 3.083485661169481e-17 4.018216648792102e-19 9.488652450013315e-70 2.573356224372705e-17
386.0 5.64421984408943e-14 3.57091813655666e-17 4.706030651959853e-19 1.5393813628850785e-69 2.9815448490445345e-17
387.0 6.398104740149937e-14 4.125655999801224e-17 5.498270160484206e-19 2.487175660188165e-69 3.4463302411368753e-17
388.0 7.251744704924574e-14 4.7654867122699804e-17 6.422047110429534e-19 4.010671257707293e-69 3.9826534893178114e-17
389.0 8.216219303725239e-14 5.501962038029658e-17 7.497079682981951e-19 6.453254322539606e-69 4.600268656259113e-17
390.0 9.302606716937243e-14 6.347300873799755e-17 8.74474756957621e-19 1.0357678521129812e-68 5.3095047032307845e-17
391.0 1.0521983691060177e-13 7.314409573386696e-17 1.0188181041161842e-18 1.6577964381325352e-68 6.121283577309836e-17
392.0 1.1885425488642358e-13 8.41690254557665e-17 1.1852353115607941e-18 2.6451777356831557e-68 7.047138558872372e-17
393.0 1.3426179544019606e-13 9.685118364805991e-17 1.3786944403866962e-18 4.213429487751551e-68 8.11263110294713e-17
394.0 1.5166402738312931e-13 1.1143183922635026e-16 1.6034642665172805e-18 6.699639578828838e-68 9.338161520679982e-17
395.0 1.7106076539952704e-13 1.2800029830703397e-16 1.8617618793739474e-18 1.0618251700379433e-67 1.0731424219097021e-16
396.0 1.9300611552582626e-13 1.4707045209062629e-16 2.162112026696497e-18 1.6805881414786756e-67 1.2335737693179392e-16
397.0 2.1749983425262658e-13 1.6875914129867174e-16 2.5074732688288675e-18 2.6521390056678895e-67 1.4161176925328414e-16
398.0 2.4498508298218793e-13 1.9353636040767286e-16 2.9061941033755854e-18 4.176276182852161e-67 1.6247479146284878e-16
399.0 2.7568326446236787e-13 2.2172196163927187e-16 3.3646568600971594e-18 6.559078160583512e-67 1.8621838180923766e-16
400.0 3.1014828582974717e-13 2.539242620080929e-16 3.8938878263354944e-18 1.0281600087591709e-66 2.1335729689601082e-16
401.0 3.4871229182383497e-13 2.906029295427344e-16 4.503018344485655e-18 1.6080479665403e-66 2.442821929614799e-16
402.0 3.9181821513164636e-13 3.3233568281596205e-16 5.20334572736364e-18 2.509248361147566e-66 2.794836319903769e-16
403.0 4.4001975739121267e-13 3.7982726496283696e-16 6.008574960599634e-18 3.907065220952546e-66 3.195598380698569e-16
404.0 4.938705366811289e-13 4.3382138165212965e-16 6.933519838879598e-18 6.070276680821e-66 3.6514279612522927e-16
405.0 5.540349138207573e-13 4.952008644664514e-16 7.995758222843649e-18 9.411352063739938e-66 4.1698265312842917e-16
406.0 6.210663203319646e-13 5.64795840550048e-16 9.212624059985894e-18 1.4557277744222082e-65 4.757863561122152e-16
407.0 6.958505607496872e-13 6.437864663196942e-16 1.0607807113488364e-17 2.2469756302479456e-65 5.425569526758228e-16
408.0 7.792732993465961e-13 7.334176852782406e-16 1.2206904094595838e-17 3.461228795700428e-65 6.183537058274052e-16
409.0 8.721092409977161e-13 8.348949436996905e-16 1.4035729736030773e-17 5.319765333594592e-65 7.04204230034542e-16
410.0 9.755761982727362e-13 9.499164412181575e-16 1.6129331500599952e-17 8.160029981653707e-65 8.01553524361683e-16
411.0 1.0906701693135266e-12 1.0800530272773909e-15 1.8521782466427032e-17 1.2490095764398037e-64 9.117413451460003e-16
412.0 1.2187193841805607e-12 1.2272900895428372e-15 2.1255472264735228e-17 1.9078994732540868e-64 1.0364595903514138e-15
413.0 1.3609410441736379e-12 1.393603966426617e-15 2.437406592513979e-17 2.9081244642576023e-64 1.1773951225822283e-15
414.0 1.5191061026620493e-12 1.5816473847432306e-15 2.793461866837517e-17 4.424161091145923e-64 1.3368090568436704e-15
415.0 1.694652830425973e-12 1.7938618568980356e-15 3.1992346277686583e-17 6.716525477882359e-64 1.5167873844464407e-15
416.0 1.8895731592368466e-12 2.0334060394025893e-15 3.66171816393907e-17 1.0176662398674724e-63 1.720025858325315e-15
417.0 2.1057478742551355e-12 2.3034808682318053e-15 4.188214943390581e-17 1.538817143180511e-63 1.949260089720511e-15
418.0 2.345389735130682e-12 2.6078165837434346e-15 4.78723696742052e-17 2.3222046803965487e-63 2.2076778715877987e-15
419.0 2.6110433991529655e-12 2.9507069830413782e-15 5.468618455754544e-17 3.497637367036957e-63 2.49894903294002e-15
420.0 2.905363803094487e-12 3.336790309058193e-15 6.243158772065711e-17 5.257887684104382e-63 2.827040693108058e-15
421.0 3.2311161249636382e-12 3.771065090669448e-15 7.122686452267227e-17 7.888469994690851e-63 3.196231202446541e-15
422.0 3.5915080248567253e-12 4.259300447932464e-15 8.120877436990771e-17 1.1812184649805135e-62 3.611458574661511e-15
423.0 3.990189535089535e-12 4.8080842890200145e-15 9.253420981885178e-17 1.765420655958309e-62 4.078362575308284e-15
424.0 4.430920693467662e-12 5.424466216066453e-15 1.0537404407247335e-16 2.633555009219812e-62 4.602982976211926e-15
425.0 4.917903734147373e-12 6.116389613729735e-15 1.1992207386579562e-16 3.921199287132183e-62 5.192127018183157e-15
426.0 5.455782966636132e-12 6.892743572417582e-15 1.3639691620345543e-16 5.827569145457022e-62 5.853414869856599e-15
427.0 6.04942317728221e-12 7.763132101918877e-15 1.5503832667718098e-16 8.644521639754008e-62 6.595084997316559e-15
428.0 6.70446320610853e-12 8.73862850093789e-15 1.7612313041264036e-16 1.2799618436714313e-61 7.42663631448722e-15
429.0 7.426872831995992e-12 9.831278745934485e-15 1.9995655193651774e-16 1.8917271755496155e-61 8.358408213781845e-15
430.0 8.223174100409174e-12 1.1054446096918156e-14 2.2688027615495597e-16 2.790802397656865e-61 9.401875071892299e-15
431.0 9.100551869136103e-12 1.2423033296388796e-14 2.572783700308356e-16 4.10975617178203e-61 1.0569837251333358e-14
432.0 1.006685360542607e-11 1.3953567166704223e-14 2.9158059325672655e-16 6.0412451425474475e-61 1.1876495382598167e-14
433.0 1.1130589175691689e-11 1.5664285536999316e-14 3.302658712832121e-16 8.864716918191373e-61 1.3337526761649852e-14
434.0 1.2300930627576403e-11 1.7575226521648723e-14 3.7386593554677743e-16 1.2984710629069732e-60 1.49701638846704e-14
435.0 1.3588044049480192e-11 1.9708801845569462e-14 4.2297947322279703e-16 1.8986124438505933e-60 1.6793685571303205e-14
436.0 1.500297856473589e-11 2.2089764168813617e-14 4.782738303684468e-16 2.7712983878703625e-60 1.8829392574124787e-14
437.0 1.6557776715690177e-11 2.4745494130156933e-14 5.404936885350294e-16 4.03812197970911e-60 2.110085571248617e-14
438.0 1.826536344640057e-11 2.770596961807426e-14 6.104630964863925e-16 5.87389703754407e-60 2.3633893430124966e-14
439.0 2.0140099143457368e-11 3.100474594017121e-14 6.891099647962547e-16 8.529684517716664e-60 2.645741188264911e-14
440.0 2.219733648978732e-11 3.4678458725732775e-14 7.774586067750639e-16 1.2365226265846192e-59 2.960298573123805e-14
441.0 2.4453862729923333e-11 3.876767446614945e-14 8.76652216121153e-16 1.789528799822564e-59 3.310558877124038e-14
442.0 2.6927899159067084e-11 4.331709437031921e-14 9.879616235426797e-16 2.5855179689376546e-59 3.7003773630934615e-14
443.0 2.963943254085314e-11 4.837630526858865e-14 1.1128069208475744e-15 3.7293772369399023e-59 4.134031925683089e-14
444.0 3.260977189619989e-11 5.399930045144322e-14 1.252751479089587e-15 5.370399700296391e-59 4.616182815668031e-14
445.0 3.5862322421426494e-11 6.024598800290123e-14 1.4095419555585236e-15 7.720835838701543e-59 5.152002231904119e-14
446.0 3.94224740809552e-11 6.718230805786616e-14 1.5851173186389165e-15 1.1081920173062472e-58 5.747185176186058e-14
447.0 4.3317600834529075e-11 7.488053287328568e-14 1.781622428227119e-15 1.5880436895303447e-58 6.407975963402094e-14
448.0 4.757761292512903e-11 8.342054409507289e-14 2.0014454872251138e-15 2.272023180550001e-58 7.141278428576484e-14
449.0 5.2234513443712345e-11 9.288942967977748e-14 2.247216445246061e-15 3.245400573583813e-58 7.954622453345055e-14
450.0 5.7323392875260165e-11 1.033836169186926e-13 2.5218668644189494e-15 4.628446896615556e-58 8.85634766317343e-14
451.0 6.288198548174693e-11 1.150085351428743e-13 2.8286316876741573e-15 6.59048935247708e-58 9.855575796574222e-14
452.0 6.895133171404376e-11 1.2788027324958443e-13 3.1711001663336563e-15 9.369595020113193e-58 1.0962354002695323e-13
453.0 7.557555566468725e-11 1.421256864313266e-13 3.553230135600422e-15 1.329989769502858e-57 1.218766542897278e-13
454.0 8.280252717261758e-11 1.5788416766220952e-13 3.9794044961238435e-15 1.8849709818304029e-57 1.3543582615682687e-13
455.0 9.068408134699529e-11 1.7530868074920717e-13 4.454471224589239e-15 2.6674412181254147e-57 1.5043357814788738e-13
456.0 9.927601682336344e-11 1.9456640959768187e-13 4.983774962559466e-15 3.768970141830437e-57 1.670148052301672e-13
457.0 1.0863875729302697e-10 2.1584074063964683e-13 5.573223978031437e-15 5.317319175883796e-57 1.8533849581079144e-13
458.0 1.1883757051324027e-10 2.393324776854776e-13 6.229339762198328e-15 7.490477514955368e-57 2.0557879657736448e-13
459.0 1.2994278715623558e-10 2.6526111087405075e-13 6.959309732308882e-15 1.053603191369291e-56 2.279261256392012e-13
460.0 1.4203024055771462e-10 2.9386659837109946e-13 7.771055265662015e-15 1.4797875319314262e-56 2.525887282766487e-13
461.0 1.551819272518877e-10 3.2541170506744464e-13 8.673317013227967e-15 2.075300068072718e-56 2.797947143335233e-13
462.0 1.6948622506727123e-10 3.6018353486697623e-13 9.675721711671494e-15 2.9062035434102423e-56 3.0979340564328905e-13
463.0 1.8503811102793313e-10 3.98495124602341e-13 1.0788852840021327e-14 4.0638564118555874e-56 3.428567386990562e-13
464.0 2.0194015256822553e-10 4.406887888952166e-13 1.202437132736931e-14 5.674428079035332e-56 3.792821765802103e-13
465.0 2.203029457314432e-10 4.871384412032009e-13 1.3395112634936964e-14 7.91191580131743e-56 4.193947446209736e-13
466.0 2.402451111011319e-10 5.382510316682139e-13 1.4915162632154382e-14 1.1015913083913466e-55 4.635483088652638e-13
467.0 2.61894836281969e-10 5.944715275350445e-13 1.6600034564093967e-14 1.5315918884267978e-55 5.121299083020328e-13
468.0 2.853896500288932e-10 6.562841351256255e-13 1.8466747005454182e-14 2.1264394675520463e-55 5.655608559234883e-13
469.0 3.1087763230191156e-10 7.242168655389564e-13 2.0533998586330907e-14 2.9481824467089534e-55 6.243007236298175e-13
470.0 3.3851796087397613e-10 7.988447929148397e-13 2.2822311675023646e-14 4.0817925313455025e-55 6.888502066010926e-13
471.0 3.6848178881951097e-10 8.807942472757758e-13 2.5354207639342876e-14 5.643475755638959e-55 7.597547984739825e-13
472.0 4.0095279007374074e-10 9.70746411775133e-13 2.8154370772632463e-14 7.791932972775437e-55 8.376079587190397e-13
473.0 4.361283670597862e-10 1.0694426948117143e-12 3.1249869300651814e-14 1.0743612538358795e-54 9.230558170007975e-13
474.0 4.742206366520336e-10 1.1776898307043533e-12 3.467037599203393e-14 1.4793330273914835e-54 1.0168016510285632e-12
475.0 5.154569737562747e-10 1.2963641119016848e-12 3.8448370322996226e-14 2.034209314270685e-54 1.119609621660605e-12
476.0 5.600814375195211e-10 1.4264180345862603e-12 4.261941898576019e-14 2.793463794063669e-54 1.2323105988077272e-12
477.0 6.083559757350876e-10 1.5688867111451376e-12 4.722245886654522e-14 3.8309980165139375e-54 1.3558077954445881e-12
478.0 6.605611867760434e-10 1.7248934314460102e-12 5.2300063482379813e-14 5.246936282254217e-54 1.4910816748860778e-12
479.0 7.169981844727336e-10 1.8956583649641863e-12 5.789881356804828e-14 7.176758726867473e-54 1.639197581606591e-12
480.0 7.779891372985422e-10 2.0825041615704688e-12 6.406958473938899e-14 9.803540978114208e-54 1.8013107019291164e-12
481.0 8.438797931553727e-10 2.2868671276454e-12 7.086801638105733e-14 1.33743711615041e-53 1.9786758561007872e-12
482.0 9.150397955370257e-10 2.510302939481165e-12 7.835482604532658e-14 1.8222287957909608e-53 2.1726525784393103e-12
483.0 9.918653159640946e-10 2.754498953759891e-12 8.659634005186807e-14 2.479562868131551e-53 2.3847159162342867e-12
484.0 1.0747800296380587e-09 3.0212824999080344e-12 9.566491465801756e-14 3.36971684092881e-53 2.6164637663348664e-12
485.0 1.1642375240032725e-09 3.3126335638878728e-12 1.0563950978079597e-13 4.573632234126392e-53 2.869628026896732e-12
486.0 1.2607224920383586e-09 3.6306945896148144e-12 1.166061887388312e-13 6.199860335328212e-53 3.1460832690779423e-12
487.0 1.3647534682420067e-09 3.9777851549722535e-12 1.286587904826751e-13 8.39380321877755e-53 3.4478596468829633e-12
488.0 1.4768847903734801e-09 4.3564150744478554e-12 1.4189957219736427e-13 1.1349983831454682e-52 3.777154463042384e-12
489.0 1.5977085592657031e-09 4.7692980587741765e-12 1.5643988982601393e-13 1.5328319830619207e-52 4.1363442355236964e-12
490.0 1.7278572581795002e-09 5.219367941353051e-12 1.7240098396044652e-13 2.067568760073921e-52 4.52799900898262e-12
491.0 1.868006590182429e-09 5.7097962998962406e-12 1.8991483643920802e-13 2.785446082515979e-52 4.954897898752794e-12
492.0 2.018877541195828e-09 6.244008475455165e-12 2.0912499970938794e-13 3.748021804832769e-52 5.4200432672977965e-12
493.0 2.1812398736258894e-09 6.825704708457922e-12 2.301876231866506e-13 5.037154029977089e-52 5.9266793645841086e-12
494.0 2.3559147350147156e-09 7.45887944161924e-12 2.532724491298259e-13 6.761565802803016e-52 6.478309404547075e-12
495.0 2.5437779250370604e-09 8.147843525207372e-12 2.7856393720682963e-13 9.065491893559863e-52 7.078715188217062e-12
496.0 2.745763710058802e-09 8.897249154008063e-12 3.062625168575567e-13 1.2140055685916338e-51 7.73197912987346e-12
497.0 2.962867311733509e-09 9.712111559120226e-12 3.3658576506768586e-13 1.6238212354599986e-51 8.442503494995229e-12
498.0 3.1961500363988706e-09 1.0597840279832017e-11 3.697699520131411e-13 2.1694372646107608e-51 9.215037995838936e-12
499.0 3.4467421964576184e-09 1.1560264474046369e-11 4.060714247019347e-13 2.895011825008193e-51 1.00547022431603e-11
500.0 3.7158475700140586e-09 1.260566441377332e-11 4.457682486783452e-13 3.858788256332468e-51 1.0967013610964715e-11
501.0 4.0047481860213384e-09 1.3740805440270019e-11 4.89161985714519e-13 5.137500981281813e-51 1.1957917282301215e-11
502.0 4.314808663709353e-09 1.497297181942937e-11 5.365795202333834e-13 6.832131571086823e-51 1.3033816251792143e-11
503.0 4.647480877165521e-09 1.6310003110214267e-11 5.883750289575669e-13 9.075420868819795e-51 1.4201603559206197e-11
504.0 5.004309935410055e-09 1.7760336678477186e-11 6.449322302816284e-13 1.2041664382596847e-50 1.546869992138288e-11
505.0 5.386938724802589e-09 1.9333046872112104e-11 7.066665774205823e-13 1.5959465068941988e-50 1.684308850959193e-11
506.0 5.797114316589081e-09 2.1037892477091056e-11 7.740278177389353e-13 2.1128325738350704e-50 1.8333356991877544e-11
507.0 6.236693816734643e-09 2.2885364120925537e-11 8.475026240401086e-13 2.79402075845887e-50 1.9948739589354007e-11
508.0 6.707650648565432e-09 2.4886735180120507e-11 9.276174308462478e-13 3.6907513195529113e-50 2.1699162246629646e-11
509.0 7.212081487617229e-09 2.7054117176223525e-11 1.0149415190784224e-12 4.869937121801873e-50 2.3595291780086115e-11
510.0 7.752213187794808e-09 2.9400517382694675e-11 1.1100902713290515e-12 6.418863157232842e-50 2.5648587023459248e-11
511.0 8.330410248501164e-09 3.193990079175592e-11 1.2137286837863223e-12 8.451267105009382e-50 2.7871353848848795e-11
512.0 8.949182821927241e-09 3.4687256641055505e-11 1.326575150536101e-12 1.111519857724895e-49 3.027680424376961e-11
513.0 9.61119470984526e-09 3.765866754987129e-11 1.4494054536684131e-12 1.4603166020396766e-49 3.287911774791209e-11
514.0 1.0319272229128974e-08 4.0871384795353204e-11 1.5830571011500342e-12 1.9165224543420025e-49 3.569350833602189e-11
515.0 1.1076413065338304e-08 4.4343906514606797e-11 1.7284338984916939e-12 2.5125838194517644e-49 3.873629394797007e-11
516.0 1.1885796323059088e-08 4.809606377694345e-11 1.8865109540160507e-12 3.2905585217723072e-49 4.202497298975699e-11
517.0 1.2750792012957405e-08 5.214910774821917e-11 2.0583398646321136e-12 4.304906435413295e-49 4.55783018927881e-11
518.0 1.3674972173376005e-08 5.652580692455844e-11 2.245054441504616e-12 5.626074317905697e-49 4.94163815800438e-11
519.0 1.4662121646672202e-08 6.1250546729089e-11 2.4478766860345926e-12 7.345095591252997e-49 5.356074611493215e-11
520.0 1.571624960866428e-08 6.634943607344436e-11 2.668123206364698e-12 9.579486785217756e-49 5.8034457560154355e-11
521.0 1.6841602179396994e-08 7.18504225888231e-11 2.9072121565890652e-12 1.2480798890968024e-48 6.286220854759002e-11
522.0 1.804267501526773e-08 7.778341219862086e-11 3.1666705387437987e-12 1.6244277781414874e-48 6.80704287836806e-11
523.0 1.93242268701773e-08 8.418039741084896e-11 3.4481420557408793e-12 2.1121211123467308e-48 7.368739932786872e-11
524.0 2.069129368484574e-08 9.107559277973442e-11 3.753395467897892e-12 2.743469300598194e-48 7.974337329825264e-11
525.0 2.214920353233436e-08 9.850557925251886e-11 4.084333538166206e-12 3.559973298213935e-48 8.627070451658931e-11
526.0 2.3703591759569798e-08 1.0650945480234154e-10 4.443002474705605e-12 4.6148880695411007e-48 9.330398182755518e-11
527.0 2.5360417640710558e-08 1.15128997481515e-10 4.831602140843489e-12 5.97648494827513e-48 1.0088017447497168e-10
528.0 2.7125981552370485e-08 1.2440883694689033e-10 5.2524968892551265e-12 7.732200919327133e-48 1.0903878509139682e-10
529.0 2.9006942449767336e-08 1.343966337135557e-10 5.708227005478021e-12 9.993910766340171e-48 1.1782200965968595e-10
530.0 3.101033652000377e-08 1.451432704494397e-10 6.2015209605114624e-12 1.2904619779050701e-47 1.272749082375309e-10
531.0 3.3143597339166586e-08 1.567030573611872e-10 6.7353085838931394e-12 1.6646951983737729e-47 1.3744558825914094e-10
532.0 3.541457599528301e-08 1.6913394495161372e-10 7.312734893801316e-12 2.1453904796495746e-47 1.4838539453736396e-10
533.0 3.7831562381991885e-08 1.824977500811309e-10 7.937174857444367e-12 2.76224629152529e-47 1.6014911118041434e-10
534.0 4.040330809883229e-08 1.9686039798568889e-10 8.612249223749466e-12 3.553081601057734e-47 1.727951777685483e-10
535.0 4.313904974937978e-08 2.122921749902936e-10 9.341841227748884e-12 4.56601131792238e-47 1.8638591519253222e-10
536.0 4.6048533402427654e-08 2.288679960078132e-10 1.0130114369323431e-11 5.86219247115025e-47 2.0098776475806478e-10
537.0 4.91420403229336e-08 2.4666768791328195e-10 1.09815313439835e-11 7.519287693066499e-47 2.166715415323394e-10
538.0 5.2430413969659286e-08 2.6577628937992143e-10 1.1900874183237398e-11 9.635829407191162e-47 2.335127024677135e-10
539.0 5.592508814676469e-08 2.8628436721159617e-10 1.2893265638670062e-11 1.2336713963258397e-46 2.5159162935349676e-10
540.0 5.963811586825262e-08 3.0828834747479137e-10 1.3964191765694391e-11 1.5780111922361865e-46 2.7099392512448993e-10
541.0 6.35822004652278e-08 3.3189086985367783e-10 1.5119526120655268e-11 2.0166152087269656e-46 2.9181073095008517e-10
542.0 6.777072750824172e-08 3.5720115869154866e-10 1.636555531726184e-11 2.5747824522694305e-46 3.141390583848068e-10
543.0 7.221779808886237e-08 3.8433541411108973e-10 1.770900613247849e-11 3.2844657542487923e-46 3.380821395841253e-10
544.0 7.693826356590343e-08 4.134172244799823e-10 1.9157074260776794e-11 4.185985932549718e-46 3.6374979672417943e-10
545.0 8.19477623192154e-08 4.4457800391733037e-10 2.0717454931733073e-11 5.33017833132511e-46 3.9125883390348357e-10
546.0 8.726275752152115e-08 4.779574503820854e-10 2.2398375231831788e-11 6.781078405841708e-46 4.20733447632394e-10
547.0 9.290057690859184e-08 5.137040303797982e-10 2.42086284568458e-11 8.619278863924128e-46 4.5230566124913616e-10
548.0 9.887945377710204e-08 5.519754869720223e-10 2.615761039093391e-11 1.0946122612566702e-45 4.861157803745827e-10
549.0 1.0521857051736963e-07 5.929393791728382e-10 2.8255357945157457e-11 1.3888935233193232e-45 5.223128765543724e-10
550.0 1.1193810314444347e-07 6.367736452084298e-10 3.051258985755884e-11 1.7607548972948472e-45 5.610552924971931e-10
551.0 1.1905926846202491e-07 6.836671996875216e-10 3.294074998801998e-11 2.230243033946818e-45 6.025111777913166e-10
552.0 1.266043725412664e-07 7.338205583316977e-10 3.555205296822574e-11 2.822479672751674e-45 6.468590495418844e-10
553.0 1.3459686181969064e-07 7.874464987126776e-10 3.835953267480532e-11 3.56891985124409e-45 6.94288385408046e-10
554.0 1.4306137593927309e-07 8.447707531154323e-10 4.1377093408188325e-11 4.508915422391933e-45 7.450002456599997e-10
555.0 1.5202380286304476e-07 9.060327377472599e-10 4.4619564050791175e-11 5.691656362228284e-45 7.992079280152531e-10
556.0 1.6151133615369606e-07 9.71486318821252e-10 4.8102755304733785e-11 7.178579158279411e-45 8.571376557625044e-10
557.0 1.715525351705195e-07 1.0414006213095667e-09 5.1843520373015955e-11 9.046352239750328e-45 9.190293043298904e-10
558.0 1.8217738675744804e-07 1.1160608731414253e-09 5.585981880923618e-11 1.139057361629657e-44 9.851371599698566e-10
559.0 1.9341737016037175e-07 1.1957692965755797e-09 6.017078419966297e-11 1.4330346993728383e-44 1.0557307209558588e-09
560.0 2.0530552440039178e-07 1.2808460436058552e-09 6.479679561478566e-11 1.8013940462101181e-44 1.1310955385715206e-09
561.0 2.178765180939944e-07 1.37163017674764e-09 6.975955298952077e-11 2.262577822399705e-44 1.2115340991325048e-09
562.0 2.311667222555559e-07 1.4684807000291733e-09 7.508215677234542e-11 2.8395072527019746e-44 1.297366751353743e-09
563.0 2.4521428639876754e-07 1.5717776438760058e-09 8.07891921361826e-11 3.560647215890695e-44 1.388932682378098e-09
564.0 2.600592164001329e-07 1.6819231957622947e-09 8.690681744190667e-11 4.461318799298681e-44 1.4865909353449114e-09
565.0 2.7574345672932596e-07 1.799342894844825e-09 9.346285799652318e-11 5.585315942710077e-44 1.590721484651533e-09
566.0 2.9231097550812553e-07 1.9244868827488337e-09 1.0048690482814625e-10 6.986895043459783e-44 1.701726362056473e-09
567.0 3.0980785195036147e-07 2.0578312092369957e-09 1.0801041852792483e-10 8.733221639665593e-44 1.8200308325637586e-09
568.0 3.2828236889275704e-07 2.199879212465462e-09 1.1606683931337483e-10 1.0907376915493718e-43 1.9460846375783175e-09
569.0 3.477851071355264e-07 2.3511629543338574e-09 1.2469170243244015e-10 1.3612049182721715e-43 2.0803632881690763e-09
570.0 3.683690443011635e-07 2.5122447307667065e-09 1.3392276008228496e-10 1.6974062999069688e-43 2.2233694260537824e-09
571.0 3.900896575423891e-07 2.6837186548400785e-09 1.4380010988614648e-10 2.114993174070629e-43 2.375634250541951e-09
572.0 4.1300502953987094e-07 2.8662123111459015e-09 1.5436632999351715e-10 2.6332659702112446e-43 2.537719010091906e-09
573.0 4.3717595886126337e-07 3.060388490966645e-09 1.6566662147129925e-10 3.276006867166064e-43 2.7102165670354207e-09
574.0 4.626660740118564e-07 3.2669470060877036e-09 1.7774895803631606e-10 4.0724982944837285e-43 2.8937530336331596e-09
575.0 4.89541952680639e-07 3.4866265942660247e-09 1.906642440062587e-10 5.058767837954314e-43 3.088989491078452e-09
576.0 5.178732440978924e-07 3.720206904371851e-09 2.0446648000156516e-10 6.27910872694255e-43 3.2966237809302457e-09
577.0 5.477327963326142e-07 3.968510576582244e-09 2.1921293741645953e-10 7.787935549643389e-43 3.517392382688449e-09
578.0 5.791967891601475e-07 4.232405425185868e-09 2.349643422781367e-10 9.65204745147579e-43 3.752072384314784e-09
579.0 6.123448699808651e-07 4.512806708704886e-09 2.517850678556818e-10 1.1953386232986145e-42 4.001483532247892e-09
580.0 6.472602960254667e-07 4.810679513597046e-09 2.697433376773999e-10 1.479239516916154e-42 4.2664903842937525e-09
581.0 6.840300809772493e-07 5.127041241192313e-09 2.889114386116256e-10 1.8292106392678607e-42 4.548004556335608e-09
582.0 7.227451470726908e-07 5.4629642087808994e-09 3.0936594484810955e-10 2.260311130731565e-42 4.8469870726559454e-09
583.0 7.635004823289038e-07 5.819578365579547e-09 3.311879530624933e-10 2.790960045251323e-42 5.164450820634732e-09
584.0 8.06395303630758e-07 6.1980741325045915e-09 3.5446332951806444e-10 3.443669770803577e-42 5.5014631178675e-09
585.0 8.515332249993371e-07 6.59970536416459e-09 3.7928296927567615e-10 4.245935986081393e-42 5.859148390422493e-09
586.0 8.990224320966877e-07 7.0257924447317325e-09 4.05743068445212e-10 5.231316804089897e-42 6.238690972714593e-09
587.0 9.489758627195283e-07 7.477725519681721e-09 4.339454098781051e-10 6.440740398862698e-42 6.641338030900938e-09
588.0 1.0015113932504475e-06 7.95696786703208e-09 4.6399766280169586e-10 7.924088381427307e-42 7.068402613161297e-09
589.0 1.0567520314673034e-06 8.46505941520649e-09 4.960136971104962e-10 9.742111740994773e-42 7.521266833337381e-09
590.0 1.1148261161091681e-06 9.003620414895781e-09 5.301139130609945e-10 1.196874759866019e-41 8.001385194629613e-09
591.0 1.175867522946331e-06 9.57435526725316e-09 5.664255868367744e-10 1.4693918688830073e-41 8.510288055584733e-09
592.0 1.2400158778587295e-06 1.0179056516898047e-08 6.050832328220691e-10 1.8026913834774542e-41 9.049585246064823e-09
593.0 1.3074167768833658e-06 1.0819609014028237e-08 6.462289831930353e-10 2.210046720751729e-41 9.620969837186082e-09
594.0 1.3782220132987857e-06 1.1497994250876544e-08 6.900129855033215e-10 2.7075677468534613e-41 1.022622207005261e-08
595.0 1.4525898128935452e-06 1.2216294886917761e-08 7.365938195066564e-10 3.3147935731015856e-41 1.0867213456272537e-08
596.0 1.5306850758615642e-06 1.297669945498973e-08 7.861389331459459e-10 4.0554064389120756e-41 1.1545911043472324e-08
597.0 1.6126796275479638e-06 1.3781507272024565e-08 8.388250995412214e-10 4.958090844330339e-41 1.2264381867072614e-08
598.0 1.6987524764849168e-06 1.4633133546761785e-08 8.948388949487614e-10 6.057566792357984e-41 1.302479758173846e-08
599.0 1.7890900808575414e-06 1.5534114699482477e-08 9.543771990404909e-10 7.395831604368172e-41 1.3829439286083421e-08
600.0 1.8838866238856614e-06 1.648711390376915e-08 1.0176477185779412e-09 9.02365142899387e-41 1.4680702549742576e-08
601.0 1.983344297422156e-06 1.7494926850183786e-08 1.0848695349525392e-09 1.1002351471183382e-40 1.5581102642934742e-08
602.0 2.087673594251379e-06 1.8560487741959395e-08 1.1562736767010404e-09 1.340596336573584e-40 1.6533279977719728e-08
603.0 2.197093610000657e-06 1.9686875536988947e-08 1.23210371839189e-09 1.632379927397725e-40 1.7540005773899317e-08
604.0 2.3118323546026384e-06 2.0877320442176247e-08 1.3126164067961151e-09 1.9863535504733556e-40 1.860418795520319e-08
605.0 2.4321270719563426e-06 2.2135210654520093e-08 1.3980823145335992e-09 2.415490412340678e-40 1.9728877270984e-08
606.0 2.5582245710588715e-06 2.3464099385030658e-08 1.4887865240219643e-09 2.9354109617963116e-40 2.091727367583374e-08
607.0 2.690381566171472e-06 2.4867712150746396e-08 1.5850293414006215e-09 3.5649109633807545e-40 2.2172732954257415e-08
608.0 2.8288650273515246e-06 2.6349954353921053e-08 1.687127042234697e-09 4.3265924823169415e-40 2.3498773607660627e-08
609.0 2.9739525417050392e-06 2.7914919159120982e-08 1.795412650313823e-09 5.247617360255349e-40 2.489908401350068e-08
610.0 3.125932685072587e-06 2.9566895673196202e-08 1.9102367505145175e-09 6.3606063938413325e-40 2.6377529861308253e-08
611.0 3.2851054050353125e-06 3.1310377444199594e-08 2.0319683374294527e-09 7.704711720719773e-40 2.793816188020407e-08
612.0 3.4517824148387393e-06 3.315007128355376e-08 2.160995700738802e-09 9.32689497958413e-40 2.958522386204426e-08
613.0 3.626287598794886e-06 3.509090642494305e-08 2.297727348911973e-09 1.1283449784847861e-39 3.132316099252284e-08
614.0 3.8089574298274656e-06 3.713804403484421e-08 2.4425929729559714e-09 1.364181409768553e-39 3.3156628503855554e-08
615.0 4.000141398102169e-06 3.9296887073174744e-08 2.596044450878058e-09 1.6482726363055547e-39 3.509050064801037e-08
616.0 4.200202452797022e-06 4.1573090532824123e-08 2.758556895538607e-09 1.990278905496705e-39 3.712988001649277e-08
617.0 4.409517455945935e-06 4.3972572057016245e-08 2.93062974665248e-09 2.4017514750959263e-39 3.9280107206093045e-08
618.0 4.628477648797284e-06 4.650152294808245e-08 3.1127879086765213e-09 2.896494336781391e-39 4.154677084306916e-08
619.0 4.85748913175564e-06 4.9166419587928384e-08 3.3055829368057415e-09 3.4909935069488395e-39 4.393571798424291e-08
620.0 5.0969733569451905e-06 5.197403527052993e-08 3.5095942720037767e-09 4.20492619913735e-39 4.645306489568028e-08
621.0 5.347367634782903e-06 5.4931452470461504e-08 3.7254305276016805e-09 5.061764382143253e-39 4.910520823078011e-08
622.0 5.609125654335759e-06 5.8046075555706e-08 3.953730828985013e-09 6.089489794277297e-39 5.189883661553678e-08
623.0 5.88271801702407e-06 6.13256439507622e-08 4.195166207758462e-09 7.321440493340263e-39 5.484094264675042e-08
624.0 6.1686327857918635e-06 6.477824578278388e-08 4.450441053629693e-09 8.79731255115974e-39 5.793883533285896e-08
625.0 6.467376048224492e-06 6.841233200638356e-08 4.72029462477405e-09 1.056434462799665e-38 6.12001529739134e-08
626.0 6.779472494446829e-06 7.223673102700028e-08 5.005502619115847e-09 1.267871799738355e-38 6.463287649891898e-08
627.0 7.105466010408997e-06 7.626066384092869e-08 5.306878808886247e-09 1.5207210245800552e-38 6.824534327717209e-08
628.0 7.445920286846517e-06 8.049375970714742e-08 5.625276740656706e-09 1.82291474807195e-38 7.204626141759242e-08
629.0 7.801419443446811e-06 8.49460723581693e-08 5.961591502530171e-09 2.183870760061982e-38 7.604472456297695e-08
630.0 8.172568669352802e-06 8.962809677450394e-08 6.3167615614163635e-09 2.6147636200488924e-38 8.025022720165701e-08
631.0 8.559994879420578e-06 9.455078652922857e-08 6.691770672098205e-09 3.1288447205443353e-38 8.467268050286052e-08
632.0 8.964347388304347e-06 9.972557173848042e-08 7.0876498618985725e-09 3.741819260691246e-38 8.932242870834316e-08
633.0 9.386298599540858e-06 1.051643776002108e-07 7.505479491028494e-09 4.4722899967764105e-38 9.421026606498758e-08
634.0 9.826544713085974e-06 1.108796435727575e-07 7.946391393619601e-09 5.342279305257727e-38 9.934745434505918e-08
635.0 1.0285806449730872e-05 1.1688434319001052e-07 8.411571100627241e-09 6.377843033388495e-38 1.0474574095177271e-07
636.0 1.076482979318344e-05 1.23192004536074e-07 8.902260147674392e-09 7.609791872207242e-38 1.1041737763123162e-07
637.0 1.1264386750253733e-05 1.2981673139897608e-07 9.419758470721302e-09 9.07453861415163e-38 1.1637513980882027e-07
638.0 1.17852761285328e-05 1.367732251112172e-07 9.96542689163887e-09 1.0815092711211496e-37 1.2263234655760096e-07
639.0 1.2328324333586094e-05 1.440768071154599e-07 1.0540689698018153e-08 1.2882227100363524e-37 1.2920288123363338e-07
640.0 1.2894386184392001e-05 1.51743442256391e-07 1.11470373189055e-08 1.5335846381928306e-37 1.361012127797436e-07
641.0 1.3484345747349963e-05 1.597897628180023e-07 1.1786029099502312e-08 1.8246590220130826e-37 1.433424177156056e-07
642.0 1.409911718990424e-05 1.6823309333450344e-07 1.2459296178582285e-08 2.1697711384304465e-37 1.5094220284005805e-07
643.0 1.473964565429479e-05 1.77091476197491e-07 1.3168544472034533e-08 2.578727428161183e-37 1.5891692866659304e-07
644.0 1.5406908149831406e-05 1.8638369805690894e-07 1.3915557764125896e-08 3.0630727282071722e-37 1.6728363359045266e-07
645.0 1.6101914466094246e-05 1.9612931706122622e-07 1.4702200911663464e-08 3.6363910774199942e-37 1.760600588287512e-07
646.0 1.6825708106597296e-05 2.0634869094885796e-07 1.553042316383751e-08 4.314657287794545e-37 1.852646741450995e-07
647.0 1.7579367241923004e-05 2.1706300599618053e-07 1.640226160005332e-08 5.116647629819266e-37 1.9491670436421994e-07
648.0 1.83640056849163e-05 2.2829430687149446e-07 1.7319844691415547e-08 6.064419317617971e-37 2.050361567215602e-07
649.0 1.9180773885772277e-05 2.4006552738668095e-07 1.82853959872635e-08 7.18387002319887e-37 2.1564384904121522e-07
650.0 2.0030859949468107e-05 2.5240052219517333e-07 1.930123793248926e-08 8.505390434533357e-37 2.267614387865496e-07
651.0 2.0915490673483234e-05 2.6532409942951875e-07 2.0369795817242498e-08 1.006462493069366e-36 2.3841145297822586e-07
652.0 2.1835932608443966e-05 2.788620543304876e-07 2.1493601865136876e-08 1.1903357825707675e-36 2.506173190270697e-07
653.0 2.27934931399227e-05 2.930412038650192e-07 2.267529946197211e-08 1.4070545372401648e-36 2.6340339648011413e-07
654.0 2.3789521592141818e-05 3.078894223618464e-07 2.391764752943438e-08 1.662351687801232e-36 2.7679500970651854e-07
655.0 2.4825410355350805e-05 3.234356782076051e-07 2.5223525049400982e-08 1.9629371924766443e-36 2.9081848156264307e-07
656.0 2.590259603404282e-05 3.397100715872577e-07 2.6595935739965314e-08 2.3166604877731812e-36 3.055011680225546e-07
657.0 2.7022560618811427e-05 3.5674387332525453e-07 2.8038012889968852e-08 2.7326992690324867e-36 3.208714938255161e-07
658.0 2.8186832681717832e-05 3.745695648470314e-07 2.955302435606221e-08 3.221778756685482e-36 3.369589891589296e-07
659.0 2.9396988593241904e-05 3.9322087925648654e-07 3.114437772447244e-08 3.796426242068448e-36 3.5379432737367295e-07
660.0 3.065465376380181e-05 4.127328435900273e-07 3.2815625644810174e-08 4.47126644049771e-36 3.7140936378719116e-07
661.0 3.196150390790536e-05 4.331418222433554e-07 3.457047133826098e-08 5.2633640212089605e-36 3.898371755717883e-07
662.0 3.331926633221167e-05 4.5448556160981854e-07 3.641277428591743e-08 6.192620651187287e-36 4.0911210276394885e-07
663.0 3.472972124764687e-05 4.768032359546541e-07 3.834655610194128e-08 7.282234999582504e-36 4.292697904174964e-07
664.0 3.619470310442839e-05 5.001354945319238e-07 4.037600659489342e-08 8.559235421926523e-36 4.503472319076313e-07
665.0 3.771610195189005e-05 5.245245099925262e-07 4.250549002396048e-08 1.0055096502996607e-35 4.72382813430343e-07
666.0 3.92958648212225e-05 5.500140280803348e-07 4.4739551552752864e-08 1.1806452308269998e-35 4.954163596954902e-07
667.0 4.093599713433262e-05 5.766494186840174e-07 4.708292390910389e-08 1.385592110979239e-35 5.194891808753503e-07
668.0 4.263856413485732e-05 6.044777282129392e-07 4.9540534251341546e-08 1.6253058542185502e-35 5.446441207811652e-07
669.0 4.440569234480515e-05 6.335477333690151e-07 5.2117511249943697e-08 1.9055458654050222e-35 5.709256063333969e-07
670.0 4.6239571043902054e-05 6.639099962971645e-07 5.4819192386301086e-08 2.233002518579414e-35 5.983796983110762e-07
671.0 4.814245377672148e-05 6.956169212107735e-07 5.765113147970091e-08 2.615443868592144e-35 6.270541434681301e-07
672.0 5.0116659878973444e-05 7.287228123931145e-07 6.061910643762711e-08 3.061884881684137e-35 6.56998427928456e-07
673.0 5.2164576033800314e-05 7.632839337545093e-07 6.372912724751326e-08 3.582782548666685e-35 6.882638320228188e-07
674.0 5.428865784829545e-05 7.993585698293249e-07 6.698744420375188e-08 4.1902607315021284e-35 7.209034864641575e-07
675.0 5.6491431456111064e-05 8.370070883217922e-07 7.040055638239828e-08 4.898369151737272e-35 7.54972429960613e-07
676.0 5.8775495144997295e-05 8.762920042093636e-07 7.397522036781473e-08 5.723381563989742e-35 7.905276682752263e-07
677.0 6.114352100710474e-05 9.172780453965036e-07 7.771845923418545e-08 6.684138881344805e-35 8.27628234726991e-07
678.0 6.359825661394846e-05 9.60032219971765e-07 8.163757178991848e-08 7.802443844450604e-35 8.66335252182017e-07
679.0 6.614252671679756e-05 1.004623885105301e-06 8.574014209174363e-08 9.103514765151434e-35 9.067119965694512e-07
680.0 6.877923496986598e-05 1.0511248175729582e-06 9.003404923104375e-08 1.0616506943930777e-34 9.488239619107707e-07
681.0 7.151136567644197e-05 1.0996092859337436e-06 9.452747739841949e-08 1.2375111576582044e-34 9.927389268877536e-07
682.0 7.434198556131714e-05 1.1501541244375906e-06 9.922892623688239e-08 1.4418243348897908e-34 1.0385270230196941e-06
683.0 7.727424556412754e-05 1.202838808606847e-06 1.0414722148270767e-07 1.6790829488558118e-34 1.0862608043999558e-06
684.0 8.031138265856886e-05 1.2577455325931023e-06 1.0929152590658587e-07 1.954471483065261e-34 1.1360153190847543e-06
685.0 8.345672169186059e-05 1.3149592882480386e-06 1.1467135055376004e-07 2.2739699479162843e-34 1.1878681820799723e-06
686.0 8.671367725052099e-05 1.3745679460281553e-06 1.2029656629754213e-07 2.6444727950819193e-34 1.2418996500354226e-06
687.0 9.00857555452953e-05 1.4366623376471137e-06 1.261774157027998e-07 3.0739251296233284e-34 1.2981926975698325e-06
688.0 9.357655632113597e-05 1.5013363405936621e-06 1.3232452521379542e-07 3.5714786657906582e-34 1.3568330953342997e-06
689.0 9.718977478862445e-05 1.5686869644842096e-06 1.38748917667883e-07 4.147670207955333e-34 1.4179094897874732e-06
690.0 0.00010092920357590399 1.6388144392600385e-06 1.4546202514012966e-07 4.814625818524879e-34 1.4815134846926895e-06
691.0 0.00010479873470308058 1.7118223052856964e-06 1.5247570212810185e-07 5.586294265602675e-34 1.547739724389362e-06
692.0 0.00010880236157820068 1.7878175053599845e-06 1.5980223908216546e-07 6.478713830757224e-34 1.6166859788501639e-06
693.0 0.00011294418101260963 1.8669104786287438e-06 1.6745437628468936e-07 7.510317108992576e-34 1.6884532305154642e-06
694.0 0.00011722839525660355 1.949215256438871e-06 1.7544531808603804e-07 8.702279057287172e-34 1.7631457629418715e-06
695.0 0.00012165931405644817 2.0348495601763495e-06 1.8378874750564276e-07 1.0078914253760535e-33 1.840871251304819e-06
696.0 0.00012624135672763848 2.123934901027878e-06 1.9249884119719635e-07 1.1668130126465658e-33 1.9217408547017587e-06
697.0 0.00013097905425036343 2.2165966817893536e-06 2.015902847935721e-07 1.3501943812287059e-33 2.005869310368682e-06
698.0 0.00013587705137959653 2.3129643006187137e-06 2.110782886267774e-07 1.5617071322343432e-33 2.093375029718482e-06
699.0 0.00014094010877637453 2.4131712568669534e-06 2.209786038396351e-07 1.805559883918275e-33 2.1843801963234446e-06
700.0 0.0001461731051528571 2.517355258885767e-06 2.3130753888459818e-07 2.0865747264489187e-33 2.2790108657512094e-06
