200.0 1.065824362111774e-05 7.144227411885727e-12 1.680017266652594e-15 1.171300389438153e-116 5.043846643161402e-12
201.0 1.2314084139987201e-05 8.859043224182731e-12 2.171692034836296e-15 5.0503348188098534e-116 6.265354224358378e-12
202.0 1.4204870797867733e-05 1.0960565421892384e-11 2.7997456423822126e-15 2.1459916375720523e-115 7.764911783158628e-12
203.0 1.636059830918905e-05 1.3530261925057808e-11 3.599895741177109e-15 8.988424211791965e-115 9.601679211259748e-12
204.0 1.8814627476569713e-05 1.6665516887686243e-11 4.6166515512850594e-15 3.711732316480242e-114 1.1846497511908136e-11
205.0 2.160400375301192e-05 2.048248573564633e-11 5.905335657573218e-15 1.51145548473952e-113 1.4584008475221317e-11
206.0 2.476979897226314e-05 2.5119413720394684e-11 7.534536860890693e-15 6.070521764860131e-113 1.7915122955499754e-11
207.0 2.8357477162571658e-05 3.0740484584193086e-11 9.589078382906358e-15 2.4052113141987713e-112 2.195988859795835e-11
208.0 3.241728529883205e-05 3.7540274057458334e-11 1.217360060785145e-14 9.402859686918084e-112 2.6860814186830848e-11
209.0 3.700466979208151e-05 4.574889182133025e-11 1.5416874747562305e-14 3.627667590921021e-111 3.2786714741164705e-11
210.0 4.2180719428746515e-05 5.563790527713738e-11 1.9476983631350686e-14 1.3814512037577418e-110 3.9937149081415984e-11
211.0 4.8012635381249297e-05 6.75271490325045e-11 2.454752858833696e-14 5.193526082541929e-110 4.854752988086865e-11
212.0 5.457422880247667e-05 8.179253546375282e-11 3.08650474662703e-14 1.9278997278135435e-109 5.889499522366012e-11
213.0 6.194644638754888e-05 9.887499407182901e-11 3.871785861025952e-14 7.067683565885106e-109 7.13051404410017e-11
214.0 7.021792414283429e-05 1.1929068064443368e-10 4.8456579536093204e-14 2.5592576456129135e-108 8.615971951740312e-11
215.0 7.948556944283829e-05 1.4364261148688388e-10 6.050660753599187e-14 9.1551927950371e-108 1.0390543666796185e-10
216.0 8.985517126493663e-05 1.726338931687883e-10 7.538289303050913e-14 3.2359998150089865e-107 1.25063960778265e-10
217.0 0.00010144203830266911 2.0708273440204174e-10 9.370738567286132e-14 1.1303334495461309e-106 1.502433083119055e-10
218.0 0.000114371664425275 2.479394437277362e-10 1.1622958854475442e-13 3.9023843567760377e-106 1.8015075396776788e-10
219.0 0.00012878042071808962 2.963056346871079e-10 1.4385071786534235e-13 1.3318210112642218e-105 2.156074428455613e-10
220.0 0.00014481627306773957 3.5345587897071873e-10 1.7765203504394455e-13 4.493862404195594e-105 2.5756489307588047e-10
221.0 0.00016263952398101877 4.2086206767881193e-10 2.189279952950629e-13 1.4993957336567878e-104 3.071235937928583e-10
222.0 0.00018242357701433936 5.00220761131104e-10 2.6922494300958925e-13 4.947646530616429e-104 3.655539198650674e-10
223.0 0.00020435572187336534 5.934838285952264e-10 3.3038617931741527e-13 1.6148384610746837e-103 4.3431960192573275e-10
224.0 0.00022863793789575418 7.028927006739682e-10 4.046043324061949e-13 5.213969820626644e-103 5.151040078219538e-10
225.0 0.0002554877132715289 8.310165787838906e-10 4.944820768365352e-13 1.6656234039239081e-102 6.098395095470637e-10
226.0 0.00028513887696756947 9.807949679320223e-10 6.031023749034391e-13 5.26517435820052e-102 7.207402278526424e-10
227.0 0.00031784243994410603 1.1555849207522706e-09 7.341095516878077e-13 1.6471533729882438e-101 8.503384649787915e-10
228.0 0.00035386744182408156 1.359213402072068e-09 8.918026662550921e-13 5.1003186766230416e-101 1.0015251539737695e-09
229.0 0.00039350179876852787 1.5960352040633049e-09 1.0812428050791547e-12 1.563357142297247e-100 1.1775946708296313e-09
230.0 0.00043705314786854604 1.870996861798757e-09 1.308376100485646e-12 4.744291169821349e-100 1.3822943727671115e-09
231.0 0.00048484968294274156 2.189707037624618e-09 1.5801744671280081e-12 1.4255759438443666e-99 1.6198792423276702e-09
232.0 0.0005372409761648395 2.5585138595377594e-09 1.904796253233476e-12 4.24197359890012e-99 1.8951720319893457e-09
233.0 0.0005945987795188941 2.9845897135957037e-09 2.291769220795726e-12 1.2501320727272158e-98 2.2136293177014233e-09
234.0 0.000657317799637507 3.4760240026347016e-09 2.7521984997655253e-12 3.64926165457612e-98 2.5814138815252483e-09
235.0 0.0007258164391347956 4.041924392750113e-09 3.2990024052431406e-12 1.0552739596646447e-97 3.005473853094545e-09
236.0 0.0008005374971373669 4.6925270747509455e-09 3.947179263253912e-12 3.0233304301512206e-97 3.4936290465766404e-09
237.0 0.0008819488212981637 5.439316569351012e-09 4.714108658876514e-12 8.582511467556025e-97 4.054664933608847e-09
238.0 0.0009705439031947454 6.295155601815281e-09 5.619890799306136e-12 2.4143427305350706e-96 4.698434692975394e-09
239.0 0.0010668424086540521 7.274425563472841e-09 6.687727972381393e-12 6.731095433603449e-96 5.435969774040548e-09
240.0 0.0011713906342204505 8.393178063354814e-09 7.944352376426825e-12 1.8600328654943996e-95 6.279599402683024e-09
241.0 0.0012847618806742192 9.669298052417196e-09 9.420504897638222e-12 5.0950504510645884e-95 7.243079445039253e-09
242.0 0.0014075567342767504 1.1122678975108287e-08 1.115146971443479e-11 1.383609544566656e-94 8.341731025513171e-09
243.0 0.0015404032461947682 1.277541036729062e-08 1.3177669910752384e-11 3.7252827008279964e-94 9.592589270333442e-09
244.0 0.001683957000414781 1.4651978275559361e-08 1.5545329579102816e-11 9.945537230137917e-94 1.1014562516247307e-08
245.0 0.0018389010603833337 1.6779478820098105e-08 1.8307208185369867e-11 2.633070958470337e-93 1.2628602285135471e-08
246.0 0.0020059457845365307 1.9187845160185468e-08 2.1523413245657827e-11 6.913587361303786e-93 1.4457884278451167e-08
247.0 0.0021858285009763 2.1910088049063606e-08 2.5262297627439465e-11 1.800493282045552e-92 1.6528000590923947e-08
248.0 0.0023793130316529807 2.498255008131337e-08 2.9601448026008906e-11 4.651217188561107e-92 1.8867163279510607e-08
249.0 0.0025871890565863963 2.844517364104396e-08 3.4628771377096864e-11 1.1919774539607517e-91 2.1506419350966244e-08
250.0 0.00281027130899522 3.234178245370038e-08 4.0443686142108724e-11 3.0306401003574585e-91 2.4479877150029766e-08
251.0 0.0030493985925496223 3.672037652629025e-08 4.715842553508384e-11 7.645458827737854e-91 2.7824944038618943e-08
252.0 0.003305432612407505 4.163344013086423e-08 5.4899459843390396e-11 1.9138722539207485e-90 3.158257515493424e-08
253.0 0.003579256612347737 4.7138262345465404e-08 6.380904502133472e-11 4.754438942836003e-90 3.579753293090525e-08
254.0 0.0038717738108716877 5.3297269511989846e-08 7.404690469453366e-11 1.1721917880511588e-89 4.0518656924257745e-08
255.0 0.004183905629996135 6.017836880611792e-08 8.579205260005701e-11 2.8684461400080225e-89 4.579914339108455e-08
256.0 0.00451658971128423 6.785530193731707e-08 9.924476228950905e-11 6.967521734085087e-89 5.16968338835596e-08
257.0 0.00487077771468712 7.640800781022359e-08 1.1462869063410013e-10 1.6800723908429904e-88 5.827451200782377e-08
258.0 0.00524743289675411 8.592299277986291e-08 1.3219316127870374e-10 4.02188421797535e-88 6.560020731705143e-08
259.0 0.005647527466071543 9.649370692821885e-08 1.5221561369430264e-10 9.559086214614326e-88 7.374750514884626e-08
260.0 0.006072039714915846 1.0822092457244076e-07 1.7500422285579034e-10 2.2559073190735153e-87 8.279586103968371e-08
261.0 0.006521950927639826 1.2121312699578125e-07 2.0090069382966836e-10 5.286600446132128e-87 9.283091816994535e-08
262.0 0.0069982420675942115 1.3558688516228605e-07 2.302832346700505e-10 1.2303080913107324e-86 1.0394482610437673e-07
263.0 0.007501890246077818 1.5146723994791495e-07 2.6356971000095245e-10 2.843575295503812e-86 1.1623655890417774e-07
264.0 0.008033864978294579 1.6898807718579683e-07 3.0122097648544885e-10 6.527695167646869e-86 1.298122304920279e-07
265.0 0.00859512423310115 1.882924945933315e-07 3.4374440005767114e-10 1.4884341511457808e-85 1.447854049590857e-07
266.0 0.009186610284904815 2.0953315741593668e-07 3.916975533002704e-10 3.371350439450351e-85 1.6127739930736572e-07
267.0 0.009809245378019268 2.3287263940098115e-07 4.456920897055529e-10 7.58598730295878e-85 1.794175759331434e-07
268.0 0.010463927215492688 2.5848374549658477e-07 5.063977897409784e-10 1.6958336593855692e-84 1.9934362197014084e-07
269.0 0.011151524286280084 2.865498124642709e-07 5.745467716629479e-10 3.766568467793073e-84 2.212018124335764e-07
270.0 0.011872871046459692 3.172649834016544e-07 6.509378578833511e-10 8.31243151682311e-84 2.4514725393762824e-07
271.0 0.012628762972101405 3.508344519976748e-07 7.364410854019346e-10 1.822877976329308e-83 2.713441056044165e-07
272.0 0.013419951503082641 3.874746721842397e-07 8.320023463662003e-10 3.972479956329016e-83 2.9996577363923446e-07
273.0 0.014247138898991594 4.2741352871755213e-07 9.386481422376713e-10 8.603344724828236e-83 3.311950759246811e-07
274.0 0.01511097303000273 4.708904641177517e-07 1.057490432330745e-09 1.8518292103394713e-82 3.652243728841418e-07
275.0 0.01601204212710417 5.181565573154148e-07 1.1897315546517706e-09 3.961764421558365e-82 4.0225566078185613e-07
276.0 0.016950869517778685 5.69474549315655e-07 1.3366691940499365e-09 8.424734362610021e-82 4.4250062357653995e-07
277.0 0.0179279083745236 6.251188111795148e-07 1.4997013696782991e-09 1.780856830851392e-81 4.861806394164203e-07
278.0 0.018943536505007002 6.85375249657987e-07 1.6803314107126209e-09 3.742243361651e-81 5.335267378712988e-07
279.0 0.019998051213748595 7.505411458863978e-07 1.8801728861854628e-09 7.81789675175491e-81 5.847795040344305e-07
280.0 0.02109166426624435 8.209249226668907e-07 2.100954451710653e-09 1.623779389036258e-80 6.401889257023102e-07
281.0 0.02222449698731746 8.968458360344956e-07 2.3445245728261407e-09 3.3532603567595497e-80 7.000141799542797e-07
282.0 0.023396575526035905 9.786335870147286e-07 2.6128560816927543e-09 6.885481463839864e-80 7.645233556041367e-07
283.0 0.024607826319981235 1.0666278497466396e-06 2.9080505210064757e-09 1.4058903407537798e-79 8.339931081897861e-07
284.0 0.025858071791946553 1.1611777124662286e-06 3.2323422262535847e-09 2.85457633688029e-79 9.087082444059037e-07
285.0 0.02714702631197836 1.2626410282093062e-06 3.5881020948685734e-09 5.764048529289082e-79 9.889612331596058e-07
286.0 0.028474292457577936 1.3713836725221443e-06 3.977840988543523e-09 1.1575285563096645e-78 1.075051640757666e-06
287.0 0.0298393576041983 1.4877787059358896e-06 4.404212712857156e-09 2.3119369243910353e-78 1.167285488095241e-06
288.0 0.03124159087750399 1.61220543949048e-06 4.870016516652235e-09 4.592849342795047e-78 1.2659745281292273e-06
289.0 0.03268024049793025 1.745048402174987e-06 5.378199052213206e-09 9.075526918708056e-78 1.371435442376156e-06
290.0 0.03415443154657341 1.8866962097638647e-06 5.931855736270566e-09 1.7838820144539773e-77 1.4839889556593933e-06
291.0 0.03566316418009029 2.0375403352060436e-06 6.534231451332984e-09 3.4880761027306584e-77 1.6039588688698777e-06
292.0 0.03720531232047331 2.1979737814336707e-06 7.188720526781593e-09 6.785033113827647e-77 1.7316710100733947e-06
293.0 0.038779622843451794 2.368389658200821e-06 7.89886593960338e-09 1.3130599867640201e-76 1.8674521048965043e-06
294.0 0.04038471528702721 2.5491796653446707e-06 8.668357675659474e-09 2.5281559418807364e-76 2.0116285677568226e-06
295.0 0.04201908209917693 2.7407324856716995e-06 9.501030193996267e-09 4.843169961982359e-76 2.164525216162953e-06
296.0 0.043681089441012295 2.9434320914998525e-06 1.0400858938928764e-08 9.231701106982219e-76 2.3264639109875106e-06
297.0 0.04536897855865046 3.1576559697250086e-06 1.1371955847467453e-08 1.7509724025726316e-75 2.4977621263060293e-06
298.0 0.047080867734154305 3.383773271145729e-06 1.2418563803232766e-08 3.304772252977348e-75 2.6787314531101646e-06
299.0 0.04881475482241203 3.622142890619329e-06 1.3545049992152762e-08 6.2070798108279145e-75 2.869676041902254e-06
300.0 0.05056852037750371 3.873111485473409e-06 1.4755898120135416e-08 1.1602066301708151e-74 3.0708909898901795e-06
301.0 0.052339931368591705 4.137011440428247e-06 1.6055699458464175e-08 2.1582612290125058e-74 3.282660679201352e-06
302.0 0.054126645481705225 4.414158788088696e-06 1.744914268887551e-08 3.995871736566403e-74 3.5052570732157585e-06
303.0 0.05592621600003422 4.704851094831486e-06 1.8941002527120178e-08 7.3633581915041e-74 3.738937978773728e-06
304.0 0.05773609725176806 5.009365322657243e-06 2.0536127111345737e-08 1.350563328552721e-73 3.983945282653825e-06
305.0 0.059553650610706665 5.327955678253145e-06 2.223942414969894e-08 2.4657338003393124e-73 4.240503171305534e-06
306.0 0.06137615103104478 5.6608514611252875e-06 2.405584583013268e-08 4.48112438845829e-73 4.508816343362458e-06
307.0 0.06320079409432186 6.00825492323796e-06 2.5990372504613942e-08 8.106895057846496e-73 4.789068224976736e-06
308.0 0.06502470354269196 6.370339153056227e-06 2.8047995169399984e-08 1.460043558284452e-72 5.081419198437178e-06
309.0 0.06684493926944496 6.747245997309512e-06 3.023369677307471e-08 2.617806602896156e-72 5.386004854926171e-06
310.0 0.06865850573420883 7.139084034088143e-06 3.255243239420044e-08 4.67289880538554e-72 5.702934282562106e-06
311.0 0.07046236076726074 7.545926611112907e-06 3.500910834094455e-08 8.304790197173637e-72 6.032288401113127e-06
312.0 0.07225342472435355 7.967809963125922e-06 3.760856023559105e-08 1.4695374057653673e-71 6.374118354910769e-06
313.0 0.07402858995081299 8.404731422365404e-06 4.035553015748532e-08 2.5891568210148197e-71 6.728443975558738e-06
314.0 0.07578473051116848 8.856647735984203e-06 4.3254642928500647e-08 4.542319333719385e-71 7.095252326003773e-06
315.0 0.07751871213843145 9.323473504062333e-06 4.631038163551506e-08 7.93513390567415e-71 7.474496337419515e-06
316.0 0.07922740235528147 9.805079751542677e-06 4.9527062494531336e-08 1.380395939233932e-70 7.866093550146564e-06
317.0 0.08090768071771791 1.0301292646960684e-05 5.290880917072749e-08 2.3913396392642757e-70 8.26992496961113e-06
318.0 0.08255644913075295 1.0811892380316005e-05 5.645952667814144e-08 4.125553545497428e-70 8.685834047768444e-06
319.0 0.08417064218455961 1.133661221173279e-05 6.018287499119443e-08 7.088292151659165e-70 9.11362580009397e-06
320.0 0.08574723745912258 1.1875137701800506e-05 6.408224250833823e-08 1.2129259568553362e-69 9.553066067574475e-06
321.0 0.08728326574525394 1.2427106133602468e-05 6.816071951528317e-08 2.0671643311834495e-69 1.0003880932471256e-05
322.0 0.08877582112987122 1.2992106135437379e-05 7.242107180144592e-08 3.508959278690148e-69 1.0465756295848034e-05
323.0 0.09022207089422432 1.3569677512191967e-05 7.686571458871674e-08 5.932786247847846e-69 1.0938337624034681e-05
324.0 0.09161926517439226 1.4159311292121182e-05 8.149668693567908e-08 9.99149354429516e-69 1.1421229870245981e-05
325.0 0.09296474633485342 1.4760449994578747e-05 8.631562678365869e-08 1.6761296493716176e-68 1.191399757660708e-05
326.0 0.09425595800738008 1.537248812290428e-05 9.132374681272534e-08 2.800943184432401e-68 1.2416165160764101e-05
327.0 0.09549045374954612 1.5994772885315894e-05 9.652181127646214e-08 4.6626665439202784e-68 1.292721739016213e-05
328.0 0.09666590527925155 1.66266051452135e-05 1.0191011398347954e-07 7.732350296198033e-68 1.3446600045900191e-05
329.0 0.09778011024435256 1.7267240600861204e-05 1.0748845759172875e-07 1.2774661313360852e-67 1.3973720776899047e-05
330.0 0.09883099948918231 1.791589119291265e-05 1.1325613437812427e-07 2.1026232240749105e-67 1.4507950143882712e-05
331.0 0.09981664378287487 1.8571726736755185e-05 1.1921190864125458e-07 3.4479507726034975e-67 1.5048622851446355e-05
332.0 0.10073525997764467 1.923387677514168e-05 1.2535400088873447e-07 5.63328103605508e-67 1.559503916523333e-05
333.0 0.10158521656874205 1.9901432645107357e-05 1.316800739533428e-07 9.170133174056574e-67 1.6146466510016758e-05
334.0 0.10236503863135982 2.0573449751689963e-05 1.3818722117314912e-07 1.4873621018178525e-66 1.670214124324153e-05
335.0 0.10307341211365202 2.124895003956743e-05 1.4487195676087765e-07 2.40379532243762e-66 1.72612705973984e-05
336.0 0.1037091874688928 2.19269246523488e-05 1.5173020847644095e-07 3.8710672016838087e-66 1.7823034783433002e-05
337.0 0.1042713826137746 2.260633676794408e-05 1.5875731270417644e-07 6.21196523215838e-66 1.8386589246274234e-05
338.0 0.1047591852039237 2.3286124597216276e-05 1.6594801202298134e-07 9.933560003301466e-66 1.895106706251531e-05
339.0 0.10517195422169885 2.396520453196058e-05 1.7329645534313255e-07 1.5829632250572693e-65 1.9515581469277078e-05
340.0 0.1055092208754058 2.4642474427211887e-05 1.8079620066847733e-07 2.5138480932235624e-65 2.0079228512369575e-05
341.0 0.10577068881301516 2.5316817001930216e-05 1.8844022052680475e-07 3.97852162075594e-65 2.0641089801026124e-05
342.0 0.10595623365737954 2.5987103341282184e-05 1.9622091009480542e-07 6.275249286514337e-65 2.1200235355737913e-05
343.0 0.10606590187373349 2.6652196483020732e-05 2.0413009802717523e-07 9.86458431006762e-65 2.1755726535062995e-05
344.0 0.10609990898391453 2.731095506987675e-05 2.1215905998226974e-07 1.545528486220476e-64 2.2306619026732153e-05
345.0 0.10605863714524866 2.7962237049420523e-05 2.2029853481945094e-07 2.4134451348622677e-64 2.285196588793039e-05
346.0 0.10594263211534471 2.8604903402523432e-05 2.285387434259505e-07 3.756398940579578e-64 2.339082061929341e-05
347.0 0.10575259962716123 2.9237821881366646e-05 2.3686941011397268e-07 5.8276226648627846e-64 2.3922240256937418e-05
348.0 0.10548940120158067 2.9859870737888557e-05 2.452797865118715e-07 9.011727445045377e-64 2.4445288466725276e-05
349.0 0.10515404942738737 3.0469942423655027e-05 2.5375867785689377e-07 1.3890982415642334e-63 2.4959038624979245e-05
350.0 0.10474770274090323 3.106694724234981e-05 2.6229447158108093e-07 2.134408033998233e-63 2.5462576869958524e-05
351.0 0.10427165973968376 3.1649816936443184e-05 2.7087516806688283e-07 3.269284336575888e-63 2.5955005108651432e-05
352.0 0.10372735306650198 3.221750819007543e-05 2.794884134347381e-07 4.99194507569526e-63 2.643544396376298e-05
353.0 0.1031163429014119 3.27690060307947e-05 2.881215342115646e-07 7.598708164789915e-63 2.6903035646215593e-05
354.0 0.10244031010094977 3.3303327113511154e-05 2.9676157371688237e-07 1.1531173552358154e-62 2.735694673901883e-05
355.0 0.10170104902452852 3.381952287086062e-05 3.0539532999223696e-07 1.7445436975611784e-62 2.7796370878996794e-05
356.0 0.10090046008875779 3.4316682515099275e-05 3.140093950897687e-07 2.63133129700237e-62 2.822053132357816e-05
357.0 0.10004054209085587 3.479393587767742e-05 3.225901955273247e-07 3.956992190197102e-62 2.8628683390656382e-05
358.0 0.09912338434243027 3.5250456073743275e-05 3.311240337104134e-07 5.932823085315998e-62 2.9020116760397646e-05
359.0 0.09815115865478903 3.568546198000852e-05 3.3959713011569736e-07 8.868999287527534e-62 2.9394157628814017e-05
360.0 0.09712611121652323 3.609822051564139e-05 3.4799566602650186e-07 1.321950665090703e-61 2.975017070390826e-05
361.0 0.09605055440349466 3.648804871715606e-05 3.5630582660829406e-07 1.9646879656491646e-61 3.008756103624823e-05
362.0 0.09492685856043123 3.685431559957851e-05 3.6451384411074653e-07 2.911520496871195e-61 3.0405775676892832e-05
363.0 0.09375744379228543 3.7196443797545806e-05 3.726060409835332e-07 4.30233461860882e-61 3.07043051567152e-05
364.0 0.09254477180215509 3.751391098135282e-05 3.805688726946437e-07 6.33952383101048e-61 3.09826847822816e-05
365.0 0.09129133781113138 3.780625104436058e-05 3.883889700434517e-07 9.315092781564736e-61 3.1240495744598854e-05
366.0 0.0899996625937205 3.8073055059533883e-05 3.960531807652058e-07 1.3649153392149558e-60 3.147736603816367e-05
367.0 0.08867228466072162 3.8313972004253375e-05 4.035486102297729e-07 1.9944448745757225e-60 3.169297118889398e-05
368.0 0.08731175261947344 3.852870925386918e-05 4.1086266104457853e-07 2.9063364084268134e-60 3.188703479062667e-05
369.0 0.08592061773936537 3.871703284577467e-05 4.179830713802603e-07 4.2236400577325104e-60 3.205932885096822e-05
370.0 0.08450142674831554 3.88787675170146e-05 4.248979518468785e-07 6.121454990247392e-60 3.220967394832725e-05
371.0 0.08305671488373773 3.901379651965413e-05 4.3159582075915424e-07 8.848275882304656e-60 3.233793920298681e-05
372.0 0.08158899921926317 3.9122061219285286e-05 4.380656376407227e-07 1.2755817491408903e-59 3.244404206605369e-05
373.0 0.08010077228612685 3.920356048309753e-05 4.442968348293359e-07 1.8340573865405227e-59 3.2527947931024185e-05
374.0 0.07859449600586906 3.9258349864965614e-05 4.5027934705809846e-07 2.6301576641735745e-59 3.258966957359041e-05
375.0 0.0770725959486095 3.92865405958978e-05 4.560036389008802e-07 3.762045677349167e-59 3.262926642608555e-05
376.0 0.07553745592895343 3.928829838907933e-05 4.6146072998453054e-07 5.367213448213666e-59 3.26468436937456e-05
377.0 0.07399141294919293 3.9263842069435e-05 4.666422178839473e-07 7.637746100923039e-59 3.2642551320577336e-05
378.0 0.0724367524973486 3.921344203835759e-05 4.715402986311362e-07 1.0841317518589202e-58 3.261658281326474e-05
379.0 0.07087570420536243 3.9137418584784654e-05 4.7614778478342484e-07 1.5349996518484735e-58 3.2569173932034587e-05
380.0 0.06931043787072134 3.9036140054324594e-05 4.804581210108772e-07 2.167966994204691e-58 3.250060125787676e-05
381.0 0.06774305984269627 3.891002088848077e-05 4.84465397176767e-07 3.0543861392237434e-58 3.241118064584876e-05
382.0 0.06617560977258127 3.875951954638564e-05 4.881643588998153e-07 4.2927020923981266e-58 3.2301265574540984e-05
383.0 0.06461005772538403 3.858513632160905e-05 4.915504155999436e-07 6.0184085639314706e-58 3.2171245401950294e-05
384.0 0.06304830164879896 3.838741106677948e-05 4.946196460432669e-07 8.417539954803273e-58 3.202154353819974e-05
385.0 0.061492165193655815 3.816692083877439e-05 4.973688014145885e-07 1.1744911010513551e-57 3.185261554559958e-05
386.0 0.059943395878578574 3.792427747720813e-05 4.99795305958116e-07 1.6348715853114104e-57 3.166494717656528e-05
387.0 0.05840366359022616 3.766012512882717e-05 5.018972552387023e-07 2.270362497129488e-57 3.145905235984996e-05
388.0 0.056874559409263815 3.737513773023472e-05 5.036734120868566e-07 3.1455211124930633e-57 3.123547114543295e-05
389.0 0.05535759475111855 3.707001646112214e-05 5.051232003011272e-07 4.3479442844360333e-57 3.0994767618240397e-05
390.0 0.05385420080956781 3.674548717984498e-05 5.062466961905365e-07 5.996217146128282e-57 3.073752779062738e-05
391.0 0.0523657282903966 3.640229785283487e-05 5.070446180487238e-07 8.250508686284479e-57 3.046435748329659e-05
392.0 0.050893447421563154 3.604121598886548e-05 5.075183136585342e-07 1.1326663411446594e-56 3.0175880203966468e-05
393.0 0.049438548225791475 3.5663026088775834e-05 5.076697459334134e-07 1.5514900291867625e-56 2.987273503278588e-05
394.0 0.04800214104093329 3.526852712068275e-05 5.075014768071565e-07 2.1204569701551676e-56 2.9555574523043347e-05
395.0 0.046585257273093046 3.4858530030184934e-05 5.070166494888859e-07 2.8916858059025217e-56 2.9225062625302543e-05
396.0 0.04518885036724442 3.44338552944816e-05 5.062189692042884e-07 3.934789622978717e-56 2.8881872642634958e-05
397.0 0.04381379697988847 3.399533052872211e-05 5.051126825474286e-07 5.342545678531841e-56 2.852668522413495e-05
398.0 0.04246089833821744 3.354378815226187e-05 5.037025555695964e-07 7.238336158014052e-56 2.8160186403384778e-05
399.0 0.041130881770293476 3.308006312188497e-05 5.019938507335626e-07 9.785892113226221e-56 2.7783065688039472e-05
400.0 0.039824402390822154 3.260499073837841e-05 4.999923028619725e-07 1.320202618609773e-55 2.739601420615007e-05
401.0 0.0385420449273146 3.211940453221426e-05 4.9770409420889e-07 1.777323553681421e-55 2.6999722914329324e-05
402.0 0.03728432567168864 3.16241342334484e-05 4.951358287828266e-07 2.3877305718608116e-55 2.6594880872331247e-05
403.0 0.036051694542630706 3.112000383025646e-05 4.922945060474761e-07 3.2011363021293752e-55 2.6182173588046895e-05
404.0 0.03484453724450213 3.060782971995545e-05 4.891874941252515e-07 4.282822443928599e-55 2.5762281436444643e-05
405.0 0.033663177508936944 3.0088418955680306e-05 4.85822502625183e-07 5.718340256500056e-55 2.5335878155417226e-05
406.0 0.03250787940579075 2.9562567591299193e-05 4.822075552138006e-07 7.619576426762766e-55 2.490362942100834e-05
407.0 0.03137884971063692 2.903105912657955e-05 4.783509620441536e-07 1.0132565033654843e-54 2.4466191504011727e-05
408.0 0.030276240316515116 2.8494663054007863e-05 4.742612921532409e-07 1.3447527959309658e-54 2.402421000942253e-05
409.0 0.029200150678265563 2.795413350816317e-05 4.699473459341367e-07 1.7811753621170782e-54 2.357831869979515e-05
410.0 0.028150630278367908 2.741020801801029e-05 4.654181277838903e-07 2.354608358430984e-54 2.3129138403108467e-05
411.0 0.027127681103808404 2.6863606361972006e-05 4.606828190227196e-07 3.1065976166367295e-54 2.2677276005307225e-05
412.0 0.026131260124190297 2.6315029525232544e-05 4.557507511753975e-07 4.090836502114891e-54 2.2223323527339458e-05
413.0 0.025161281761865037 2.576515875822098e-05 4.5063137969881757e-07 5.376584045063348e-54 2.176785728607752e-05
414.0 0.024217620345580667 2.5214654734892746e-05 4.453342582350095e-07 7.053006598111043e-54 2.1311437138223378e-05
415.0 0.02330011253973359 2.4664156809010512e-05 4.398690134620977e-07 9.234681977388232e-54 2.0854605805937682e-05
416.0 0.0224085597419836 2.4114282366323448e-05 4.342453206102627e-07 1.2068564068024884e-53 2.0397888282667055e-05
417.0 0.02154273044259153 2.356562627020943e-05 4.284728797031908e-07 1.574277876343708e-53 1.9941791317350697e-05
418.0 0.020702362539481673 2.301876039809691e-05 4.2256139257992573e-07 2.0497711942860463e-53 1.9486802974967103e-05
419.0 0.019887165603620388 2.247423326572796e-05 4.1652054074584176e-07 2.6639960700093963e-53 1.9033392271153798e-05
420.0 0.0190968230898901 2.1932569736111522e-05 4.1035996409554305e-07 3.455985471523681e-53 1.8582008878441692e-05
421.0 0.01833099448920695 2.1394270809836736e-05 4.040892405447943e-07 4.475342092589744e-53 1.8133082901481355e-05
422.0 0.01758931741817514 2.0859813493260494e-05 3.9771786660291687e-07 5.7849868013536425e-53 1.768702471849434e-05
423.0 0.01687140964309815 2.0329650740959295e-05 3.912552389116555e-07 7.464591548128385e-53 1.7244224886064926e-05
424.0 0.016176871035656994 1.980421146872547e-05 3.84710636771066e-07 9.61485946075832e-53 1.6805054104281584e-05
425.0 0.015505285458054874 1.9283900633326142e-05 3.7809320566814144e-07 1.2362851648100972e-52 1.6369863239172678e-05
426.0 0.014856222575870288 1.8769099375184947e-05 3.714119418189105e-07 1.5868604896972948e-52 1.593898339931859e-05
427.0 0.014229239597273692 1.826016522010251e-05 3.6467567772984096e-07 2.033333856983349e-52 1.5512726063472843e-05
428.0 0.013623882937685985 1.775743233615368e-05 3.578930687805721e-07 2.6009614471440843e-52 1.509138325603091e-05
429.0 0.013039689809310426 1.7261211841888886e-05 3.510725808254782e-07 3.3213892483440363e-52 1.467522776716456e-05
430.0 0.012476189735304514 1.677179216198095e-05 3.4422247880738263e-07 4.234202000560499e-52 1.4264513414439495e-05
431.0 0.011932905988714765 1.62894394265513e-05 3.373508163740808e-07 5.388830780772271e-52 1.3859475342801317e-05
432.0 0.011409356956546605 1.5814397910412354e-05 3.3046542648385095e-07 6.846898245959925e-52 1.34603303598061e-05
433.0 0.010905057429645515 1.5346890508581536e-05 3.2357391298394845e-07 8.685097038847428e-52 1.3067277303062181e-05
434.0 0.010419519819283088 1.4887119244472078e-05 3.166836431425331e-07 1.0998716588478503e-51 1.2680497436881456e-05
435.0 0.009952255301589994 1.4435265807300566e-05 3.09801741112722e-07 1.3905957098144413e-51 1.2300154875243536e-05
436.0 0.009502774891141912 1.399149211530875e-05 3.029350823041419e-07 1.7553197601719126e-51 1.1926397028215504e-05
437.0 0.009070590445215647 1.3555940901561154e-05 2.9609028863636573e-07 2.2121418397347904e-51 1.1559355069100716e-05
438.0 0.008655215600352319 1.3128736319150532e-05 2.8927372464573806e-07 2.7834017879470864e-51 1.1199144419641555e-05
439.0 0.008256166643034775 1.2709984562820098e-05 2.8249149441659744e-07 3.496631088514759e-51 1.084586525074381e-05
440.0 0.007872963316365824 1.229977450409035e-05 2.7574943930543653e-07 4.385705142342642e-51 1.0499602996249896e-05
441.0 0.0075051295647638756 1.1898178337159254e-05 2.6905313642640473e-07 5.492238854399935e-51 1.0160428877435272e-05
442.0 0.00715219421874726 1.1505252232943224e-05 2.6240789786480007e-07 6.867274183057253e-51 9.828400435980091e-06
443.0 0.006813691621961054 1.1121036998791511e-05 2.558187705850439e-07 8.57331745452447e-51 9.503562073302637e-06
444.0 0.0064891622026424164 1.074555874153389e-05 2.492905369988148e-07 1.0686795007083936e-50 9.185945594244158e-06
445.0 0.006178152991753653 1.0378829531656239e-05 2.428277161585398e-07 1.3301008360577722e-50 8.875570753204399e-06
446.0 0.00588021809004329 1.0020848066549195e-05 2.3643456554149447e-07 1.652968490517394e-50 8.57244580095087e-06
447.0 0.005594919086305201 9.671600330909801e-06 2.3011508338965218e-07 2.0511237412201082e-50 8.27656803043559e-06
448.0 0.005321825429097063 9.331060252495167e-06 2.2387301157012146e-07 2.5413865880107497e-50 7.987924320050905e-06
449.0 0.0050605147541869355 8.9991903515875e-06 2.1771183892185953e-07 3.144165878670508e-50 7.706491672889299e-06
450.0 0.004810573169966598 8.675942382639547e-06 2.116348050542103e-07 3.8841878232722994e-50 7.4322377506628224e-06
451.0 0.004571595503047082 8.361257966700415e-06 2.0564490456334751e-07 4.791364530849554e-50 7.1651214010468725e-06
452.0 0.004343185506225048 8.055069213356041e-06 1.9974489163351444e-07 5.901827894973873e-50 6.90509317732541e-06
453.0 0.004124956030958655 7.757299331018626e-06 1.939372849901183e-07 7.259158431021015e-50 6.652095849298261e-06
454.0 0.003916529166459988 7.4678632245392454e-06 1.88224373173058e-07 8.915843610520702e-50 6.4060649045290315e-06
455.0 0.003717536347447757 7.186668079202926e-06 1.8260822009881123e-07 1.0935005941249596e-49 6.166929039083482e-06
456.0 0.003527618432562339 6.913613930295506e-06 1.770906708812476e-07 1.3392447611747053e-49 5.934610637018364e-06
457.0 0.003346425755379659 6.6485942175177665e-06 1.716733578816532e-07 1.6379066074694315e-49 5.709026237953541e-06
458.0 0.0031736181499040787 6.391496323627043e-06 1.663577069595945e-07 2.000370361851365e-49 5.490086992149273e-06
459.0 0.003008864952356297 6.142202096776628e-06 1.6114494389719152e-07 2.4396503919761255e-49 5.27769910258725e-06
460.0 0.0028518449810094504 5.9005883561141305e-06 1.560361009704811e-07 2.971285994678107e-49 5.071764253631644e-06
461.0 0.002702246495757084 5.666527380276129e-06 1.5103202364243397e-07 3.61380505829858e-49 4.872180025911622e-06
462.0 0.002559767139035571 5.4398873785064875e-06 1.4613337735358212e-07 4.389267816200142e-49 4.678840297144247e-06
463.0 0.0024241138596491673 5.220532944185378e-06 1.413406543869381e-07 5.323903598494977e-49 4.49163562866803e-06
464.0 0.002295002820983841 5.0083254906365325e-06 1.366541807853021e-07 6.448855407522899e-49 4.310453637527044e-06
465.0 0.002172159295025601 4.803123669139343e-06 1.3207412330002433e-07 7.801049319713515e-49 4.1351793539967754e-06
466.0 0.0020553175435313693 4.604783769130886e-06 1.2760049635135316e-07 9.424208182889189e-49 3.965695564493781e-06
467.0 0.0019442206876364421 4.413160100644734e-06 1.2323316898177996e-07 1.1370031867636936e-48 3.8018831398651674e-06
468.0 0.0018386205671144958 4.228105359079281e-06 1.1897187178473572e-07 1.3699569481126472e-48 3.6436213490942214e-06
469.0 0.001738277590441535 4.049470972435855e-06 1.148162037920851e-07 1.6484812502271997e-48 3.4907881585003726e-06
470.0 0.0016429605767546364 3.877107431216659e-06 1.107656393051181e-07 1.9810541792755205e-48 3.3432605165556114e-06
471.0 0.0015524465907301888 3.7108646012023445e-06 1.0681953465451426e-07 2.377646592733398e-48 3.2009146244661924e-06
472.0 0.0014665207713496335 3.5505920193734864e-06 1.0297713487603098e-07 2.849969332159452e-48 3.0636261927079344e-06
473.0 0.0013849761554603057 3.3961391732686688e-06 9.923758028956814e-08 3.411758627269374e-48 2.9312706837291927e-06
474.0 0.001307613496982389 3.247355764101611e-06 9.559991297026431e-08 4.0791051330149375e-48 2.8037235410624434e-06
475.0 0.0012342410825575668 3.1040919539850087e-06 9.206308310122347e-08 4.870832744579921e-48 2.6808604051085094e-06
476.0 0.0011646745443830027 2.9661985976343806e-06 8.862595519848572e-08 5.808934118599711e-48 2.562557315880891e-06
477.0 0.0010987366709215892 2.833527458941845e-06 8.52873141996607e-08 6.919070700153166e-48 2.4486909030133603e-06
478.0 0.0010362572161310762 2.7059314128291845e-06 8.204587140858486e-08 8.231146022373417e-48 2.339138563352156e-06
479.0 0.00097707270780671 2.583264632802476e-06 7.890027028915042e-08 9.779962117606315e-48 2.233778626466619e-06
480.0 0.0009210262555884223 2.4653827646471818e-06 7.584909210240093e-08 1.1605970065254673e-47 2.1324905084278683e-06
481.0 0.0008679673591373892 2.3521430867050343e-06 7.289086138154076e-08 1.3756127011607023e-47 2.0351548542086085e-06
482.0 0.0008177517169488211 2.243404657190488e-06 7.002405124051168e-08 1.6284873441565471e-47 1.941653669072733e-06
483.0 0.0007702410362258232 2.13902844900342e-06 6.72470885122967e-08 1.9255246072198138e-47 1.851870439323843e-06
484.0 0.000725302844203515 2.038877472503427e-06 6.455835871393424e-08 2.274014348507395e-47 1.7656902427906068e-06
485.0 0.0006828103012762887 1.9428168867110544e-06 6.195621083580707e-08 2.6823763530422066e-47 1.6829998494282613e-06
486.0 0.000642642016247346 1.8507140994018245e-06 5.9438961953382094e-08 3.1603233633956957e-47 1.6036878124173065e-06
487.0 0.0006046818639886415 1.7624388565601708e-06 5.7004901660226076e-08 3.7190457429812033e-47 1.527644550142817e-06
488.0 0.0005688188057685505 1.677863321656181e-06 5.465229632161179e-08 4.371420364392656e-47 1.454762419435435e-06
489.0 0.0005349467124764899 1.596862145205207e-06 5.2379393148568016e-08 5.132246587541926e-47 1.3849357804538742e-06
490.0 0.0005029641909473592 1.5193125250665262e-06 5.018442409273748e-08 6.018512488319112e-47 1.3180610535866357e-06
491.0 0.00047277441356334906 1.445094257930856e-06 4.80656095628428e-08 7.049694819573485e-47 1.2540367687462762e-06
492.0 0.0004442849512871925 1.3740897824398205e-06 4.602116196398232e-08 8.248096533864712e-47 1.1927636074249146e-06
493.0 0.0004174076102595169 1.3061842143745863e-06 4.404928906142732e-08 9.639226073135895e-47 1.134144437875676e-06
494.0 0.0003920582720715007 1.2412653743398796e-06 4.2148197170869324e-08 1.1252223035686995e-46 1.07808434377631e-06
495.0 0.000368156737806112 1.1792238083642052e-06 4.031609417752097e-08 1.3120335267050197e-46 1.0244906467275846e-06
496.0 0.00034562657592237205 1.1199528018243683e-06 3.855119238668144e-08 1.5281452889987862e-46 9.732729229290366e-07
497.0 0.00032439497404136345 1.0633483870947658e-06 3.685171120874178e-08 1.777870529128304e-46 9.243430143689897e-07
498.0 0.0003043925946769682 1.009309345309962e-06 3.5215879681817126e-08 2.0661127620523344e-46 8.776150348563325e-07
499.0 0.0002855534349406385 9.577372026195765e-07 3.364193883547452e-08 2.398440393002051e-46 8.330053712141829e-07
500.0 0.0002678146902359232 9.085362213014377e-07 3.21281438991722e-08 2.781169469639435e-46 7.904326799450917e-07
501.0 0.00025111662194717373 8.616133860895814e-07 3.067276635928468e-08 3.2214557114301045e-46 7.498178796701025e-07
502.0 0.00023540242911556674 8.168783860609271e-07 2.9274095868718293e-08 3.727396724211564e-46 7.110841396337052e-07
503.0 0.00022061812408547533 7.742435924122224e-07 2.79304420132491e-08 4.3081453808720836e-46 6.741568645568187e-07
504.0 0.00020671241209542675 7.336240324479568e-07 2.6640135938877397e-08 4.974035426057637e-46 6.389636761111965e-07
505.0 0.00019363657477954548 6.949373600876408e-07 2.5401531844585923e-08 5.7367204439047676e-46 6.054343912786237e-07
506.0 0.00018134435753763486 6.581038231877852e-07 2.421300834493693e-08 6.609327412955815e-46 5.735009978475472e-07
507.0 0.00016979186072587824 6.230462279637239e-07 2.307296970707726e-08 7.606626161645446e-46 5.430976272915409e-07
508.0 0.00015893743461366884 5.896899007827793e-07 2.197984696671055e-08 8.745216130959486e-46 5.141605252626996e-07
509.0 0.0001487415780469874 5.579626475891485e-07 2.09320989276575e-08 1.004373194798349e-45 4.866280199239183e-07
510.0 0.00013916684075411566 5.277947112094279e-07 1.9928213049657975e-08 1.1523069414957469e-45 4.6044048833455645e-07
511.0 0.00013017772922502933 4.991187267747827e-07 1.896670622902577e-08 1.3206633622902963e-45 4.355403210932164e-07
512.0 0.00012174061609271644 4.7186967548606413e-07 1.8046125476825798e-08 1.5120611006757392e-45 4.1187188543336826e-07
513.0 0.00011382365294108303 4.4598483693492743e-07 1.716504849914986e-08 1.7294267269853484e-45 3.8938148695643297e-07
514.0 0.00010639668646200539 4.21403740184711e-07 1.6322084184102226e-08 1.9760273219309264e-45 3.6801733017922813e-07
515.0 9.94311778815588e-05 3.980681138025448e-07 1.5515873000010287e-08 2.2555060669959254e-45 3.4772947806233905e-07
516.0 9.290012557390866e-05 3.759218350242425e-07 1.474508730934898e-08 2.571921069250371e-45 3.284698106776683e-07
517.0 8.677799077998154e-05 3.549108782231333e-07 1.400843160280562e-08 2.929787660102633e-45 3.1019198316467696e-07
518.0 8.104062634689114e-05 3.349832628433603e-07 1.33046426578203e-08 3.334124419535662e-45 2.928513831158353e-07
519.0 7.566520840359735e-05 3.160890009491005e-07 1.263248962588938e-08 3.79050318943877e-45 2.7640508752417347e-07
520.0 7.063017088764863e-05 2.981800445306607e-07 1.1990774052796168e-08 4.305103351647556e-45 2.6081181941688854e-07
521.0 6.591514283796308e-05 2.8121023270007295e-07 1.1378329835878604e-08 4.884770658200549e-45 2.460319042919335e-07
522.0 6.150088836855091e-05 2.651352388991294e-07 1.0794023122317569e-08 5.537080912986249e-45 2.320272264662533e-07
523.0 5.736924923849953e-05 2.4991251823440347e-07 1.0236752152337759e-08 6.270408815325853e-45 2.1876118543719814e-07
524.0 5.3503089934116875e-05 2.3550125504554526e-07 9.705447051110512e-09 7.094002287005297e-45 2.061986523515953e-07
525.0 4.9886245179811156e-05 2.2186231080484223e-07 9.19906957302726e-09 8.018062614713095e-45 1.9430592666986234e-07
526.0 4.6503469795222925e-05 2.0895817243843074e-07 8.716612801904024e-09 9.053830749662482e-45 1.8305069310603456e-07
527.0 4.3340390817188556e-05 1.9675290115215046e-07 8.257100810562777e-09 1.0213680115247173e-44 1.72401978918236e-07
528.0 4.038346180626701e-05 1.8521208183774656e-07 7.81958828310987e-09 1.151121628174752e-44 1.6233011161785514e-07
529.0 3.761991925890454e-05 1.7430277312847522e-07 7.403160103118833e-09 1.2961383874274197e-44 1.5280667715996412e-07
530.0 3.503774104768901e-05 1.639934581664947e-07 7.006930910796509e-09 1.4580581086103264e-44 1.438044786717602e-07
531.0 3.262560681370247e-05 1.542539961384806e-07 6.630044632100829e-09 1.6386782174251108e-44 1.352974957706728e-07
532.0 3.0372860236472326e-05 1.4505557462957605e-07 6.271673982638816e-09 1.8399668317286633e-44 1.2726084451829799e-07
533.0 2.826947310875519e-05 1.3637066284057659e-07 5.9310199490681836e-09 2.0640767216952973e-44 1.196707380518023e-07
534.0 2.6306011145044257e-05 1.2817296570770275e-07 5.607311250595343e-09 2.3133601824890617e-44 1.1250444792961663e-07
535.0 2.447360145445045e-05 1.204373789593174e-07 5.29980378304386e-09 2.5903848573518706e-44 1.0574026622388958e-07
536.0 2.276390161038789e-05 1.1313994513913971e-07 5.007780047846171e-09 2.8979505485702545e-44 9.935746838797623e-08
537.0 2.1169070251320325e-05 1.0625781062106511e-07 4.730548568195577e-09 3.2391070531137204e-44 9.333627692335406e-08
538.0 1.968173914866087e-05 9.976918363646123e-08 4.467443294478971e-09 3.617173058810475e-44 8.765782586664289e-08
539.0 1.829498667975344e-05 9.365329333076414e-08 4.217823000993115e-09 4.035756135733468e-44 8.230412611385338e-08
540.0 1.700231264573078e-05 8.789034986251769e-08 3.981070675837094e-09 4.498773855990385e-44 7.725803159574791e-08
541.0 1.5797614375905888e-05 8.246150555452606e-08 3.756592905764142e-09 5.010476073327801e-44 7.25032063151348e-08
542.0 1.4675164062196802e-05 7.734881710348741e-08 3.5438192576664845e-09 5.575468391854604e-44 6.802409225399601e-08
543.0 1.3629587268929683e-05 7.253520885144789e-08 3.3422016582620065e-09 6.198736850749926e-44 6.380587815566408e-08
544.0 1.2655842565210493e-05 6.800443711968124e-08 3.151213773453069e-09 6.885673849027815e-44 5.983446918483205e-08
545.0 1.174920222883655e-05 6.374105560283727e-08 2.970350388721505e-09 7.642105331266214e-44 5.6096457465719994e-08
546.0 1.090523397254374e-05 5.973038181897518e-08 2.7991267918357255e-09 8.474319251672748e-44 5.257909349672653e-08
547.0 1.0119783645124698e-05 5.595846460875247e-08 2.63707815904673e-09 9.389095329917316e-44 4.9270258437792314e-08
548.0 9.388958861706983e-06 5.241205267510413e-08 2.4837589458641468e-09 1.0393736107833238e-43 4.615843726495663e-08
549.0 8.709113519172587e-06 4.907856415281263e-08 2.3387422834128723e-09 1.1496099311323312e-43 4.323269278484135e-08
550.0 8.076833154390199e-06 4.594605719577667e-08 2.201619381291747e-09 1.2704631516647127e-43 4.048264050034836e-08
551.0 7.488921104558189e-06 4.300320156819314e-08 2.0719989377722584e-09 1.4028403114660081e-43 3.7898424317404556e-08
552.0 6.942385430567891e-06 4.023925122453923e-08 1.949506558100426e-09 1.5477144560546982e-43 3.547069308136908e-08
553.0 6.434426565861834e-06 3.764401786201604e-08 1.8337841815915508e-09 1.7061283890139823e-43 3.3190577930586696e-08
554.0 5.9624256547855095e-06 3.520784542800701e-08 1.724489518136337e-09 1.879198547701617e-43 3.104967045354184e-08
555.0 5.5239335459210626e-06 3.2921585564160457e-08 1.6212954946705535e-09 2.068118999726104e-43 2.9040001635182762e-08
556.0 5.116660407343982e-06 3.077657396790288e-08 1.5238897120984203e-09 2.2741655561068438e-43 2.7154021577223383e-08
557.0 4.738465932138698e-06 2.8764607651402698e-08 1.4319739130960388e-09 2.4986999962184078e-43 2.5384579976482117e-08
558.0 4.387350103888892e-06 2.6877923077481905e-08 1.3452634611682804e-09 2.7431743987715148e-43 2.3724907344801694e-08
559.0 4.061444493166962e-06 2.510917515137455e-08 1.2634868312738986e-09 3.0091355721873297e-43 2.2168596953511174e-08
560.0 3.7590040573456853e-06 2.3451417046916986e-08 1.1863851122873808e-09 3.2982295768020132e-43 2.0709587485059587e-08
561.0 3.478399417279923e-06 2.1898080845335756e-08 1.1137115215131824e-09 3.612206330372114e-43 1.9342146374026445e-08
562.0 3.2181095856200867e-06 2.0442958964645695e-08 1.045230931427059e-09 3.9529242873704165e-43 1.8060853819524743e-08
563.0 2.976715122665874e-06 1.9080186357434675e-08 9.807194087731683e-10 4.322355181534498e-43 1.686058745075035e-08
564.0 2.7528916967971917e-06 1.7804223454786402e-08 9.199637661092789e-10 4.722588820100851e-43 1.5736507627356235e-08
565.0 2.545404027590798e-06 1.6609839834026435e-08 8.627611258533832e-10 5.1558379170885784e-43 1.4684043356219382e-08
566.0 2.353100190769722e-06 1.5492098588012914e-08 8.08918496850615e-10 5.624442951919275e-43 1.3698878806148836e-08
567.0 2.1749062651379544e-06 1.4446341373823701e-08 7.582523634494418e-10 6.130877038581429e-43 1.2776940402147698e-08
568.0 2.0098213026079246e-06 1.3468174118792827e-08 7.105882870444292e-10 6.6777507894414535e-43 1.1914384480881634e-08
569.0 1.8569126033562109e-06 1.255345336206544e-08 6.657605200170699e-10 7.267817156716475e-43 1.1107585489149066e-08
570.0 1.7153112790282706e-06 1.1698273210059366e-08 6.236116319804859e-10 7.903976233528674e-43 1.0353124707294031e-08
571.0 1.5842080877673793e-06 1.0898952884511806e-08 5.839921482120202e-10 8.589279995385162e-43 9.647779479713059e-09
572.0 1.462849525656268e-06 1.015202484207318e-08 5.467602001358088e-10 9.326936961861956e-43 8.988512934812717e-09
573.0 1.3505341599438788e-06 9.454223444755341e-09 5.117811876990347e-10 1.012031675722259e-42 8.37246417703571e-09
574.0 1.246609190181209e-06 8.802474160920542e-09 4.789274534694482e-10 1.097295454771256e-42 7.796938933865738e-09
575.0 1.1504672241026726e-06 8.193883276852874e-09 4.480779682647826e-10 1.1888555332269794e-42 7.259400640994141e-09
576.0 1.0615432557805193e-06 7.625728099398703e-09 4.1911802811310224e-10 1.2870998062488228e-42 6.757461949184373e-09
577.0 9.793118342309673e-07 7.095447630559089e-09 3.919389623295567e-10 1.3924339566773706e-42 6.288876636681963e-09
578.0 9.032844112794964e-07 6.600633695377909e-09 3.6643785248556805e-10 1.5052818252825986e-42 5.851531911387595e-09
579.0 8.330068580894098e-07 6.139022504917102e-09 3.425172620370681e-10 1.6260857561818303e-42 5.443441087370406e-09
580.0 7.680571403280733e-07 5.708486636576913e-09 3.200849763707769e-10 1.7553069146978853e-42 5.062736620676252e-09
581.0 7.080431424883396e-07 5.307027414488605e-09 2.990537530208501e-10 1.893425574866491e-42 4.707663489767277e-09
582.0 6.526006324016877e-07 4.93276767319426e-09 2.7934108180337103e-10 2.040941373753196e-42 4.376572906327572e-09
583.0 6.013913574714401e-07 4.5839448883015e-09 2.608689546113995e-10 2.198373529696333e-42 4.067916342557151e-09
584.0 5.54101264625278e-07 4.258904658297196e-09 2.435636446106835e-10 2.3662610215644635e-42 3.7802398614855154e-09
585.0 5.104388364318964e-07 3.956094522183959e-09 2.273554945735224e-10 2.5451627260949086e-42 3.512178737231778e-09
586.0 4.7013353625139097e-07 3.674058098090703e-09 2.1217871408699467e-10 2.735657510371892e-42 3.2624523525420803e-09
587.0 4.3293435569285397e-07 3.4114295284960552e-09 1.979711853714178e-10 2.938344276508411e-42 3.029859361340084e-09
588.0 3.9860845803539233e-07 3.1669282181812113e-09 1.8467427744494836e-10 3.1538419556122166e-42 2.8132731044238706e-09
589.0 3.6693991163254284e-07 2.939353851505892e-09 1.7223266837115868e-10 3.382789448146508e-42 2.6116372668406696e-09
590.0 3.377285076653532e-07 2.7275816760739533e-09 1.605941753280551e-10 3.625845507841474e-42 2.423961765866356e-09
591.0 3.10788656936487e-07 2.5305580403194815e-09 1.497095922390718e-10 3.883688566372522e-42 2.2493188589056096e-09
592.0 2.85948360707912e-07 2.3472961730025433e-09 1.3953253470922599e-10 4.157016496093466e-42 2.0868394610133784e-09
593.0 2.6304825087846176e-07 2.1768721930534497e-09 1.3001929201269493e-10 4.4465463082036344e-42 1.9357096621164192e-09
594.0 2.419406950760412e-07 2.0184213386485225e-09 1.2112868588174003e-10 4.753013783833563e-42 1.7951674343878816e-09
595.0 2.2248896250225986e-07 1.8711344048309015e-09 1.1282193585067037e-10 5.077173035651597e-42 1.6644995205909985e-09
596.0 2.0456644661663322e-07 1.7342543794157522e-09 1.050625309129241e-10 5.4197959977332866e-42 1.5430384945678332e-09
597.0 1.8805594098297932e-07 1.6070732673326777e-09 9.781610725387182e-11 5.781671841587799e-42 1.4301599853987943e-09
598.0 1.7284896482315982e-07 1.4889290939610797e-09 9.1050331826708e-11 6.163606316399815e-42 1.3252800570999948e-09
599.0 1.5884513503379228e-07 1.3792030784089911e-09 8.473479154392027e-11 6.566421011735491e-42 1.227852736060455e-09
600.0 1.4595158162010432e-07 1.2773169680682264e-09 7.884088786202661e-11 6.990952541155171e-42 1.1373676787458693e-09
601.0 1.3408240368852616e-07 1.1827305261504381e-09 7.334173654264343e-11 7.438051645393457e-42 1.053347972511734e-09
602.0 1.23158163316553e-07 1.0949391642704615e-09 6.821207237850942e-11 7.90858221399823e-42 9.7534806267666e-10
603.0 1.1310541478514647e-07 1.0134717124929522e-09 6.342815867868022e-11 8.403420224558013e-42 9.029517993046063e-10
604.0 1.0385626681620763e-07 9.378883195978123e-10 5.896770131283183e-11 8.923452598912197e-42 8.357705974344157e-10
605.0 9.534797560582014e-08 8.677784766480971e-10 5.480976712037151e-11 9.469575976007455e-42 7.734417047752709e-10
606.0 8.75225665834995e-08 8.027591572612315e-10 5.0934706495839745e-11 1.0042695401342845e-41 7.156265711577788e-10
607.0 8.032648295903195e-08 7.424730682903174e-10 4.732407996787022e-11 1.0643722933248025e-41 6.620093142921158e-10
608.0 7.371025924223157e-08 6.865870049186821e-10 4.396058859482858e-11 1.1273576166539478e-41 6.12295276638498e-10
609.0 6.762821803716676e-08 6.347903044547494e-10 4.082800800597083e-11 1.193317667441676e-41 5.662096684385378e-10
610.0 6.20381885218264e-08 5.867933933888682e-10 3.791112592272244e-11 1.2623448369781515e-41 5.234962921915729e-10
611.0 5.690124512710485e-08 5.423264225384649e-10 3.519568300041993e-11 1.3345315787504876e-41 4.839163440873338e-10
612.0 5.218146502541759e-08 5.011379853598548e-10 3.266831683637501e-11 1.4099702289480765e-41 4.472472881227468e-10
613.0 4.784570313021769e-08 4.629939147507314e-10 3.031650899580034e-11 1.4887528194673834e-41 4.132817988419656e-10
614.0 4.386338339276884e-08 4.276761539001217e-10 2.812853491253221e-11 1.570970883669771e-41 3.8182676883897384e-10
615.0 4.020630526251488e-08 3.94981696967074e-10 2.6093416526871248e-11 1.656715255180553e-41 3.5270237735539815e-10
616.0 3.684846425247578e-08 3.647215955848926e-10 2.420087752817357e-11 1.746075860053218e-41 3.257412164919202e-10
617.0 3.376588562142795e-08 3.3672002739326813e-10 2.2441301074970798e-11 1.8391415026565038e-41 3.007874717288856e-10
618.0 3.093647025062699e-08 3.1081342299795294e-10 2.0805689870470896e-11 1.9359996456768377e-41 2.7769615362196153e-10
619.0 2.8339851854653504e-08 2.868496479459996e-10 1.928562847622606e-11 2.0367361846619234e-41 2.563323777013274e-10
620.0 2.5957264723913694e-08 2.6468723648493657e-10 1.7873247751589694e-11 2.1414352175649822e-41 2.365706897587147e-10
621.0 2.377142125056341e-08 2.441946740461312e-10 1.6561191311269103e-11 2.2501788097819865e-41 2.1829443385519135e-10
622.0 2.1766398540437102e-08 2.2524972555699343e-10 1.5342583897862728e-11 2.363046755205207e-41 2.0139516052481417e-10
623.0 1.992753346107836e-08 2.0773880684310065e-10 1.421100157069621e-11 2.480116333846283e-41 1.8577207278465523e-10
624.0 1.8241325520467357e-08 1.9155639653089123e-10 1.3160443616597882e-11 2.6014620666125114e-41 1.7133150769125653e-10
625.0 1.6695347012633066e-08 1.7660448600380985e-10 1.2185306092430556e-11 2.7271554678480605e-41 1.5798645130681986e-10
626.0 1.527815990520426e-08 1.6279206510001367e-10 1.1280356913227745e-11 2.857264796275607e-41 1.4565608505568182e-10
627.0 1.3979238980325839e-08 1.5003464136890183e-10 1.044071240371433e-11 2.991854805000594e-41 1.3426536156367426e-10
628.0 1.2788900774319117e-08 1.3825379082624796e-10 9.661815234770963e-12 3.130986491262668e-41 1.2374460817931637e-10
629.0 1.169823789317234e-08 1.2737673826411414e-10 8.939413670046205e-12 3.274716846638466e-41 1.1402915647686716e-10
630.0 1.0699058310572739e-08 1.1733596528250567e-10 8.269542051450295e-12 3.423098608418641e-41 1.050589961375305e-10
631.0 9.783829282829567e-09 1.0806884431475866e-10 7.6485024556564e-12 3.5761800128974467e-41 9.677845169641439e-11
632.0 8.94562554083413e-09 9.951729701840386e-11 7.072847457006287e-12 3.7340045513292254e-41 8.913588072961033e-11
633.0 8.178081443260448e-09 9.162747549778448e-11 6.539363935359408e-12 3.8966107293140654e-41 8.208339213802471e-11
634.0 7.475346797646538e-09 8.434946491435665e-11 6.045057870447058e-12 4.064031830385904e-41 7.557658326264781e-11
635.0 6.8320460769110715e-09 7.763700612551708e-11 5.587140067194492e-12 4.2362956845796553e-41 6.957429463991387e-11
636.0 6.2432407783572816e-09 7.144723707328998e-11 5.1630127592634735e-12 4.4134244427589947e-41 6.403838127594937e-11
637.0 5.704394690372484e-09 6.57404517202989e-11 4.770257040736235e-12 4.595434357487826e-41 5.893349938484991e-11
638.0 5.211341848943116e-09 6.047987540243912e-11 4.406621078418988e-12 4.782335571220322e-41 5.422690759892132e-11
639.0 4.76025698185617e-09 5.5631455535807844e-11 4.070009059696346e-12 4.974131912582845e-41 4.988828171828544e-11
640.0 4.347628253119963e-09 5.116366667985527e-11 3.758470833215649e-12 5.170820701514682e-41 4.5889542123482313e-11
641.0 3.9702321337680484e-09 4.704732901942126e-11 3.470192201914246e-12 5.37239256401433e-41 4.2204693027716504e-11
642.0 3.6251102379082624e-09 4.3255439385849006e-11 3.203485830052647e-12 5.578831257232426e-41 3.880967279566505e-11
643.0 3.309547974675835e-09 3.9763013991519294e-11 2.9567827279587146e-12 5.790113505629042e-41 3.568221460310205e-11
644.0 3.021054877719704e-09 3.654694210326833e-11 2.7286242801390928e-12 6.006208848893372e-41 3.280171675630084e-11
645.0 2.7573464840531885e-09 3.358584992842179e-11 2.5176547842793366e-12 6.227079502303772e-41 3.0149122032406976e-11
646.0 2.5163276435697657e-09 3.0859974032561114e-11 2.322614470423243e-12 6.452680230171197e-41 2.7706805441696014e-11
647.0 2.296077149333241e-09 2.835104365103958e-11 2.1423329713173906e-12 6.682958232990967e-41 2.5458469850196464e-11
648.0 2.0948335869204595e-09 2.6042171296535003e-11 1.9757232165106836e-12 6.917853048885768e-41 2.3389048936431383e-11
649.0 1.9109823086878042e-09 2.3917751102944285e-11 1.821775724332543e-12 7.157296469893161e-41 2.1484616989348013e-11
650.0 1.7430434458756314e-09 2.1963364381645823e-11 1.6795532673276398e-12 7.401212473616401e-41 1.973230508581929e-11
651.0 1.5896608779986372e-09 2.0165691899738954e-11 1.5481858881055832e-12 7.649517170705206e-41 1.812022321555129e-11
652.0 1.4495920850390407e-09 1.8512432421543717e-11 1.426866243882543e-12 7.902118768612085e-41 1.6637387949020272e-11
653.0 1.3216988135767827e-09 1.6992227084278383e-11 1.3148452592329792e-12 8.158917552004764e-41 1.527365527006899e-11
654.0 1.2049384932088727e-09 1.5594589206795086e-11 1.2114280677564025e-12 8.419805880182502e-41 1.4019658219342956e-11
655.0 1.0983563444407021e-09 1.4309839156444609e-11 1.1159702244840116e-12 8.684668201791242e-41 1.2866749017749586e-11
656.0 1.0010781237113662e-09 1.312904392376255e-11 1.0278741719139195e-12 8.953381087085831e-41 1.1806945360754886e-11
657.0 9.12303455363948e-10 1.2043961077766413e-11 9.465859435708273e-13 9.225813277936974e-41 1.0832880594632771e-11
658.0 8.312997042132696e-10 1.1046986796306248e-11 8.715920899383867e-13 9.501825755720248e-41 9.937757504819057e-12
659.0 7.573963459239064e-10 1.0131107686258568e-11 8.024168125170531e-13 9.781271827187424e-41 9.115305464418497e-12
660.0 6.89979795703348e-10 9.289856127378116e-12 7.386192926119541e-13 1.006399722835177e-40 8.359740707650858e-12
661.0 6.284886588646345e-10 8.517268891485993e-12 6.797912022634185e-13 1.03498402463715e-40 7.665729508744735e-12
662.0 5.724093696331593e-10 7.807848805390556e-12 6.255543854951679e-13 1.0638631859359157e-40 7.028354061506248e-12
663.0 5.212721871818103e-10 7.156529241601314e-12 5.755586987760026e-13 1.093019589398951e-40 6.443080868585061e-12
664.0 4.74647520291399e-10 6.558641235552667e-12 5.294800002708294e-13 1.1224349200727863e-40 5.905731462372457e-12
665.0 4.32142554264119e-10 6.009883041769292e-12 4.870182780986417e-13 1.1520901846431174e-40 5.412455291552986e-12
666.0 3.9339815578083074e-10 5.506291954249917e-12 4.478959084216136e-13 1.1819657324043224e-40 4.959704618654969e-12
667.0 3.5808603329778914e-10 5.0442182283341646e-12 4.1185603475950384e-13 1.2120412779029147e-40 4.54421128451656e-12
668.0 3.25906132339841e-10 4.620300952545475e-12 3.786610604625176e-13 1.2422959252153569e-40 4.162965205489013e-12
669.0 2.965842466733923e-10 4.23144572938668e-12 3.4809124678279854e-13 1.2727081938152938e-40 3.813194478449545e-12
670.0 2.698698278443605e-10 3.874804033859958e-12 3.199434094622499e-13 1.3032560459803865e-40 3.4923469773421833e-12
671.0 2.455339769528743e-10 3.5477541276299033e-12 2.94029707203844e-13 1.3339169156827566e-40 3.198073333041338e-12
672.0 2.2336760381685768e-10 3.247883415295665e-12 2.7017651581710257e-13 1.3646677389045055e-40 2.9282111958820283e-12
673.0 2.0317973985750557e-10 2.972972137206048e-12 2.482233822260069e-13 1.3954849853134614e-40 2.6807706872402323e-12
674.0 1.8479599212952442e-10 2.7209783006909586e-12 2.2802205290183213e-13 1.426344691230261e-40 2.4539209531215186e-12
675.0 1.680571269244201e-10 2.49002375852379e-12 2.0943557163529136e-13 1.4572224938143658e-40 2.2459777388523458e-12
676.0 1.5281777230201432e-10 2.2783813498973195e-12 1.9233744189260565e-13 1.4880936663921513e-40 2.0553919096878655e-12
677.0 1.38945229760234e-10 2.084463025229214e-12 1.7661084931059994e-13 1.5189331548470217e-40 1.8807388474869886e-12
678.0 1.2631838604091382e-10 1.9068088817313876e-12 1.6214794017702722e-13 1.5497156149870025e-40 1.72070865857633e-12
679.0 1.1482671679580389e-10 1.7440770419190897e-12 1.488491520161465e-13 1.5804154508040462e-40 1.5740971325638412e-12
680.0 1.0436937450565504e-10 1.5950343121077924e-12 1.366225926556522e-13 1.6110068535342966e-40 1.4397973961762075e-12
681.0 9.485435366189444e-11 1.458547562492196e-12 1.2538346439201346e-13 1.6414638414285155e-40 1.3167922102201102e-12
682.0 8.619772678771812e-11 1.3335757746242535e-12 1.1505353009640386e-13 1.6717603001362671e-40 1.204146861507741e-12
683.0 7.832294539840201e-11 1.2191627060455878e-12 1.0556061831514164e-13 1.7018700236094164e-40 1.101002605076712e-12
684.0 7.116020048156797e-11 1.1144301254857331e-12 9.683816461624992e-14 1.7317667554263202e-40 1.0065706152747747e-12
685.0 6.46458375210952e-11 1.0185715754424157e-12 8.882478661926522e-14 1.7614242304366283e-40 9.20126407298238e-13
686.0 5.87218214959547e-11 9.308466221254788e-13 8.146389031908006e-14 1.7908162166283393e-40 8.410046935799917e-13
687.0 5.3335247660107186e-11 8.505755556862734e-13 7.470330547693988e-14 1.8199165571148886e-40 7.685946420310137e-13
688.0 4.843789425451287e-11 7.77134506388195e-13 6.849494800373134e-14 1.848699212141691e-40 7.023355055648875e-13
689.0 4.398581361953264e-11 7.099509449143095e-13 6.279450740290945e-14 1.8771383010115273e-40 6.41712594589305e-13
690.0 3.993895846755019e-11 6.484995373653626e-13 5.756115747320109e-14 1.9052081438277385e-40 5.86253566241191e-13
691.0 3.6260840343789995e-11 5.922983276922956e-13 5.275728859550686e-14 1.932883302955506e-40 5.35525006087449e-13
692.0 3.2918217549679656e-11 5.409052223399248e-13 4.83482600444456e-14 1.9601386241023875e-40 4.891292798185842e-13
693.0 2.988081002952632e-11 4.939147537650433e-13 4.4302170873389104e-14 1.9869492769198424e-40 4.467016341385473e-13
694.0 2.7121038929317253e-11 4.5095510124301414e-13 4.058964802309576e-14 2.0132907950317845e-40 4.0790752760998517e-13
695.0 2.461378872747429e-11 4.116853489995493e-13 3.718365039845662e-14 2.03913911539305e-40 3.7244017365636695e-13
696.0 2.2336190012941342e-11 3.757929632111606e-13 3.4059287746154675e-14 2.064470616889397e-40 3.4001827926214924e-13
697.0 2.0267421147041628e-11 3.429914708124806e-13 3.1193653248202856e-14 2.089262158087046e-40 3.103839641524609e-13
698.0 1.838852719349251e-11 3.130183243429675e-13 2.8565668823103384e-14 2.113491114046553e-40 2.8330084638513737e-13
699.0 1.6682254636718686e-11 2.8563293826415156e-13 2.6155942197891366e-14 2.1371354121175457e-40 2.585522813544307e-13
700.0 1.5132900533178787e-11 2.606148832889334e-13 2.3946634880983033e-14 2.1601735666336452e-40 2.3593974219389854e-13
