200.0 0.9874989439982305 0.9998440830843874 0.9999980598412598 0.9999999759133479 0.9999999997016621 0.9999999999963134 0.9999999999999546 1.0
201.0 0.9868366276579293 0.9998271240812149 0.999997734835911 0.9999999703885061 0.9999999996137983 0.9999999999949746 0.9999999999999346 0.9999999999999999
202.0 0.9861465478504605 0.9998085230340675 0.9999973595785827 0.9999999636733133 0.9999999995013776 0.9999999999931719 0.9999999999999069 1.0
203.0 0.985427893322145 0.9997881416586767 0.999996926966181 0.9999999555281386 0.9999999993579083 0.999999999990751 0.9999999999998672 1.0
204.0 0.9846798432299487 0.9997658319267201 0.999996428989874 0.9999999456685796 0.9999999991752823 0.9999999999875102 0.9999999999998112 0.9999999999999999
205.0 0.9839015675385662 0.999741435534878 0.9999958566329383 0.9999999337577686 0.9999999989433985 0.9999999999831855 0.9999999999997328 0.9999999999999998
206.0 0.9830922274375541 0.9997147833563618 0.9999951997587438 0.9999999193974743 0.9999999986497029 0.9999999999774313 0.9999999999996234 0.9999999999999998
207.0 0.9822509757776717 0.9996856948750924 0.9999944469881112 0.9999999021178373 0.9999999982786308 0.9999999999697976 0.9999999999994711 0.9999999999999998
208.0 0.9813769575274577 0.9996539776028388 0.9999935855652393 0.9999998813655473 0.9999999978109323 0.9999999999597002 0.9999999999992597 0.9999999999999999
209.0 0.9804693102497315 0.9996194264796493 0.9999926012113586 0.9999998564902549 0.9999999972228553 0.9999999999463822 0.9999999999989673 1.0
210.0 0.9795271645976028 0.9995818232579863 0.9999914779652267 0.9999998267289816 0.9999999964851612 0.9999999999288656 0.9999999999985636 0.9999999999999999
211.0 0.9785496448305879 0.9995409358710858 0.9999901980095485 0.9999997911882712 0.9999999955619432 0.999999999905892 0.9999999999980088 0.9999999999999998
212.0 0.9775358693504188 0.9994965177861079 0.9999887414823523 0.9999997488237878 0.9999999944092037 0.9999999998758449 0.9999999999972492 0.9999999999999999
213.0 0.9764849512565412 0.9994483073427476 0.999987086272332 0.9999996984170436 0.9999999929731551 0.9999999998366532 0.9999999999962114 0.9999999999999998
214.0 0.9753959989214146 0.9993960270780727 0.99998520779712 0.9999996385489023 0.9999999911881887 0.9999999997856728 0.999999999994799 1.0
215.0 0.9742681165851814 0.999339383038415 0.9999830787634165 0.9999995675694594 0.9999999889744531 0.9999999997195335 0.999999999992882 1.0
216.0 0.9731004049696825 0.999278064079262 0.9999806689078856 0.9999994835638788 0.9999999862349765 0.9999999996339544 0.9999999999902883 0.9999999999999999
217.0 0.9718919619118546 0.999211741154194 0.999977944717679 0.9999993843137007 0.999999982852252 0.999999999523511 0.9999999999867905 1.0000000000000002
218.0 0.9706418830159577 0.9991400665939801 0.999974869129433 0.9999992672531047 0.999999978684191 0.9999999993813449 0.9999999999820861 1.0
219.0 0.9693492623245823 0.9990626733770828 0.9999714012055648 0.9999991294195637 0.99999997355935 0.9999999991988108 0.9999999999757787 0.9999999999999999
220.0 0.9680131930084268 0.9989791743929155 0.9999674957866606 0.9999989673982573 0.9999999672712984 0.9999999989650364 0.9999999999673472 1.0
221.0 0.9666327680740784 0.9988891616992748 0.9999631031187448 0.999998777259575 0.9999999595719943 0.9999999986663823 0.999999999956109 1.0000000000000004
222.0 0.9652070810895578 0.9987922057754931 0.9999581684542076 0.9999985544889681 0.9999999501640112 0.9999999982857801 0.9999999999411714 1.0000000000000002
223.0 0.9637352269279553 0.9986878547730178 0.999952631625164 0.9999982939083598 0.9999999386914341 0.9999999978019247 0.9999999999213741 0.9999999999999998
224.0 0.9622163025277809 0.9985756337651092 0.9999464265880117 0.9999979895882374 0.999999924729216 0.9999999971882857 0.9999999998952108 1.0000000000000002
225.0 0.9606494076701088 0.9984550439975599 0.9999394809379715 0.9999976347495022 0.9999999077707625 0.9999999964119026 0.999999999860729 1.0000000000000002
226.0 0.959033645772425 0.9983255621424515 0.9999317153924152 0.9999972216540731 0.9999998872134856 0.9999999954319272 0.9999999998154085 1.0
227.0 0.9573681246980232 0.9981866395569782 0.9999230432417936 0.9999967414831603 0.9999998623420201 0.9999999941978541 0.9999999997560062 1.0000000000000004
228.0 0.9556519575805079 0.9980377015495349 0.999913369767014 0.99999618420205 0.9999998323087642 0.9999999926473804 0.999999999678354 1.0
229.0 0.9538842636636699 0.9978781466554465 0.9999025916221786 0.9999955384101749 0.9999997961113761 0.9999999907038312 0.9999999995771169 1.0
230.0 0.9520641691548722 0.9977073459246234 0.9998905961816072 0.9999947911751322 0.9999997525667842 0.9999999882730564 0.9999999994454792 1.0
231.0 0.9501908080925522 0.9975246422237656 0.999877260850166 0.9999939278492641 0.9999997002812456 0.9999999852397109 0.999999999274758 1.0
232.0 0.9482633232261909 0.9973293495556254 0.9998624523359743 0.9999929318672989 0.999999637615916 0.999999981462801 0.9999999990539211 0.9999999999999999
233.0 0.9462808669086266 0.9971207523980828 0.9998460258846507 0.999991784523484 0.9999995626473347 0.9999999767703641 0.9999999987689882 1.0
234.0 0.9442426020000875 0.9968981050658368 0.9998278244743576 0.9999904647265432 0.9999994731221646 0.9999999709531275 0.9999999984022857 1.0
235.0 0.9421477027822903 0.996660631097503 0.9998076779710069 0.999988948730715 0.9999993664054583 0.9999999637569734 0.9999999979315319 1.0000000000000002
236.0 0.9399953558830811 0.9964075226712081 0.9997854022431134 0.9999872098410311 0.9999992394216312 0.9999999548739947 0.9999999973287022 1.0
237.0 0.9377847612097088 0.9961379400516118 0.9997607982359187 0.999985218090925 0.9999990885872558 0.9999999439319154 0.9999999965586406 0.9999999999999999
238.0 0.9355151328903574 0.9958510110715116 0.9997336510045475 0.9999829398901624 0.999998909734684 0.9999999304815927 0.9999999955773529 1.0
239.0 0.9331857002227693 0.9955458306511766 0.9997037287061289 0.9999803376410232 0.999998698025417 0.9999999139822933 0.9999999943299185 1.0
240.0 0.9307957086295533 0.9952214603587074 0.9996707815509969 0.9999773693205872 0.9999984478520415 0.999999893784384 0.9999999927479468 0.9999999999999999
241.0 0.9283444206181661 0.9948769280145653 0.9996345407132505 0.9999739880269024 0.9999981527274311 0.9999998691090296 0.9999999907464787 1.0
242.0 0.9258311167456702 0.994511227343732 0.9995947172011934 0.9999701414867636 0.999997805159801 0.9999998390244258 0.9999999882202241 1.0
243.0 0.9232550965864564 0.9941233176787517 0.9995510006883671 0.9999657715227789 0.9999973965120882 0.9999998024180501 0.999999985039011 1.0
244.0 0.9206156797021492 0.9937121237170589 0.9995030583061372 0.9999608134773481 0.9999969168439854 0.999999757964321 0.9999999810422842 1.0000000000000002
245.0 0.9179122066122627 0.9932765353359233 0.999450533399034 0.9999551955911599 0.9999963547348356 0.9999997040869957 0.9999999760324773 1.0
246.0 0.9151440397650696 0.9928154074684888 0.9993930442443342 0.9999488383337951 0.9999956970854511 0.999999638915547 0.9999999697670517 1.0000000000000002
247.0 0.9123105645067282 0.9923275600441429 0.9993301827376053 0.9999416536840058 0.9999949288967652 0.9999995602346546 0.999999961948944 0.9999999999999999
248.0 0.9094111900480308 0.991811777996658 0.9992615130462746 0.9999335443572804 0.9999940330230992 0.9999994654258669 0.9999999522151493 1.0
249.0 0.9064453504271045 0.9912668113433271 0.9991865702335376 0.9999244029783001 0.9999929898976421 0.9999993514003465 0.9999999401230919 0.9999999999999997
250.0 0.9034125054673604 0.9906913753384601 0.9991048588552879 0.9999141111959785 0.9999917772276214 0.9999992145215219 0.9999999251344117 0.9999999999999998
251.0 0.9003121417284051 0.9900841507042404 0.999015851533009 0.999902538738812 0.9999903696564542 0.9999990505163058 0.9999999065957066 1.0
252.0 0.8971437734499276 0.9894437839423108 0.9989189875059856 0.9998895424083906 0.9999887383900338 0.9999988543734193 0.9999998837157251 0.9999999999999999
253.0 0.8939069434858452 0.9887688877288514 0.9988136711664514 0.9998749650090195 0.9999868507841461 0.9999986202271964 0.9999998555384184 0.9999999999999998
254.0 0.8906012242283564 0.9880580413962564 0.9986992705817054 0.999858634211549 0.999984669889849 0.9999983412250764 0.9999998209111706 1.0000000000000002
255.0 0.8872262185197963 0.9873097915040641 0.9985751160075413 0.9998403613496812 0.9999821539535123 0.9999980093768179 0.9999997784474357 0.9999999999999996
256.0 0.8837815605517688 0.9865226525019942 0.9984404983977527 0.9998199401472427 0.9999792558680806 0.9999976153832937 0.9999997264829136 1.0
257.0 0.8802669167487636 0.9856951074872856 0.9982946679147298 0.9997971453750918 0.9999759225719602 0.9999971484424877 0.9999996630242414 1.0
258.0 0.8766819866365174 0.9848256090590725 0.9981368324466892 0.9997717314366679 0.9999720943918622 0.9999965960301661 0.9999995856890985 1.0
259.0 0.8730265036918825 0.9839125802715372 0.9979661561372574 0.9997434308814149 0.9999677043257781 0.9999959436524174 0.9999994916364272 0.9999999999999999
260.0 0.869300236174539 0.9829544156882299 0.9977817579336636 0.9997119528456957 0.9999626772622133 0.9999951745670697 0.9999993774853433 0.9999999999999998
261.0 0.865502987937488 0.9819494825389219 0.9975827101599899 0.999676981421145 0.9999569291317162 0.9999942694707373 0.9999992392211211 1.0
262.0 0.8616345992159178 0.9808961219807686 0.9973680371223919 0.9996381739508367 0.9999503659867066 0.9999932061480157 0.9999990720864497 1.0
263.0 0.857694947392557 0.9797926504649684 0.9971367137534739 0.9995951592540663 0.9999428830055876 0.9999919590790971 0.9999988704559534 1.0
264.0 0.8536839477381313 0.9786373612099554 0.9968876643033315 0.9995475357810266 0.9999343634171335 0.999990499001826 0.9999986276917363 1.0
265.0 0.8496015541254571 0.9774285257818803 0.9966197610850858 0.9994948696991692 0.9999246773411968 0.9999887924239668 0.999998335977476 1.0
266.0 0.8454477597155977 0.9761643957828118 0.9963318232830003 0.9994366929135895 0.9999136805418634 0.9999868010812086 0.9999979861283309 0.9999999999999998
267.0 0.841222597615075 0.9748432046469575 0.9960226158315767 0.9993725010243613 0.9999012130893028 0.999984481336192 0.9999975673736494 1.0
268.0 0.8369261415018838 0.9734631695445133 0.995690848374165 0.9993017512243436 0.9998870979267329 0.9999817835135971 0.9999970671091706 0.9999999999999999
269.0 0.8325585062199857 0.9720224933930162 0.9953351743099835 0.9992238601416682 0.9998711393391424 0.9999786511661328 0.9999964706151133 0.9999999999999999
270.0 0.8281198483398159 0.9705193669750641 0.9949541899384456 0.999138201631746 0.9998531213206688 0.9999750202660354 0.9999957607362043 1.0
271.0 0.8236103666843478 0.9689519711615582 0.9945464337099978 0.9990441045243832 0.9998328058378717 0.9999708183165203 0.9999949175193792 0.9999999999999999
272.0 0.8190303028185533 0.9673184792387024 0.994110385592643 0.9989408503322934 0.9998099309865113 0.9999659633774679 0.9999939178045325 0.9999999999999999
273.0 0.8143799415016743 0.9656170593371503 0.9936444665635066 0.9988276709280695 0.999784209039893 0.9999603629994848 0.9999927347633318 1.0000000000000004
274.0 0.80965961110065 0.9638458769609533 0.9931470382347563 0.9987037461974346 0.9997553243873455 0.9999539130604105 0.999991337380757 1.0000000000000002
275.0 0.8048696839632313 0.9620030976136252 0.99261640262316 0.998568201677381 0.9997229313619816 0.9999464964982816 0.9999896898736543 1.0
276.0 0.8000105767502901 0.9600868895186101 0.9920508020726025 0.9984201061886059 0.9996866519575219 0.9999379819347588 0.9999877510402253 0.9999999999999998
277.0 0.795082750725278 0.9580954264304642 0.9914484193386041 0.9982584694724307 0.9996460734346901 0.9999282221830971 0.9999854735340218 0.9999999999999999
278.0 0.790086712000533 0.9560268905333188 0.990807377843895 0.9980822398432162 0.9996007458184635 0.9999170526348381 0.9999828030556588 1.0000000000000002
279.0 0.78502301173883 0.9538794754222933 0.9901257421137406 0.9978903018680472 0.9995501792883238 0.9999042895196055 0.9999796774551396 0.9999999999999999
280.0 0.779892246309169 0.9516513891633394 0.9894015183994831 0.997681474086243 0.9994938414645759 0.9998897280326359 0.9999760257373708 1.0
281.0 0.7746950573964362 0.9493408574268745 0.9886326554985233 0.9974545067820251 0.9994311545947987 0.9998731403250222 0.9999717669631699 1.0
282.0 0.769432132063022 0.9469461266895062 0.987817045778365 0.9972080798243494 0.9993614926455534 0.9998542733520851 0.9999668090378439 0.9999999999999999
283.0 0.7641042027625633 0.9444654674986328 0.986952526412164 0.9969408005886702 0.9992841783056078 0.999832846575804 0.9999610473792124 1.0
284.0 0.7587120473044606 0.941897177793671 0.986036880832509 0.9966512019759936 0.9991984799081123 0.999808549517871 0.9999543634568325 1.0
285.0 0.7532564887684575 0.9392395862775382 0.9850678404096681 0.9963377405452016 0.9991036082804138 0.9997810391606623 0.9999466231941074 1.0000000000000002
286.0 0.7477383953689618 0.9364910558318329 0.9840430863599676 0.995998794775182 0.9989987135314847 0.9997499371942592 0.9999376752249808 0.9999999999999999
287.0 0.7421586802682719 0.9336499869685513 0.9829602518891969 0.9956326634737487 0.99888288178828 0.9997148271086121 0.9999273489970142 0.9999999999999999
288.0 0.73651830133813 0.9307148213109301 0.981816924575209 0.9952375643507397 0.9987551318936958 0.9996752511310008 0.9999154527128394 1.0
289.0 0.7308182608697106 0.92768404509603 0.9806106489932287 0.994811632773052 0.9986144120802276 0.9996307070101539 0.9999017711022932 0.9999999999999999
290.0 0.7250596052309773 0.9245561926907425 0.9793389295862777 0.9943529207195085 0.9984595966348034 0.999580644649685 0.9998860630179609 0.9999999999999999
291.0 0.7192434244715619 0.9213298501132104 0.9779992337824422 0.9938593959536638 0.998289482571706 0.9995244625949323 0.9998680588474064 0.9999999999999998
292.0 0.713370851875325 0.9180036585514064 0.9765889953597807 0.9933289414326933 0.9981027863319258 0.9994615043788537 0.9998474577360784 0.9999999999999998
293.0 0.7074430634594453 0.9145763178695983 0.9751056180583322 0.9927593549703034 0.9978981405286222 0.9993910547342575 0.9998239246157102 1.0
294.0 0.7014612774214396 0.9110465900946101 0.9735464794382329 0.9921483491716144 0.997674090759814 0.9993123356814535 0.9997970870340506 1.0000000000000002
295.0 0.6954267535328716 0.9074133028720819 0.9719089349812259 0.9914935516574082 0.9974290925106398 0.9992245025022439 0.9997665317829273 1.0
296.0 0.6893407924809682 0.9036753528841303 0.9701903224323162 0.9907925055948977 0.9971615081688636 0.9991266396131643 0.999731801322994 1.0000000000000004
297.0 0.6832047351577687 0.8998317092187265 0.9683879663767679 0.9900426705514328 0.9968696041783988 0.9990177563529034 0.9996923900050283 1.0
298.0 0.6770199618973298 0.8958814166814829 0.9664991830466845 0.9892414236869222 0.9965515483567489 0.9988967827009626 0.999647740089367 0.9999999999999999
299.0 0.6707878916616972 0.8918235990405489 0.9645212853502637 0.9883860612999041 0.9962054074032135 0.9987625649467706 0.9995972375669355 1.0
300.0 0.6645099811758112 0.8876574621948996 0.9624515881154567 0.9874738007411352 0.9958291446255331 0.9986138613306743 0.9995402077874134 0.9999999999999999
301.0 0.6581877240121254 0.8833822972566147 0.960287413538697 0.9865017827074852 0.9954206179133553 0.9984493376804514 0.9994759109023186 1.0
302.0 0.6518226496258677 0.8789974835378356 0.9580260968282038 0.9854670739276629 0.9949775779874449 0.9982675630692117 0.9994035371332136 1.0000000000000002
303.0 0.6454163223415162 0.8745024914328694 0.9556649920300337 0.9843666702498259 0.9944976669538993 0.9980670055227489 0.9993222018778284 1.0
304.0 0.6389703402914562 0.8698968851861919 0.9532014780239595 0.9831975001396126 0.9939784171928084 0.9978460278065502 0.9992309406696196 1.0000000000000002
305.0 0.6324863343078533 0.8651803255372413 0.9506329646751022 0.9819564285954434 0.9934172506107574 0.9976028833247489 0.9991287040091644 1.0
306.0 0.6259659667691406 0.8603525722332646 0.9479568991262333 0.9806402614862071 0.9928114782863525 0.9973357121652984 0.9990143520887861 1.0
307.0 0.619410930401625 0.8554134864009735 0.9451707722141702 0.9792457503143086 0.9921583005373643 0.9970425373274453 0.9988866494348645 1.0
308.0 0.6128229470382737 0.850363032769075 0.9422721249932327 0.9777695974053151 0.9914548074374924 0.9967212611693349 0.9987442594954803 0.9999999999999998
309.0 0.6062037663354726 0.8452012817330273 0.9392585553471746 0.9762084615230221 0.9906979798096559 0.9963696621150325 0.9985857392042065 1.0000000000000002
310.0 0.5995551644496303 0.8399284112544196 0.9361277246704796 0.9745589639067305 0.9898846907215695 0.9959853916615727 0.9984095335540858 1.0
311.0 0.5928789426747625 0.8345447085871 0.9328773645986762 0.9728176947250464 0.9890117075077987 0.9955659717276738 0.9982139702190176 1.0
312.0 0.5861769260431119 0.8290505718231904 0.9295052837668861 0.9709812199383018 0.9880756943407996 0.9951087923865507 0.9979972542628888 1.0
313.0 0.5794509618901872 0.8234465112519597 0.9260093745747549 0.9690460885591067 0.9870732153713603 0.9946111100257206 0.9977574629798169 1.0000000000000002
314.0 0.5727029183861456 0.8177331505253196 0.9223876199354742 0.9670088402981651 0.9860007384566132 0.9940700459768587 0.9974925409117377 1.0
315.0 0.5659346830353658 0.8119112276240665 0.9186380999859804 0.9648660135799572 0.9848546394912342 0.9934825856585671 0.9972002950922687 0.9999999999999998
316.0 0.5591481611460254 0.8059815956193848 0.9147589987348792 0.9626141539103468 0.9836312073546236 0.9928455782743324 0.9968783905682173 1.0
317.0 0.552345274271973 0.7999452232250099 0.9107486106245196 0.9602498225758098 0.9823266494839007 0.9921557371070342 0.9965243462522995 0.9999999999999997
318.0 0.5455279586284825 0.7938031951353296 0.9066053469829431 0.9577696056512663 0.9809370980791551 0.9914096404499362 0.9961355311624566 1.0000000000000002
319.0 0.5386981634845709 0.7875567121461625 0.9023277423418584 0.9551701232914002 0.9794586169440873 0.9906037332123847 0.9957091611046572 1.0
320.0 0.5318578495334639 0.7812070910545372 0.8979144605960958 0.9524480392776237 0.9778872089613166 0.9897343292361445 0.9952422958571099 1.0
321.0 0.5250089872440291 0.7747557643354479 0.8933643009807501 0.9496000707909551 0.976218824197995 0.988797614355743 0.9947318369144351 0.9999999999999998
322.0 0.5181535551949089 0.7682042795931652 0.8886762038417322 0.9466229983785107 0.9744493686331717 0.9877896502330226 0.9941745258504177 1.0
323.0 0.5112935383941934 0.7615542987862912 0.883849256176406 0.9435136760796418 0.9725747134944531 0.9867063789926864 0.9935669433575601 1.0
324.0 0.5044309265863897 0.7548075972253481 0.878882696920686 0.9402690416753811 0.9705907051870479 0.9855436286815697 0.9929055090205998 1.0
325.0 0.49756771254976767 0.7479660623435689 0.8737759219603713 0.9368861270236383 0.9684931757943305 0.9842971195701916 0.9921864818796237 0.9999999999999999
326.0 0.49070589038602214 0.7410316922411123 0.8685284888443577 0.9333620684404829 0.9662779541244685 0.9829624713102645 0.9914059618361217 1.0
327.0 0.48384745380463556 0.7340065940039683 0.8631401211783954 0.929694117086597 0.96394087727344 0.981535210956779 0.9905598919524621 1.0
328.0 0.47699439440508684 0.7268929818002605 0.857610712679542 0.9258796493171728 0.9614778026707709 0.9800107818580295 0.9896440616918732 1.0
329.0 0.4701486999584105 0.7196931747556405 0.8519403308711753 0.9219161769516737 0.9588846205695898 0.978384553410883 0.9886541111416577 0.9999999999999998
330.0 0.46331235269146676 0.7124095946120031 0.8461292204009611 0.9178013574200676 0.9561572669391315 0.9766518316729853 0.9875855362577822 0.9999999999999999
331.0 0.4564873275759611 0.7050447631730667 0.8401778059643477 0.9135330037409124 0.9532917367134451 0.974807870817125 0.9864336951633947 1.0
332.0 0.44967559062479995 0.6976012995415647 0.8340866948178858 0.9091090942866747 0.9502840973465034 0.9728478854067194 0.9851938155278424 0.9999999999999999
333.0 0.44287909719827023 0.6900819171533308 0.8278566788679851 0.9045277822915704 0.9471305026203363 0.9707670634648717 0.9838610030461215 1.0
334.0 0.43609979032262003 0.6824894206143027 0.8214887363222975 0.8997874050575095 0.9438272066495909 0.9685605803029308 0.9824302510315426 0.9999999999999999
335.0 0.4293395990234758 0.6748267023469342 0.8149840328923691 0.8948864928141539 0.9403705780228893 0.9662236130679066 0.9808964511267197 0.9999999999999999
336.0 0.4226004366763551 0.6670967390529121 0.8083439225376641 0.8898237771897048 0.9367571140185861 0.9637513559615205 0.9792544051298308 1.0
337.0 0.4158841993769871 0.6593025880001759 0.8015699477432141 0.8845981992504077 0.9329834548304582 0.9611390360774532 0.9774988379247257 1.0000000000000002
338.0 0.40919276433360025 0.6514473831421934 0.7946638393243968 0.879208917067666 0.9290463977366575 0.9583819297969762 0.9756244114945459 0.9999999999999999
339.0 0.4025279882836409 0.6435343310783402 0.7876275157544579 0.8736553127734338 0.9249429111438887 0.9554753796773006 0.9736257399895647 0.9999999999999999
340.0 0.3958917059372155 0.6355667068645703 0.7804630820120932 0.8679369990662499 0.9206701484375924 0.9524148117612767 0.9714974058107451 0.9999999999999998
341.0 0.38928572844939363 0.6275478496838813 0.7731728279481342 0.8620538251322065 0.9162254615681703 0.9491957532317329 0.9692339766612352 1.0000000000000002
342.0 0.3827118419238329 0.619481158386954 0.76575922617265 0.8560058819477252 0.911606414303302 0.9458138503290306 0.9668300235089097 1.0000000000000002
343.0 0.37617180594958394 0.6113700869130659 0.7582249294650611 0.8497935069330264 0.906810795076315 0.9422648864457905 0.9642801393938035 1.0
344.0 0.36966735217343233 0.6032181396024138 0.7505727677123385 0.8434172879283491 0.9018366293616473 0.9385448003091277 0.9615789590055813 0.9999999999999999
345.0 0.36320018290949857 0.5950288664105851 0.7428057443815745 0.8368780664673385 0.896682191509257 0.9346497041571836 0.9587211789474139 1.0
346.0 0.35677196978840314 0.5868058580370086 0.7349270325357916 0.8301769403256771 0.8913460159719769 0.9305759018144286 0.9557015785947294 0.9999999999999998
347.0 0.3503843524476415 0.578552740978721 0.7269399704029879 0.8233152653257041 0.8858269078615498 0.9263199065679203 0.9525150414494394 1.0000000000000002
348.0 0.3440389372649016 0.5702731725211692 0.718848056510323 0.8162946563812084 0.8801239527717526 0.9218784587454447 0.9491565768832082 1.0000000000000002
349.0 0.33773729613630593 0.561970835678357 0.7106549443974879 0.8091169877704238 0.8742365258103968 0.9172485428961551 0.9456213421571606 1.0
350.0 0.331480965301076 0.5536494340942479 0.7023644369244424 0.80178439262837 0.8681642997851249 0.9124274044742141 0.9419046645996191 1.0
351.0 0.32527144421400916 0.5453126869173621 0.6939804801902343 0.7942992616532488 0.8619072524917714 0.9074125659268377 0.9380020638186737 0.9999999999999998
352.0 0.3191101944675257 0.5369643236611504 0.6855071570817033 0.7866642410257998 0.855465673058762 0.9022018420901566 0.9339092738228009 1.0
353.0 0.31299863876437034 0.5286080790619418 0.6769486804715212 0.7788822295435226 0.84884016730509 0.8967933547983062 0.9296222649195246 1.0
354.0 0.30693815994246004 0.5202476879468831 0.6683093860870084 0.7709563749759609 0.8420316620748489 0.8911855466147357 0.9251372652605676 0.9999999999999998
355.0 0.30093010005275395 0.511886880123489 0.6595937250716573 0.7628900696502425 0.8350414085159709 0.8853771935981796 0.9204507819007685 1.0
356.0 0.2949757594915831 0.5035293753032002 0.6508062562633483 0.7546869452805312 0.8278709842770148 0.8793674170209353 0.9155596212387922 1.0000000000000004
357.0 0.28907639618799225 0.49517887807008254 0.6419516382131099 0.7463508670575518 0.8205222946006384 0.8731556939616407 0.910460908708458 1.0
358.0 0.2832332248472814 0.4868390729066241 0.6330346209702332 0.7378859270187733 0.8129975722990702 0.866741866701343 0.9051521075925387 1.0000000000000002
359.0 0.2774474162512401 0.4785136192875036 0.6240600376594463 0.7292964367223456 0.8052993766021437 0.8601261508575506 0.8996310368339853 0.9999999999999998
360.0 0.2717200966158744 0.4702061468525064 0.6150327958771103 0.7205869192516564 0.7974305908749961 0.853309142198406 0.8938958877245244 1.0
361.0 0.2660523470071252 0.4619202506691669 0.6059578689336276 0.7117621005801205 0.7893944192083422 0.8462918220863982 0.8879452393560929 1.0
362.0 0.26044520281484806 0.45365948659518684 0.5968402869694462 0.7028269003284806 0.7811943818901037 0.83907556150879 0.8817780727271293 1.0
363.0 0.2548996532856696 0.44542736675095207 0.587685127973027 0.6937864219502465 0.7728343097737733 0.8316621236607243 0.8753937834038292 0.9999999999999999
364.0 0.24941664111452716 0.43722735511103544 0.5784975087281563 0.6846459423822702 0.7643183375637862 0.8240536650546446 0.8687921926442503 1.0
365.0 0.2439970620953945 0.4290628632243124 0.5692825757193015 0.6754109012009486 0.7556508960450483 0.8162527351394127 0.8619735569033231 1.0
366.0 0.238641764830789 0.42093724607066685 0.5600454960222758 0.6660868893252572 0.7468367032881265 0.8082622744203287 0.8549385756459632 1.0
367.0 0.23335155050030237 0.4128537980628977 0.5507914482085033 0.6566796373108134 0.7378807548680617 0.8000856110812092 0.8476883974070173 0.9999999999999998
368.0 0.22812717268762378 0.40481574920092767 0.5415256132896906 0.6471950032795488 0.7287883131387651 0.7917264561176531 0.8402246240471583 1.0
369.0 0.22296933726590215 0.39682626138560906 0.532253165730061 0.6376389605316372 0.7195648956104661 0.7831888970001386 0.8325493131660566 1.0
370.0 0.21787870234090642 0.38888842489844744 0.5229792645522325 0.6280175848868064 0.7102162624816225 0.7744773898938272 0.8246649786457264 1.0
371.0 0.21285587825162883 0.38100525505345084 0.5137090445626488 0.6183370418034206 0.7007484033812733 0.7655967504708587 0.8165745893095114 1.0
372.0 0.20790142762734243 0.373179689025903 0.5044476077207042 0.6086035733231592 0.6911675233804988 0.7565521433581398 0.8082815656936083 1.0
373.0 0.2030158655008343 0.36541458286354855 0.49520001467629693 0.5988234848908393 0.681480028336405 0.7473490702727825 0.7997897749415039 1.0
374.0 0.19819965947659599 0.35771270868376326 0.4859712764980151 0.5890031320972569 0.6716925096333232 0.7379933569032405 0.7911035238424969 1.0
375.0 0.19345322995324626 0.35007675206061206 0.4767663466141769 0.5791489073937048 0.661811728389403 0.7284911386020732 0.782227550048265 1.0
376.0 0.18877695039918924 0.34250930960482096 0.46759011298748065 0.5692672268259198 0.651844599198407 0.7188488449623207 0.7731670115127198 0.9999999999999998
377.0 0.18417114768030446 0.3350128867389037 0.4584473905425847 0.5593645168341465 0.6417981734777666 0.7090731833550069 0.7639274742112654 1.0
378.0 0.17963610243861503 0.32758989566946567 0.4493429138651145 0.5494472011654342 0.6316796224954749 0.6991711215109118 0.7545148982065749 1.0
379.0 0.1751720495205837 0.3202426535577775 0.44028133018886134 0.5395216879425808 0.6214962201485433 0.6891498692338738 0.7449356221375727 1.0
380.0 0.1707791784538126 0.3129733808894602 0.4312671926869692 0.5295943569330902 0.6112553255663205 0.6790168593371689 0.7351963462179609 1.0
381.0 0.166457633970615 0.30578420004317164 0.4223049540810343 0.5196715470593456 0.6009643656111594 0.6687797278972062 0.7253041138386612 1.0
382.0 0.16220751657711432 0.29867713405804636 0.4133989605811244 0.5097595441899158 0.5906308173487612 0.6584462939218453 0.7152662918767485 1.0
383.0 0.158028883166356 0.29165410559892735 0.40455344616807054 0.4998645692496982 0.5802621905591743 0.6480245385322465 0.7050905498200705 0.9999999999999999
384.0 0.15392174767366257 0.28471693611757476 0.3957725272275012 0.48999276668398617 0.5698660103574016 0.637522583757783 0.6947848378221402 1.0
385.0 0.14988608177286608 0.2778673452082876 0.3870601975445783 0.4801501933103448 0.5594497999917826 0.6269486710450967 0.6843573638079208 1.0
386.0 0.14592181561149595 0.2711069501550447 0.3784203236658695 0.4703428075886161 0.5490210638848325 0.61631113958091 0.6738165697538868 1.0
387.0 0.142028838583289 0.2644372656673549 0.3698566406340309 0.46057645933767044 0.5385872709794515 0.6056184045281225 0.6631711072695256 1.0
388.0 0.13820700013629533 0.2578597038014735 0.3613727480994281 0.4508568799248566 0.5281558384504272 0.5948789352730948 0.6524298126093464 1.0
389.0 0.1344561106146241 0.2513755740628845 0.3529721068109794 0.44118967295100225 0.5177341158374932 0.584101233779374 0.6416016812449733 1.0
390.0 0.13077594213214844 0.2449860836860716 0.34465803548778695 0.4315803054519218 0.5073293696536231 0.5732938131412598 0.6306958421277916 0.9999999999999999
391.0 0.12716622947617162 0.23869233808671747 0.33643370807112005 0.422034099633972 0.4969487685178642 0.5624651764265892 0.6197215317709716 0.9999999999999998
392.0 0.12362667103920592 0.2324953414814212 0.3283021513553837 0.4125562251589389 0.4865993688586936 0.5516237958948917 0.608688068278404 1.0
393.0 0.1201569297769973 0.2263959976696864 0.32026624299542905 0.40315169199084944 0.4762881012299548 0.5407780926729219 0.5976048254454953 1.0
394.0 0.1167566341907897 0.22039511097241893 0.3123287098860615 0.39382534381431383 0.4660217572770335 0.5299364169646563 0.5864812070529741 1.0
395.0 0.11342537933193492 0.21449338732110224 0.3044921269087024 0.38458185203168216 0.4558069773871285 0.5191070288682885 0.5753266214710521 1.0
396.0 0.11016272782689776 0.20869143549148217 0.29675891603893617 0.37542571034359085 0.4456502390531437 0.5082980798673986 0.5641504566862727 1.0
397.0 0.10696821092073824 0.20298976847542835 0.2891313458077012 0.36636122991504666 0.4355578459766085 0.4975175950581266 0.5529620558580108 1.0
398.0 0.10384132953708507 0.19738880498431544 0.28161153110773113 0.35739253512655733 0.42553591793059525 0.4867734561682685 0.5417706935052856 0.9999999999999999
399.0 0.10078155535270042 0.1918888710772392 0.2742014333361155 0.34852355990768025 0.4155903813996607 0.47607338541866046 0.530585552418288 1.0
400.0 0.09778833188472781 0.18649020190720322 0.2669028608629555 0.3397580446480506 0.4057269610096481 0.46542493027122167 0.519415701381993 0.9999999999999999
401.0 0.09486107558866223 0.1811929435781738 0.25971746981514343 0.33109953367859946 0.3959511717559147 0.4548354491018074 0.5082700737916807 1.0
402.0 0.0919991769652565 0.17599715510609104 0.2526467651639648 0.32255137331408934 0.3862683120351158 0.444312097830572 0.4971574472331776 1.0000000000000002
403.0 0.08920200167436834 0.1709028104764361 0.24569210210401327 0.31411671044548894 0.37668345748108006 0.4338618175357413 0.4860864240919746 1.0
404.0 0.08646889165405428 0.16590980079141665 0.23885468771102358 0.30579849166973755 0.36720145560255807 0.42349132307179677 0.4750654132485075 0.9999999999999999
405.0 0.08379916624299344 0.16101793649935228 0.23213558286510533 0.29759946294202927 0.3578269212162529 0.4132070927063594 0.4641026129079233 1.0
406.0 0.08119212330454305 0.15622694969919032 0.22553570442590243 0.28952216973478334 0.3485642326658369 0.40301535878511735 0.45320599460540245 0.9999999999999999
407.0 0.07864704035061822 0.15153649651284212 0.21905582764548337 0.28156895768562956 0.33941752881399706 0.39292209942812073 0.44238328841958413 1.0000000000000002
408.0 0.07616317566380283 0.14694615951840417 0.2126965888049287 0.2737419737160309 0.33039070679222515 0.38293303125620815 0.43164196941957367 1.0
409.0 0.0737397694159282 0.14245545023700917 0.2064584880598295 0.26604316760039676 0.32148742048957357 0.373053603140486 0.420989245362487 1.0000000000000002
410.0 0.07137604478158088 0.1380638116664733 0.20034189248021528 0.2584742939651253 0.31271107975971174 0.36328899096373285 0.4104320456518314 1.0000000000000002
411.0 0.06907120904496004 0.13377062085485492 0.19434703927012387 0.25103691469590833 0.3040648503230088 0.3536440933777922 0.3999770115595188 0.9999999999999998
412.0 0.06682445469855687 0.1295751915071693 0.18847403915200292 0.24373240173094055 0.29555165433829744 0.34412352853684813 0.38963048770748143 1.0
413.0 0.06463496053222278 0.12547677661872864 0.18272287990127967 0.23656194021724675 0.2871741716172839 0.33473163178279225 0.37939851479856174 1.0000000000000002
414.0 0.06250189271119455 0.12147457112863623 0.1770934300163886 0.22952653200673942 0.27893484145275543 0.32547245425513466 0.36928682358000975 1.0
415.0 0.0604244058417523 0.11756771458723544 0.1715854425098272 0.2226269994684832 0.27083586503054147 0.31634976239492474 0.3593008300174504 0.9999999999999999
416.0 0.05840164402317478 0.11375529383137073 0.16619855880582105 0.2158639895932281 0.2628792083937473 0.30736703830896933 0.349445631651572 1.0
417.0 0.056432741884809776 0.110036345661693 0.16093231273067088 0.2092379783665191 0.2550666059271911 0.29852748095850523 0.3397260051053893 1.0
418.0 0.05451682560703016 0.10640985951624907 0.1557861345818529 0.20274927538637588 0.24739956432882232 0.2898340081338092 0.33014640470502443 1.0
419.0 0.05265301392499987 0.10287478013498753 0.15075935526251408 0.19639802870199077 0.2398793670347185 0.2812892591747481 0.32071096217344386 1.0000000000000002
420.0 0.0508404191141679 0.09943001020990874 0.14585121046818209 0.19018422984991057 0.23250707906365506 0.27289559839541677 0.31142348735277586 0.9999999999999998
421.0 0.04907814795651551 0.09607441301590645 0.14106084491302293 0.18410771906465503 0.22528355224726476 0.2646551191699651 0.30228746990801597 0.9999999999999998
422.0 0.0473653026866096 0.09280681501751845 0.13638731658330738 0.17816819064102735 0.21820943081169 0.25656964863561804 0.2933060819621723 1.0
423.0 0.04570098191661563 0.08962600844711768 0.13182960100629695 0.17236519842599968 0.2112851572769749 0.24864075296841473 0.2844821816109478 1.0
424.0 0.04408428153943777 0.08653075385023012 0.12738659552310036 0.1666981614184603 0.20451097864059525 0.24086974318660048 0.27581831726309697 1.0
425.0 0.042514295609271745 0.08351978259401671 0.1230571235546902 0.16116636945593235 0.19788695281224306 0.23325768143675385 0.2673167327515767 1.0
426.0 0.04099011719886335 0.0805917993351036 0.11883993885062838 0.15576898896787694 0.191412955267385 0.2258053877176191 0.2589793731594268 1.0
427.0 0.03951083923289269 0.07774548444331889 0.11473372971074726 0.15050506877616376 0.1850886858881374 0.2185134469973025 0.2508078913041417 1.0
428.0 0.03807555529688438 0.07497949637798759 0.11073712317033954 0.14537354592379143 0.17891367596051633 0.21138221667968798 0.24280365482369082 1.0
429.0 0.03668336042118092 0.07229247401383304 0.10684868914015971 0.14037325151403474 0.17288729529840738 0.20441183437709246 0.2349677538079373 1.0000000000000002
430.0 0.035333351839534614 0.06968303891369745 0.10306694449296694 0.13550291654290222 0.16700875946546762 0.19760222594694654 0.22730100891946126 1.0
431.0 0.03402462972195534 0.06714979754558455 0.09939035708894932 0.1307611777087523 0.16127713706739932 0.19095311375154164 0.21980397994870526 1.0
432.0 0.032756297881474536 0.06469134344169832 0.09581734973281612 0.12614658318368682 0.15569135708806728 0.18446402510098242 0.21247697474919713 1.0000000000000002
433.0 0.03152746445459018 0.0623062592974814 0.09234630405602097 0.12165759833242881 0.1502502162443872 0.1781343008411397 0.20532005850016372 1.0
434.0 0.030337242555189315 0.05999311900884234 0.08897556431805186 0.11729261136522726 0.14495238633609633 0.17196310404979837 0.19833306324521288 1.0000000000000002
435.0 0.029184750901790013 0.057750489645968905 0.08570344112122827 0.11304993891222193 0.1397964215677982 0.16594942880576202 0.19151559765739362 1.0
436.0 0.028069114418010438 0.0555769333623721 0.08252821503400767 0.10892783150767614 0.13478076582208115 0.16009210899744125 0.1848670569828808 1.0
437.0 0.026989464806243722 0.053471009238056595 0.07944814011837067 0.10492447897347174 0.12990375986395672 0.15438982713930513 0.17838663311763753 1.0
438.0 0.02594494109451972 0.05143127505583018 0.07646144735722316 0.10103801569199936 0.12516364845802824 0.14884112316614248 0.17207332477325632 0.9999999999999999
439.0 0.024934690156637997 0.04945628901007228 0.07356634797839762 0.09726652575967198 0.12055858738141206 0.1434444031771997 0.16592594769071353 0.9999999999999999
440.0 0.023957867205651406 0.04754461134737525 0.07076103667216445 0.09360804801297914 0.11608665031656734 0.13819794810385588 0.1599431448627619 1.0
441.0 0.023013636260873493 0.04569480593875384 0.06804369469976254 0.09006058092003998 0.11174583560975973 0.13309992227662337 0.15412339672832687 1.0000000000000002
442.0 0.022101170588588837 0.04390544178322427 0.06541249289079597 0.08662208733131023 0.1075340728820429 0.12814838186893146 0.14846503130443509 0.9999999999999999
443.0 0.021219653116709068 0.042175094442768804 0.06286559452783394 0.08329049908399494 0.10344922948104754 0.1233412831971252 0.14296623422374738 1.0
444.0 0.020368276823642055 0.04050234740883519 0.06040115811691596 0.08006372145544456 0.09948911676306822 0.11867649085786008 0.1376250586480839 1.0
445.0 0.01954624510169071 0.03888579340069703 0.05801734004308852 0.07693963746161249 0.09565149619622879 0.11415178568593633 0.13243943503080138 1.0000000000000002
446.0 0.018752772095330994 0.037324035596142766 0.055712297110462855 0.07391611199736599 0.09193408527669046 0.10976487251736103 0.12740718070323795 0.9999999999999999
447.0 0.017987083014741417 0.03581568879507668 0.05348418896660419 0.07099099581609324 0.0883345632509691 0.10551338774407877 0.12252600926270542 1.0000000000000002
448.0 0.0172484144250061 0.03435938051678006 0.05133118041144725 0.06816212934677707 0.08485057663861917 0.10139490664856893 0.11779353974190754 1.0
449.0 0.016536014511430726 0.03295375203167746 0.049251443591210434 0.06542734634728425 0.08147974455054387 0.09740695050804175 0.11320730554180924 1.0
450.0 0.015849143321435548 0.03159745932855969 0.04724316007806613 0.06278447739319917 0.07821966379918543 0.09354699345948568 0.10876476311211916 0.9999999999999999
451.0 0.015187072983529535 0.03028917401834741 0.045304522836639764 0.06023135320214097 0.07506791379787463 0.08981246911836957 0.10446330036571913 1.0
452.0 0.014549087903871048 0.029027584175531286 0.04343373807859978 0.057765807793939354 0.07202206124741711 0.08620077694507983 0.100300244815229 1.0
453.0 0.013934484940973161 0.027811395118573813 0.0416290270069267 0.055385681487649184 0.0690796646089926 0.08270928835467521 0.09627287142200515 1.0000000000000002
454.0 0.013342573559092926 0.026639330130562116 0.0398886274515534 0.05308882373668851 0.06623827836305853 0.07933535256658313 0.09237841014944176 1.0
455.0 0.012772675960896372 0.025510131121541737 0.03821079539836798 0.050873095803934995 0.06349545705485751 0.07607630219223524 0.08861405321439116 1.0000000000000002
456.0 0.012224127199985068 0.024422559233983496 0.03659380641368752 0.04873637327891714 0.06084875912771735 0.07292945855962606 0.0849769620320068 1.0
457.0 0.011696275273889662 0.02337539539290387 0.03503595696648873 0.04667654843960795 0.05829575054599459 0.06989213677483729 0.0814642738508736 1.0
458.0 0.01118848119815189 0.022367440802217815 0.033535565650839566 0.04469153246166451 0.05583400821012094 0.06696165052155197 0.07807310807674811 1.0000000000000002
459.0 0.01070011906212231 0.0213975173889374 0.032090974311090516 0.0427792574782263 0.0534611231667242 0.06413531660043692 0.07480057228452855 1.0000000000000002
460.0 0.010230576067107928 0.020464468196863324 0.030700549072492672 0.04093767849363678 0.05117470361727495 0.0614104592110726 0.07164376791929489 0.9999999999999998
461.0 0.009779252547513337 0.0195671577314522 0.029362681280014742 0.03916477515469091 0.04897237772916063 0.05878441397986221 0.06859979568840925 0.9999999999999999
462.0 0.009345561975630204 0.01870447225757902 0.028075788348232288 0.03745855338323614 0.04685179625351162 0.056254531738057584 0.06566576064774682 1.0
463.0 0.008928930950714838 0.017875320051895602 0.026838314525175648 0.035817046874053945 0.044810634954359246 0.053818182054531594 0.06283877698594421 0.9999999999999999
464.0 0.008528799173019469 0.01707863161154661 0.025648731573149817 0.034238318462191435 0.04284659685412849 0.05147275652860491 0.060115972511569214 1.0
465.0 0.00814461940342091 0.01631335982096773 0.024505539369515553 0.032720461363947365 0.04095741430062139 0.049215671848578606 0.05749449284872869 1.0000000000000002
466.0 0.007775857409308951 0.015578480078532263 0.023407266430509964 0.03126160029589407 0.03914085086096807 0.04704437262215424 0.05497150534744581 0.9999999999999997
467.0 0.00742199189737751 0.014872990384776914 0.022352470361154543 0.029859892476329343 0.03739470304812794 0.04495633398518418 0.052544202715624544 0.9999999999999999
468.0 0.007082514433969942 0.01419591139395466 0.021339738234342535 0.02851352851365625 0.0357168018857343 0.04294906399556888 0.050209806380022114 1.0
469.0 0.0067569293536202035 0.013546286430642537 0.020367686902182814 0.02722073318620926 0.0341050143171731 0.041020105819345315 0.04796556958406896 0.9999999999999999
470.0 0.0064447536564216324 0.012923181473109994 0.0194349632426556 0.02597976611804994 0.03255724446485625 0.03916703971619351 0.0458087802307284 1.0000000000000002
471.0 0.006145516894861463 0.012325685105162194 0.018540244344656866 0.02478892235531277 0.031071434745777317 0.037387484831829874 0.043736763478996334 1.0
472.0 0.00585876105073198 0.011752908438113349 0.017682237634425148 0.02364653284759482 0.029645566849377848 0.03567910080476327 0.04174688410276404 0.9999999999999999
473.0 0.005584040402735406 0.011203985004551236 0.016859680946356294 0.022550964838917602 0.02827766258383676 0.03403958919506045 0.03983654862106821 0.9999999999999999
474.0 0.005320921385384733 0.010678070625517178 0.016071342541157045 0.021500622172731743 0.026965784596858826 0.03246669474278445 0.038003207208862674 1.0000000000000002
475.0 0.00506898243978944 0.01017434325269109 0.015316021074234623 0.020493945515374222 0.025708036976991235 0.03095820646376545 0.03624435539752197 1.0
476.0 0.004827813856904827 0.009692002787141843 0.014592545517171795 0.019529412502331932 0.024502565741450745 0.029511958590352966 0.03455753557434432 1.0
477.0 0.0045970176138136944 0.009230270876173802 0.013899775035087433 0.018605537811603318 0.023347559216385465 0.028125831364765153 0.0329403382903439 1.0
478.0 0.00437620720359459 0.00878839068976104 0.013236598822616567 0.017720873168363058 0.022241248315400322 0.026797751692568754 0.03139040338557824 1.0000000000000002
479.0 0.00416500745931445 0.008365626678017466 0.012601935901170553 0.016874007285035485 0.021181906722061248 0.025525693663710772 0.029905420941169436 1.0
480.0 0.003963054372674527 0.007961264311122181 0.011994734880085116 0.016063565740807882 0.020167850982005648 0.024307678948437748 0.028483132067114787 1.0
481.0 0.0037699949078203805 0.007574609803071775 0.011413973684181858 0.01528821080449938 0.019197440510144746 0.023141777075282293 0.02712132953482992 1.0
482.0 0.003585486810811997 0.007204989820590326 0.01085865925019585 0.014546641204595853 0.018269077518311132 0.022026105598147633 0.025817858263216843 1.0000000000000002
483.0 0.003409198415238342 0.006851751178492542 0.01032782719445668 0.013837591850164758 0.017381206868580617 0.020958830159377245 0.024570615666899512 1.0
484.0 0.003240808444437298 0.0065142605227370195 0.00982054145410953 0.013159833506218375 0.01653231585730959 0.019938164455473018 0.023377551875020598 0.9999999999999999
485.0 0.003080005810777281 0.006191904002385219 0.00933589390411749 0.012512172427021295 0.015720933934830227 0.01896237011200528 0.02223666982886101 0.9999999999999998
486.0 0.0029264894124284946 0.005884086931613392 0.00887300395216976 0.011893449950669318 0.014945632365524774 0.018029756473987912 0.02114602526623166 1.0
487.0 0.002779967928046498 0.0055902334429020865 0.008431018113572452 0.01130254205818892 0.014205023832890996 0.017138680317853972 0.020103726600426048 1.0000000000000004
488.0 0.002640159609766649 0.005309786132468042 0.00800910956809457 0.010738358900252775 0.013497761994005614 0.016287545490911232 0.01910793470121991 1.0
489.0 0.002506792074895666 0.005042205698966963 0.007606477700672838 0.010199844294499627 0.012822540987644192 0.015474802483967804 0.01815686258517655 0.9999999999999999
490.0 0.002379602096669588 0.0047869705764503265 0.007222347627796539 0.009685975196321032 0.012178094900143564 0.014698947942598016 0.017248775022250966 1.0
491.0 0.002258335394429703 0.004543576562512723 0.006855969711309187 0.00919576114584901 0.01156319719291609 0.013958524122292018 0.016381988065409803 1.0
492.0 0.002142746423553057 0.004311536442525339 0.006506619061288083 0.008728243693761352 0.010976660095361808 0.013252118292521188 0.015554868509724372 1.0
493.0 0.0020325981654582483 0.004090379610808631 0.006173595029584896 0.008282495808401187 0.010417333966757314 0.012578362094533916 0.014765833287125442 0.9999999999999997
494.0 0.001927661917989672 0.0038796516895516445 0.00585622069552797 0.007857621266581238 0.009884106630524947 0.011935930857468862 0.014013348802726923 0.9999999999999999
495.0 0.0018277170864689789 0.003678914146246562 0.005553842345215122 0.007452754030331037 0.009375902684128148 0.011323542877165419 0.013295930218366402 0.9999999999999999
496.0 0.0017325509756860203 0.003487743910364084 0.005265828945747774 0.007067057611725488 0.008891682787671332 0.010739958661831844 0.012612140688736711 1.0
497.0 0.0016419585830869234 0.0033057329899565434 0.004991571615686091 0.006699724427822507 0.0084304429341266 0.010183980148525706 0.011960590555223881 0.9999999999999998
498.0 0.0015557423934002878 0.0031324880888330443 0.004730483092928203 0.0063499751476197765 0.007991213703945113 0.009654449894185076 0.0113399365022954 1.0000000000000002
499.0 0.0014737121749298962 0.00296763022491687 0.004481997201153064 0.006017058032840848 0.007573059506668807 0.009150250244759796 0.010748880681042766 1.0000000000000002
500.0 0.0013956847777248252 0.002810794350351792 0.004245568315889176 0.005700248274242828 0.007175077811993639 0.008670302485775968 0.010186169804210474 1.0
501.0 0.0013214839338265352 0.002661628973893081 0.004020670831213518 0.00539884732504643 0.006796398372604596 0.008213565977491394 0.009650594216819434 1.0
502.0 0.0012509400597763786 0.0025197957860788505 0.0038067986280136312 0.0051121822329798314 0.006436182440949661 0.007779037277597884 0.009140986946237856 1.0000000000000002
503.0 0.0011838900615537373 0.0023849692876433456 0.0036034645446840026 0.004839604972332005 0.006093621981984352 0.007365749254245793 0.008656222735322799 0.9999999999999998
504.0 0.0011201771421035882 0.002256836421603728 0.0034101998510725246 0.0045804917773242405 0.005767938883794404 0.006972770192000065 0.00819521706204287 0.9999999999999997
505.0 0.0010596506115961907 0.0021350962094128156 0.0032265537264242108 0.004334242478004503 0.005458384167859036 0.006599202893145801 0.007756925148750774 1.0
506.0 0.0010021657005522323 0.0020194593915449253 0.003052092742021949 0.004100279839794049 0.005164237200608921 0.006244183776615075 0.007340340964085661 0.9999999999999999
507.0 0.000947583375952777 0.0019096480728477334 0.0028864003491636684 0.003878048907723559 0.004884804907803781 0.005906881976635682 0.0069444962202679554 1.0000000000000002
508.0 0.0008957701604422051 0.0018053953729648036 0.0027290763730642396 0.00366701635631683 0.004619420993142211 0.005586498443052378 0.006568459368357066 0.9999999999999998
509.0 0.0008465979547215742 0.0017064450821062506 0.0025797365132214714 0.0034666698460042522 0.0043674451624087385 0.005282265045127266 0.006211334593857896 0.9999999999999999
510.0 0.0007999438632181055 0.0016125513224162233 0.002438011850734537 0.003276517386870064 0.004128262354353082 0.004993443680479643 0.005872260814875326 0.9999999999999999
511.0 0.0007556900231066611 0.0015234782151611137 0.0023035483630185925 0.0030960867104683504 0.0039012819793985253 0.004719325390694399 0.005550410684847333 0.9999999999999997
512.0 0.000713723436748908 0.0014389995539372746 0.0021760064463146114 0.002924924650373916 0.0036859371671791722 0.00445922948499836 0.005244989601721343 1.0
513.0 0.0006739358076060677 0.0013588984840729034 0.002055060446350614 0.002762596532068327 0.0034816840238128598 0.00421250267327996 0.0049552347252794695 1.0
514.0 0.0006362233796725161 0.0012829671883771926 0.0019403981974718215 0.00260868557270164 0.0032880008997317046 0.003978518209613961 0.0046804140041722935 0.9999999999999998
515.0 0.0006004867804679599 0.0012110065793667557 0.0018317205705166745 0.002462792291208403 0.003104387668805212 0.0037566750473371976 0.00441982521407271 1.0000000000000002
516.0 0.0005666308676182407 0.0011428259980801694 0.0017287410296812824 0.002324533929203282 0.0029303650194152904 0.003546397006619885 0.004172795008230853 0.9999999999999999
517.0 0.0005345645790465392 0.001078242919571372 0.0016311851985794294 0.0021935438830274654 0.0027654737580661186 0.0033471319553751645 0.003938677981580516 0.9999999999999998
518.0 0.0005042007867893474 0.0010170826651544754 0.001538790435673003 0.0020694711472673774 0.002609274126041683 0.0031583510042557947 0.003716855749427016 1.0000000000000002
519.0 0.0004754561544442178 0.0009591781214546865 0.00145130541921623 0.001951979770019098 0.002461345129555952 0.0029795477163963332 0.003506736041630251 1.0
520.0 0.0004482509982499853 0.0009043694663044735 0.001368489741829379 0.0018407483201290683 0.002321283883779926 0.0028102373324777243 0.0033077518130918467 0.9999999999999999
521.0 0.00042250915179350756 0.0008525039015080245 0.0012901135147893163 0.0017354693665985103 0.002188704971069052 0.0026499560116101735 0.003119360371251253 0.9999999999999999
522.0 0.00039815783433083294 0.0008034353924822014 0.0012159569820981762 0.0016358489702990048 0.0020632398136581106 0.002498260088454912 0.0029410425211990675 0.9999999999999998
523.0 0.00037512752270564987 0.000757024414769664 0.001145810144368999 0.0015416061881119941 0.0019445360610413662 0.002354725346939114 0.002772301728930091 1.0000000000000002
524.0 0.0003533518268420644 0.0007131377074059604 0.0010794723925429722 0.0014524725895681716 0.001832256992204108 0.002218946310849475 0.002612663303170592 1.0
525.0 0.0003327673687842694 0.0006716480331113107 0.0010167521514331639 0.0013681917860321744 0.0017260809328282886 0.002090535551531566 0.0024616735961387475 0.9999999999999999
526.0 0.00031331366525089556 0.0006324339452663024 0.0009574665330694094 0.001288518972447083 0.0016257006875513708 0.001969123012863825 0.002318899223522398 0.9999999999999998
527.0 0.0002949330136677875 0.0005953795616207799 0.0009014409998013597 0.0012132204816260239 0.001530822987318897 0.0018543553536231995 0.002183926303891271 1.0
528.0 0.0002775703816388534 0.0005603743446753356 0.0008485090370993185 0.0011420733510515515 0.0014411679518336973 0.0017458953073091624 0.0020563597176961063 1.0
529.0 0.00026117329981147064 0.0005273128886668818 0.0007985118359782284 0.0010748649021212837 0.0013564685670729162 0.001643421059449915 0.0019358223859514212 0.9999999999999998
530.0 0.0002456917580890727 0.0004960947130805938 0.0007512979849541441 0.0010113923317539024 0.0012764701778098086 0.0015466256423689794 0.001821954568640125 1.0000000000000002
531.0 0.00023107810514125972 0.00046662406260459795 0.0007067231714316084 0.000951462316252325 0.001200929995052179 0.0014552163473561326 0.0017144131828333298 1.0000000000000002
532.0 0.00021728695115843526 0.0004388097134358105 0.0006646498924064679 0.000894890627299752 0.0011296166182796904 0.0013689141541470982 0.001612871140467982 1.0
533.0 0.00020427507379606251 0.00041256478584035636 0.000624947174359428 0.0008415017599496039 0.0010623095723409218 0.0012874531775871959 0.0015170167056865686 1.0
534.0 0.00019200132725112032 0.00038780656286586913 0.000587490302204806 0.0007911285724536809 0.0009987988588473866 0.0012105801313223408 0.0014265528716020826 1.0
535.0 0.00018042655441168526 0.0003644563150986689 0.0005521605571509547 0.0007436119377601854 0.0009388845218832848 0.0011380538083355365 0.0013411967563182674 0.9999999999999999
536.0 0.00016951350201873 0.0003424391313541999 0.0005188449633204989 0.0006988004065002242 0.0008823762278310632 0.0010696445781216422 0.00126067901800215 0.9999999999999997
537.0 0.00015922673877779873 0.0003216837551853973 0.0004874360429716442 0.0006565498812704783 0.0008290928590969784 0.0010051339002714425 0.0011847432887773042 0.9999999999999999
538.0 0.00014953257635708165 0.00030212242709057096 0.0004578315801559937 0.0006167233020103271 0.0007788621215070437 0.0009443138542169799 0.0011131456271810955 1.0000000000000002
539.0 0.0001403989932072954 0.0002836907322994384 0.0004299343926427526 0.0005791903422628053 0.0007315201651307033 0.0008869866848721373 0.0010456539889054624 1.0000000000000002
540.0 0.0001317955611379969 0.00026632745401369406 0.0004036521119348102 0.0005438271161015195 0.0006869112182787443 0.0008329643638873349 0.0009820477155206143 1.0000000000000002
541.0 0.00012369337458424757 0.00024997443197646017 0.0003788969711981669 0.0005105158954990107 0.0006448872344120371 0.000782068166223308 0.0009221170408624746 0.9999999999999999
542.0 0.00011606498249716658 0.00023457642624363158 0.00035558560092330873 0.00047914483790704337 0.0006053075516899378 0.0007341282617378143 0.0008656626147495784 0.9999999999999999
543.0 0.00010888432279148645 0.0002200809860287466 0.00033363883213424447 0.0004496077238143555 0.0005680385648796101 0.000688983321468333 0.0008124950436805444 1.0000000000000002
544.0 0.0001021266592832026 0.00020643832349248435 0.0003129815069593907 0.00042180370404437033 0.0005329534093424722 0.0006464801382862111 0.0007624344481525437 0.9999999999999999
545.0 9.576852105027386e-05 0.00019360119234717175 0.00029354229637672426 0.0003956370565520796 0.0004999316568086736 0.0006064732615899154 0.0007153100362303834 1.0
546.0 8.978764414949684e-05 0.00018152477114660346 0.0002752535249448742 0.0003710169524774676 0.00046885902264713207 0.000568824645699685 0.0006709596929880153 0.9999999999999999
547.0 8.416291562299211e-05 0.00017016655113172925 0.0002580510023316308 0.0003478572312118042 0.0004396270843363655 0.0005334033116119156 0.0006292295854382158 1.0
548.0 7.887431972801394e-05 0.00015948622850296603 0.00024187386145111707 0.00032607618423210387 0.00041213301083915354 0.0005000850217678483 0.0005899737825604811 1.0000000000000002
549.0 7.390288632427759e-05 0.00014944560099053328 0.00022666440302134818 0.0003055963474590303 0.000386279302583196 0.00046875196748907393 0.0005530538900335522 0.9999999999999999
550.0 6.92306413536907e-05 0.0001400084685953099 0.00021236794635510833 0.00028634430189453 0.00036197354175043355 0.0004392924687320253 0.0005183386992774927 1.0
551.0 6.484055934787207e-05 0.00013114053837343185 0.00019893268619774449 0.0002682504822958108 0.00033912815257739317 0.00041160068581239817 0.00048570385040775976 1.0
552.0 6.071651789973396e-05 0.0001228093331393933 0.00018630955542742257 0.0002512489936443747 0.00031766017137090097 0.0003855763427520339 0.00045503150870464725 1.0000000000000002
553.0 5.684325403615653e-05 0.00011498410396369534 0.00017445209343496676 0.0002352774351704445 0.0002974910259449448 0.0003611244619017958 0.00042621005420177263 0.9999999999999999
554.0 5.320632242973021e-05 0.0001076357463427748 0.00016331632000262698 0.00022027673169566957 0.0002785463241871116 0.00033815510949648347 0.0003991337839994266 0.9999999999999996
555.0 4.97920553884727e-05 0.00010073671992062228 0.0001528606145033446 0.000206190972059568 0.0002607556514657446 0.0003165831518004847 0.0003737026269109823 1.0
556.0 4.6587524563456325e-05 9.426097164338403e-05 0.00014304560024465572 0.00019296725439823747 0.00024405237659235273 0.00029632802150637285 0.00034982187005398887 1.0000000000000002
557.0 4.3580504315392486e-05 8.818386223031077e-05 0.000133834033784236 0.0001805555380473614 0.00022837346605776405 0.0002773134940529092 0.00032740189700193985 1.0
558.0 4.075943668228568e-05 8.248209584640524e-05 0.00012519069904685598 0.00016890850184492548 0.00021365930626436881 0.0002594674735330643 0.0003063579371169942 1.0
559.0 3.811339789142525e-05 7.713365286430072e-05 0.00011708230607558687 0.00015798140861288703 0.00019985353348123737 0.0002427217878675803 0.00028660982568915486 1.0
560.0 3.563206636026706e-05 7.211772560535743e-05 0.0001094773942536037 0.0001477319756014704 0.0001869028712541288 0.0002270119929254933 0.0002680817745138359 0.9999999999999999
561.0 3.330569213182437e-05 6.7414656951986e-05 0.00010234623983579462 0.0001381202506833504 0.00017475697500659757 0.00021227718527770477 0.00025070215254476973 1.0
562.0 3.112506769159621e-05 6.300588172593221e-05 9.566076763333173e-05 0.0001291084940900501 0.000163368283574485 0.00019845982327667912 0.0002344032762669898 1.0
563.0 2.908150011417542e-05 5.887387072939361e-05 8.939446669742037e-05 0.00012066106548677005 0.00015269187742070206 0.000185505556160586 0.00021912120944038397 1.0000000000000002
564.0 2.7166784489085804e-05 5.5002077348575474e-05 8.352230985243259e-05 0.00011274431618702351 0.00014268534328344904 0.00017336306088744146 0.0002047955718724479 1.0
565.0 2.5373178576601212e-05 5.137488662162683e-05 7.802067693201507e-05 0.00010532648631280842 0.00013330864501626312 0.00016198388641084935 0.0001913693568856342 0.9999999999999999
566.0 2.3693378645636856e-05 4.7977566675506316e-05 7.286728157557626e-05 9.837760671099686e-05 0.00012452400038429968 0.00015132230511594898 0.00017878875715260703 0.9999999999999997
567.0 2.2120496447112357e-05 4.4796222438888e-05 6.804110144630719e-05 9.186940544149849e-05 0.00011629576358718744 0.0001413351711411012 0.00016700299858055987 1.0000000000000002
568.0 2.0648037277459124e-05 4.181775154070876e-05 6.352231173554406e-05 8.577521865751214e-05 0.0001085903132845996 0.00013198178531762737 0.00015596418193345203 1.0000000000000002
569.0 1.9269879088288656e-05 3.9029802306599787e-05 5.92922218221699e-05 8.006990570326558e-05 0.00010137594590691227 0.0001232237664672337 0.00014562713188936947 0.9999999999999999
570.0 1.798025259949267e-05 3.6420733767908915e-05 5.5333214959379934e-05 7.472976825938671e-05 9.462277403913157e-05 0.0001150249288035788 0.0001359492532380014 1.0
571.0 1.6773722374380897e-05 3.397957760065263e-05 5.1628690865025684e-05 6.973247337115678e-05 8.830262967255116e-05 0.00010735116519185101 0.00012689039393171667 1.0
572.0 1.564516881670417e-05 3.1696001914184376e-05 4.816301109536907e-05 6.505698019964165e-05 8.238897212443772e-05 0.0001001703360271063 0.00011841271471161178 1.0000000000000002
573.0 1.4589771050704371e-05 2.9560276811922642e-05 4.4921447085865765e-05 6.068347034068411e-05 7.685680043219162e-05 9.345216349939394e-05 0.00011048056503826848 0.9999999999999999
574.0 1.3602990646573106e-05 2.7563241648935657e-05 4.189013074623355e-05 5.659328156152779e-05 7.168257003433779e-05 8.716813102069182e-05 0.00010306036506500522 0.9999999999999999
575.0 1.2680556154957849e-05 2.5696273913667717e-05 3.905600750075627e-05 5.2768844809719204e-05 6.68441135567304e-05 8.129138759582515e-05 9.612049339965228e-05 1.0
576.0 1.1818448415353487e-05 2.3951259663469012e-05 3.640679166830414e-05 4.91936243535926e-05 6.232056552811579e-05 7.579665692637921e-05 8.96311804087642e-05 1.0
577.0 1.1012886604432848e-05 2.2320565446002483e-05 3.3930924080139274e-05 4.585206091838614e-05 5.8092290855075185e-05 7.066015104360378e-05 8.356440682625765e-05 0.9999999999999999
578.0 1.0260314991558204e-05 2.0797011640961206e-05 3.161753183708867e-05 4.2729517686685725e-05 5.414081689213155e-05 6.585948827316468e-05 7.789380743639179e-05 0.9999999999999998
579.0 9.557390369863433e-06 1.937384715880983e-05 2.945639011106318e-05 3.981222903638876e-05 5.044876894838286e-05 6.137361534123823e-05 7.259457960869336e-05 0.9999999999999999
580.0 8.900970132439879e-06 1.804472543553737e-05 2.7437885899291654e-05 3.7087251893872676e-05 4.699980907760283e-05 5.7182733438094e-05 6.764339647013113e-05 1.0
581.0 8.288100964284699e-06 1.680368166464895e-05 2.5552983642982247e-05 3.454241958448625e-05 4.377857800426116e-05 5.326822806188589e-05 6.301832450746852e-05 0.9999999999999999
582.0 7.716008121744138e-06 1.564511120976132e-05 2.379319262531299e-05 3.216629806671333e-05 4.0770640043175616e-05 4.9612602471647866e-05 5.869874540000171e-05 1.0000000000000002
583.0 7.182085272264585e-06 1.4563749143319572e-05 2.2150536066869994e-05 2.9948144440629106e-05 3.796243087582404e-05 4.619941458484121e-05 5.466528189026509e-05 1.0000000000000002
584.0 6.683884868302443e-06 1.3554650859022056e-05 2.0617521839744877e-05 2.787786762537798e-05 3.534120805145969e-05 4.301321716091272e-05 5.089972750738585e-05 1.0000000000000002
585.0 6.219109030253162e-06 1.2613173707552692e-05 1.9187114724511715e-05 2.5945991104400298e-05 3.28950040861539e-05 4.0039501118278195e-05 4.738497996469028e-05 1.0
586.0 5.7856009142584355e-06 1.1734959607213e-05 1.7852710137286287e-05 2.41436176411015e-05 3.061258203783413e-05 3.7264641838061114e-05 4.410497806004438e-05 1.0000000000000002
587.0 5.381336541708529e-06 1.0915918582957803e-05 1.6608109256931435e-05 2.2462395871463126e-05 2.8483393440131062e-05 3.4675848313596014e-05 4.1044641914019154e-05 1.0000000000000002
588.0 5.004417068192061e-06 1.0152213189206476e-05 1.5447495485269374e-05 2.0894488683817188e-05 2.649753848249144e-05 3.226111501026566e-05 3.8189816387442115e-05 1.0
589.0 4.653061470560356e-06 9.440243773628924e-06 1.4365412175899308e-05 1.94325432996508e-05 2.4645728328563315e-05 3.0009176305692244e-05 3.55272175262449e-05 0.9999999999999998
590.0 4.325599631650555e-06 8.776634540858167e-06 1.335674156984488e-05 1.8069662972804984e-05 2.2919249469226027e-05 2.790946338553399e-05 3.3044381887610684e-05 1.0
591.0 4.020465803077589e-06 8.158220376812348e-06 1.2416684878851308e-05 1.6799380227890246e-05 2.1309930010957397e-05 2.5952063475318902e-05 3.0729618607462906e-05 1.0
592.0 3.7361924273246894e-06 7.582034395947719e-06 1.1540743459608785e-05 1.5615631562015246e-05 1.9810107804320296e-05 2.4127681293650772e-05 2.8571964075052803e-05 1.0000000000000002
593.0 3.471404301174366e-06 7.045296175388898e-06 1.0724701024616433e-05 1.4512733537175205e-05 1.8412600321413178e-05 2.242760261699715e-05 2.6561139086088457e-05 0.9999999999999999
594.0 3.2248130632958916e-06 6.545400641431532e-06 9.964606837724718e-06 1.3485360193745516e-05 1.711067619500328e-05 2.084365985091763e-05 2.468750835127125e-05 0.9999999999999998
595.0 2.9952119895597917e-06 6.079907575422461e-06 9.256759844660737e-06 1.2528521718549553e-05 1.5898028335842024e-05 1.9368199507129484e-05 2.294204224240192e-05 0.9999999999999999
596.0 2.781471080374337e-06 5.646531707472672e-06 8.5976936910178e-06 1.1637544303874571e-05 1.4768748548295929e-05 1.79940514901709e-05 2.131628066331162e-05 0.9999999999999999
597.0 2.582532425042572e-06 5.2431333678672654e-06 7.984162582306527e-06 1.080805113663363e-05 1.3717303567959816e-05 1.6714500101665903e-05 1.980229893782853e-05 1.0
598.0 2.3974058288153116e-06 4.8677096673922606e-06 7.413127942700881e-06 1.003594445958991e-05 1.2738512448321177e-05 1.5523256674282482e-05 1.8392675611764443e-05 1.0000000000000002
599.0 2.225164688966591e-06 4.5183861791023205e-06 6.881745831071948e-06 9.31738864917621e-06 1.1827525226819933e-05 1.4414433751410961e-05 1.708046207050302e-05 1.0
600.0 2.064942106848908e-06 4.19340909531761e-06 6.3873550748020025e-06 8.64879425697995e-06 1.0979802803825073e-05 1.3382520732408919e-05 1.5859153878234467e-05 1.0
601.0 1.9159272234899327e-06 3.891137834849101e-06 5.927466083691675e-06 8.026802964395674e-06 1.019109797109507e-05 1.2422360906919983e-05 1.4722663749159972e-05 1.0
602.0 1.7773617668750866e-06 3.610038076619872e-06 5.499750308029345e-06 7.4482734022940265e-06 9.457437529228874e-06 1.1529129805309121e-05 1.3665296065122207e-05 1.0
603.0 1.6485367996211074e-06 3.34867519697404e-06 5.1020303065820786e-06 6.910267789815052e-06 8.775105436444563e-06 1.0698314795661086e-05 1.2681722858098299e-05 1.0000000000000002
604.0 1.5287896562831346e-06 3.1057080890427855e-06 4.732270391888437e-06 6.410039348560639e-06 8.140626933738202e-06 9.92569586105527e-06 1.1766961179812014e-05 0.9999999999999998
605.0 1.4175010600564853e-06 2.8798833435771094e-06 4.388567821798192e-06 5.945020450552999e-06 7.550753594097722e-06 9.207327493985528e-06 1.0916351784412786e-05 0.9999999999999999
606.0 1.314092409128425e-06 2.670029771648243e-06 4.069144507695264e-06 5.512811460320232e-06 7.002449245946593e-06 8.539521647801795e-06 1.012553905368861e-05 1.0000000000000002
607.0 1.2180232234133539e-06 2.4750532505759645e-06 3.77233921128387e-06 5.1111702334010966e-06 6.492876723413316e-06 7.918831687964975e-06 9.39045209769065e-06 1.0000000000000002
608.0 1.1287887428603897e-06 2.293931875359267e-06 3.4966002031937064e-06 4.738002235401513e-06 6.019385398330878e-06 7.342037288685085e-06 8.707286966899211e-06 1.0
609.0 1.0459176689596186e-06 2.1257113987615164e-06 3.240478357981138e-06 4.391351247503051e-06 5.579499451087466e-06 6.8061302231823145e-06 8.072489915185863e-06 0.9999999999999999
610.0 9.689700414919902e-07 1.969500944042737e-06 3.002620661368802e-06 4.069390626017e-06 5.170906839574138e-06 6.3083009983690495e-06 7.48274165582176e-06 1.0000000000000002
611.0 8.975352429700083e-07 1.8244689751391979e-06 2.781764106781971e-06 3.7704150852051085e-06 4.791448927517167e-06 5.845926287210521e-06 6.9349425556625295e-06 1.0
612.0 8.31230123598008e-07 1.6898395098567162e-06 2.5767299593939705e-06 3.4928329741327176e-06 4.439110735421128e-06 5.416557114356769e-06 6.426198715374639e-06 1.0
613.0 7.696972399488544e-07 1.5648885623833843e-06 2.386418367006486e-06 3.2351590198108727e-06 4.112011779220041e-06 5.017907752893236e-06 5.95380888620925e-06 1.0
614.0 7.126032009043214e-07 1.4489408021312094e-06 2.2098032981508493e-06 2.99600751030375e-06 3.8083974635160794e-06 4.64784529220503e-06 5.515252176345704e-06 0.9999999999999999
615.0 6.596371147397129e-07 1.3413664165858028e-06 2.045927788805252e-06 2.774085892828742e-06 3.526630997981509e-06 4.30437983899396e-06 5.108176502221793e-06 1.0
616.0 6.10509131555342e-07 1.2415781664903259e-06 1.8938994800980153e-06 2.5681887631828357e-06 3.265185807139876e-06 3.9856553154650495e-06 4.730387742585658e-06 1.0
617.0 5.649490755593151e-07 1.149028622296422e-06 1.7528864302810117e-06 2.377192224053163e-06 3.022638405279821e-06 3.689940820552343e-06 4.379839555175938e-06 1.0
618.0 5.227051619999746e-07 1.0632075714055866e-06 1.6221131851478561e-06 2.200048590962847e-06 2.7976617097538037e-06 3.4156225218614408e-06 4.054623818055978e-06 1.0000000000000002
619.0 4.835427938208657e-07 9.836395862761933e-07 1.5008570919032003e-06 2.035781425717671e-06 2.589018767313798e-06 3.161196047694003e-06 3.7529616596065114e-06 0.9999999999999999
620.0 4.472434333773754e-07 9.098817440067272e-07 1.3884448422966614e-06 1.8834808783009397e-06 2.3955568694953717e-06 2.925259350159164e-06 3.473195043104057e-06 0.9999999999999997
621.0 4.1360354480404014e-07 8.415214885081324e-07 1.2842492315923912e-06 1.7422993191791487e-06 2.216202034337164e-06 2.7065060119153874e-06 3.2137788736164964e-06 0.9999999999999998
622.0 3.824336028623566e-07 7.781746268624581e-07 1.1876861206756813e-06 1.6114472449602393e-06 2.0499538329534094e-06 2.5037189705710656e-06 2.973273596688911e-06 0.9999999999999998
623.0 3.5355716432597886e-07 7.194834519216448e-07 1.0982115892867803e-06 1.4901894412696378e-06 1.8958805406377407e-06 2.31576463617248e-06 2.750338259935323e-06 1.0
624.0 3.2680999817685724e-07 6.651149836360714e-07 1.0153192690294625e-06 1.3778413875907323e-06 1.7531145932845634e-06 2.1415873785448808e-06 2.5437240102207427e-06 1.0000000000000002
625.0 3.0203927109261884e-07 6.147593220184268e-07 9.385378454294703e-07 1.2737658896581016e-06 1.6208483309724734e-06 1.980204362529648e-06 2.3522680006166136e-06 0.9999999999999999
626.0 2.7910278490050655e-07 5.681281050407871e-07 8.674287189098955e-07 1.1773699257857103e-06 1.4983300115524057e-06 1.8307007103653405e-06 2.174887682726607e-06 1.0000000000000002
627.0 2.5786826285933453e-07 5.249530651373529e-07 8.015838151158412e-07 1.0881016942705605e-06 1.3848600780367755e-06 1.6922249716116604e-06 2.0105754613308838e-06 1.0
628.0 2.3821268180792363e-07 4.849846783415041e-07 7.406235355583352e-07 1.0054478497335856e-06 1.279787664493074e-06 1.5639848821107123e-06 1.8583936895827353e-06 0.9999999999999999
629.0 2.2002164738518852e-07 4.479909004213505e-07 6.84194840053904e-07 9.289309169390333e-07 1.1825073260000218e-06 1.4452433945118978e-06 1.7174699842029584e-06 1.0
630.0 2.0318880968690362e-07 4.1375598469974044e-07 6.319694529220337e-07 8.581068712855661e-07 1.0924559790446264e-06 1.3353149638774477e-06 1.586992841280536e-06 0.9999999999999999
631.0 1.8761531687411133e-07 3.8207937654653314e-07 5.836421853584508e-07 7.925628757738467e-07 1.0091100395078897e-06 1.2335620728148533e-06 1.4662075343793554e-06 1.0
632.0 1.7320930439161927e-07 3.5277467981982914e-07 5.389293668384189e-07 7.319151648409919e-07 9.319827461238346e-07 1.13939198147269e-06 1.3544122776962457e-06 1.0000000000000002
633.0 1.5988541758987934e-07 3.256686908043819e-07 4.975673788142892e-07 6.758070660026844e-07 8.606216579891876e-07 1.0522536885731425e-06 1.2509546379984696e-06 1.0000000000000002
634.0 1.4756436567214003e-07 3.006004954544023e-07 4.5931128436274043e-07 6.239071507689643e-07 7.946063153621413e-07 9.716350904533403e-07 1.1552281800072012e-06 0.9999999999999999
635.0 1.3617250500992303e-07 2.774206259919975e-07 4.2393354780575673e-07 5.759075067946628e-07 7.335460536116547e-07 8.970603258405028e-07 1.0666693307780455e-06 1.0
636.0 1.2564144998476262e-07 2.5599027314390395e-07 3.912228386790144e-07 5.31522123694937e-07 6.770779607698121e-07 8.280872948002363e-07 9.84754449469002e-07 1.0
637.0 1.159077096229093e-07 2.3618055051829694e-07 3.6098291475243454e-07 4.904853854010448e-07 6.248649696996691e-07 7.643053409741162e-07 9.089970896816189e-07 1.0
638.0 1.0691234839228417e-07 2.1787180783014498e-07 3.3303157911997525e-07 4.525506623509915e-07 5.765940764192503e-07 7.053330868612366e-07 8.389454423115452e-07 0.9999999999999999
639.0 9.860066962836026e-08 2.009529898798279e-07 3.071997066723416e-07 4.174889972081392e-07 5.319746766241993e-07 6.508164125051686e-07 7.741799475579069e-07 0.9999999999999998
640.0 9.092192014712348e-08 1.853210383740876e-07 2.833303355449218e-07 3.8508787817521146e-07 4.907370129230615e-07 6.00426568517831e-07 7.143110654110646e-07 0.9999999999999999
641.0 8.382901469025591e-08 1.7088033385371513e-07 2.6127781939830925e-07 3.5515009432727227e-07 4.526307257478422e-07 5.538584149143773e-07 6.589771945762617e-07 1.0
642.0 7.727827892938103e-08 1.5754217515705777e-07 2.409070366377352e-07 3.2749266772183016e-07 4.1742350132397426e-07 5.108287777429569e-07 6.07842730390067e-07 1.0000000000000002
643.0 7.122920983355011e-08 1.4522429400434788e-07 2.2209265291348404e-07 3.019458573610598e-07 3.8489981048305676e-07 4.7107491597612075e-07 5.605962528544076e-07 1.0
644.0 6.56442522770981e-08 1.3385040243493757e-07 2.0471843346678146e-07 2.783522303800999e-07 3.5485973247846765e-07 4.343530915863971e-07 5.169488364490279e-07 1.0000000000000002
645.0 6.048859083366911e-08 1.233497709679972e-07 1.8867660209505957e-07 2.5656579611690073e-07 3.2711785831873743e-07 4.004372361578049e-07 4.7663247388810073e-07 1.0
646.0 5.572995576725477e-08 1.1365683548840846e-07 1.738672437089147e-07 2.364511989858576e-07 3.015022684698181e-07 3.6911770779194913e-07 4.393986064653848e-07 1.0000000000000002
647.0 5.133844229201585e-08 1.0471083098246857e-07 1.6019774763895327e-07 2.1788296632739849e-07 2.7785358009243293e-07 3.402001324485907e-07 4.050167540808669e-07 1.0000000000000002
648.0 4.7286342230402366e-08 9.645545036450028e-08 1.475822890269429e-07 2.0074480764267683e-07 2.5602405927947015e-07 3.135043242222077e-07 3.7327323846735085e-07 1.0000000000000002
649.0 4.3547987253331646e-08 8.883852674489789e-08 1.3594134580126674e-07 1.8492896184521582e-07 2.3587679403917407e-07 2.8886327939594094e-07 3.439699935354317e-07 1.0000000000000002
650.0 4.0099602937181275e-08 8.181173759302772e-08 1.2520124889236624e-07 1.7033558937075827e-07 2.1728492403395053e-07 2.661222394339842e-07 3.1692345713152156e-07 1.0
651.0 3.6919172920612175e-08 7.533032934578306e-08 1.1529376349124066e-07 1.5687220618484965e-07 2.001309233346682e-07 2.4513781837624977e-07 2.919635388599948e-07 0.9999999999999999
652.0 3.398631248932393e-08 6.935286110357966e-08 1.0615569929177774e-07 1.4445315691294208e-07 1.8430593268399838e-07 2.2577719038205903e-07 2.6893265895357224e-07 0.9999999999999999
653.0 3.128215095956465e-08 6.384096614180074e-08 9.772854778821314e-08 1.3299912449343964e-07 1.6970913798389777e-07 2.0791733343793185e-07 2.476848534919895e-07 0.9999999999999998
654.0 2.87892222711617e-08 5.8759130046327625e-08 8.995814482107512e-08 1.2243667391835516e-07 1.562471919295509e-07 1.9144432549550606e-07 2.28084941564496e-07 1.0
655.0 2.6491363238541275e-08 5.407448435790358e-08 8.279435668021085e-08 1.1269782778134748e-07 1.4383367590778787e-07 1.7625268954266973e-07 2.1000775025089434e-07 0.9999999999999999
656.0 2.437361894352014e-08 4.9756614681377353e-08 7.619078818145289e-08 1.0371967149822395e-07 1.3238859946136287e-07 1.6224478433312323e-07 1.9333739355745584e-07 1.0
657.0 2.2422154786969467e-08 4.5777382283147884e-08 7.010451123536989e-08 9.54439862021496e-08 1.2183793479357967e-07 1.4933023770931755e-07 1.7796660169109535e-07 1.0
658.0 2.0624174747575595e-08 4.2110758262984296e-08 6.449581252173721e-08 8.781690744395922e-08 1.1211318394950029e-07 1.3742541964970147e-07 1.6379609728606614e-07 0.9999999999999997
659.0 1.8967845425300234e-08 3.873266944572913e-08 5.9327958973242835e-08 8.0788607948991e-08 1.0315097646274556e-07 1.26452952356352e-07 1.507340154155735e-07 1.0
660.0 1.7442225474631382e-08 3.562085519391679e-08 5.456697985605749e-08 7.431300279512806e-08 9.489269539989323e-08 1.163412548723701e-07 1.386953644249171e-07 1.0000000000000002
661.0 1.6037200058511766e-08 3.275473439444766e-08 5.0181464313846916e-08 6.834747548305965e-08 8.72841298687249e-08 1.0702411988114574e-07 1.276015248145332e-07 1.0000000000000002
662.0 1.4743419978077474e-08 3.011528192144435e-08 4.614237331603177e-08 6.285262346975449e-08 8.027515218282657e-08 9.844032049264922e-08 1.173797835816987e-07 1.0
663.0 1.3552245156041486e-08 2.76849139232865e-08 4.2422865020614025e-08 5.77920218297768e-08 7.38194179933025e-08 9.05332449652784e-08 1.0796290159865765e-07 1.0
664.0 1.2455692172831814e-08 2.5447381324812613e-08 3.8998132627046724e-08 5.313200379685888e-08 6.787408780923566e-08 8.325055744622907e-08 9.928871176341296e-08 0.9999999999999999
665.0 1.144638557456579e-08 2.3387670976040834e-08 3.584525385580682e-08 4.884145702058032e-08 6.239956843266092e-08 7.65438829396358e-08 9.129974580831557e-08 1.0
666.0 1.051751269063908e-08 2.1491913916551324e-08 3.294305124861947e-08 4.489163445020284e-08 5.7359272931345374e-08 7.036851483001538e-08 8.394288779105594e-08 0.9999999999999999
667.0 9.662781716210733e-09 1.9747300260054104e-08 3.0271962536924e-08 4.1255978830001135e-08 5.271939786400792e-08 6.46831433993322e-08 7.716905242331306e-08 1.0
668.0 8.876382831271933e-09 1.814200023683424e-08 2.781392037646399e-08 3.79099598582162e-08 4.8448716558265924e-08 5.94496038799146e-08 7.093288651486838e-08 1.0
669.0 8.152952143346254e-09 1.6665090962823317e-08 2.555224079298095e-08 3.483092312524395e-08 4.451838732182923e-08 5.463264268279169e-08 6.519249192581205e-08 0.9999999999999999
670.0 7.487538255219483e-09 1.530648853306385e-08 2.347151972799951e-08 3.199795000600096e-08 4.090177554244695e-08 5.019970053200433e-08 5.990916852679984e-08 1.0
671.0 6.8755712725698336e-09 1.4056885064580285e-08 2.1557537115020968e-08 2.9391727737133293e-08 3.7574288702551753e-08 4.6120711320924575e-08 5.504717576817385e-08 0.9999999999999999
672.0 6.312834078914264e-09 1.2907690339042923e-08 1.9797167954930554e-08 2.699442896163315e-08 3.451322340015524e-08 4.236791558624198e-08 5.057351155271126e-08 0.9999999999999999
673.0 5.7954357170711515e-09 1.1850977719448954e-08 1.8178299895589933e-08 2.4789600072202416e-08 3.169762352921595e-08 3.8915687570129094e-08 4.6457707195102135e-08 1.0000000000000002
674.0 5.319786727319705e-09 1.0879434037258007e-08 1.66897568542901e-08 2.2762057730159094e-08 2.9108148830180627e-08 3.5740374910872465e-08 4.2671637333606e-08 1.0
675.0 4.882576302718977e-09 9.98631316722345e-09 1.532122825330938e-08 2.0897792979267472e-08 2.672695307525336e-08 3.2820150067638916e-08 3.9189343736514154e-08 1.0
676.0 4.480751131644804e-09 9.165393026576894e-09 1.4063203468287912e-08 1.9183882413624373e-08 2.4537571203223175e-08 3.0134872646091523e-08 3.5986872018107985e-08 1.0
677.0 4.111495806573899e-09 8.410935753377753e-09 1.2906911116685301e-08 1.760840589591169e-08 2.252481476570784e-08 2.7665961848677225e-08 3.304212034622716e-08 1.0
678.0 3.772214686523395e-09 7.717650835798313e-09 1.1844262839330767e-08 1.6160370357061706e-08 2.0674675090614775e-08 2.5396278326776557e-08 3.033469928657858e-08 1.0
679.0 3.460515108364262e-09 7.0806609799235375e-09 1.086780125207522e-08 1.4829639240769418e-08 1.8974233609596576e-08 2.3310014761676477e-08 2.7845801987690824e-08 1.0
680.0 3.1741918495363863e-09 6.495470518441774e-09 9.970651767021499e-09 1.3606867186609196e-08 1.7411578834648235e-08 2.1392594547937906e-08 2.5558083965469315e-08 0.9999999999999998
681.0 2.9112127514951285e-09 5.957936176373783e-09 9.146478003720187e-09 1.248343957373885e-08 1.5975729504712043e-08 1.9630577996123994e-08 2.3455551797563878e-08 1.0
682.0 2.669705419577697e-09 5.464240022862455e-09 8.389440530271386e-09 1.1451416573570165e-08 1.4656563456563851e-08 1.8011575512447184e-08 2.1523460085712708e-08 1.0
683.0 2.4479449209026237e-09 5.010864450043832e-09 7.694158692496056e-09 1.0503481384388444e-08 1.3444751805396832e-08 1.652416725073676e-08 1.9748216088938124e-08 0.9999999999999999
684.0 2.2443424074388643e-09 4.5945690312060155e-09 7.055675306331971e-09 9.632892343846417e-09 1.2331698049562474e-08 1.5157828767425668e-08 1.811729147217559e-08 1.0000000000000002
685.0 2.0574345965370876e-09 4.212369120886213e-09 6.469424004475227e-09 8.833438636683815e-09 1.1309481741055297e-08 1.390286224322716e-08 1.6619140653882393e-08 1.0000000000000002
686.0 1.885874046008823e-09 3.8615160692654795e-09 5.931199043039762e-09 8.09939933494651e-09 1.0370806388553586e-08 1.2750332865835969e-08 1.5243125272412337e-08 1.0000000000000002
687.0 1.7284201653198636e-09 3.5394789322985627e-09 5.437127387801492e-09 7.4255055266116e-09 9.50895128342403e-09 1.169200999667495e-08 1.3979444324851263e-08 0.9999999999999999
688.0 1.583930908624977e-09 3.2439275674463203e-09 4.983642912404494e-09 6.8069053058304295e-09 8.717726961015327e-09 1.0720312771356709e-08 1.2819069563509868e-08 1.0
689.0 1.451355099253831e-09 2.9727170127464383e-09 4.567462552865328e-09 6.239131414158152e-09 7.991434030030497e-09 9.828259808415088e-09 1.1753685764692249e-08 1.0
690.0 1.329725338870792e-09 2.723873054279822e-09 4.1855642738406666e-09 5.718071337175857e-09 7.324825121816877e-09 9.009422724028319e-09 1.0775635511751525e-08 1.0
691.0 1.2181514578925678e-09 2.495578893902824e-09 3.8351667124800795e-09 5.239939674906586e-09 6.713069729143564e-09 8.257883172021479e-09 9.877868159946616e-09 1.0
692.0 1.1158144668794197e-09 2.286162835463858e-09 3.5137103753377767e-09 4.801252617471129e-09 6.151721720564757e-09 7.568193148542076e-09 9.05389267439385e-09 1.0000000000000002
693.0 1.0219609715259187e-09 2.0940869136227788e-09 3.2188402727878904e-09 4.3988043695547365e-09 5.636689331832532e-09 6.935338319495355e-09 8.297734054517403e-09 1.0
694.0 9.358980165858458e-10 1.91793639488322e-09 2.948389883739374e-09 4.029645378545376e-09 5.16420745013052e-09 6.354704146234627e-09 7.603893078996477e-09 0.9999999999999999
695.0 8.569883265849482e-10 1.7564100855561925e-09 2.700366351215329e-09 3.6910622317070833e-09 4.73081202021251e-09 5.822044601201369e-09 6.967309124372837e-09 1.0
696.0 7.846459135180679e-10 1.6083113861244103e-09 2.472936816588385e-09 3.380559097523408e-09 4.333316413916726e-09 5.333453280284611e-09 6.383325828319547e-09 1.0
697.0 7.183320239013665e-10 1.4725400358864508e-09 2.2644158069716493e-09 3.095840595416563e-09 3.968789616026206e-09 4.8853367326655876e-09 5.847659385134646e-09 0.9999999999999998
698.0 6.575513995768694e-10 1.3480844958705228e-09 2.0732535965187988e-09 2.834795986506122e-09 3.634536090170298e-09 4.474389841968675e-09 5.356369276474696e-09 1.0
699.0 6.018488285431204e-10 1.2340149218144492e-09 1.8980254681790605e-09 2.5954845859051803e-09 3.3280771983964813e-09 4.097573104633559e-09 4.905831254657972e-09 1.0
700.0 5.508059638339685e-10 1.129476682555439e-09 1.7374218078504702e-09 2.3761223043535055e-09 3.0471340573019448e-09 3.752091662698529e-09 4.49271240921443e-09 1.0
