200.0 0.9999993455615983 0.9999999999995727 1.0 1.0 1.0 1.0 1.0 1.0
201.0 0.9999992759851896 0.999999999999477 1.0 1.0 1.0 1.0 1.0 1.0
202.0 0.9999991998126754 0.9999999999993613 1.0 1.0 1.0 1.0 1.0 1.0
203.0 0.9999991164973426 0.9999999999992212 1.0 1.0 1.0 1.0 1.0 1.0
204.0 0.9999990254540142 0.9999999999990524 1.0 1.0 1.0 1.0 1.0 1.0
205.0 0.9999989260569371 0.9999999999988491 0.9999999999999998 0.9999999999999998 0.9999999999999998 0.9999999999999998 0.9999999999999998 0.9999999999999998
206.0 0.9999988176374818 0.999999999998605 0.9999999999999998 0.9999999999999998 0.9999999999999998 0.9999999999999998 0.9999999999999998 0.9999999999999998
207.0 0.9999986994816473 0.9999999999983125 0.9999999999999999 0.9999999999999999 0.9999999999999999 0.9999999999999999 0.9999999999999999 0.9999999999999999
208.0 0.9999985708277591 0.9999999999979622 1.0 1.0 1.0 1.0 1.0 1.0
209.0 0.9999984308638804 0.9999999999975437 1.0000000000000002 1.0000000000000002 1.0000000000000002 1.0000000000000002 1.0000000000000002 1.0000000000000002
210.0 0.9999982787251723 0.9999999999970439 0.9999999999999999 0.9999999999999999 0.9999999999999999 0.9999999999999999 0.9999999999999999 0.9999999999999999
211.0 0.9999981134910675 0.9999999999964491 0.9999999999999998 0.9999999999999998 0.9999999999999998 0.9999999999999998 0.9999999999999998 0.9999999999999998
212.0 0.9999979341824854 0.9999999999957422 0.9999999999999999 0.9999999999999999 0.9999999999999999 0.9999999999999999 0.9999999999999999 0.9999999999999999
213.0 0.999997739758812 0.999999999994903 0.9999999999999998 0.9999999999999998 0.9999999999999998 0.9999999999999998 0.9999999999999998 0.9999999999999998
214.0 0.9999975291149755 0.999999999993909 1.0 1.0 1.0 1.0 1.0 1.0
215.0 0.9999973010781825 0.9999999999927327 1.0 1.0 1.0 1.0 1.0 1.0
216.0 0.999997054404612 0.9999999999913435 0.9999999999999999 0.9999999999999999 0.9999999999999999 0.9999999999999999 0.9999999999999999 0.9999999999999999
217.0 0.9999967877762006 0.9999999999897057 1.0000000000000002 1.0000000000000002 1.0000000000000002 1.0000000000000002 1.0000000000000002 1.0000000000000002
218.0 0.9999964997969012 0.999999999987777 1.0 1.0 1.0 1.0 1.0 1.0
219.0 0.9999961889893757 0.9999999999855097 0.9999999999999999 0.9999999999999999 0.9999999999999999 0.9999999999999999 0.9999999999999999 0.9999999999999999
220.0 0.9999958537909664 0.9999999999828487 0.9999999999999999 1.0 1.0 1.0 1.0 1.0
221.0 0.9999954925502421 0.9999999999797302 1.0000000000000002 1.0000000000000002 1.0000000000000002 1.0000000000000002 1.0000000000000002 1.0000000000000002
222.0 0.999995103522682 0.99999999997608 0.9999999999999999 1.0 1.0 1.0 1.0 1.0
223.0 0.9999946848668902 0.9999999999718147 0.9999999999999998 0.9999999999999999 0.9999999999999999 0.9999999999999999 0.9999999999999999 0.9999999999999999
224.0 0.9999942346403249 0.9999999999668375 0.9999999999999998 1.0 1.0 1.0 1.0 1.0
225.0 0.9999937507950315 0.999999999961038 1.0 1.0000000000000002 1.0000000000000002 1.0000000000000002 1.0000000000000002 1.0000000000000002
226.0 0.999993231173087 0.9999999999542891 0.9999999999999998 1.0 1.0 1.0 1.0 1.0
227.0 0.9999926735024299 0.9999999999464471 0.9999999999999999 1.0000000000000002 1.0000000000000002 1.0000000000000002 1.0000000000000002 1.0000000000000002
228.0 0.9999920753918706 0.9999999999373461 0.9999999999999997 1.0 1.0 1.0 1.0 1.0
229.0 0.9999914343264915 0.9999999999267991 0.9999999999999993 1.0 1.0 1.0 1.0 1.0
230.0 0.9999907476627061 0.9999999999145927 0.9999999999999994 1.0000000000000002 1.0000000000000002 1.0000000000000002 1.0000000000000002 1.0000000000000002
231.0 0.9999900126233688 0.9999999999004832 0.999999999999999 1.0 1.0 1.0 1.0 1.0
232.0 0.9999892262925025 0.9999999998841959 0.9999999999999987 0.9999999999999999 0.9999999999999999 0.9999999999999999 0.9999999999999999 0.9999999999999999
233.0 0.9999883856102153 0.9999999998654182 0.9999999999999984 1.0 1.0 1.0 1.0 1.0
234.0 0.999987487367187 0.9999999998437964 0.999999999999998 1.0 1.0 1.0 1.0 1.0
235.0 0.9999865281992532 0.999999999818931 0.9999999999999978 1.0000000000000002 1.0000000000000002 1.0000000000000002 1.0000000000000002 1.0000000000000002
236.0 0.9999855045818904 0.9999999997903692 0.999999999999997 1.0 1.0 1.0 1.0 1.0
237.0 0.9999844128244186 0.9999999997576022 0.9999999999999961 0.9999999999999999 0.9999999999999999 0.9999999999999999 0.9999999999999999 0.9999999999999999
238.0 0.9999832490640554 0.9999999997200558 0.9999999999999954 1.0 1.0 1.0 1.0 1.0
239.0 0.99998200926026 0.9999999996770826 0.9999999999999943 1.0 1.0 1.0 1.0 1.0
240.0 0.9999806891883115 0.9999999996279556 0.9999999999999928 0.9999999999999999 0.9999999999999999 0.9999999999999999 0.9999999999999999 0.9999999999999999
241.0 0.9999792844334149 0.9999999995718588 0.9999999999999912 1.0 1.0 1.0 1.0 1.0
242.0 0.9999777903841327 0.9999999995078748 0.9999999999999891 1.0 1.0 1.0 1.0 1.0
243.0 0.9999762022263022 0.9999999994349767 0.9999999999999865 0.9999999999999999 0.9999999999999999 0.9999999999999999 0.9999999999999999 0.9999999999999999
244.0 0.9999745149361343 0.9999999993520153 0.9999999999999839 1.0000000000000002 1.0000000000000002 1.0000000000000002 1.0000000000000002 1.0000000000000002
245.0 0.9999727232737907 0.9999999992577024 0.9999999999999798 1.0 1.0 1.0 1.0 1.0
246.0 0.9999708217766338 0.9999999991506022 0.9999999999999756 1.0000000000000002 1.0000000000000002 1.0000000000000002 1.0000000000000002 1.0000000000000002
247.0 0.9999688047521308 0.999999999029109 0.9999999999999697 0.9999999999999999 0.9999999999999999 0.9999999999999999 0.9999999999999999 0.9999999999999999
248.0 0.999966666271297 0.9999999988914344 0.9999999999999631 0.9999999999999999 0.9999999999999999 0.9999999999999999 0.9999999999999999 0.9999999999999999
249.0 0.9999644001611231 0.9999999987355849 0.9999999999999549 0.9999999999999998 0.9999999999999998 0.9999999999999998 0.9999999999999998 0.9999999999999998
250.0 0.999961999997826 0.9999999985593421 0.9999999999999452 0.9999999999999997 0.9999999999999997 0.9999999999999997 0.9999999999999997 0.9999999999999997
251.0 0.9999594590991376 0.9999999983602398 0.9999999999999338 1.0 1.0 1.0 1.0 1.0
252.0 0.999956770517362 0.9999999981355375 0.9999999999999196 0.9999999999999999 0.9999999999999999 0.9999999999999999 0.9999999999999999 0.9999999999999999
253.0 0.9999539270315254 0.9999999978821951 0.9999999999999027 0.9999999999999999 0.9999999999999999 0.9999999999999999 0.9999999999999999 0.9999999999999999
254.0 0.9999509211398602 0.9999999975968413 0.9999999999998829 1.0000000000000002 1.0000000000000002 1.0000000000000002 1.0000000000000002 1.0000000000000002
255.0 0.9999477450522414 0.9999999972757408 0.9999999999998581 0.9999999999999998 0.9999999999999998 0.9999999999999998 0.9999999999999998 0.9999999999999998
256.0 0.9999443906822955 0.9999999969147619 0.9999999999998292 1.0 1.0 1.0 1.0 1.0
257.0 0.9999408496395483 0.9999999965093336 0.9999999999997945 1.0 1.0 1.0 1.0 1.0
258.0 0.9999371132215363 0.9999999960544073 0.999999999999753 1.0 1.0 1.0 1.0 1.0
259.0 0.9999331724055298 0.99999999554441 0.9999999999997035 0.9999999999999999 0.9999999999999999 0.9999999999999999 0.9999999999999999 0.9999999999999999
260.0 0.9999290178407407 0.9999999949731956 0.9999999999996446 0.9999999999999998 0.9999999999999998 0.9999999999999998 0.9999999999999998 0.9999999999999998
261.0 0.9999246398397641 0.9999999943339919 0.999999999999575 1.0 1.0 1.0 1.0 1.0
262.0 0.9999200283705479 0.9999999936193421 0.999999999999492 0.9999999999999999 0.9999999999999999 0.9999999999999999 0.9999999999999999 0.9999999999999999
263.0 0.9999151730478413 0.9999999928210439 0.9999999999993937 0.9999999999999999 0.9999999999999999 0.9999999999999999 0.9999999999999999 0.9999999999999999
264.0 0.9999100631248332 0.9999999919300814 0.9999999999992776 0.9999999999999999 1.0 1.0 1.0 1.0
265.0 0.999904687484604 0.9999999909365523 0.9999999999991401 0.9999999999999999 1.0 1.0 1.0 1.0
266.0 0.9998990346316758 0.9999999898295902 0.9999999999989776 0.9999999999999996 0.9999999999999997 0.9999999999999997 0.9999999999999997 0.9999999999999997
267.0 0.9998930926830387 0.9999999885972805 0.9999999999987865 0.9999999999999998 0.9999999999999999 0.9999999999999999 0.9999999999999999 0.9999999999999999
268.0 0.9998868493598002 0.9999999872265676 0.9999999999985613 0.9999999999999998 0.9999999999999999 0.9999999999999999 0.9999999999999999 0.9999999999999999
269.0 0.9998802919782209 0.999999985703159 0.9999999999982966 0.9999999999999999 1.0 1.0 1.0 1.0
270.0 0.9998734074409398 0.9999999840114183 0.9999999999979856 1.0 1.0000000000000002 1.0000000000000002 1.0000000000000002 1.0000000000000002
271.0 0.9998661822280148 0.9999999821342528 0.9999999999976201 0.9999999999999994 0.9999999999999998 0.9999999999999998 0.9999999999999998 0.9999999999999998
272.0 0.9998586023882087 0.999999980052993 0.9999999999971927 0.9999999999999997 1.0 1.0 1.0 1.0
273.0 0.9998506535297461 0.9999999777472587 0.9999999999966922 0.9999999999999998 1.0000000000000002 1.0000000000000002 1.0000000000000002 1.0000000000000002
274.0 0.9998423208115136 0.9999999751948219 0.9999999999961071 0.9999999999999997 1.0000000000000002 1.0000000000000002 1.0000000000000002 1.0000000000000002
275.0 0.9998335889339253 0.9999999723714552 0.9999999999954237 0.9999999999999993 1.0 1.0 1.0 1.0
276.0 0.999824442129795 0.9999999692507717 0.9999999999946266 0.999999999999999 0.9999999999999999 0.9999999999999999 0.9999999999999999 0.9999999999999999
277.0 0.9998148641553579 0.9999999658040525 0.9999999999936983 0.9999999999999988 0.9999999999999999 0.9999999999999999 0.9999999999999999 0.9999999999999999
278.0 0.9998048382809614 0.9999999620000618 0.9999999999926183 0.9999999999999987 1.0 1.0 1.0 1.0
279.0 0.9997943472820031 0.9999999578048501 0.9999999999913626 0.9999999999999982 1.0 1.0 1.0 1.0
280.0 0.9997833734297332 0.9999999531815447 0.9999999999899047 0.9999999999999977 0.9999999999999999 0.9999999999999999 0.9999999999999999 0.9999999999999999
281.0 0.9997718984819651 0.9999999480901243 0.9999999999882141 0.9999999999999973 1.0 1.0 1.0 1.0
282.0 0.9997599036739867 0.9999999424871786 0.9999999999862553 0.9999999999999967 1.0 1.0 1.0 1.0
283.0 0.9997473697092892 0.999999936325654 0.9999999999839885 0.9999999999999961 1.0 1.0 1.0 1.0
284.0 0.9997342767502536 0.9999999295545793 0.9999999999813677 0.9999999999999951 1.0 1.0 1.0 1.0
285.0 0.9997206044090893 0.9999999221187776 0.9999999999783413 0.9999999999999942 1.0000000000000002 1.0000000000000002 1.0000000000000002 1.0000000000000002
286.0 0.999706331738394 0.9999999139585549 0.9999999999748493 0.9999999999999927 1.0 1.0 1.0 1.0
287.0 0.9996914372221125 0.9999999050093739 0.999999999970825 0.9999999999999909 0.9999999999999999 0.9999999999999999 0.9999999999999999 0.9999999999999999
288.0 0.9996758987662618 0.999999895201503 0.999999999966192 0.9999999999999892 1.0 1.0 1.0 1.0
289.0 0.9996596936897156 0.9999998844596444 0.9999999999608626 0.9999999999999866 0.9999999999999998 0.9999999999999998 0.9999999999999998 0.9999999999999998
290.0 0.9996427987150049 0.9999998727025431 0.9999999999547398 0.999999999999984 1.0 1.0 1.0 1.0
291.0 0.9996251899593139 0.9999998598425635 0.9999999999477105 0.9999999999999803 0.9999999999999998 0.9999999999999998 0.9999999999999998 0.9999999999999998
292.0 0.9996068429252114 0.9999998457852508 0.9999999999396498 0.9999999999999762 0.9999999999999998 0.9999999999999998 0.9999999999999998 0.9999999999999998
293.0 0.9995877324915304 0.9999998304288568 0.9999999999304148 0.9999999999999714 0.9999999999999999 0.9999999999999999 0.9999999999999999 0.9999999999999999
294.0 0.999567832904459 0.9999998136638428 0.9999999999198446 0.9999999999999658 1.0000000000000002 1.0000000000000002 1.0000000000000002 1.0000000000000002
295.0 0.9995471177684033 0.9999997953723511 0.9999999999077568 0.9999999999999586 1.0 1.0 1.0 1.0
296.0 0.9995255600371094 0.9999997754276478 0.9999999998939474 0.9999999999999504 1.0000000000000002 1.0000000000000002 1.0000000000000002 1.0000000000000002
297.0 0.9995031320045555 0.9999997536935298 0.9999999998781847 0.9999999999999399 1.0 1.0 1.0 1.0
298.0 0.9994798052963488 0.9999997300237022 0.9999999998602096 0.9999999999999276 0.9999999999999998 0.9999999999999998 0.9999999999999998 0.9999999999999998
299.0 0.9994555508606054 0.999999704261117 0.9999999998397305 0.9999999999999135 1.0 1.0 1.0 1.0
300.0 0.9994303389595705 0.9999996762372744 0.9999999998164184 0.999999999999896 0.9999999999999997 0.9999999999999998 0.9999999999999998 0.9999999999999998
301.0 0.9994041391604466 0.9999996457714909 0.999999999789906 0.9999999999998757 0.9999999999999999 1.0 1.0 1.0
302.0 0.9993769203271948 0.9999996126701188 0.9999999997597799 0.9999999999998517 1.0000000000000002 1.0000000000000002 1.0000000000000002 1.0000000000000002
303.0 0.999348650611786 0.9999995767257295 0.9999999997255765 0.9999999999998225 0.9999999999999999 1.0 1.0 1.0
304.0 0.9993192974457636 0.9999995377162518 0.9999999996867789 0.9999999999997885 1.0 1.0 1.0 1.0
305.0 0.9992888275318234 0.9999994954040604 0.9999999996428062 0.9999999999997479 0.9999999999999999 1.0 1.0 1.0
306.0 0.99925720683552 0.9999994495350214 0.9999999995930108 0.9999999999996999 0.9999999999999999 1.0 1.0 1.0
307.0 0.9992244005770906 0.9999993998374833 0.9999999995366684 0.9999999999996431 0.9999999999999997 0.9999999999999999 0.9999999999999999 0.9999999999999999
308.0 0.9991903732233548 0.9999993460212201 0.9999999994729714 0.999999999999576 0.9999999999999994 0.9999999999999998 0.9999999999999998 0.9999999999999998
309.0 0.9991550884794976 0.9999992877763155 0.9999999994010189 0.9999999999994975 0.9999999999999997 1.0 1.0 1.0
310.0 0.9991185092815023 0.999999224771993 0.9999999993198059 0.9999999999994045 0.9999999999999993 0.9999999999999999 0.9999999999999999 0.9999999999999999
311.0 0.9990805977879471 0.9999991566553885 0.9999999992282149 0.9999999999992951 0.9999999999999991 0.9999999999999998 0.9999999999999998 0.9999999999999998
312.0 0.9990413153724992 0.9999990830502584 0.9999999991250021 0.999999999999167 0.9999999999999992 1.0 1.0 1.0
313.0 0.9990006226164893 0.9999990035556255 0.999999999008784 0.9999999999990162 0.999999999999999 1.0 1.0 1.0
314.0 0.998958479300996 0.9999989177443595 0.9999999988780242 0.9999999999988396 0.9999999999999988 1.0 1.0 1.0
315.0 0.998914844400016 0.9999988251616871 0.9999999987310165 0.9999999999986324 0.9999999999999984 0.9999999999999999 0.9999999999999999 0.9999999999999999
316.0 0.9988696760727618 0.999998725323633 0.9999999985658692 0.99999999999839 0.999999999999998 0.9999999999999998 0.9999999999999998 0.9999999999999998
317.0 0.9988229316570503 0.9999986177153846 0.9999999983804846 0.9999999999981068 0.9999999999999977 0.9999999999999999 0.9999999999999999 0.9999999999999999
318.0 0.9987745676619164 0.9999985017895805 0.9999999981725394 0.9999999999977763 0.9999999999999976 1.0000000000000002 1.0000000000000002 1.0000000000000002
319.0 0.9987245397610331 0.99999837696452 0.9999999979394607 0.9999999999973902 0.9999999999999968 1.0 1.0 1.0
320.0 0.9986728027860804 0.9999982426222911 0.9999999976784044 0.9999999999969403 0.9999999999999962 1.0000000000000002 1.0000000000000002 1.0000000000000002
321.0 0.9986193107201047 0.9999980981068096 0.9999999973862249 0.999999999996416 0.9999999999999949 0.9999999999999998 0.9999999999999998 0.9999999999999998
322.0 0.99856401669117 0.9999979427217754 0.9999999970594501 0.9999999999958068 0.9999999999999941 1.0 1.0 1.0
323.0 0.9985068729661911 0.999997775728529 0.9999999966942443 0.9999999999950985 0.9999999999999929 1.0 1.0 1.0
324.0 0.9984478309448708 0.9999975963438221 0.9999999962863783 0.9999999999942756 0.999999999999991 0.9999999999999998 0.9999999999999998 0.9999999999999998
325.0 0.9983868411537796 0.9999974037374864 0.9999999958311903 0.9999999999933216 0.9999999999999892 0.9999999999999999 0.9999999999999999 0.9999999999999999
326.0 0.9983238532406775 0.9999971970299986 0.9999999953235437 0.999999999992216 0.9999999999999871 1.0 1.0 1.0
327.0 0.9982588159689394 0.9999969752899455 0.9999999947577843 0.9999999999909357 0.9999999999999843 1.0 1.0 1.0
328.0 0.9981916772121322 0.9999967375313794 0.999999994127692 0.9999999999894547 0.9999999999999811 1.0 1.0 1.0
329.0 0.9981223839489338 0.9999964827110618 0.9999999934264279 0.999999999987743 0.9999999999999772 1.0 1.0 1.0
330.0 0.9980508822581136 0.9999962097255922 0.9999999926464778 0.9999999999857664 0.9999999999999722 0.9999999999999998 0.9999999999999998 0.9999999999999998
331.0 0.9979771173135737 0.9999959174084199 0.9999999917795919 0.9999999999834863 0.9999999999999668 0.9999999999999998 0.9999999999999999 0.9999999999999999
332.0 0.9979010333797862 0.9999956045267305 0.9999999908167163 0.9999999999808582 0.99999999999996 0.9999999999999998 0.9999999999999999 0.9999999999999999
333.0 0.9978225738074897 0.9999952697782115 0.9999999897479234 0.9999999999778318 0.9999999999999523 1.0 1.0 1.0
334.0 0.997741681029307 0.999994911787683 0.9999999885623317 0.9999999999743491 0.9999999999999424 0.9999999999999997 0.9999999999999998 0.9999999999999998
335.0 0.9976582965556265 0.9999945291035999 0.999999987248025 0.9999999999703457 0.999999999999931 0.9999999999999998 0.9999999999999999 0.9999999999999999
336.0 0.9975723609710759 0.999994120194413 0.9999999857919583 0.9999999999657474 0.9999999999999177 0.9999999999999999 1.0 1.0
337.0 0.9974838139305477 0.999993683444791 0.9999999841798612 0.9999999999604697 0.9999999999999015 0.9999999999999999 1.0 1.0
338.0 0.9973925941561598 0.9999932171516975 0.9999999823961331 0.9999999999544177 0.999999999999882 0.9999999999999994 0.9999999999999998 0.9999999999999998
339.0 0.9972986394337198 0.9999927195203188 0.9999999804237285 0.9999999999474841 0.9999999999998593 0.9999999999999996 0.9999999999999999 0.9999999999999999
340.0 0.9972018866100328 0.9999921886598359 0.999999978244033 0.9999999999395461 0.999999999999832 0.9999999999999992 0.9999999999999997 0.9999999999999997
341.0 0.9971022715899609 0.9999916225790441 0.9999999758367335 0.9999999999304668 0.9999999999998003 0.9999999999999993 0.9999999999999999 0.9999999999999999
342.0 0.9969997293340402 0.9999910191818066 0.9999999731796733 0.9999999999200899 0.9999999999997626 0.9999999999999996 1.0000000000000002 1.0000000000000002
343.0 0.9968941938562361 0.9999903762623445 0.9999999702486995 0.999999999908239 0.9999999999997177 0.9999999999999991 1.0 1.0
344.0 0.9967855982217412 0.9999896915003589 0.9999999670175006 0.9999999998947161 0.9999999999996647 0.9999999999999989 1.0 1.0
345.0 0.9966738745453378 0.9999889624559738 0.9999999634574263 0.9999999998792973 0.9999999999996021 0.9999999999999986 0.9999999999999999 0.9999999999999999
346.0 0.996558953989717 0.9999881865645058 0.9999999595372996 0.9999999998617315 0.9999999999995288 0.9999999999999987 1.0000000000000002 1.0000000000000002
347.0 0.9964407667641758 0.9999873611310467 0.9999999552232107 0.9999999998417338 0.999999999999442 0.9999999999999981 1.0 1.0
348.0 0.9963192421237057 0.9999864833248641 0.9999999504783007 0.9999999998189862 0.99999999999934 0.9999999999999977 1.0 1.0
349.0 0.996194308367939 0.9999855501736046 0.9999999452625243 0.9999999997931298 0.9999999999992198 0.999999999999997 0.9999999999999999 0.9999999999999999
350.0 0.9960658928407764 0.9999845585573067 0.9999999395324003 0.9999999997637626 0.9999999999990791 0.9999999999999963 0.9999999999999999 0.9999999999999999
351.0 0.9959339219300701 0.9999835052022094 0.99999993324074 0.9999999997304324 0.9999999999989136 0.9999999999999952 0.9999999999999996 0.9999999999999996
352.0 0.9957983210674692 0.9999823866743591 0.9999999263363616 0.9999999996926341 0.9999999999987206 0.9999999999999948 1.0 1.0
353.0 0.9956590147288473 0.9999811993730042 0.999999918763777 0.9999999996497987 0.9999999999984942 0.9999999999999939 1.0000000000000002 1.0000000000000002
354.0 0.9955159264346132 0.9999799395237786 0.9999999104628652 0.9999999996012905 0.9999999999982283 0.9999999999999918 0.9999999999999997 0.9999999999999997
355.0 0.9953689787505684 0.9999786031716703 0.9999999013685206 0.9999999995464002 0.9999999999979188 0.9999999999999905 1.0 1.0
356.0 0.9952180932891151 0.9999771861737594 0.9999998914102705 0.9999999994843317 0.9999999999975572 0.9999999999999887 1.0000000000000002 1.0000000000000002
357.0 0.9950631907102631 0.9999756841917354 0.9999998805118765 0.9999999994141964 0.9999999999971347 0.999999999999986 0.9999999999999999 1.0
358.0 0.9949041907235217 0.9999740926841849 0.9999998685909052 0.9999999993350029 0.9999999999966428 0.9999999999999833 1.0000000000000002 1.0000000000000004
359.0 0.9947410120896311 0.9999724068986366 0.9999998555582658 0.9999999992456439 0.9999999999960694 0.9999999999999795 0.9999999999999998 0.9999999999999999
360.0 0.9945735726229558 0.9999706218633764 0.9999998413177259 0.9999999991448855 0.9999999999954025 0.9999999999999751 0.9999999999999997 0.9999999999999998
361.0 0.9944017891937206 0.9999687323790079 0.9999998257653876 0.999999999031353 0.9999999999946277 0.9999999999999706 1.0000000000000002 1.0000000000000004
362.0 0.9942255777308602 0.9999667330097688 0.9999998087891308 0.999999998903513 0.9999999999937267 0.9999999999999639 0.9999999999999996 0.9999999999999998
363.0 0.994044853225302 0.999964618074603 0.999999790268028 0.999999998759663 0.9999999999926816 0.9999999999999567 0.9999999999999996 0.9999999999999998
364.0 0.9938595297329521 0.9999623816379578 0.9999997700717105 0.9999999985979072 0.9999999999914703 0.9999999999999486 1.0 1.0000000000000004
365.0 0.9936695203787851 0.9999600175003358 0.9999997480596992 0.9999999984161378 0.999999999990066 0.9999999999999378 0.9999999999999997 1.0
366.0 0.993474737360418 0.9999575191885753 0.9999997240806978 0.9999999982120167 0.9999999999884407 0.9999999999999255 0.9999999999999997 1.0
367.0 0.9932750919528285 0.9999548799458619 0.9999996979718327 0.9999999979829459 0.9999999999865605 0.9999999999999105 0.9999999999999993 0.9999999999999999
368.0 0.9930704945125671 0.9999520927214662 0.9999996695578534 0.999999997726046 0.9999999999843882 0.9999999999998932 0.9999999999999993 1.0
369.0 0.9928608544828821 0.9999491501602054 0.9999996386502766 0.9999999974381226 0.9999999999818789 0.9999999999998719 0.9999999999999989 0.9999999999999998
370.0 0.9926460803989157 0.9999460445916261 0.9999996050464869 0.9999999971156397 0.9999999999789845 0.9999999999998473 0.999999999999999 1.0
371.0 0.9924260798932931 0.9999427680188975 0.9999995685287714 0.9999999967546797 0.9999999999756468 0.9999999999998176 0.9999999999999986 0.9999999999999999
372.0 0.992200759701885 0.9999393121074218 0.9999995288633086 0.9999999963509102 0.9999999999718024 0.9999999999997827 0.9999999999999984 1.0
373.0 0.9919700256700642 0.999935668173147 0.9999994857990858 0.999999995899539 0.9999999999673771 0.9999999999997411 0.999999999999998 1.0
374.0 0.9917337827593288 0.9999318271705927 0.999999439066761 0.9999999953952714 0.9999999999622873 0.9999999999996918 0.9999999999999974 1.0
375.0 0.9914919350540022 0.9999277796805679 0.9999993883774517 0.9999999948322594 0.9999999999564378 0.9999999999996335 0.9999999999999968 0.9999999999999999
376.0 0.9912443857683952 0.9999235158975928 0.9999993334214572 0.9999999942040485 0.9999999999497207 0.9999999999995647 0.9999999999999961 0.9999999999999999
377.0 0.9909910372545763 0.999919025617018 0.9999992738669045 0.9999999935035185 0.9999999999420128 0.9999999999994835 0.9999999999999953 0.9999999999999999
378.0 0.9907317910098955 0.9999142982218279 0.999999209358318 0.9999999927228205 0.9999999999331752 0.9999999999993878 0.9999999999999944 1.0
379.0 0.9904665476854557 0.9999093226691433 0.9999991395151071 0.9999999918533058 0.9999999999230496 0.9999999999992748 0.9999999999999932 1.0
380.0 0.9901952070943905 0.9999040874764027 0.9999990639299692 0.9999999908854519 0.9999999999114573 0.999999999999142 0.9999999999999918 1.0000000000000002
381.0 0.9899176682209496 0.9998985807072343 0.9999989821672017 0.9999999898087788 0.9999999998981953 0.9999999999989854 0.9999999999999899 1.0
382.0 0.9896338292296384 0.9998927899570084 0.9999988937609232 0.9999999886117608 0.9999999998830351 0.9999999999988016 0.9999999999999879 1.0000000000000002
383.0 0.9893435874747863 0.9998867023380675 0.999998798213193 0.9999999872817273 0.999999999865717 0.9999999999985854 0.999999999999985 0.9999999999999999
384.0 0.9890468395103196 0.9998803044646363 0.9999986949920322 0.99999998580476 0.9999999998459491 0.9999999999983321 0.999999999999982 1.0
385.0 0.9887434811002987 0.9998735824374113 0.999998583529333 0.9999999841655757 0.9999999998234004 0.9999999999980348 0.999999999999978 0.9999999999999998
386.0 0.9884334072293347 0.999866521827822 0.9999984632186609 0.9999999823474042 0.9999999997976993 0.999999999997687 0.9999999999999736 1.0
387.0 0.9881165121134895 0.9998591076619616 0.9999983334129344 0.9999999803318518 0.9999999997684251 0.9999999999972797 0.9999999999999681 1.0
388.0 0.9877926892117713 0.9998513244042018 0.9999981934219873 0.9999999780987576 0.9999999997351052 0.9999999999968036 0.9999999999999615 1.0
389.0 0.9874618312377896 0.9998431559404715 0.9999980425099999 0.9999999756260343 0.9999999996972071 0.9999999999962472 0.9999999999999536 1.0
390.0 0.9871238301716257 0.9998345855612035 0.9999978798927981 0.9999999728894974 0.9999999996541318 0.9999999999955974 0.9999999999999437 0.9999999999999997
391.0 0.9867785772723481 0.9998255959439615 0.9999977047350145 0.9999999698626821 0.9999999996052066 0.9999999999948399 0.9999999999999324 0.9999999999999997
392.0 0.9864259630907898 0.999816169135731 0.9999975161471022 0.9999999665166421 0.9999999995496757 0.9999999999939576 0.9999999999999192 1.0000000000000002
393.0 0.986065877482502 0.999806286534879 0.9999973131821982 0.9999999628197336 0.9999999994866894 0.9999999999929297 0.9999999999999029 1.0
394.0 0.9856982096213585 0.9997959288727937 0.9999970948328328 0.9999999587373845 0.9999999994152957 0.9999999999917336 0.9999999999998832 0.9999999999999998
395.0 0.9853228480134304 0.9997850761951909 0.9999968600274712 0.9999999542318427 0.9999999993344282 0.9999999999903435 0.9999999999998602 1.0
396.0 0.9849396805109933 0.9997737078430874 0.9999966076268847 0.9999999492619037 0.9999999992428904 0.9999999999887288 0.9999999999998327 1.0
397.0 0.9845485943271922 0.9997618024334581 0.9999963364203475 0.9999999437826202 0.9999999991393436 0.9999999999868544 0.9999999999997997 1.0
398.0 0.9841494760510792 0.9997493378395689 0.9999960451216481 0.9999999377449873 0.9999999990222902 0.9999999999846808 0.9999999999997606 1.0
399.0 0.9837422116626932 0.999736291170976 0.9999957323649071 0.999999931095603 0.9999999988900558 0.9999999999821623 0.9999999999997143 1.0000000000000004
400.0 0.9833266865488977 0.999722638753218 0.9999953967001983 0.9999999237763038 0.9999999987407683 0.9999999999792454 0.9999999999996587 1.0
401.0 0.9829027855192671 0.9997083561071832 0.9999950365889636 0.9999999157237744 0.9999999985723395 0.9999999999758713 0.9999999999995933 1.0000000000000002
402.0 0.982470392822632 0.9996934179281656 0.9999946503992102 0.999999906869123 0.9999999983824367 0.9999999999719703 0.9999999999995156 1.0000000000000002
403.0 0.9820293921636349 0.9996777980646034 0.999994236400489 0.99999989713743 0.9999999981684596 0.9999999999674638 0.9999999999994235 1.0
404.0 0.9815796667200436 0.9996614694965207 0.9999937927586406 0.9999998864472617 0.9999999979275102 0.9999999999622617 0.9999999999993143 0.9999999999999999
405.0 0.9811210991601669 0.9996444043136561 0.9999933175303034 0.9999998747101474 0.9999999976563605 0.9999999999562621 0.9999999999991858 1.0
406.0 0.9806535716607496 0.9996265736932953 0.9999928086571707 0.9999998618300177 0.9999999973514163 0.9999999999493466 0.9999999999990334 0.9999999999999999
407.0 0.9801769659250712 0.9996079478778068 0.9999922639599974 0.9999998477026061 0.999999997008681 0.9999999999413827 0.9999999999988541 1.0000000000000002
408.0 0.9796911632018019 0.9995884961518965 0.9999916811323348 0.9999998322148016 0.9999999966237092 0.999999999932217 0.9999999999986422 0.9999999999999999
409.0 0.9791960443036921 0.9995681868195652 0.999991057733997 0.9999998152439614 0.9999999961915638 0.9999999999216771 0.9999999999983931 1.0
410.0 0.9786914896270672 0.9995469871807984 0.9999903911842367 0.9999997966571689 0.9999999957067602 0.9999999999095649 0.9999999999980993 0.9999999999999999
411.0 0.9781773791713925 0.9995248635079788 0.9999896787546354 0.9999997763104451 0.9999999951632143 0.9999999998956568 0.999999999997754 0.9999999999999998
412.0 0.9776535925595523 0.9995017810220448 0.9999889175616836 0.999999754047901 0.9999999945541767 0.9999999998796981 0.9999999999973485 0.9999999999999999
413.0 0.9771200090580552 0.9994777038683738 0.9999881045590516 0.9999997297008324 0.9999999938721665 0.9999999998613992 0.9999999999968722 0.9999999999999998
414.0 0.976576507597867 0.9994525950924288 0.9999872365295375 0.999999703086754 0.9999999931088972 0.9999999998404325 0.9999999999963135 0.9999999999999998
415.0 0.976022966795636 0.9994264166151627 0.9999863100766799 0.9999996740083659 0.9999999922551946 0.9999999998164264 0.999999999995659 1.0000000000000002
416.0 0.9754592649751233 0.9993991292081831 0.9999853216160283 0.9999996422524491 0.9999999913009064 0.9999999997889586 0.9999999999948921 1.0000000000000002
417.0 0.9748852801890767 0.9993706924686989 0.9999842673660602 0.9999996075886916 0.9999999902348077 0.9999999997575529 0.9999999999939945 1.0
418.0 0.9743008902414962 0.9993410647942522 0.9999831433387321 0.9999995697684304 0.9999999890444924 0.9999999997216699 0.999999999992945 0.9999999999999998
419.0 0.9737059727101985 0.9993102033572439 0.9999819453296555 0.9999995285233149 0.9999999877162576 0.9999999996807 0.9999999999917192 0.9999999999999998
420.0 0.9731004049696826 0.9992780640792621 0.9999806689078857 0.9999994835638789 0.9999999862349767 0.9999999996339545 0.9999999999902884 1.0
421.0 0.9724840642145748 0.9992446016052403 0.9999793094053139 0.9999994345780219 0.9999999845839598 0.9999999995806554 0.9999999999886194 1.0
422.0 0.9718568274829991 0.9992097692774221 0.9999778619056504 0.9999993812293926 0.9999999827448047 0.9999999995199256 0.9999999999866741 0.9999999999999999
423.0 0.9712185716808533 0.9991735191091957 0.9999763212329881 0.9999993231556673 0.999999980697232 0.9999999994507767 0.999999999984409 1.0
424.0 0.9705691736058668 0.9991358017587495 0.9999746819399324 0.9999992599667189 0.9999999784189043 0.999999999372094 0.9999999999817734 1.0000000000000002
425.0 0.9699085099725638 0.9990965665026282 0.9999729382952915 0.9999991912426713 0.9999999758852333 0.9999999992826233 0.9999999999787084 1.0
426.0 0.9692364574369635 0.9990557612091336 0.9999710842713111 0.9999991165318325 0.999999973069168 0.999999999180954 0.999999999975148 1.0
427.0 0.968552892622129 0.9990133323116444 0.9999691135304404 0.9999990353484962 0.9999999699409624 0.9999999990654992 0.9999999999710146 1.0000000000000002
428.0 0.9678576921438276 0.998969224781837 0.9999670194116247 0.9999989471706117 0.9999999664679268 0.9999999989344762 0.9999999999662199 1.0000000000000002
429.0 0.9671507326363417 0.9989233821028146 0.9999647949161055 0.9999988514373087 0.999999962614155 0.999999998785883 0.9999999999606619 0.9999999999999999
430.0 0.9664318907792203 0.9988757462422162 0.9999624326927229 0.9999987475462748 0.9999999583402314 0.9999999986174744 0.999999999954225 1.0
431.0 0.9657010433235268 0.9988262576252238 0.9999599250227001 0.9999986348509713 0.999999953602908 0.9999999984267312 0.9999999999467754 1.0000000000000002
432.0 0.9649580671189792 0.9987748551075816 0.9999572638039077 0.9999985126576852 0.9999999483547591 0.9999999982108297 0.9999999999381594 0.9999999999999998
433.0 0.9642028391413288 0.9987214759485995 0.9999544405345928 0.99999838022241 0.9999999425438075 0.9999999979666103 0.9999999999282033 1.0
434.0 0.9634352365199212 0.9986660557841497 0.9999514462965546 0.9999982367475352 0.9999999361131134 0.9999999976905334 0.9999999999167062 0.9999999999999999
435.0 0.9626551365655927 0.998608528599696 0.9999482717377679 0.9999980813783521 0.9999999290003385 0.9999999973786422 0.9999999999034402 1.0000000000000002
436.0 0.9618624167988329 0.9985488267033568 0.9999449070544288 0.9999979131993508 0.9999999211372659 0.9999999970265118 0.9999999998881434 1.0
437.0 0.9610569549784627 0.9984868806990536 0.9999413419724259 0.9999977312303117 0.9999999124492885 0.9999999966292007 0.9999999998705185 0.9999999999999999
438.0 0.9602386291304815 0.9984226194597279 0.999937565728212 0.9999975344221691 0.9999999028548514 0.9999999961811915 0.9999999998502259 1.0
439.0 0.9594073175769106 0.9983559701006395 0.9999335670490723 0.9999973216526453 0.9999998922648501 0.9999999956763279 0.9999999998268786 0.9999999999999999
440.0 0.958562898965499 0.9982868579528352 0.9999293341327813 0.9999970917216423 0.9999998805819843 0.9999999951077464 0.9999999998000364 1.0
441.0 0.9577052522992286 0.9982152065367215 0.9999248546266283 0.9999968433463746 0.9999998677000568 0.9999999944677975 0.9999999997691978 0.9999999999999999
442.0 0.9568342569664013 0.9981409375358329 0.9999201156058101 0.9999965751562393 0.9999998535032205 0.9999999937479631 0.9999999997337933 0.9999999999999998
443.0 0.9559497927707457 0.9980639707707659 0.9999151035511746 0.999996285687405 0.9999998378651662 0.9999999929387628 0.9999999996931758 0.9999999999999999
444.0 0.9550517399619141 0.9979842241733369 0.9999098043263073 0.9999959733771085 0.9999998206482461 0.9999999920296507 0.9999999996466103 0.9999999999999999
445.0 0.9541399792663157 0.9979016137609826 0.9999042031539529 0.9999956365576501 0.9999998017025338 0.9999999910089045 0.9999999995932634 0.9999999999999999
446.0 0.9532143919181895 0.9978160536114205 0.9998982845917596 0.9999952734500676 0.9999997808648097 0.9999999898635004 0.9999999995321898 0.9999999999999998
447.0 0.9522748596905486 0.9977274558375578 0.9998920325073368 0.9999948821574808 0.9999997579574728 0.9999999885789792 0.9999999994623197 1.0
448.0 0.9513212649270854 0.9976357305627753 0.999885430052621 0.9999944606580876 0.9999997327873676 0.9999999871392949 0.9999999993824401 1.0
449.0 0.9503534905735292 0.9975407858964755 0.9998784596375383 0.9999940067978034 0.9999997051445294 0.9999999855266545 0.9999999992911806 1.0000000000000002
450.0 0.9493714202098629 0.9974425279100471 0.9998711029029563 0.9999935182825196 0.9999996748008315 0.9999999837213362 0.9999999991869903 1.0
451.0 0.9483749380823896 0.9973408606131839 0.9998633406929206 0.999992992669976 0.9999996415085384 0.9999999817014963 0.999999999068119 1.0
452.0 0.9473639291360119 0.9972356859306137 0.9998551530261616 0.9999924273612214 0.9999996049987506 0.9999999794429525 0.9999999989325891 1.0
453.0 0.9463382790470783 0.997126903679305 0.9998465190668767 0.9999918195916532 0.9999995649797402 0.9999999769189502 0.9999999987781699 1.0
454.0 0.9452978742559285 0.9970144115460906 0.9998374170947705 0.9999911664216158 0.9999995211351659 0.9999999740999056 0.9999999986023463 0.9999999999999998
455.0 0.9442426020000877 0.996898105065837 0.9998278244743578 0.9999904647265434 0.9999994731221649 0.9999999709531278 0.9999999984022859 1.0000000000000002
456.0 0.9431723503471882 0.9967778776000821 0.9998177176235113 0.9999897111866212 0.999999420569304 0.9999999674425084 0.9999999981747969 1.0
457.0 0.9420870082285773 0.9966536203162911 0.9998070719812702 0.999988902275962 0.9999993630743977 0.9999999635281922 0.9999999979162899 1.0
458.0 0.9409864654726837 0.9965252221676427 0.9997958619748855 0.9999880342512656 0.9999993002021674 0.9999999591662111 0.9999999976227288 1.0000000000000002
459.0 0.9398706128385993 0.996392569873433 0.9997840609861094 0.9999871031399465 0.999999231481743 0.9999999543080862 0.999999997289577 1.0000000000000002
460.0 0.9387393420500462 0.996255547900151 0.9997716413167321 0.9999861047277168 0.9999991564039958 0.9999999489003979 0.999999996911741 0.9999999999999999
461.0 0.9375925458293597 0.9961140384432088 0.9997585741533547 0.9999850345455958 0.9999990744186912 0.9999999428843143 0.9999999964835052 1.0
462.0 0.9364301179314337 0.9959679214093516 0.9997448295313994 0.9999838878563304 0.9999989849314473 0.9999999361950779 0.9999999959984581 1.0000000000000002
463.0 0.9352519531780324 0.9958170743998322 0.999730376298367 0.9999826596402069 0.9999988873004974 0.9999999287614508 0.9999999954494149 0.9999999999999999
464.0 0.9340579474920936 0.9956613726943319 0.9997151820763334 0.9999813445802336 0.999998780833236 0.9999999205051099 0.9999999948283285 1.0
465.0 0.9328479979321075 0.9955006892356696 0.9996992132236884 0.9999799370466669 0.9999986647825387 0.9999999113399872 0.9999999941261908 1.0
466.0 0.9316220027268802 0.9953348946153786 0.9996824347961311 0.999978431080871 0.9999985383428467 0.9999999011715592 0.9999999933329258 0.9999999999999999
467.0 0.9303798613098188 0.9951638570600635 0.9996648105069079 0.9999768203784799 0.9999984006459988 0.999999889896073 0.9999999924372702 1.0
468.0 0.9291214743538463 0.9949874424187182 0.9996463026863163 0.9999750982718415 0.9999982507567967 0.9999998773997054 0.99999999142664 1.0
469.0 0.9278467438061413 0.994805514150935 0.9996268722404713 0.9999732577117276 0.999998087668293 0.9999998635576562 0.9999999902869856 0.9999999999999997
470.0 0.9265555729229071 0.9946179333160621 0.9996064786093457 0.9999712912482812 0.999997910296784 0.9999998482331641 0.9999999890026325 0.9999999999999999
471.0 0.9252478663041667 0.9944245585633394 0.9995850797240877 0.9999691910111782 0.9999977174764894 0.9999998312764391 0.9999999875561011 1.0000000000000004
472.0 0.9239235299288401 0.9942252461230903 0.9995626319636374 0.9999669486889867 0.9999975079539078 0.9999998125235116 0.9999999859279125 1.0000000000000002
473.0 0.92258247118952 0.9940198497989147 0.9995390901106426 0.9999645555076977 0.9999972803818298 0.9999997917949882 0.9999999840963754 0.9999999999999999
474.0 0.9212245989274164 0.9938082209609841 0.9995144073066895 0.9999620022084017 0.9999970333129852 0.999999768894705 0.9999999820373475 1.0000000000000002
475.0 0.9198498234674223 0.9935902085404673 0.9994885350068656 0.99995927902409 0.9999967651933114 0.9999997436082723 0.9999999797239746 1.0
476.0 0.9184580566527621 0.9933656590250423 0.9994614229336641 0.9999563756555628 0.9999964743548263 0.9999997157015104 0.9999999771264071 0.9999999999999998
477.0 0.9170492118802652 0.9931344164556827 0.9994330190302579 0.9999532812464128 0.9999961590080778 0.9999996849187559 0.9999999742114846 0.9999999999999999
478.0 0.9156232041349786 0.9928963224245552 0.9994032694131421 0.9999499843570644 0.9999958172341553 0.9999996509810392 0.9999999709423909 1.0000000000000002
479.0 0.914179950024992 0.9926512160741976 0.9993721183241814 0.9999464729378483 0.9999954469762401 0.9999996135841194 0.9999999672782761 1.0000000000000002
480.0 0.9127193678164633 0.9923989340980148 0.9993395080820842 0.9999427343010879 0.999995046030675 0.9999995723963719 0.9999999631738438 0.9999999999999999
481.0 0.9112413774680389 0.9921393107419867 0.9993053790333053 0.9999387550921696 0.9999946120375259 0.9999995270565125 0.9999999585788963 1.0
482.0 0.9097459006655833 0.9918721778077747 0.9992696695024234 0.9999345212595797 0.9999941424706127 0.9999994771711473 0.9999999534378369 0.9999999999999999
483.0 0.908232860856859 0.9915973646572084 0.9992323157420157 0.999930018023889 0.9999936346269929 0.9999994223121476 0.9999999476891289 1.0000000000000002
484.0 0.9067021832857421 0.991314698218098 0.999193251882037 0.9999252298456509 0.9999930856158575 0.9999993620138181 0.9999999412646984 0.9999999999999999
485.0 0.9051537950266327 0.991024002991536 0.9991524098787612 0.9999201403922082 0.9999924923468326 0.9999992957698697 0.9999999340892889 0.9999999999999998
486.0 0.9035876250187689 0.9907251010606577 0.9991097194632956 0.9999147325033733 0.9999918515176411 0.9999992230301598 0.99999992607975 0.9999999999999999
487.0 0.9020036040999686 0.9904178121008081 0.9990651080896978 0.9999089881559677 0.9999911596011113 0.9999991431972036 0.9999999171442647 1.0000000000000002
488.0 0.9004016650409551 0.9901019533913675 0.9990185008827553 0.9999028884272037 0.9999904128314958 0.9999990556224319 0.9999999071815068 1.0
489.0 0.8987817425786051 0.989777339828943 0.9989698205854204 0.9998964134568814 0.9999896071900788 0.9999989596021845 0.9999998960797214 1.0
490.0 0.8971437734499276 0.9894437839423109 0.9989189875059857 0.9998895424083907 0.9999887383900339 0.9999988543734194 0.9999998837157252 1.0
491.0 0.895487696425119 0.9891010959088149 0.9988659194649946 0.9998822534284917 0.999987801860509 0.9999987391091214 0.9999998699538156 0.9999999999999998
492.0 0.8938134523408476 0.9887490835724779 0.9988105317419611 0.9998745236058663 0.9999867927299043 0.9999986129133943 0.9999998546445881 0.9999999999999998
493.0 0.8921209841331497 0.9883875524637324 0.9987527370219214 0.9998663289284152 0.9999857058083113 0.9999984748162135 0.9999998376236464 0.9999999999999999
494.0 0.8904102368701867 0.9880163058208505 0.9986924453418717 0.9998576442392936 0.9999845355690805 0.9999983237678217 0.9999998187102045 0.9999999999999998
495.0 0.8886811577845054 0.9876351446130228 0.9986295640371272 0.9998484431916653 0.9999832761294873 0.9999981586327477 0.9999997977055683 0.9999999999999998
496.0 0.8869336963055159 0.9872438675652693 0.9985639976876701 0.9998386982021666 0.9999819212304574 0.9999979781834215 0.999999774391487 0.9999999999999999
497.0 0.8851678040911506 0.9868422711849821 0.9984956480645071 0.9998283804030645 0.9999804642153208 0.9999977810933696 0.9999997485283666 1.0
498.0 0.8833834350596296 0.9864301497903296 0.9984244140761152 0.9998174595931031 0.9999788980075597 0.9999975659299596 0.9999997198533338 1.0
499.0 0.8815805454207241 0.9860072955404103 0.9983501917150113 0.9998059041870249 0.9999772150875118 0.9999973311466751 0.9999996880781393 0.9999999999999998
500.0 0.8797590937068421 0.9855734984672567 0.9982728740045114 0.9997936811637641 0.999975407467997 0.9999970750748917 0.9999996528868899 1.0
501.0 0.8779190408036726 0.9851285465096468 0.9981923509457239 0.9997807560132994 0.9999734666688246 0.9999967959151239 0.9999996139335919 0.9999999999999999
502.0 0.8760603499804168 0.9846722255487566 0.9981085094648428 0.9997670926821699 0.9999713836901546 0.9999964917277245 0.9999995708395016 1.0000000000000004
503.0 0.8741829869200131 0.9842043194457671 0.99802123336081 0.9997526535176442 0.9999691489846612 0.9999961604229926 0.999999523190256 0.9999999999999999
504.0 0.8722869197485476 0.9837246100812602 0.9979304032533867 0.9997373992105494 0.9999667524284789 0.9999957997506769 0.9999994705327846 1.0
505.0 0.8703721190645844 0.9832328773965863 0.997835896531714 0.9997212887367507 0.9999641832908732 0.9999954072888233 0.9999994123719671 0.9999999999999999
506.0 0.868438557967954 0.9827288994371247 0.9977375873034231 0.9997042792972971 0.999961430202616 0.999994980431952 0.9999993481670388 1.0
507.0 0.8664862120881834 0.9822124523974881 0.9976353463443606 0.999686326257228 0.9999584811230148 0.9999945163785164 0.9999992773277119 1.0000000000000002
508.0 0.8645150596125631 0.9816833106686907 0.9975290410490033 0.9996673830830541 0.9999553233055645 0.9999940121176153 0.9999991992099999 0.9999999999999999
509.0 0.8625250813135443 0.9811412468872159 0.9974185353816167 0.999647401278921 0.9999519432621815 0.9999934644149231 0.9999991131117275 1.0
510.0 0.8605162605759892 0.9805860319861288 0.9973036898282522 0.9996263303214649 0.9999483267259784 0.9999928697977906 0.9999990182676951 0.9999999999999999
511.0 0.8584885834237708 0.980017435248121 0.9971843613496382 0.9996041175933794 0.9999444586125493 0.9999922245394911 0.9999989138444869 0.9999999999999998
512.0 0.8564420385459084 0.9794352243605399 0.9970604033350425 0.999580708315707 0.9999403229797189 0.9999915246425605 0.9999987989348921 0.9999999999999998
513.0 0.854376617322109 0.9788391654723793 0.9969316655571797 0.9995560454788737 0.9999359029857245 0.9999907658211937 0.9999986725519149 0.9999999999999999
514.0 0.8522923138481914 0.9782290232533765 0.9967979941282689 0.999530069772497 0.9999311808457921 0.9999899434826571 0.9999985336223505 0.9999999999999999
515.0 0.8501891249604335 0.9776045609549463 0.9966592314572627 0.9995027195139817 0.9999261377870686 0.9999890527076688 0.9999983809798965 0.9999999999999999
516.0 0.8480670502597786 0.9769655404732265 0.9965152162083861 0.999473930575939 0.9999207540018772 0.9999880882297052 0.9999982133577726 1.0
517.0 0.8459260921353892 0.9763117224140913 0.9963657832610349 0.9994436363124578 0.9999150085992576 0.9999870444131842 0.9999980293808158 1.0
518.0 0.8437662557876663 0.9756428661601734 0.9962107636711254 0.9994117674842647 0.9999088795547635 0.9999859152304827 0.9999978275570252 1.0000000000000002
519.0 0.8415875492504276 0.9749587299397937 0.9960499846339557 0.9993782521828014 0.9999023436584739 0.999984694237733 0.9999976062685142 1.0000000000000002
520.0 0.8393899834128896 0.9742590708980023 0.9958832694487109 0.9993430157532736 0.9998953764611976 0.9999833745493554 0.9999973637618453 1.0
521.0 0.8371735720409897 0.973543645169587 0.995710437484666 0.9993059807167076 0.999887952218835 0.9999819488112727 0.9999970981377039 1.0
522.0 0.834938331797593 0.9728122079538941 0.9955313041491369 0.9992670666910546 0.9998800438348641 0.999980409172755 0.9999968073398748 1.0
523.0 0.8326842822627816 0.9720645135918424 0.9953456808573573 0.9992261903114115 0.9998716228009323 0.9999787472568437 0.9999964891434847 1.0
524.0 0.830411445953007 0.9713003156447315 0.9951533750042805 0.9991832651493965 0.9998626591355223 0.9999769541293017 0.9999961411424664 0.9999999999999996
525.0 0.8281198483398157 0.9705193669750639 0.9949541899384454 0.9991382016317458 0.9998531213206686 0.9999750202660351 0.9999957607362041 0.9999999999999999
526.0 0.8258095178677703 0.969721419829245 0.9947479249379652 0.9990909069581851 0.9998429762367012 0.999972935518928 0.9999953451153089 1.0
527.0 0.8234804859717666 0.9689062259222191 0.9945343751887511 0.9990412850186525 0.9998321890950029 0.9999706890800434 0.9999948912464898 1.0000000000000002
528.0 0.8211327870936804 0.9680735365240016 0.9943133317650483 0.9989892363099313 0.9998207233687565 0.9999682694441266 0.9999943958564601 1.0
529.0 0.8187664586981053 0.96722310254801 0.9940845816123567 0.9989346578517673 0.9998085407216678 0.9999656643693576 0.9999938554148367 1.0
530.0 0.8163815412878732 0.9663546746414176 0.9938479075328881 0.9988774431025585 0.9997956009346566 0.9999628608362952 0.9999932661159755 0.9999999999999999
531.0 0.8139780784180911 0.9654680032770633 0.9936030881735333 0.9988174818746722 0.9997818618304986 0.9999598450049566 0.999992623859695 0.9999999999999999
532.0 0.8115561167101347 0.964562838847408 0.9933498980165623 0.9987546602495039 0.9997672791964191 0.9999566021699752 0.9999919242308267 0.9999999999999999
533.0 0.8091157058645669 0.9636389317601464 0.9930881073730528 0.9986888604923453 0.9997518067046316 0.9999531167137774 0.9999911624775393 0.9999999999999999
534.0 0.8066568986732475 0.9626960325355411 0.9928174823791562 0.9986199609671588 0.9997353958308206 0.9999493720577258 0.999990333488376 1.0
535.0 0.8041797510306984 0.961733891905475 0.9925377849952979 0.9985478360513534 0.9997179957705725 0.9999453506111664 0.9999894317679445 1.0000000000000002
536.0 0.8016843219449117 0.9607522609142685 0.9922487730084207 0.9984723560506724 0.9996995533537658 0.9999410337183289 0.9999884514111979 1.0
537.0 0.7991706735470426 0.959750891021017 0.9919502000373006 0.9983933871142787 0.9996800129569262 0.9999364016030227 0.9999873860762414 1.0000000000000002
538.0 0.7966388711004823 0.9587295342035994 0.9916418155410648 0.9983107911501568 0.9996593164135622 0.9999314333110695 0.9999862289555974 1.0
539.0 0.7940889830089586 0.9576879430641951 0.9913233648309714 0.9982244257409394 0.9996374029225066 0.9999261066504277 0.9999849727458685 1.0
540.0 0.7915210808240679 0.9566258709364245 0.9909945890855685 0.9981341440602803 0.99961420895428 0.9999203981289457 0.999983609615718 0.9999999999999998
541.0 0.7889352392517776 0.9555430719938971 0.9906552253692709 0.9980397947898838 0.9995896681555121 0.999914282889702 0.9999821311721098 1.0000000000000002
542.0 0.7863315361579225 0.954439301360126 0.9903050066544246 0.9979412220373053 0.9995637112514419 0.9999077346438711 0.9999805284247245 1.0000000000000002
543.0 0.7837100525733407 0.9533143152200415 0.9899436618470346 0.997838265254687 0.999536265946556 0.9999007256010829 0.9999787917484891 1.0
544.0 0.7810708726975314 0.952167870932588 0.9895709158160761 0.9977307591585033 0.9995072568233826 0.9998932263972127 0.999976910844138 0.9999999999999998
545.0 0.7784140839020051 0.9509997271448527 0.9891864894266259 0.9976185336505039 0.9994766052395118 0.9998852060195691 0.9999748746967319 1.0
546.0 0.7757397767323323 0.9498096439072533 0.9887900995767487 0.9975014137399468 0.9994442292228793 0.9998766317294318 0.999972671532059 0.9999999999999999
547.0 0.7730480449094949 0.9485973827899976 0.9883814592382978 0.9973792194672945 0.9994100433653882 0.999867468981908 0.9999702887708442 1.0
548.0 0.7703389853302933 0.9473627070006487 0.9879602775016557 0.9972517658294952 0.9993739587149185 0.9998576813430625 0.9999677129806784 1.0
549.0 0.7676126980669277 0.9461053815028034 0.9875262596245065 0.9971188627070136 0.9993358826658115 0.9998472304042954 0.9999649298256024 1.0
550.0 0.7648692863655502 0.9448251731357291 0.9870791070846653 0.9969803147927431 0.9992957188478924 0.9998360756939357 0.9999619240132542 1.0000000000000002
551.0 0.7621088566439382 0.943521850734973 0.9866185176370524 0.9968359215229636 0.9992533670141219 0.9998241745860256 0.9999586792395085 1.0
552.0 0.7593315184881678 0.942195185253826 0.9861441853748468 0.9966854770104936 0.999208722926967 0.9998114822062749 0.9999551781305275 1.0000000000000002
553.0 0.7565373846486476 0.94084494988575 0.9856558007949326 0.9965287699802104 0.9991616782435828 0.9997979513351656 0.9999514021821373 0.9999999999999999
554.0 0.7537265710347795 0.9394709201873623 0.985153050867572 0.9963655837070693 0.9991121203999123 0.9997835323082 0.9999473316964649 1.0
555.0 0.7508991967090753 0.9380728742023002 0.9846356191104823 0.9961956959568146 0.9990599324938088 0.9997681729132766 0.9999429457157413 1.0
556.0 0.7480553838800031 0.9366505925855547 0.984103185667245 0.9960188789295221 0.9990049931673013 0.9997518182851985 0.9999382219532074 0.9999999999999999
557.0 0.7451952578941349 0.9352038587284832 0.9835554273901813 0.9958348992061622 0.9989471764881244 0.9997344107973142 0.9999331367210387 1.0
558.0 0.7423189472271211 0.9337324588841938 0.9829920179276452 0.995643517698326 0.9988863518306375 0.9997158899502976 0.9999276648552163 1.0000000000000002
559.0 0.7394265834739969 0.9322361822934869 0.9824126278158624 0.9954444896013181 0.9988223837562804 0.999696192258087 0.9999217796372725 1.0
560.0 0.7365183013381296 0.9307148213109296 0.9818169245752085 0.9952375643507393 0.9987551318936954 0.9996752511310003 0.999915452712839 0.9999999999999997
561.0 0.733594238619527 0.9291681715313538 0.9812045728110912 0.9950224855827797 0.998684450818678 0.9996529967560565 0.999908654006931 1.0
562.0 0.7306545362020644 0.9275960319164752 0.9805752343193618 0.9947989910983603 0.9986101899341038 0.999629355974534 0.9999013516358951 1.0000000000000002
563.0 0.7276993380396098 0.9259982049215476 0.979928568196277 0.9945668128313035 0.9985321933500022 0.9996042521568157 0.9998935118159695 1.0
564.0 0.7247287911415246 0.9243744966222223 0.979264230953111 0.9943256768207306 0.998450299763952 0.9995776050745667 0.9998850987683883 1.0000000000000002
565.0 0.7217430455567347 0.9227247168411028 0.9785818766352519 0.9940753031878017 0.9983643423419578 0.9995493307702951 0.9998760746209736 1.0
566.0 0.7187422543572191 0.921048679274373 0.9778811569459713 0.993815406117039 0.9982741486000205 0.9995193414243776 0.9998663993061745 1.0
567.0 0.7157265736201708 0.9193462016180025 0.9771617213746887 0.9935456938423383 0.9981795402865632 0.9994875452196066 0.9998560304554913 1.0
568.0 0.7126961624096037 0.917617105693882 0.9764232173299028 0.9932658686379099 0.998080333265942 0.9994538462033561 0.9998449232902562 1.0
569.0 0.7096511827565694 0.9158612175753298 0.9756652902765767 0.9929756268142433 0.9979763374032161 0.9994181441474473 0.9998330305087254 0.9999999999999998
570.0 0.7065917996385764 0.9140783677122184 0.9748875838780952 0.9926746587193158 0.9978673564504097 0.9993803344058236 0.9998203021694573 1.0
571.0 0.7035181809581386 0.9122683910555931 0.9740897401427497 0.9923626487452012 0.9977531879344768 0.9993403077701376 0.9998066855709465 1.0000000000000002
572.0 0.7004304975201827 0.9104311271815417 0.9732713995746572 0.9920392753402226 0.9976336230471896 0.9992979503233773 0.9997921251275032 1.0000000000000002
573.0 0.6973289230084929 0.9085664204143231 0.9724322013291116 0.9917042110268216 0.9975084465371806 0.9992531432916563 0.9997765622413604 1.0
574.0 0.6942136339612875 0.9066741199487246 0.9715717833723533 0.9913571224253107 0.9973774366043792 0.9992057628943106 0.9997599351710108 1.0
575.0 0.6910848097457699 0.9047540799714638 0.9706897826456657 0.9909976702836497 0.9972403647970755 0.9991556801924516 0.999742178895774 1.0
576.0 0.687942632531784 0.9028061597816228 0.9697858352337801 0.9906255095134106 0.997096995911867 0.9991027609361368 0.9997232249766117 1.0
577.0 0.6847872872643197 0.9008302239098634 0.9688595765374527 0.9902402892320454 0.9969470878967224 0.9990468654103262 0.99970300141321 1.0000000000000004
578.0 0.6816189616352968 0.8988261422365972 0.9679106414502701 0.9898416528116505 0.9967903917574372 0.9989878482798108 0.9996814324973616 0.9999999999999999
579.0 0.6784378460543086 0.8967937901088207 0.9669386645395229 0.9894292379343306 0.9966266514677342 0.9989255584333078 0.999658438662694 1.0
580.0 0.6752441336183207 0.8947330484555147 0.9659432802310567 0.9890026766542832 0.9964556038832552 0.9988598388269103 0.9996339363307826 1.0
581.0 0.6720380200806056 0.8926438039016968 0.9649241229981099 0.9885615954667799 0.9962769786597443 0.9987905263271319 0.9996078377537304 1.0
582.0 0.6688197038185821 0.8905259488808156 0.9638808275539391 0.9881056153841096 0.9960904981756609 0.9987174515537464 0.9995800508532716 0.9999999999999999
583.0 0.6655893858008965 0.8883793817456158 0.9628130290482441 0.9876343520186526 0.9958958774595219 0.9986404387226765 0.9995504790564954 1.0
584.0 0.6623472695533936 0.8862040068771466 0.9617203632671745 0.9871474156731394 0.9956928241222235 0.9985593054891662 0.9995190211282805 0.9999999999999999
585.0 0.6590935611243779 0.8839997347920824 0.9606024668369408 0.986644411438256 0.995481038294648 0.9984738627915068 0.9994855710005587 1.0
586.0 0.6558284690487773 0.8817664822480056 0.9594589774307855 0.986124939297631 0.9952602125708058 0.9983839146955715 0.9994500175985213 1.0000000000000002
587.0 0.6525522043115181 0.8795041723467614 0.9582895339792936 0.9855885942403373 0.995030031956815 0.9982892582404489 0.9994122446639127 1.0000000000000002
588.0 0.6492649803101075 0.8772127346357932 0.9570937768839238 0.9850349663809895 0.9947901738259983 0.9981896832854642 0.9993721305755591 1.0
589.0 0.6459670128160006 0.8748921052070686 0.9558713482334673 0.9844636410874356 0.9945403078803455 0.9980849723588744 0.9993295481672916 1.0
590.0 0.642658519935543 0.8725422267940524 0.9546218920235826 0.9838741991162345 0.9942800961186793 0.9979749005085701 0.9992843645434503 0.9999999999999999
591.0 0.6393397220697781 0.8701630488661409 0.9533450543790098 0.9832662167558606 0.9940091928117514 0.9978592351550853 0.9992364408921577 1.0
592.0 0.6360108418733815 0.8677545277206448 0.9520404837783986 0.9826392659777103 0.9937272444845616 0.9977377359472464 0.9991856322965655 1.0000000000000002
593.0 0.6326721042129532 0.8653166265723929 0.9507078312816898 0.981992914594999 0.9934338899061959 0.9976101546208113 0.9991317875443088 0.9999999999999999
594.0 0.629323736124333 0.862849315640631 0.9493467507597595 0.9813267264295042 0.9931287600874259 0.9974762348604317 0.9990747489353952 0.9999999999999999
595.0 0.6259659667691405 0.8603525722332644 0.947956899126233 0.9806402614862069 0.9928114782863523 0.9973357121652981 0.9990143520887859 0.9999999999999999
596.0 0.6225990273905505 0.857826380828367 0.9465379365713066 0.9799330761358415 0.9924816600223612 0.9971883137188366 0.9989504257479425 1.0
597.0 0.6192231512682552 0.8552707331528321 0.9450895267973761 0.9792047233053336 0.9921389130986428 0.9970337582628195 0.9988827915856174 1.0
598.0 0.6158385736726278 0.8526856282580866 0.9436113372562981 0.978454752676113 0.9917828376335311 0.9968717559762725 0.9988112640081936 0.9999999999999999
599.0 0.6124455318181918 0.8500710725928622 0.9421030393881392 0.9776827108902953 0.9914130261009196 0.9967020083595651 0.9987356499598905 1.0000000000000002
600.0 0.6090442648162261 0.8474270800728074 0.9405643088611467 0.9768881417646508 0.9910290633799731 0.9965242081240602 0.9986557487271591 0.9999999999999998
601.0 0.6056350136268274 0.8447536721471057 0.93899482581289 0.9760705865123892 0.9906305268144112 0.9963380390877439 0.9985713517436341 1.0
602.0 0.6022180210100752 0.8420508778617415 0.9373942750922073 0.9752295839726071 0.990216986281539 0.9961431760772036 0.9984822423959798 1.0000000000000002
603.0 0.5987935314765379 0.8393187339195174 0.9357623465018654 0.9743646708473831 0.9897880042712739 0.9959392848363784 0.9983881958310308 1.0000000000000002
604.0 0.5953617912371814 0.8365572847367928 0.9340987350417463 0.9734753819464482 0.9893431359753825 0.9957260219424868 0.9982889787646104 1.0
605.0 0.5919230481525535 0.8337665824967688 0.9324031411522967 0.9725612504393003 0.9888819293871056 0.9955030347295322 0.9981843492924392 0.9999999999999999
606.0 0.5884775516812649 0.8309466871992522 0.9306752709580225 0.9716218081146555 0.9884039254113611 0.9952699612197959 0.9980740567035498 1.0
607.0 0.5850255528278941 0.8280976667069325 0.9289148365108773 0.9706565856471452 0.9879086579857141 0.9950264300637357 0.9979578412966539 1.0
608.0 0.581567304090278 0.8252195967880667 0.9271215560333005 0.9696651128711147 0.9873956542122738 0.9947720604886963 0.997835434199908 1.0
609.0 0.5781030594061225 0.8223125611554455 0.9252951541606437 0.9686469190613531 0.9868644345006536 0.9945064622568341 0.9977065571945375 0.9999999999999997
610.0 0.5746330740992284 0.8193766515018193 0.9234353621829101 0.9676015332206795 0.9863145127221765 0.9942292356326866 0.9975709225428083 0.9999999999999999
611.0 0.5711576048248477 0.8164119675313112 0.921541918285322 0.9665284843740692 0.9857453963753711 0.9939399713607437 0.9974282328208094 1.0
612.0 0.5676769095147255 0.8134186169872148 0.9196145677877694 0.9654273018692966 0.9851565867629533 0.993638250653474 0.9972781807565727 1.0
613.0 0.5641912473216402 0.8103967156759654 0.9176530633828159 0.9642975156838435 0.9845475791803571 0.9933236451901749 0.9971204490740285 1.0
614.0 0.5607008785631941 0.8073463874870033 0.9156571653718769 0.9631386567377821 0.9839178631158466 0.9929957171270177 0.9969547103433023 0.9999999999999999
615.0 0.5572060646653669 0.8042677644089156 0.9136266418996182 0.9619502572125697 0.9832669224623567 0.9926540191187087 0.9967806268379048 0.9999999999999997
616.0 0.5537070681054397 0.8011609865414611 0.9115612691861155 0.9607318508753941 0.9825942357410372 0.9922980943521048 0.9965978503993325 1.0000000000000002
617.0 0.5502041523546071 0.7980262021037023 0.9094608317567119 0.9594829734089286 0.9818992763365819 0.9919274765921724 0.9964060223096292 1.0
618.0 0.5466975818199824 0.7948635674379338 0.9073251226691638 0.9582031627461356 0.9811815127442988 0.9915416902406193 0.9962047731724534 1.0000000000000002
619.0 0.5431876217864334 0.7916732470097456 0.9051539437380826 0.956891959409996 0.9804404088289856 0.9911402504075729 0.9959937228032084 1.0
620.0 0.5396745383577468 0.7884554134037304 0.9029471057561389 0.9555489068577108 0.9796754240954934 0.9907226629965911 0.9957724801287801 0.9999999999999998
621.0 0.5361585983976681 0.7852102473152793 0.9007044287121092 0.9541735518292691 0.978886013971028 0.9902884248033703 0.9955406430974569 1.0
622.0 0.5326400694705463 0.7819379375381861 0.8984257420053621 0.9527654446999866 0.9780716300990736 0.9898370236284232 0.9952977985995808 1.0
623.0 0.5291192197815314 0.7786386809479702 0.8961108846565103 0.951324139836674 0.9772317206448342 0.9893679384040042 0.995043522399485 0.9999999999999998
624.0 0.5255963181165803 0.7753126824811198 0.893759705514144 0.9498491959572062 0.9763657306121407 0.9888806393355758 0.9947773790792849 1.0000000000000002
625.0 0.5220716337822084 0.7719601551101656 0.8913720634573702 0.9483401764931328 0.9754731021716768 0.9883745880580557 0.9944989219950715 0.9999999999999998
626.0 0.518545436544919 0.768581319814494 0.8889478275938821 0.9467966499549623 0.97455327500037 0.9878492378070735 0.994207693246061 0.9999999999999998
627.0 0.5150179965703708 0.7651764055469258 0.8864868774533486 0.9452181902997733 0.9736056866317703 0.9873040336054378 0.9939032236572268 0.9999999999999999
628.0 0.5114895843625171 0.7617456491962636 0.883989103176063 0.9436043773009055 0.9726297728173028 0.9867384124650496 0.9935850327759868 0.9999999999999999
629.0 0.5079604707023094 0.7582892955453965 0.8814544056963344 0.9419547969191695 0.9716249678980653 0.9861518036043586 0.9932526288834247 0.9999999999999999
630.0 0.5044309265863898 0.7548075972253482 0.8788826969206861 0.9402690416753812 0.970590705187048 0.9855436286815699 0.9929055090205999 1.0
631.0 0.5009012231656168 0.751300814665111 0.8762738999005316 0.9385467110237653 0.9695264173614796 0.9849133020436946 0.9925431590304328 1.0000000000000002
632.0 0.4973716316835028 0.747769216037327 0.8736279489991642 0.93678741172587 0.968431536865047 0.9842602309915546 0.9921650536156638 1.0
633.0 0.49384242341448226 0.7442130771997273 0.8709447900527797 0.934990758224545 0.9673054963196617 0.9835838160607868 0.9917706564133463 1.0
634.0 0.49031386960211654 0.740632681632428 0.8682243805253951 0.9331563730176253 0.9661477289464832 0.9828834513189092 0.9913594200863393 0.9999999999999999
635.0 0.4867862413973202 0.7370283203711685 0.8654666896575234 0.9312838870309512 0.9649576689958909 0.9821585246784772 0.9909307864322477 1.0
636.0 0.48325980979656696 0.733400291936448 0.8626716986083648 0.9293729399902816 0.9637347521860251 0.981408418226306 0.9904841865102189 1.0
637.0 0.47973484557997886 0.7297489022584673 0.8598394005912421 0.9274231807916256 0.9624784161494869 0.9806325085686964 0.9900190407859782 1.0
638.0 0.4762116192495577 0.7260744645981446 0.8569698010022837 0.9254342678696984 0.9611881008878769 0.979830167192639 0.9895347592955039 0.9999999999999998
639.0 0.47269040096737347 0.7223772994640263 0.8540629175420219 0.9234058695639702 0.9598632492336898 0.9790007608428563 0.9890307418276609 1.0
640.0 0.46917146049398467 0.7186577345253897 0.8511187803299431 0.9213376644820257 0.9585033073192214 0.9781436519146057 0.9885063781261476 1.0
641.0 0.46565506712668114 0.7149161045211272 0.8481374320114801 0.9192293418595667 0.9571077250518771 0.9772581988619892 0.9879610481109903 0.9999999999999998
642.0 0.4621414896381657 0.7111527511650741 0.8451189278577786 0.9170806019169689 0.9556759565956339 0.9763437566217081 0.9873941221199267 1.0
643.0 0.45863099621510606 0.7073680230472065 0.842063335857605 0.9148911562116246 0.9542074608579383 0.9753996770519027 0.9868049611698233 1.0
644.0 0.45512385439697045 0.7035622755311653 0.8389707368015771 0.912660727985873 0.9527017019816912 0.9744253093859132 0.9861929172383842 1.0
645.0 0.45162033101516036 0.6997358706481595 0.8358412243585907 0.9103890525100936 0.951158149841795 0.973420000700678 0.9855573335663136 1.0
646.0 0.4481206921320958 0.6958891769868957 0.832674905143986 0.9080758774203034 0.9495762805455692 0.9723830963993447 0.9848975449799966 1.0000000000000002
647.0 0.4446252029808214 0.692022569580194 0.8294718987798244 0.9057209630501847 0.9479555769367167 0.9713139407078949 0.9842128782348832 1.0000000000000002
648.0 0.44113412790461537 0.6881364297877535 0.8262323379466807 0.9033240827567717 0.9462955291020357 0.970211877185244 0.9835026523795327 1.0000000000000002
649.0 0.4376477302971169 0.6842311451756767 0.822956368427296 0.9008850232397075 0.9445956348805186 0.9690762492465443 0.9827661791404216 1.0
650.0 0.43416627254259255 0.6803071093923755 0.8196441491416302 0.8984035848533857 0.942855400374059 0.9679064006991223 0.9820027633274132 1.0
651.0 0.4306900159565959 0.676364722041183 0.8162958521734414 0.8958795819117282 0.941074340459271 0.9667016762906401 0.9812117032598636 1.0
652.0 0.4272192207270025 0.6724043885497023 0.8129116627882809 0.8933128429851707 0.9392519792997841 0.9654614222689604 0.9803922912132491 1.0
653.0 0.42375414585535787 0.668426520035869 0.8094917794427527 0.8907032111893953 0.9373878508583481 0.9641849869531438 0.9795438138861434 0.9999999999999998
654.0 0.4202950490987083 0.664431533170975 0.8060364137851213 0.8880505444655311 0.9354814994081845 0.9628717213150575 0.9786655528873791 0.9999999999999997
655.0 0.41684218691174946 0.6604198500395172 0.8025457906470306 0.8853547158512973 0.9335324800428458 0.9615209795709269 0.9777567852431112 1.0
656.0 0.41339581438958206 0.6563918979962662 0.7990201480265647 0.8826156137429214 0.931540359184077 0.9601321197823005 0.9768167839235624 1.0
657.0 0.40995618521069 0.6523481095201653 0.7954597370622029 0.8798331421471517 0.9295047150867994 0.9587045044656182 0.9758448183890215 1.0
658.0 0.40652355158066783 0.6482889220657377 0.7918648219981563 0.8770072209233966 0.9274251383408366 0.9572375012098846 0.9748401551548403 0.9999999999999998
659.0 0.4030981641762389 0.6442147779115304 0.7882356801405864 0.8741377860152714 0.9253012323684486 0.9557304833015576 0.9738020583748946 1.0
660.0 0.3996802720900184 0.6401261240061954 0.7845726018051414 0.8712247896715595 0.9231326139172583 0.9541828303560828 0.9727297904431501 1.0000000000000002
661.0 0.39627012277557594 0.636023411811752 0.780875890255329 0.8682682006558814 0.9209189135476233 0.9525939289551216 0.9716226126126986 1.0000000000000002
662.0 0.3928679619933416 0.6319070971447474 0.7771458616322897 0.8652680044451925 0.9186597761141058 0.9509631732889161 0.9704797856318579 1.0
663.0 0.3894740337568736 0.6277776400148144 0.773382844875458 0.8622242034163835 0.9163548612400592 0.9492899658027578 0.969300570396582 1.0
664.0 0.38608858027987325 0.6236355044611639 0.7695871816345319 0.8591368170210046 0.914003843784897 0.9475737178469031 0.9680842286186505 1.0
665.0 0.3827118419238328 0.6194811583869538 0.7657592261726499 0.8560058819477251 0.9116064143033019 0.9458138503290305 0.9668300235089096 1.0000000000000002
666.0 0.3793440571462433 0.6153150733915234 0.7618993452607197 0.8528314522721779 0.9091622794956485 0.9440097943683272 0.9655372204747961 1.0
667.0 0.3759854624496215 0.6111377246008921 0.7580079180632253 0.8496135995941632 0.9066711626491604 0.94216099195045 0.9642050878314596 1.0
668.0 0.37263629233106293 0.6069495904962465 0.7540853360152262 0.8463524131616807 0.9041328040689306 0.9402668965823024 0.9628328975255502 0.9999999999999998
669.0 0.3692967792326527 0.6027511527409071 0.7501320026909833 0.8430479999818746 0.9015469614984022 0.938326973945891 0.9614199258709378 0.9999999999999999
670.0 0.3659671534924759 0.598542896005543 0.7461483336639769 0.8397004849184129 0.8989134105284713 0.936340702550187 0.9599654542953581 1.0000000000000002
671.0 0.3626476432965539 0.5943253077921297 0.7421347563587721 0.836310010775422 0.896231944994837 0.9343075743802453 0.9584687700971838 1.0
672.0 0.3593384746312964 0.5900988782562226 0.7380917098943286 0.8328767383673781 0.8935023773626617 0.9322270955423958 0.9569291672111732 0.9999999999999998
673.0 0.3560398712370156 0.5858641000283278 0.734019644919496 0.8294008465753269 0.8907245390983628 0.9300987869048751 0.9553459469824181 0.9999999999999999
674.0 0.3527520545619933 0.5816214680338145 0.7299190234401836 0.8258825323887626 0.8878982810275431 0.9279221847326384 0.9537184189472303 1.0000000000000002
675.0 0.34947524371755334 0.577371479312039 0.725790318638859 0.8223220109334917 0.8850234736788505 0.9256968413156708 0.9520459016200955 0.9999999999999998
676.0 0.3462096554337938 0.5731146328343322 0.721634014686071 0.8187195154849956 0.8821000076129202 0.9234223255896199 0.9503277232854325 1.0000000000000002
677.0 0.3429555040163498 0.5688514293214209 0.7174506065445789 0.8150752974675854 0.8791277937361726 0.9210982237480301 0.9485632227932046 1.0
678.0 0.33971300130391646 0.5645823710600324 0.7132405997658884 0.8113896264389756 0.8761067635987172 0.9187241398450542 0.9467517503571065 1.0000000000000002
679.0 0.3364823566265659 0.5603079617188165 0.7090045102793655 0.8076627900602285 0.8730368696758707 0.916299696387694 0.944892668354145 0.9999999999999998
680.0 0.3332637767651847 0.5560287061641156 0.7047428641745095 0.8038950940514031 0.869918085633121 0.9138245349168811 0.9429853521246153 1.0000000000000002
681.0 0.3300574659116006 0.5517451102751088 0.7004561974759722 0.800086862132374 0.8667504065736616 0.9112983165761307 0.9410291907709983 0.9999999999999999
682.0 0.326863625629743 0.5474576807588872 0.6961450559119461 0.7962384359492114 0.8635338492683943 0.9087207226671201 0.9390235879547634 1.0
683.0 0.3236824548176986 0.5431669249653718 0.6918099946759022 0.7923501749859576 0.8602684523678368 0.9060914551911579 0.9369679626897327 1.0000000000000002
684.0 0.32051414967072683 0.5388733507022594 0.6874515781819457 0.7884224564619047 0.8569542765956168 0.9034102373757094 0.9348617501308046 1.0
685.0 0.3173589036452301 0.5345774660500929 0.683070379813969 0.7844556752144091 0.853591404923177 0.9006768141850948 0.9327044023567664 1.0000000000000002
686.0 0.31421690742367236 0.5302797791775418 0.6786669816687808 0.7804502435672896 0.8501799427253363 0.8978909528144865 0.9304953891459196 1.0000000000000002
687.0 0.3110883488805235 0.5259807981570988 0.6742419742935175 0.7764065911849892 0.8467200179164817 0.8950524431664376 0.9282341987433069 1.0
688.0 0.3079734130491272 0.5216810307811547 0.6697959564173998 0.772325164912463 0.8432117810669847 0.8921610983090302 0.9259203386181949 1.0
689.0 0.3048722820896593 0.5173809843787763 0.6653295346782755 0.7682064286011219 0.8396554054997643 0.8892167549149966 0.9235533362106616 1.0
690.0 0.30178513525795647 0.5130811656329857 0.6608433233438549 0.7640508629206788 0.836051087366519 0.8862192736808445 0.9211327396658733 1.0
691.0 0.29871214887554126 0.508782080399087 0.6563379440283204 0.7598589651574713 0.8323990457037885 0.8831685397255444 0.918658118555033 0.9999999999999999
692.0 0.29565349630056426 0.5044842335237585 0.6518140254041425 0.7556312489990659 0.8286995224683542 0.8800644629678082 0.9161290645815572 1.0000000000000002
693.0 0.29260934789973847 0.5001881286651036 0.6472722029094313 0.7513682443054167 0.8249527825519078 0.8769069784813344 0.9135451922712969 1.0
694.0 0.2895798710214704 0.49589426811405196 0.6427131184513641 0.7470704968670685 0.821159113775123 0.8736960468275831 0.9109061396457704 1.0
695.0 0.28656522996986694 0.4916031526167506 0.6381374201054516 0.7427385681501726 0.8173188268606477 0.8704316543651295 0.9082115688769428 0.9999999999999998
696.0 0.2835655859799502 0.4873152811985153 0.6335457618113822 0.7383730350290183 0.8134322553853722 0.8671138135353592 0.9054611669226732 1.0
697.0 0.2805810971938051 0.4830311509890438 0.6289388030652756 0.7339744895059368 0.8094997557115959 0.8637425631236628 0.9026546461414394 1.0
698.0 0.2776119186379429 0.4787512570493902 0.6243172086090265 0.7295435384192545 0.8055217068974635 0.8603179684959307 0.8997917448854877 1.0
699.0 0.2746582022015156 0.47447609220027154 0.6196816481164308 0.7250808031390378 0.8014985105862187 0.8568401218094602 0.8968722280709751 1.0
700.0 0.27172009661587443 0.47020614685250645 0.6150327958771103 0.7205869192516564 0.7974305908749961 0.853309142198406 0.8938958877245244 1.0
