200.0 0.9960658928407765 0.9999845585573068 0.9999999395324004 0.9999999997637627 0.9999999999990792 0.9999999999999964 1.0 1.0
201.0 0.9958325657050051 0.9999826726102695 0.9999999281228564 0.9999999997025325 0.9999999999987716 0.9999999999999948 0.9999999999999999 0.9999999999999999
202.0 0.9955879481434419 0.9999805787597456 0.9999999147083101 0.9999999996262963 0.9999999999983665 0.999999999999993 1.0 1.0
203.0 0.9953316296348266 0.9999782566488045 0.9999998989628255 0.9999999995315891 0.9999999999978336 0.9999999999999901 1.0 1.0
204.0 0.9950631907102631 0.9999756841917354 0.9999998805118765 0.9999999994141964 0.9999999999971347 0.999999999999986 0.9999999999999999 1.0
205.0 0.9947822029746332 0.999972837451651 0.9999998589257801 0.9999999992690016 0.9999999999962208 0.9999999999999802 0.9999999999999997 0.9999999999999998
206.0 0.9944882291360786 0.9999696905114223 0.9999998337123394 0.9999999990898077 0.9999999999950293 0.9999999999999727 0.9999999999999997 0.9999999999999998
207.0 0.9941808230434481 0.9999662153377193 0.9999998043086107 0.9999999988691222 0.9999999999934798 0.9999999999999623 0.9999999999999996 0.9999999999999998
208.0 0.9938595297329517 0.9999623816379574 0.99999977007171 0.9999999985979068 0.9999999999914698 0.9999999999999482 0.9999999999999996 0.9999999999999999
209.0 0.9935238854824401 0.9999581567099111 0.9999997302685555 0.99999999826528 0.9999999999888696 0.9999999999999288 0.9999999999999997 1.0
210.0 0.9931734178752193 0.999953505283812 0.9999996840644421 0.9999999978581665 0.9999999999855134 0.9999999999999022 0.9999999999999992 0.9999999999999999
211.0 0.9928076458721607 0.9999483893567079 0.9999996305103379 0.9999999973608881 0.9999999999811935 0.9999999999998661 0.9999999999999988 0.9999999999999998
212.0 0.9924260798932931 0.9999427680188975 0.9999995685287714 0.9999999967546797 0.9999999999756468 0.9999999999998176 0.9999999999999986 0.9999999999999999
213.0 0.9920282219079285 0.9999365972722365 0.9999994968981804 0.9999999960171247 0.9999999999685422 0.999999999999752 0.9999999999999979 0.9999999999999999
214.0 0.9916135655347966 0.9999298298401537 0.9999994142355825 0.9999999951214972 0.9999999999594641 0.999999999999664 0.9999999999999973 1.0
215.0 0.991181596150804 0.9999224149691764 0.999999318977405 0.9999999940359897 0.9999999999478918 0.9999999999995458 0.999999999999996 1.0
216.0 0.9907317910098954 0.9999142982218278 0.9999992093583179 0.9999999927228204 0.9999999999331751 0.9999999999993877 0.9999999999999943 0.9999999999999999
217.0 0.9902636193711072 0.9999054212607231 0.9999990833878852 0.9999999911371907 0.9999999999145036 0.9999999999991774 0.9999999999999923 1.0000000000000002
218.0 0.9897765426365218 0.9998957216237362 0.9999989388248487 0.9999999892260769 0.9999999998908681 0.9999999999988972 0.999999999999989 1.0
219.0 0.9892700144991232 0.9998851324901138 0.9999987731488448 0.9999999869268333 0.999999999861017 0.9999999999985257 0.9999999999999842 0.9999999999999999
220.0 0.9887434811002989 0.9998735824374114 0.9999985835293331 0.9999999841655758 0.9999999998234005 0.9999999999980349 0.9999999999999781 0.9999999999999999
221.0 0.988196381197742 0.9998609951891752 0.9999983667915111 0.9999999808553155 0.9999999997761038 0.9999999999973879 0.9999999999999698 1.0000000000000002
222.0 0.9876281463430288 0.9998472893532725 0.9999981193789688 0.99999997689381 0.9999999997167643 0.9999999999965362 0.9999999999999578 1.0
223.0 0.9870382010695186 0.999832378150829 0.9999978373128304 0.9999999721610942 0.9999999996424772 0.999999999995419 0.9999999999999414 0.9999999999999999
224.0 0.9864259630907897 0.9998161691357309 0.9999975161471021 0.999999966516642 0.9999999995496756 0.9999999999939575 0.9999999999999191 1.0
225.0 0.9857908435089253 0.9997985639046612 0.9999971509199391 0.9999999597961149 0.999999999433989 0.9999999999920501 0.9999999999998889 1.0000000000000002
226.0 0.9851322470333793 0.9997794577976916 0.99999673610053 0.9999999518076408 0.9999999992900733 0.9999999999895663 0.9999999999998471 1.0
227.0 0.984449572210435 0.9997587395894617 0.9999962655312733 0.9999999423275657 0.999999999111409 0.999999999986341 0.9999999999997908 1.0000000000000002
228.0 0.9837422116626928 0.9997362911709756 0.9999957323649068 0.9999999310956027 0.9999999988900554 0.9999999999821619 0.999999999999714 1.0
229.0 0.9830095523394974 0.9997119872221358 0.9999951289962405 0.9999999178093152 0.9999999986163642 0.9999999999767613 0.9999999999996108 1.0000000000000002
230.0 0.9822509757776721 0.9996856948750927 0.9999944469881116 0.9999999021178376 0.9999999982786312 0.9999999999697979 0.9999999999994714 1.0
231.0 0.9814658583726599 0.9996572733685614 0.9999936769911827 0.9999998836147528 0.999999997862688 0.999999999960841 0.9999999999992842 1.0
232.0 0.9806535716607496 0.9996265736932953 0.9999928086571707 0.9999998618300177 0.9999999973514163 0.9999999999493466 0.9999999999990334 0.9999999999999999
233.0 0.9798134826110013 0.9995934382288733 0.9999918305450829 0.9999998362208269 0.9999999967241728 0.9999999999346301 0.9999999999986985 0.9999999999999999
234.0 0.9789449539286723 0.9995577003721001 0.9999907300200244 0.9999998061612889 0.9999999959561097 0.9999999999158309 0.9999999999982522 1.0
235.0 0.9780473443683163 0.9995191841572297 0.9999894931441159 0.9999997709307814 0.9999999950173742 0.9999999998918705 0.9999999999976591 1.0000000000000002
236.0 0.9771200090580554 0.999477703868374 0.9999881045590518 0.9999997297008326 0.9999999938721668 0.9999999998613994 0.9999999999968724 1.0
237.0 0.9761622998338884 0.9994330636444043 0.9999865473598105 0.9999996815203694 0.9999999924776359 0.9999999998227349 0.9999999999958324 1.0
238.0 0.9751735655844306 0.9993850570767409 0.9999848029590078 0.9999996252991465 0.9999999907825798 0.9999999997737802 0.9999999999944609 1.0
239.0 0.9741531526063869 0.9993334668004781 0.9999828509413838 0.999999559789167 0.9999999887259294 0.99999999971193 0.9999999999926564 1.0
240.0 0.9731004049696825 0.999278064079262 0.9999806689078856 0.9999994835638788 0.9999999862349765 0.9999999996339544 0.9999999999902883 0.9999999999999999
241.0 0.9720146648933671 0.9992186083844813 0.9999782323088043 0.9999993949949137 0.9999999832233069 0.9999999995358568 0.9999999999871887 1.0
242.0 0.970895273131152 0.9991548469692728 0.9999755142654099 0.9999992922261172 0.9999999795883939 0.9999999994127018 0.9999999999831408 1.0
243.0 0.9697415693673012 0.9990865144379764 0.999972485379522 0.9999991731445973 0.9999999752088053 0.9999999992584083 0.9999999999778675 0.9999999999999999
244.0 0.9685528926221291 0.9990133323116445 0.9999691135304405 0.9999990353484963 0.9999999699409625 0.9999999990654993 0.9999999999710147 1.0000000000000004
245.0 0.9673285816673299 0.9989350085903028 0.9999653636586541 0.99999887611116 0.9999999636153845 0.9999999988247967 0.999999999962129 0.9999999999999999
246.0 0.9660679754507081 0.9988512373126845 0.9999611975357517 0.9999986923413726 0.9999999560323567 0.9999999985250636 0.9999999999506359 1.0000000000000002
247.0 0.9647704135307668 0.9987616981142335 0.999956573519934 0.9999984805392674 0.9999999469569203 0.9999999981525614 0.9999999999358035 0.9999999999999999
248.0 0.9634352365199214 0.9986660557841498 0.9999514462965547 0.9999982367475353 0.9999999361131136 0.9999999976905335 0.9999999999167063 1.0
249.0 0.9620617865373217 0.9985639598224003 0.9999457666030904 0.9999979564974832 0.99999992317734 0.9999999971185775 0.9999999998921734 0.9999999999999999
250.0 0.9606494076701082 0.9984550439975594 0.9999394809379709 0.9999976347495017 0.999999907770762 0.9999999964119021 0.9999999998607284 0.9999999999999997
251.0 0.959197446443466 0.9983389259064679 0.9999325312526887 0.9999972658274405 0.9999998894505805 0.999999995540441 0.9999999998205142 1.0
252.0 0.9577052522992286 0.9982152065367216 0.9999248546266284 0.9999968433463747 0.9999998677000569 0.9999999944677976 0.999999999769198 1.0
253.0 0.9561721780823177 0.9980834698330088 0.9999163829240709 0.9999963601332091 0.9999998419171192 0.9999999931499985 0.9999999997038576 0.9999999999999999
254.0 0.9545975805351029 0.9979432822684124 0.9999070424328362 0.9999958081395259 0.9999998114013666 0.9999999915340142 0.9999999996208412 1.0000000000000002
255.0 0.9529808207996682 0.9977941924218475 0.9998967534840594 0.9999951783460512 0.9999997753392714 0.9999999895560105 0.9999999995155916 0.9999999999999997
256.0 0.9513212649270852 0.9976357305627752 0.9998854300526209 0.9999944606580875 0.9999997327873675 0.9999999871392948 0.99999999938244 1.0
257.0 0.9496182843937233 0.9974674082444344 0.9998729793377634 0.9999936437911972 0.9999996826531602 0.9999999841918856 0.9999999992143421 1.0
258.0 0.9478712566243198 0.997288717906887 0.9998593013234937 0.9999927151464224 0.999999623673509 0.9999999806036715 0.9999999990025695 1.0
259.0 0.9460795655212562 0.9970991324911532 0.9998442883183707 0.9999916606742532 0.9999995543901676 0.9999999762430707 0.9999999987363255 0.9999999999999999
260.0 0.9442426020000872 0.9968981050658365 0.9998278244743574 0.999990464726543 0.9999994731221644 0.9999999709531273 0.9999999984022855 0.9999999999999998
261.0 0.9423597645300648 0.9966850684675269 0.9998097852844282 0.9999891098955199 0.9999993779346569 0.9999999645469485 0.9999999979840372 1.0
262.0 0.9404304596806593 0.9964594349565561 0.9997900370587132 0.9999875768390124 0.9999992666038706 0.9999999568023841 0.9999999974614061 1.0
263.0 0.9384541026722548 0.9962205958894075 0.9997684363789884 0.9999858440909712 0.9999991365776927 0.9999999474558383 0.9999999968096451 1.0
264.0 0.9364301179314336 0.9959679214093515 0.9997448295313993 0.9999838878563303 0.9999989849314472 0.9999999361950778 0.999999995998458 1.0
265.0 0.9343579396503536 0.99570076015682 0.999719051917376 0.9999816817892202 0.9999988083183463 0.9999999226508925 0.9999999949908293 1.0
266.0 0.9322370123492061 0.995418439000984 0.999690927442761 0.9999791967535151 0.999998602914059 0.999999906387445 0.9999999937416236 0.9999999999999998
267.0 0.9300667914422996 0.9951202627942264 0.999660267885271 0.9999764005646639 0.9999983643548016 0.9999998868911187 0.999999992195914 0.9999999999999999
268.0 0.9278467438061415 0.9948055141509351 0.9996268722404714 0.9999732577117277 0.9999980876682931 0.9999998635576564 0.9999999902869857 0.9999999999999998
269.0 0.925576348349722 0.9944734532523061 0.9995905260465647 0.9999697290585283 0.9999977671968832 0.9999998356773554 0.9999999879339672 1.0
270.0 0.9232550965864565 0.9941233176787518 0.9995510006883672 0.999965771522779 0.9999973965120883 0.9999998024180502 0.9999999850390111 1.0
271.0 0.920882493207063 0.9937543222715092 0.9995080526809692 0.999961337732072 0.9999969683197337 0.9999997628055947 0.9999999814839612 0.9999999999999998
272.0 0.9184580566527624 0.9933656590250425 0.9994614229336644 0.9999563756555631 0.9999964743548265 0.9999997157015106 0.9999999771264073 1.0
273.0 0.9159813196885728 0.9929564970119086 0.9994108359948634 0.9999508282102012 0.9999959052652269 0.9999996597774331 0.9999999717950292 1.0000000000000002
274.0 0.9134518299757132 0.9925259823416304 0.9993559992788181 0.9999446328403473 0.9999952504831329 0.9999995934859566 0.9999999652841166 1.0000000000000002
275.0 0.910869150643204 0.9920732381552886 0.9992966022751183 0.9999377210696299 0.9999944980833175 0.9999995150274215 0.9999999573471274 1.0
276.0 0.9082328608568587 0.9915973646572082 0.9992323157420154 0.9999300180238888 0.9999936346269926 0.9999994223121473 0.9999999476891287 1.0
277.0 0.9055425563867445 0.9910974391855989 0.9991627908848306 0.9999214419240956 0.9999926449901182 0.9999993129175632 0.999999935957951 0.9999999999999999
278.0 0.9027978501707513 0.9905725163233833 0.9990876585207571 0.9999119035481443 0.9999915121748961 0.9999991840396303 0.9999999217338504 1.0000000000000002
279.0 0.8999983728750539 0.9900216280509729 0.9990065282315869 0.9999013056604573 0.9999902171031253 0.9999990324378905 0.9999999045174526 0.9999999999999999
280.0 0.8971437734499276 0.9894437839423109 0.9989189875059857 0.9998895424083907 0.9999887383900339 0.9999988543734194 0.9999998837157252 1.0
281.0 0.8942337196806182 0.988837971405666 0.9988246008731061 0.9998764986844692 0.9999870520971201 0.9999986455388777 0.9999998586256778 1.0
282.0 0.8912678987326704 0.98820315597059 0.998722909029492 0.9998620494535613 0.9999851314624927 0.9999984009798044 0.9999998284154681 1.0
283.0 0.8882460176908357 0.9875382816223237 0.9986134279613584 0.9998460590441641 0.9999829466071162 0.9999981150061985 0.9999997921025389 1.0
284.0 0.8851678040911506 0.9868422711849821 0.9984956480645071 0.9998283804030645 0.9999804642153208 0.9999977810933696 0.9999997485283666 1.0
285.0 0.8820330064451299 0.986114026754654 0.9983690332642742 0.9998088543127377 0.9999776471878745 0.9999973917709456 0.999999696329359 1.0000000000000002
286.0 0.8788413947558157 0.9853524301836424 0.998233020138083 0.9997873085709514 0.9999744542658583 0.9999969384988358 0.9999996339033683 0.9999999999999999
287.0 0.8755927610246186 0.9845563436168375 0.9980870170433168 0.9997635571321801 0.9999708396235524 0.9999964115288643 0.9999995593712474 0.9999999999999999
288.0 0.8722869197485477 0.9837246100812603 0.9979304032533868 0.9997373992105495 0.999966752428479 0.999995799750677 0.9999994705327847 1.0
289.0 0.8689237084070529 0.9828560541296646 0.9977625281050285 0.9997086183442049 0.9999621363667359 0.9999950905204393 0.9999993648163031 0.9999999999999999
290.0 0.865502987937488 0.9819494825389219 0.9975827101599898 0.9996769814211449 0.9999569291317161 0.9999942694707372 0.999999239221121 0.9999999999999999
291.0 0.8620246431990289 0.9810036850640184 0.9973902363844528 0.9996422376667433 0.9999510618742918 0.9999933202999768 0.9999990902519823 0.9999999999999999
292.0 0.8584885834237709 0.9800174352481211 0.9971843613496383 0.9996041175933795 0.9999444586125494 0.9999922245394912 0.999998913844487 0.9999999999999999
293.0 0.854894742655038 0.9789894912893871 0.996964306457227 0.9995623319128027 0.9999370355991536 0.9999909612964405 0.9999987052804434 1.0
294.0 0.8512430801710532 0.9779185969645675 0.9967292591932696 0.9995165704120604 0.9999287006444463 0.9999895069704889 0.9999984590919638 1.0000000000000002
295.0 0.8475335808947487 0.9768034826100644 0.9964783724145259 0.9994665007940875 0.9999193523934214 0.9999878349421369 0.999998168953016 1.0
296.0 0.8437662557876665 0.9756428661601735 0.9962107636711255 0.9994117674842649 0.9999088795547636 0.9999859152304829 0.9999978275570253 1.0000000000000002
297.0 0.8399411422282341 0.974435454242776 0.9959255145696797 0.9993519904045403 0.999897160080201 0.9999837141180747 0.9999974264789896 1.0
298.0 0.8360583043730456 0.9731799433321283 0.9956216701809779 0.9992867637169712 0.9998840602925232 0.9999811937404379 0.9999969560204588 0.9999999999999999
299.0 0.8321178335011472 0.9718750209586583 0.9952982384965623 0.9992156545388361 0.999869433960699 0.999978311637746 0.9999964050355696 1.0
300.0 0.8281198483398156 0.9705193669750638 0.9949541899384453 0.9991382016317457 0.9998531213206685 0.999975020266035 0.999995760736204 0.9999999999999998
301.0 0.8240644953722909 0.9691116548784895 0.9945884569264412 0.999053914067528 0.9998349480405317 0.9999712664652826 0.9999950084741867 1.0
302.0 0.8199519491255273 0.9676505531876071 0.9941999335074259 0.99896226987392 0.9998147241290093 0.9999669908815948 0.9999941314982788 1.0000000000000002
303.0 0.815782412438604 0.9661347268741394 0.9937874750510908 0.9988627146634923 0.9997922427862701 0.9999621273407101 0.9999931106835857 1.0
304.0 0.811556116710135 0.9645628388474083 0.9933498980165626 0.9987546602495042 0.9997672791964194 0.9999566021699755 0.9999919242308271 1.0000000000000002
305.0 0.807273322124889 0.9629335514909773 0.9928859797944163 0.9986374832527634 0.9997395892611903 0.9999503334659273 0.9999905473327613 1.0
306.0 0.8029343178583297 0.9612455282497563 0.9923944586284567 0.9985105237038868 0.9997089082746649 0.9999432303046211 0.9999889518049114 1.0
307.0 0.7985394222591865 0.9594974352662726 0.9918740336217196 0.9983730836457115 0.999674949539128 0.9999351918918463 0.9999871056775619 1.0
308.0 0.7940889830089585 0.9576879430641951 0.9913233648309714 0.9982244257409394 0.9996374029225066 0.9999261066504277 0.9999849727458685 1.0
309.0 0.7895833772581939 0.9558157282773767 0.9907410734539892 0.9980637718904507 0.9995959333581775 0.9999158512418568 0.999982512074754 1.0000000000000004
310.0 0.7850230117388299 0.9538794754222932 0.9901257421137405 0.9978903018680471 0.9995501792883237 0.9999042895196054 0.9999796774551395 0.9999999999999998
311.0 0.7804083228522157 0.9518778787117197 0.989475915243499 0.997703151977734 0.9994997510524238 0.9998912714115952 0.999976416807933 1.0
312.0 0.7757397767323324 0.9498096439072534 0.9887900995767488 0.9975014137399469 0.9994442292228795 0.9998766317294319 0.9999726715320592 1.0
313.0 0.7710178692838056 0.9476734902081769 0.9880667647455981 0.9972841326134743 0.999383162890273 0.9998601889022377 0.9999683757927522 1.0
314.0 0.7662431261942058 0.9454681521739172 0.9873043439911846 0.9970503067600892 0.999316067901204 0.9998417436331075 0.9999634557462155 1.0
315.0 0.761416102920425 0.9431923816773304 0.9865012349893948 0.9967988858592177 0.9992424250521834 0.9998210774764986 0.999957828696716 0.9999999999999999
316.0 0.7565373846486475 0.9408449498857498 0.9856558007949325 0.9965287699802103 0.9991616782435827 0.9997979513351655 0.9999514021821372 0.9999999999999998
317.0 0.7516075862276453 0.9384246492666682 0.9847663709065378 0.9962388085200358 0.9990732325981909 0.9997721038755943 0.9999440729840111 0.9999999999999999
318.0 0.7466273520751604 0.9359302956147825 0.983831242455879 0.9959277992144332 0.9989764525494992 0.999743249861289 0.9999357260580788 1.0000000000000002
319.0 0.7415973560568765 0.9333607300968443 0.9828486815222768 0.9955944872307315 0.9988706599054127 0.9997110784036903 0.9999262333814869 1.0
320.0 0.7365183013381301 0.9307148213109302 0.9818169245752092 0.99523756435074 0.998755131893696 0.999675251131001 0.9999154527128397 1.0000000000000004
321.0 0.7313909202080293 0.9279914673563661 0.9807341800461012 0.994855668252208 0.9986290991960457 0.999635400275704 0.9999032262614569 1.0
322.0 0.7262159738755235 0.925189597910331 0.9795986300305033 0.9944473818974411 0.9984917439783078 0.9995911266821528 0.9998893792624053 1.0000000000000002
323.0 0.7209942522376956 0.9223081763074018 0.9784084321214949 0.9940112330377393 0.9983421979249536 0.99954199773621 0.9998737184540859 1.0000000000000002
324.0 0.7157265736201707 0.9193462016180024 0.9771617213746886 0.9935456938423382 0.9981795402865632 0.9994875452196066 0.9998560304554913 1.0
325.0 0.7104137844892446 0.9163027107214287 0.9758566124046864 0.9930491806604516 0.9980027959496253 0.9994272630923724 0.9998360800405781 0.9999999999999998
326.0 0.7050567591361161 0.9131767803694397 0.9744912016125697 0.9925200539250117 0.9978109335385914 0.9993606052074641 0.9998136083076343 1.0
327.0 0.6996563993329795 0.9099675292359686 0.9730635695433995 0.991956618206521 0.9976028635606647 0.9992869829624945 0.9997883307419937 1.0
328.0 0.6942136339612875 0.9066741199487246 0.9715717833723533 0.9913571224253107 0.9973774366043792 0.9992057628943106 0.9997599351710108 1.0
329.0 0.688729418611857 0.903295761098004 0.9700138995174636 0.9907197602302016 0.9971334416035086 0.9991162642230096 0.9997280796108103 0.9999999999999999
330.0 0.6832047351577686 0.8998317092187265 0.9683879663767679 0.9900426705514328 0.9968696041783988 0.9990177563529034 0.9996923900050283 1.0
331.0 0.6776405912990183 0.8962812707404442 0.966692027186613 0.9893239383351623 0.9965845850671663 0.9989094563388221 0.999652457856504 1.0
332.0 0.6720380200806055 0.8926438039016967 0.9649241229981098 0.9885615954667798 0.9962769786597442 0.9987905263271318 0.9996078377537303 0.9999999999999999
333.0 0.6663980793829724 0.888918720623334 0.9630822957674098 0.9877536218894983 0.9959453116479697 0.9986600709817386 0.9995580447947449 1.0
334.0 0.6607218513859888 0.8851054883368267 0.9611645915556111 0.9868979469244756 0.9955880418053216 0.9985171349063504 0.9995025519121309 0.9999999999999998
335.0 0.655010442006601 0.8812036317629126 0.9591690638332758 0.985992450798046 0.9952035569101021 0.9983607000752138 0.9994407871038318 0.9999999999999999
336.0 0.6492649803101074 0.8772127346357931 0.9570937768839237 0.9850349663809894 0.9947901738259982 0.9981896832854641 0.999372130575559 0.9999999999999999
337.0 0.6434866178962971 0.8731324413689786 0.9549368093008004 0.9840232811443246 0.9943461377541533 0.9980029336452176 0.9992959118017709 1.0
338.0 0.6376765282601132 0.8689624586578399 0.95269625757015 0.9829551393351433 0.9938696216707769 0.9977992301123784 0.9992114065133764 0.9999999999999998
339.0 0.6318359061277974 0.86470255701484 0.9503702397341709 0.9818282443754625 0.9933587259643566 0.997577279100056 0.999117833621606 1.0
340.0 0.6259659667691404 0.8603525722332643 0.9479568991262329 0.9806402614862068 0.9928114782863522 0.997335712165298 0.9990143520887858 0.9999999999999998
341.0 0.6200679452857902 0.8559124067748342 0.9454544081701844 0.9793888205374661 0.9922258336289648 0.9970730837986094 0.9989000577580915 0.9999999999999998
342.0 0.6141430958772022 0.8513820310778577 0.9428609722357569 0.9780715191255728 0.9915996746433611 0.9967878693324832 0.9987739801557306 1.0
343.0 0.6081926910840173 0.8467614847813552 0.940174833540923 0.9766859258762774 0.9909308122111558 0.996478462987756 0.9986350792803637 1.0
344.0 0.602218021010075 0.8420508778617413 0.9373942750922071 0.9752295839726068 0.9902169862815388 0.9961431760772034 0.9984822423959796 1.0
345.0 0.5962203925235233 0.8372503916782138 0.9345176246532465 0.9737000149048287 0.9894558669857285 0.9957802353862182 0.998314280845789 1.0
346.0 0.590201128438085 0.8323602799235919 0.9315432587317958 0.9720947224390664 0.9886450560397652 0.9953877817508118 0.9981299269060747 1.0
347.0 0.5841615666749034 0.8273808694769896 0.9284696065747313 0.9704111967998933 0.9877820884457332 0.9949638688533791 0.9979278307002354 1.0
348.0 0.5781030594061228 0.8223125611554458 0.925295154160644 0.9686469190613535 0.9868644345006541 0.9945064622568346 0.9977065571945379 1.0
349.0 0.572026972181032 0.817155830361548 0.9220184481791882 0.9667993657396967 0.9858895021212041 0.9940134386977016 0.997464583298292 1.0
350.0 0.5659346830353656 0.8119112276240665 0.9186380999859806 0.9648660135799573 0.9848546394912343 0.9934825856585672 0.9972002950922688 0.9999999999999999
351.0 0.5598275815850836 0.8065793790294042 0.9151527895220106 0.9628443445276182 0.9837571380379277 0.9929116012400692 0.9969119852102304 0.9999999999999998
352.0 0.5537070681054397 0.8011609865414611 0.9115612691861155 0.9607318508753941 0.9825942357410372 0.9922980943521048 0.9965978503993325 1.0000000000000002
353.0 0.5475745525963199 0.7956568282078562 0.9078623676490201 0.9585260405741284 0.9813631207782431 0.9916395852433486 0.996255989285947 1.0
354.0 0.5414314538346058 0.790067758250467 0.9040549935972286 0.9562244426956712 0.9800609355081271 0.9909335063873775 0.9958844003740789 0.9999999999999998
355.0 0.5352791984152753 0.7843947070393369 0.9001381393955894 0.9538246130349168 0.9786847807908671 0.9901772037428583 0.9954809803040662 1.0
356.0 0.5291192197815316 0.7786386809479705 0.8961108846565107 0.9513241398366743 0.9772317206448345 0.9893679384040045 0.9950435223994853 1.0
357.0 0.5229529572454948 0.7728007620893911 0.8919723997046025 0.9487206496325363 0.9756987872358266 0.9885028886563708 0.9945697155303603 1.0
358.0 0.5167818550005145 0.766882107932174 0.8877219489253375 0.9460118131718224 0.9740829861938046 0.9875791524515597 0.9940571433206498 1.0
359.0 0.5106073611260444 0.7608839507958074 0.8833588939863822 0.9431953514297561 0.9723813022501926 0.9865937503127897 0.9935032837276687 0.9999999999999999
360.0 0.5044309265863897 0.7548075972253481 0.878882696920686 0.9402690416753811 0.9705907051870479 0.9855436286815697 0.9929055090205998 1.0
361.0 0.4982540042244158 0.7486544272454048 0.8742929230605061 0.9372307235808791 0.9687081560875114 0.9844256637137553 0.9922610861844503 1.0000000000000002
362.0 0.49207804775137975 0.7424258934938206 0.8695892438118826 0.9340783053533104 0.9667306138751152 0.9832366655312229 0.9915671777748208 1.0
363.0 0.4859045107339819 0.7361235202356394 0.8647714392593511 0.9308097698691548 0.9646550421276444 0.9819733829331618 0.9908208432475697 0.9999999999999999
364.0 0.47973484557997903 0.7297489022584676 0.8598394005912424 0.927423180791626 0.9624784161494874 0.9806325085686969 0.9900190407859787 1.0000000000000004
365.0 0.47357050252342386 0.7233037036503436 0.8547931323361324 0.9239166886501577 0.9601977302845196 0.9792106845700499 0.9891586296462338 1.0000000000000002
366.0 0.4674129286107699 0.7167896564616909 0.8496327544015991 0.9202885368611947 0.9578100054498566 0.9777045086429316 0.9882363730400472 1.0
367.0 0.46126356668897955 0.7102085592530986 0.8443585039068603 0.91653706766909 0.955312296869043 0.9761105406081676 0.9872489415709563 1.0
368.0 0.4551238543969705 0.7035622755311655 0.8389707368015772 0.9126607279858732 0.9527017019816912 0.9744253093859132 0.9861929172383842 1.0
369.0 0.44899522316142554 0.6968527320746005 0.8334699292634399 0.9086580751083981 0.949975368504892 0.9726453204109574 0.9850647980207644 0.9999999999999998
370.0 0.4428790971982702 0.6900819171533308 0.8278566788679851 0.9045277822915705 0.9471305026203364 0.9707670634648718 0.9838610030461216 1.0000000000000002
371.0 0.43677689252090623 0.6832518786434176 0.8221317055245775 0.9002686441563568 0.9441643772596443 0.9687870209078846 0.9825778783553123 1.0
372.0 0.43069001595659595 0.676364722041183 0.8162958521734412 0.8958795819117281 0.9410743404592709 0.96670167629064 0.9812117032598635 1.0
373.0 0.42461986417181097 0.6694226083795628 0.8103500852388033 0.8913596483696198 0.9378578237549522 0.9645075233230125 0.979758697292697 1.0
374.0 0.4185678227080466 0.6624277520507278 0.8042954948345888 0.88670803273292 0.9345123505849956 0.962201075174632 0.9782150277465409 1.0
375.0 0.4125352650290439 0.6553824185386312 0.7981332947193465 0.881924065136653 0.9310355446705971 0.9597788740789109 0.9765768177909214 1.0
376.0 0.4065235515806678 0.6482889220657377 0.7918648219981563 0.8770072209233966 0.9274251383408366 0.9572375012098846 0.9748401551548403 0.9999999999999998
377.0 0.40053402886434725 0.6411496231580096 0.7854915365697224 0.8719571246344507 0.923678980769276 0.9545735867985699 0.9730011013582096 0.9999999999999998
378.0 0.39456802852552114 0.6339669261330901 0.7790150203182216 0.8667735536995582 0.9197950460890485 0.9517838204534238 0.9710557014712955 0.9999999999999998
379.0 0.38862686645773925 0.6267432765158985 0.7724369760494765 0.8614564418082722 0.9157714413526752 0.9488649616469781 0.9689999943772301 1.0
380.0 0.3827118419238329 0.619481158386954 0.7657592261726499 0.8560058819477251 0.9116064143033019 0.9458138503290305 0.9668300235089096 1.0
381.0 0.3768242366948831 0.6121830916681259 0.7589837111287604 0.8504221290920908 0.9072983609238104 0.9426274176246667 0.964541848027512 1.0
382.0 0.3709653142083302 0.6048516293514262 0.7521124875688299 0.8447056025307774 0.902845832731039 0.9393026965740745 0.9621315544062767 1.0
383.0 0.36513631874567093 0.5974893546755287 0.7451477262842849 0.838856887822826 0.8982475437822661 0.9358368328692798 0.9595952683791937 1.0
384.0 0.3593384746312965 0.5900988782562229 0.7380917098943288 0.8328767383673783 0.8935023773626619 0.932227095542396 0.9569291672111734 1.0
385.0 0.35357298545280746 0.5826828351756396 0.7309468302943979 0.8267660765803165 0.8886093923224383 0.928470887558444 0.9541294922424804 1.0
386.0 0.34784103330415667 0.5752438820364814 0.7237155858718141 0.8205259946696257 0.8835678290343087 0.9245657562657748 0.9511925616575538 0.9999999999999999
387.0 0.34214377805200896 0.5677846939863953 0.7164005784943661 0.8141577550025724 0.8783771149423939 0.9205094036562316 0.9481147834250911 1.0
388.0 0.3364823566265659 0.5603079617188166 0.7090045102793656 0.8076627900602287 0.8730368696758709 0.9162996963876943 0.9448926683541452 1.0
389.0 0.33085788233721697 0.5528163884555657 0.7015301801503677 0.8010427019755202 0.8675469097015374 0.9119346755213293 0.941522843208331 1.0000000000000002
390.0 0.3252714442140092 0.5453126869173622 0.6939804801902344 0.7942992616532489 0.8619072524917715 0.9074125659268378 0.9380020638186738 0.9999999999999999
391.0 0.31972410637549703 0.5377995762879239 0.6863583917993706 0.7874344074717089 0.8561181201859224 0.9027317853095552 0.9343272281339026 0.9999999999999999
392.0 0.31421690742367236 0.5302797791775418 0.6786669816687808 0.7804502435672896 0.8501799427253363 0.8978909528144865 0.9304953891459196 1.0
393.0 0.3087508598664665 0.5227560185917726 0.6709093975779318 0.7733490377048472 0.8440933604441977 0.8928888971636302 0.9265037676273232 0.9999999999999999
394.0 0.3033269495686202 0.5152310149113221 0.6630888640284139 0.7661332187386314 0.8378592261009862 0.8877246642849249 0.9223497646177444 0.9999999999999999
395.0 0.29794613523106833 0.5077074828883067 0.65520867772402 0.7588053736693381 0.8314786063370234 0.8823975243925591 0.9180309735953932 1.0
396.0 0.29260934789973847 0.5001881286651036 0.6472722029094313 0.7513682443054166 0.8249527825519077 0.8769069784813343 0.9135451922712968 0.9999999999999999
397.0 0.28731749050379873 0.4926756468207817 0.6392828665789239 0.7438247235371798 0.81828325118719 0.8712527641994627 0.9088904339440155 1.0
398.0 0.282071437423967 0.48517271745086343 0.6312441535677475 0.7361778512345328 0.8114717234129001 0.8654348610674601 0.9040649383544354 1.0
399.0 0.27687203409120287 0.47768200328572086 0.6231596015387914 0.7284308097802346 0.8045201242138519 0.8594534950134914 0.899067181981851 1.0
400.0 0.27172009661587443 0.47020614685250645 0.6150327958771105 0.7205869192516565 0.7974305908749963 0.8533091421984063 0.8938958877245247 1.0000000000000002
401.0 0.26661641144798975 0.462747767686163 0.6068673645059343 0.7126496322660977 0.7902054708684169 0.8470025321075982 0.888550033911017 1.0
402.0 0.26156173506822317 0.45530945959372976 0.5986669726366758 0.7046225285047104 0.7828473191460795 0.8405346498893307 0.8830288625907576 1.0000000000000002
403.0 0.2565567937103734 0.44789378797737023 0.5904353174670502 0.6965093089326619 0.7753588948463006 0.833906737923841 0.8773318870565856 1.0000000000000002
404.0 0.25160228311497423 0.4405032872201145 0.5821761228401174 0.6883137897329008 0.767743157423247 0.8271202966101919 0.8714588985547883 1.0
405.0 0.24669886831425894 0.4331404581388757 0.5738931338778854 0.6800398959726539 0.7600032622119636 0.8201770843622015 0.8654099721426637 1.0
406.0 0.24184718344854578 0.42580776550898813 0.5655901116029598 0.6716916550225551 0.7521425554437348 0.8130791168085222 0.8591854716578301 1.0
407.0 0.23704783161385878 0.41850763566398885 0.5572708275612801 0.6632731897487372 0.7441645687285723 0.8058286651954841 0.8527860537677693 1.0
408.0 0.2323013847408445 0.4112424541745907 0.5489390584593494 0.654788711499407 0.7360730130243033 0.7984282539955739 0.8462126710731774 0.9999999999999998
409.0 0.22760838350464577 0.4040145636100332 0.5405985808285727 0.6462425129073937 0.7278717721132563 0.790880657727714 0.8394665742431506 1.0
410.0 0.22296933726590218 0.39682626138560906 0.532253165730061 0.6376389605316372 0.7195648956104661 0.7831888970001386 0.8325493131660566 1.0
411.0 0.21838472404219378 0.3896797976986938 0.5239065735115793 0.6289824873595254 0.7111565915277929 0.7753562337891009 0.8254627371039907 1.0
412.0 0.21385499051014764 0.38257737355681354 0.5155625486296762 0.6202775851939825 0.7026512184216964 0.7673861659717524 0.8182089938453003 1.0
413.0 0.20938055203749298 0.37552113889966765 0.5072248145481045 0.6115287969477691 0.6940532771524098 0.7592824211335875 0.8107905278536494 1.0
414.0 0.20496179274496423 0.3685131908177882 0.49889706872443274 0.6027407088687428 0.6853674022848192 0.7510489496752609 0.8032100774183253 1.0
415.0 0.20059906559760227 0.36155557186978726 0.4905829776957819 0.5939179427192443 0.6765983531620589 0.7426899172462721 0.7954706708152667 1.0
416.0 0.19629269252496276 0.35465026849988696 0.48228617227416054 0.5850651479326423 0.667751004683883 0.7342096965359926 0.7875756214934102 0.9999999999999999
417.0 0.19204296456984535 0.3477992095573952 0.4740102428616577 0.5761869937701318 0.6588303378230483 0.7256128584555722 0.7795285223062062 0.9999999999999999
418.0 0.1878501420649937 0.34100426491933994 0.46575873489501796 0.567288161500332 0.6498414299134317 0.7169041627466299 0.7713332388128166 1.0
419.0 0.18371445483726329 0.3342672442173523 0.45753514442874366 0.5583733366239959 0.6407894447443226 0.7080885480551498 0.7629939016783293 1.0
420.0 0.17963610243861503 0.3275898956694657 0.44934291386511455 0.5494472011654343 0.631679622495475 0.6991711215109118 0.7545148982065749 1.0
421.0 0.17561525440340803 0.320973905017493 0.44118542783923265 0.5405144260520041 0.6225172695480241 0.6901571478549624 0.745900863043626 1.0
422.0 0.1716520505313271 0.31442089457022443 0.4330660092664096 0.5315796636021478 0.6133077482061835 0.68105203815904 0.7371566680938008 0.9999999999999999
423.0 0.16774660119519058 0.3079324223523451 0.4249879155584765 0.5226475401415984 0.6040564663643295 0.6718613381820553 0.7282874116934628 1.0
424.0 0.16389898767310637 0.3015099813591482 0.4169543350154996 0.5137226487671429 0.594768867154364 0.662590716410393 0.7192984070917771 1.0
425.0 0.16010926250408067 0.29515499891633135 0.4089683833980747 0.50480954227573 0.5854504186069905 0.6532459518288399 0.710195170289816 1.0
426.0 0.15637744986644245 0.2888688361444053 0.40103310068532405 0.4959127262764356 0.5761066033605792 0.6438329214701396 0.7009834072926482 1.0
427.0 0.1527035459782783 0.2826527875267856 0.3931514480227964 0.4870366525015135 0.566742908450188 0.634357587791124 0.6916690008309865 1.0
428.0 0.14908751951900642 0.27650808058034554 0.38532630486373387 0.4781857123316348 0.5573648152082709 0.6248259859232485 0.6822579966107095 1.0000000000000002
429.0 0.14552931207143313 0.2704358756274025 0.37756046630704976 0.46936423054994175 0.5479777893081645 0.6152442108457264 0.6727565891506739 1.0
430.0 0.142028838583289 0.2644372656673549 0.3698566406340309 0.4605764593376704 0.5385872709794514 0.6056184045281224 0.6631711072695254 1.0
431.0 0.13858598784747853 0.25851327634642635 0.362217447045702 0.4518265725235946 0.5291986654236538 0.5959547430891727 0.6535079992835814 1.0
432.0 0.13520062300015243 0.25266486602360505 0.35464541360194646 0.4431186600981503 0.5198173334570676 0.5862594240173612 0.6437738179779497 1.0
433.0 0.13187258203575522 0.2468929259307957 0.34714297536300753 0.4344567230020998 0.5104485824062251 0.5765386534977591 0.6339752054131986 1.0
434.0 0.12860167833806072 0.2411982804248096 0.3397124727331181 0.4258446681981013 0.5010976572795647 0.5667986338878706 0.6241188776291386 1.0
435.0 0.12538770122642653 0.23558168732906576 0.33235615000595337 0.4172863040329837 0.4917697322379021 0.557045551384317 0.614211609307236 0.9999999999999998
436.0 0.12223041651620441 0.23004383836223358 0.3250761541104038 0.40878533589662436 0.48246990238381676 0.5472855639196068 0.604260218451275 1.0
437.0 0.11912956709252007 0.22458535965140514 0.31787453355527157 0.4003453621829097 0.4732031758891285 0.5375247893271519 0.5942715511453593 1.0
438.0 0.11608487349642396 0.21920681232690395 0.3107532375705154 0.39196987055658783 0.4639744664772976 0.527769293810039 0.5842524664460644 0.9999999999999999
439.0 0.113096034522477 0.2139086931958335 0.3037141154423175 0.38366223452885306 0.4547885862759526 0.5180250807470559 0.5742098214637763 0.9999999999999998
440.0 0.11016272782689776 0.20869143549148217 0.2967589160389361 0.3754257103435908 0.4456502390531437 0.5082980798673986 0.5641504566862727 1.0
441.0 0.10728461054529968 0.2035554096954336 0.2898892875236291 0.3672634341748622 0.4365640138488058 0.498594136822794 0.5540811815948437 1.0
442.0 0.10446131991910745 0.1985009244292545 0.28310677725065503 0.35917841963532754 0.4275343790112762 0.488919003183503 0.5440087606207873 0.9999999999999998
443.0 0.10169247392971165 0.19352822741249973 0.27641283183988785 0.3511735555942042 0.4185656766468109 0.47927832688204647 0.5339398994871695 1.0
444.0 0.09897767193947317 0.18863750648379918 0.26980879742532277 0.34325160430251367 0.40966211748840836 0.46967764312610233 0.5238812319779009 1.0
445.0 0.0963164953386196 0.18382889068160044 0.2632959200722353 0.33541519982222767 0.4008277761882668 0.46012236579919014 0.5138393071727863 1.0000000000000002
446.0 0.09370850819720528 0.17910245138132402 0.2568753463577369 0.3276668467553873 0.39206658703688235 0.45061777936559744 0.5038205771843975 0.9999999999999998
447.0 0.09115325792114773 0.17445820348534874 0.25054812410877586 0.32000891926793545 0.38338234010958433 0.44116903129283624 0.4938313854286764 1.0
448.0 0.08865027591151026 0.1698961066624879 0.24431520329173317 0.31244366040263477 0.374778677840169 0.4317811250028713 0.4838779554583053 1.0000000000000002
449.0 0.08619907822617442 0.16541606663353733 0.23817743704744293 0.3049731816745933 0.36625909201962786 0.4224589133607272 0.4739663803843461 0.9999999999999998
450.0 0.08379916624299343 0.16101793649935225 0.23213558286510533 0.29759946294202927 0.3578269212162529 0.4132070927063594 0.4641026129079233 0.9999999999999999
451.0 0.0814500273236313 0.15670151810809588 0.2261903038886283 0.29032435254456157 0.3494853486123241 0.4040301974336376 0.4542924559806938 1.0
452.0 0.07915113547720568 0.15246656345812948 0.22034217034853631 0.2831495677004167 0.34123740025089006 0.3949325951175684 0.4445415541090219 1.0
453.0 0.07690195202301146 0.1483127761332978 0.21459166111282155 0.2760766951538472 0.33308594368539196 0.3859184821891831 0.4348553853140143 1.0000000000000002
454.0 0.07470192625142127 0.14423981276702771 0.2089391653495176 0.2691071920629626 0.3250336870229944 0.37699188015458374 0.42523925375544946 1.0
455.0 0.072550496082288 0.1402472845320828 0.20338498429423993 0.2622423871184006 0.317083178352138 0.3681566323534017 0.415698283025316 1.0
456.0 0.07044708872005032 0.1363347586525971 0.19792933311553124 0.25548348188244974 0.30923680554330885 0.35941640124941715 0.4062374101129753 1.0
457.0 0.06839112130478815 0.13250175993510832 0.1925723428708888 0.24883155233798696 0.3014967964111729 0.3507746662443298 0.3968613800410657 1.0
458.0 0.06638200155859254 0.12874777231554832 0.18731406254660876 0.24228755063663965 0.2938652192257538 0.3422347220043629 0.3875747411688511 1.0000000000000002
459.0 0.06441912842646982 0.12507224041890194 0.18215446117417167 0.23585230703482946 0.2863439835589614 0.3337996772870922 0.37838184115625323 1.0
460.0 0.06250189271119455 0.12147457112863624 0.17709343001638866 0.22952653200673945 0.27893484145275543 0.32547245425513466 0.36928682358000975 1.0
461.0 0.06062967770143515 0.11795413516286268 0.17213078481629646 0.22331081852276333 0.27163938889423617 0.3172557882615177 0.36029362519048624 0.9999999999999998
462.0 0.05880185979252931 0.11451026865433078 0.16726626810195136 0.21720564448201474 0.2644590675825669 0.30915222809045373 0.3514059737955496 1.0
463.0 0.05701780909933535 0.11114227473147949 0.1624995515404372 0.21121137528752543 0.2573951669723228 0.3011641366362626 0.3426273867559532 1.0
464.0 0.055276890060615334 0.10784942509787275 0.1578302383345406 0.2053282665528008 0.25044882657756923 0.293293692002267 0.33396117007482407 1.0
465.0 0.053578462034351994 0.1046309616072854 0.15325786565546676 0.1995564669281846 0.2436210385204047 0.2855428890002913 0.3254104180617199 1.0
466.0 0.05192187988354742 0.10148609783202865 0.14878190710544031 0.19389602103598552 0.23691265030802078 0.27791354103123567 0.31697801355077226 0.9999999999999999
467.0 0.05030649455199341 0.09841402062204355 0.14440177520397676 0.18834687250316706 0.23032436782190277 0.2704072823262423 0.30866662865065314 0.9999999999999998
468.0 0.04873165362954978 0.0954138916524287 0.14011682389183572 0.18290886708063392 0.22385675850285505 0.26302557052759956 0.3004787260030061 1.0
469.0 0.04719670190650494 0.0924848489571925 0.13592635104688588 0.17758175583838268 0.2175102547156221 0.25576968958823637 0.29241656052501835 0.9999999999999998
470.0 0.04570098191661562 0.08962600844711768 0.13182960100629695 0.17236519842599968 0.2112851572769749 0.24864075296841473 0.2844821816109478 1.0
471.0 0.044243834468458754 0.08683646540974893 0.12782576708970406 0.16725876638827342 0.20518163913133566 0.24163970710814248 0.27667743576677856 1.0
472.0 0.042824599164710944 0.08411529598953586 0.12391399411808003 0.16226194652581183 0.1991997491580556 0.2347673351535966 0.26900396965142165 1.0
473.0 0.04144261490907483 0.08146155864641928 0.12009338092348215 0.15737414429112398 0.19333941609505523 0.22802426091628444 0.26146323349791356 0.9999999999999999
474.0 0.04009722040052759 0.07887429559112062 0.11636298284486943 0.15259468721069985 0.18760045256356858 0.221410953043499 0.25405648488746946 1.0000000000000004
475.0 0.038787754614624845 0.07635253419556262 0.11272181420550151 0.1479228283240669 0.1819825591792267 0.21492772937901716 0.24678479284932614 1.0000000000000002
476.0 0.03751355727163386 0.07389528837698346 0.10916885076770005 0.14335774963120584 0.17648532873518502 0.20857476149338727 0.23964904225944017 1.0
477.0 0.03627396929124701 0.07150155995432073 0.1057030321608542 0.13889856553990138 0.17110825044323244 0.20235207936331115 0.2326499385110094 1.0000000000000002
478.0 0.03506833323372545 0.06917033997568674 0.1023232642789878 0.13454432630523758 0.16585071421960484 0.19625957618044734 0.22578801243047897 1.0
479.0 0.033895993727265546 0.06690061001570316 0.09902842164421224 0.13029402145353786 0.16071201500236929 0.19029701327007553 0.21906362541262586 1.0000000000000002
480.0 0.03275629788147454 0.0646913434416983 0.0958173497328161 0.1261465831836868 0.15569135708806722 0.18446402510098234 0.21247697474919702 1.0
481.0 0.03164859568682465 0.06254150664779196 0.09268886726085951 0.12210088973901649 0.15078785847566545 0.17876012436834143 0.20602809912592207 1.0
482.0 0.030572240400010425 0.060450060256053234 0.08964176842646242 0.11815576874345313 0.14600055520656186 0.1731847071321882 0.1997168842635686 1.0
483.0 0.029526588915113724 0.058415960283929064 0.08667482510608011 0.11431000049585757 0.1413284056897704 0.16773705799456337 0.19354306867918894 1.0
484.0 0.028511002120554043 0.05643815927733485 0.08378678900242899 0.1105623212170779 0.13677029500221383 0.16241635529938986 0.187506249544801 1.0
485.0 0.027524845241792738 0.05451560740882944 0.08097639374185656 0.10691142624451076 0.13232503915449914 0.15722167633973982 0.18160588862141713 0.9999999999999999
486.0 0.026567488169791566 0.05264725354040843 0.07824235691919858 0.103355973169402 0.1279913893131901 0.15215200255797898 0.1758413182473035 1.0
487.0 0.025638305775228767 0.05083204625049948 0.07558338208832331 0.09989458491243243 0.12376803597109377 0.14720622472496206 0.17021174736017702 1.0000000000000002
488.0 0.02473667820855203 0.04906893482493896 0.07299816069693155 0.09652585273372706 0.11965361305792444 0.1423831480855529 0.16471626753436694 1.0
489.0 0.023861991185879807 0.04735687021161916 0.07048537396413113 0.09324833917347301 0.11564670198389213 0.13768149745807864 0.15935385901443502 0.9999999999999998
490.0 0.023013636260873497 0.045694805938753844 0.06804369469976254 0.09006058092003999 0.11174583560975974 0.13309992227662337 0.15412339672832687 1.0
491.0 0.02219101108264027 0.044081698996627686 0.06567178906440901 0.08696109160255203 0.10794950213711169 0.12863700156543606 0.149023656263663 1.0
492.0 0.021393519639821244 0.042516510682919235 0.06336831826942879 0.08394836450549595 0.10425614891348933 0.12429124883594012 0.14405331979229208 1.0
493.0 0.02062057249095526 0.040998207411596904 0.061131940216287435 0.081020875202982 0.10066418614722009 0.1200611168971787 0.1392109819287611 0.9999999999999999
494.0 0.019871586981306182 0.0395257614856142 0.05896131107487146 0.07817708411090461 0.0971719905276746 0.1159450025717471 0.13449515550989807 0.9999999999999998
495.0 0.019145987446285234 0.03809815183355224 0.056855086800417426 0.07541543895529297 0.09377790874687125 0.11194125130963117 0.12990427728327575 1.0
496.0 0.01844320540167127 0.036714364710529496 0.0548119245890086 0.07273437715565721 0.09048026091911093 0.10804816169342343 0.12543671349369148 1.0
497.0 0.017762679720800558 0.03537339436366596 0.05283048427160476 0.0701323281222513 0.087277343895596 0.10426398982885975 0.12109076535750096 0.9999999999999999
498.0 0.017103856798949317 0.03407424366251875 0.05090942964682207 0.06760771546659658 0.08416743447163301 0.10058695361553308 0.11686467441585816 1.0000000000000002
499.0 0.016466190705117338 0.03281592469490232 0.04904742975273016 0.06515895912476727 0.08114879248433586 0.09701523689316534 0.11275662775868378 1.0
500.0 0.015849143321435548 0.03159745932855969 0.04724316007806613 0.06278447739319917 0.07821966379918542 0.09354699345948567 0.10876476311211915 1.0000000000000002
501.0 0.015252184470455276 0.030417879739241885 0.0454953037134497 0.06048268887710927 0.07537828318431998 0.09018035095652083 0.10488717378326008 1.0
502.0 0.014674792030547525 0.02927622890571612 0.043802552443177434 0.05825201435168494 0.0726228770716305 0.08691341462248256 0.10112191345656792 1.0000000000000002
503.0 0.014116452039690457 0.028171561072340735 0.04216360777839292 0.05609087853656515 0.06995166620429075 0.08374427090723191 0.09746700083743319 0.9999999999999997
504.0 0.01357665878789622 0.02710294217980905 0.04057718193241868 0.0539977117841931 0.06736286817052643 0.08067099094964153 0.09392042413892085 0.9999999999999998
505.0 0.013054914898561504 0.026069450264746667 0.03904199873919692 0.05197095168290053 0.06485469982387274 0.07769163391583335 0.09048014540863852 0.9999999999999998
506.0 0.01255073139902349 0.025070175828855453 0.037556794515835996 0.05000904457571333 0.06242537959042388 0.07480425019769521 0.0871441046933137 1.0
507.0 0.012063627780598088 0.024104222178302034 0.03612031887030032 0.04811044699598234 0.06007312966380905 0.07200688447147285 0.08391022403926551 1.0000000000000002
508.0 0.01159313204840978 0.023170705734124157 0.03473133545542463 0.046273627021188375 0.057796178089016784 0.06929757861680841 0.08077641132776349 0.9999999999999998
509.0 0.011138780761301923 0.022268756314398883 0.0333886226704193 0.04449706554630498 0.05559276073631274 0.06667437449685062 0.07774056394469513 1.0
510.0 0.010700119062122307 0.021397517388937397 0.03209097431109051 0.04277925747822629 0.05346112316672419 0.0641353166004369 0.07480057228452854 0.9999999999999999
511.0 0.010276700698711016 0.02055614630734364 0.030837200170130884 0.04111871285298763 0.051399522390908024 0.06167845454785305 0.07195432308926637 0.9999999999999998
512.0 0.0098680880358716 0.019743814501189547 0.029626126588732843 0.03951395787741149 0.0494062285231673 0.05930184546170721 0.06919970262324114 1.0
513.0 0.009473852058659953 0.01895970766117174 0.028456596960963153 0.037963535897096994 0.047479526332796534 0.05700355620503497 0.06653459968538655 1.0
514.0 0.009093572367286607 0.018203025890042544 0.02732747219224784 0.03646600829258756 0.04561771669488998 0.0547816654887789 0.0639569084607567 0.9999999999999999
515.0 0.008726837163949598 0.017472983832155085 0.02623763111340221 0.03501995530569789 0.04381911794298053 0.05263426585113969 0.06146453121357441 1.0
516.0 0.008373243231917606 0.016768810780469993 0.025185970851666066 0.03362397679804373 0.04208206712600401 0.05055946551151774 0.05905538082444122 0.9999999999999999
517.0 0.008032395907160532 0.0160897507618291 0.024171407160153584 0.03227669294377749 0.04040492117207695 0.04855539010182133 0.05672738317449584 0.9999999999999997
518.0 0.007703909042858746 0.015435062601370437 0.023192874707240477 0.030976744858706502 0.03878605796183292 0.04662018427828442 0.05447847937981491 1.0000000000000002
519.0 0.007387404967083689 0.014804019966883044 0.02224932732730678 0.029722795167853613 0.03722387731395364 0.04475201321686262 0.05230662787933965 1.0
520.0 0.007082514433970287 0.014195911393955344 0.021339738234343555 0.028513528513657602 0.03571680188573599 0.042949063995570906 0.05020980638002447 0.9999999999999999
521.0 0.006788876568683006 0.013610040292733152 0.020463100199881214 0.027347652006960474 0.034263277991502875 0.04120954686713387 0.04818601366297687 1.0
522.0 0.006506138806480145 0.01304572493710773 0.01961842569670874 0.026223895622957776 0.03286177634172941 0.03953169642543648 0.04623327125455303 0.9999999999999999
523.0 0.006233956826176129 0.012502298437143036 0.018804747009839362 0.02514101254428231 0.03151079270577185 0.037913772669320916 0.04434962496649499 1.0000000000000002
524.0 0.005971994478301572 0.01197910869554893 0.018021116316177112 0.02409777945340013 0.030208848501118532 0.03635406196734662 0.0425331463093274 1.0
525.0 0.00571992370825142 0.011475518348985792 0.017266605734308372 0.023092996776465667 0.028954491312060175 0.0348508779271352 0.040781933783281835 0.9999999999999998
526.0 0.005477424474711632 0.01099090469498325 0.016540307345838442 0.022125488880784343 0.027746295340694345 0.03340256217296911 0.03909411405111172 0.9999999999999998
527.0 0.005244184663650206 0.010524659605242785 0.01584133318967354 0.0211941042280099 0.02658286179316592 0.03200748503532168 0.037467842997206575 1.0
528.0 0.00501989999814953 0.01007618942607302 0.015168815230615914 0.02029771548516386 0.025462819204006632 0.03066404615596952 0.03590130667741566 1.0000000000000002
529.0 0.004804273944355339 0.009644914866698873 0.014521905303626296 0.019435219595549096 0.024384823701426632 0.029370675012344315 0.03439272216402572 0.9999999999999998
530.0 0.004597017613813694 0.009230270876173802 0.013899775035087433 0.018605537811603318 0.02334755921638547 0.028125831364765156 0.0329403382903439 1.0000000000000002
531.0 0.004397849662455816 0.008831706509596922 0.013301615742358053 0.017807615691679313 0.022349737638201524 0.026928005630123143 0.03154243629927711 1.0
532.0 0.004206496186490127 0.008448684784331053 0.012726638312894249 0.017040423062721438 0.02139009891944124 0.025775719185578985 0.03019733040030453 1.0000000000000002
533.0 0.00402269061545404 0.008080682526899478 0.012174073064183753 0.016302953950763883 0.020467411132776687 0.024667524605779124 0.028903368239190996 1.0
534.0 0.0038461736026674164 0.007727190211212977 0.011643169585694599 0.015594226481115279 0.019580470482424978 0.02360200583701188 0.027658931284703467 1.0
535.0 0.0036766929133290912 0.007387711788772786 0.011133196564025838 0.014913282750072135 0.018728101272755187 0.02257777831169622 0.02646243513656963 1.0
536.0 0.0035140033104883958 0.007061764511471049 0.010643441592406634 0.014259188669944783 0.017909155836573536 0.02159348900650848 0.025312329758823558 0.9999999999999999
537.0 0.00335786643911601 0.006748878747590118 0.010173210965654236 0.01363103378912689 0.01712251442552966 0.02064781644737204 0.0242070996425959 0.9999999999999999
538.0 0.0032080507084929757 0.006448597791585851 0.009721829461671268 0.01302793108889472 0.016367085065027383 0.019739470664463656 0.02314526390232663 1.0
539.0 0.0030643311731311856 0.006160477668224026 0.009288640110532867 0.012449016758576752 0.01564180337596258 0.01886719310031567 0.022125376309294086 1.0000000000000002
540.0 0.002926489412428494 0.0058840869316133925 0.00887300395216976 0.011893449950669318 0.014945632365524774 0.018029756473987912 0.02114602526623166 1.0
541.0 0.0027943134092573846 0.005619006459665462 0.008474299783627163 0.011360412517432621 0.01427756218924238 0.017225964604211472 0.020205833726719392 0.9999999999999999
542.0 0.002667597427677038 0.005364829244487916 0.008091923896838278 0.010849108730440479 0.013636609886369276 0.01645465219430375 0.01930345906291599 0.9999999999999999
543.0 0.0025461418899547796 0.005121160179205704 0.007725289807825856 0.010358764984516553 0.013021819090653627 0.015714684581580998 0.018437592885108378 1.0
544.0 0.0024297532530709845 0.004887615841675319 0.007373827978196022 0.009888629487417505 0.012432259718432778 0.015004957453872458 0.017606960816409452 0.9999999999999999
545.0 0.0023182438848792252 0.004663824275548156 0.00703698552976815 0.009437971936589313 0.0118670276359484 0.014324396535674386 0.01681032222585321 1.0
546.0 0.002211431940083121 0.004449424769113592 0.006714225953140317 0.009006083184257012 0.011325244307686558 0.013671957246368268 0.01604646992299779 0.9999999999999999
547.0 0.002109141236187643 0.004244067632340247 0.006405028810965625 0.008592274892068884 0.010806056427490924 0.013046624332852657 0.01531422981705347 1.0000000000000002
548.0 0.002011201129570773 0.004047413972505697 0.00610888943666621 0.008195879176444302 0.010308635534100118 0.012447411478814072 0.014612460543401238 1.0
549.0 0.0019174463918201743 0.0038591354687979515 0.005825318629295494 0.007816248245745911 0.009832177612717045 0.011873360892803012 0.013940053060291046 0.9999999999999998
550.0 0.0018277170864689795 0.003678914146246563 0.005553842345215124 0.007452754030331039 0.009375902684128152 0.011323542877165423 0.013295930218366406 1.0
551.0 0.0017418584462590718 0.0035064421493256137 0.005294001387223877 0.007104787806491367 0.008939054382825728 0.010797055379794224 0.012679046305553911 1.0
552.0 0.0016597207510539512 0.0033414215155541096 0.005045351091745206 0.006771759815242478 0.008520899525519356 0.010293023530577103 0.012088386569745238 1.0000000000000002
553.0 0.0015811592065170233 0.0031835639494029082 0.004807461014649935 0.00645309887687787 0.008120727671356484 0.009810599164329348 0.011522966721588793 1.0
554.0 0.0015060338236632298 0.0030325905967975905 0.0045799146162557435 0.006148252002149086 0.007737850675098327 0.009348960331903869 0.010981832419587135 0.9999999999999996
555.0 0.0014342092993874518 0.002888231820494026 0.004362308946020953 0.005856684000895001 0.007371602234441801 0.008907310801096016 0.01046405873960091 1.0000000000000002
556.0 0.001365554898066222 0.0027502269765860244 0.004154254327419002 0.005577877088895595 0.007021337432611288 0.00848487954887255 0.009968749630748683 1.0000000000000002
557.0 0.001299944334322165 0.0026183241923867892 0.003955374043448652 0.005311330493677672 0.006686432277277127 0.008080920246365897 0.00949503735958063 1.0
558.0 0.0012372556570372558 0.0024922801459159065 0.003765304023215339 0.005056560059967903 0.0063662832368107485 0.007694710738010906 0.009042081944321344 1.0
559.0 0.0011773711346917193 0.002371859847201903 0.0035836925299818833 0.004813097855433237 0.006060306774810412 0.007325552516102396 0.008609070580853112 1.0
560.0 0.001120177142103588 0.0022568364216037275 0.0034101998510725246 0.004580491777324241 0.005767938883794404 0.006972770192000065 0.00819521706204287 0.9999999999999998
561.0 0.0010655640486346405 0.002146990895333011 0.003244497989977658 0.004358305160582696 0.0054886346188843475 0.006635710965110822 0.0077997611918952285 0.9999999999999999
562.0 0.0010134261079266362 0.0020421119833525106 0.003086270360993058 0.004146116387951619 0.005221867632266213 0.006313744090729745 0.007421968195949385 1.0
563.0 0.0009636613492236923 0.0019419958798073595 0.002935211486695198 0.003943518502577883 0.004967129709150633 0.006006260347734608 0.0070611281292294195 1.0000000000000002
564.0 0.0009161714703333305 0.001846446051136515 0.002791026698536827 0.0037501188235696363 0.004723930305913409 0.005712671507073648 0.006716555282985601 1.0
565.0 0.0008708617322735746 0.001755273031999082 0.0026534318408242513 0.003565538564935849 0.004491796091048016 0.0054324098019208214 0.006387587591380893 0.9999999999999999
566.0 0.0008276408556482065 0.0016682942241372976 0.002522152978315079 0.00338941245830062 0.0042702704895131545 0.005164927400308153 0.006073586039194425 0.9999999999999997
567.0 0.000786420918788007 0.0015853336982871713 0.002396926107655737 0.0032213883797547627 0.004058913231015657 0.004909695880987538 0.0057739340715402265 1.0
568.0 0.0007471172576921002 0.0015062219992382831 0.0022774968728607246 0.003061126981180041 0.003857299902730279 0.004666205713222141 0.005488037006532139 1.0000000000000002
569.0 0.0007096483677979637 0.0014307959541310748 0.002163620285012894 0.0029083013263473158 0.0036650215069104633 0.004433965741145031 0.005215321451746638 0.9999999999999999
570.0 0.0006739358076060677 0.0013588984840729032 0.0020550604463506136 0.002762596532068326 0.0034816840238128593 0.0042125026732799595 0.004955234725279469 1.0
571.0 0.0006399041041798854 0.001290378419141851 0.0019515902788866091 0.002623709414649201 0.003306907980314498 0.0040013605777614 0.004707244282118832 1.0
572.0 0.0006074806605392772 0.001225090316840106 0.0018529912576899633 0.0024913481418727635 0.003140328024571158 0.0038001003837497896 0.004470837146504273 1.0
573.0 0.0005765956649612014 0.001162894284048992 0.0017590531489457533 0.0023652318907108434 0.0029815925070292727 0.0036082993894898463 0.004245519350879145 1.0
574.0 0.000547182002198284 0.0011036558025293687 0.0016695737528919859 0.002245090510945043 0.0028303630680715413 0.0034255507774168534 0.0040308153819892684 1.0
575.0 0.0005191751666228201 0.0010472455580037294 0.0015843586517202428 0.002130664194853913 0.0026863142325472935 0.0032514631366766847 0.003826267634630023 1.0000000000000002
576.0 0.0004925131773000828 0.0009935392728475671 0.0015032209625112738 0.002021703153101538 0.002549133011406611 0.0030856599933829307 0.003631435873490013 1.0
577.0 0.00046713649499286375 0.0009424175424123939 0.001425981095267071 0.0019179672969470742 0.002418518510634735 0.0029277793489037624 0.0034458967034993035 1.0
578.0 0.000442987941094985 0.0008937656749931821 0.0013524665160846965 0.0018192259268706356 0.0022941815476500847 0.0027774732264277116 0.0032692430490353216 0.9999999999999998
579.0 0.0004200126184904209 0.0008474735354496698 0.0012825115155104525 0.0017252574276997944 0.002175844275312493 0.0026344072260341654 0.0031010836423083932 1.0
580.0 0.0003981578343308329 0.0008034353924822012 0.001215956982098176 0.0016358489702990046 0.0020632398136581106 0.002498260088454912 0.0029410425211990675 1.0
581.0 0.00037737302472268524 0.0007615497695584882 0.0011526501811875071 0.0015507962198716852 0.001956111889459186 0.002368723267688206 0.002788758536786875 0.9999999999999999
582.0 0.00035760968131283796 0.0007217192994821804 0.0010924445389082875 0.0014699030509098588 0.0018542144836860073 0.0022455005125988285 0.0026438848707741923 1.0000000000000002
583.0 0.0003388212797590821 0.0006838505825883636 0.0010351994314072412 0.0013929812688110825 0.0017573114869270648 0.0021283074576094476 0.002506088562972821 1.0
584.0 0.0003209632100705387 0.0006478540485471765 0.000980779979285929 0.001319850338171179 0.0016651763628073523 0.002016871222566678 0.00237505004899243 0.9999999999999999
585.0 0.00030399270880066795 0.0006136438217515898 0.0009290568472300481 0.0012503371177477862 0.001577591819425861 0.001910930021840181 0.002250462708237913 1.0
586.0 0.0002878687930742337 0.0005811375902618507 0.0008799060488037297 0.0011842756020796809 0.0014943494888188663 0.0018102327826935772 0.00213203242229729 1.0000000000000002
587.0 0.0002725521964277471 0.0005502564782747493 0.0008332087563749067 0.00112150666973533 0.0014152496144394593 0.0017145387729444056 0.002019477143774124 1.0000000000000002
588.0 0.00025800530644172313 0.0005209249220828399 0.0007888511161323081 0.0010618778381554395 0.0013401007466312814 0.0016236172379134107 0.0019125264755963686 1.0000000000000002
589.0 0.00024419210414131234 0.0004930705494845824 0.000746724068147468 0.0010052430250434815 0.001268719446059359 0.0015372470466434556 0.0018109212608079725 1.0
590.0 0.00023107810514125972 0.0004666240626045979 0.0007067231714316083 0.0009514623162523249 0.0012009299950521788 0.0014552163473561326 0.0017144131828333298 1.0000000000000002
591.0 0.00021863030250937097 0.00044151912407913653 0.0006687484339303179 0.000900401740104748 0.0011365641167948328 0.001377322232095285 0.0016227643761806524 1.0
592.0 0.00020681711132222516 0.00041769224656048687 0.0006327041473961311 0.000851933048080856 0.0010754607023058611 0.0013033704104965073 0.001535747047536746 1.0000000000000002
593.0 0.0001956083148854164 0.0003950826854906724 0.0005984987270733343 0.0008059335017967639 0.0010174655451183694 0.0012331748926057396 0.0014531431071853201 1.0
594.0 0.00018497501259025142 0.000373632335093639 0.0005660445561269625 0.0007622856661948804 0.0009624310835798797 0.0011665576806614267 0.0013747438106693202 0.9999999999999998
595.0 0.00017488956937785366 0.0003532856275327796 0.0005352578347437946 0.0007208772088597551 0.0009102161506763507 0.0011033484697425895 0.0013003494106021208 0.9999999999999998
596.0 0.00016532556678097558 0.00033398943517896386 0.0005060584338300681 0.0006816007053685665 0.0008606857312787225 0.0010433843571754915 0.0012297688185197533 0.9999999999999999
597.0 0.00015625775551332874 0.0003156929759329126 0.000478369753228108 0.0006443534505812423 0.0008137107267043324 0.0009865095605832677 0.001162819276655349 1.0
598.0 0.00014766200957587594 0.0002983477215446939 0.0004521185843719798 0.0006090372757717615 0.0007691677264803996 0.0009325751444556939 0.0010993260395073807 1.0000000000000002
599.0 0.00013951528184881094 0.0002819073088713771 0.00042723497729919705 0.0005755583714974419 0.0007269387871900484 0.0008814387551072085 0.001039122065061563 1.0000000000000002
600.0 0.00013179556113799686 0.00026632745401369406 0.0004036521119348102 0.0005438271161015194 0.0006869112182787442 0.0008329643638873348 0.0009820477155206143 1.0000000000000002
601.0 0.00012448183064409364 0.0002515658692712068 0.0003813061735617743 0.0005137579097405318 0.0006489773746935804 0.0007870220185002616 0.0009279504673864622 1.0
602.0 0.00011755402782262951 0.00023758218285529359 0.00036013623239084804 0.00048526901382666614 0.0006130344562255424 0.000743487602286818 0.0008766846307344666 1.0
603.0 0.00011099300560293608 0.00022433786129836026 0.0003400841271415663 0.00045828239577247844 0.0005789843134208246 0.0007022426013164831 0.0008281110775118382 1.0
604.0 0.00010478049493400701 0.00021179613449776236 0.0003210943525456361 0.00043272357892471154 0.0005467332599258983 0.0006631738791347585 0.0007820969786889617 0.9999999999999999
605.0 9.889906862514504e-05 0.0001999219233323332 0.0003031139506829144 0.0004085214975719382 0.0005161918911279988 0.0006261734590069714 0.0007385155500866114 0.9999999999999998
606.0 9.333210644946927e-05 0.00018868176978965027 0.0002860924060602171 0.0003856083569105143 0.00048727490895194306 0.0005911383134980951 0.0006972458066996461 1.0
607.0 8.806376147832031e-05 0.00017804376954193507 0.0002699815443425896 0.00036391949785215255 0.0004599009526722681 0.0005579701612253306 0.0006581723253338181 1.0
608.0 8.307892761478309e-05 0.00016797750690869198 0.0002547354346467535 0.00034339326655621774 0.0004339924355990216 0.0005265752706189068 0.0006211850153702372 0.9999999999999999
609.0 7.836320829477323e-05 0.00015845399214450056 0.00024031029530668956 0.00032397088856988025 0.00040947538749520093 0.0004968642705257004 0.0005861788974704971 0.9999999999999999
610.0 7.390288632427759e-05 0.00014944560099053325 0.00022666440302134818 0.0003055963474590303 0.000386279302583196 0.000468751967489074 0.0005530538900335524 1.0
611.0 6.968489482164941e-05 0.0001409260164288678 0.00021375800529504078 0.00028821626781334826 0.00036433699299788394 0.0004421571695382948 0.000521714603214933 1.0
612.0 6.569678923414417e-05 0.00013287017257912058 0.00020155323608157702 0.0002717798025093802 0.00034358444754429375 0.00041700251632085383 0.0004920701403183957 1.0
613.0 6.192672039822987e-05 0.00012525420067752157 0.0001900140345439454 0.0002562385241162235 0.00032396069561842997 0.0003932143154114729 0.0004640339063702612 1.0
614.0 5.836340861347816e-05 0.0001180553770789955 0.00017910606684185248 0.00024154632032891677 0.00030540767615019394 0.00037072238463169306 0.0004375234236864315 0.9999999999999999
615.0 5.4996118700397954e-05 0.00011125207322384138 0.00016879665086084404 0.00022765929331632808 0.0002878701114292423 0.00034945990021593954 0.0004124601542440895 1.0
616.0 5.1814636012750674e-05 0.00010482370751086964 0.00015905468379700242 0.0002145356628705155 0.0002712953856746173 0.0003293632506596727 0.00038876932866941337 1.0000000000000002
617.0 4.8809243375574197e-05 9.875069902016252e-05 0.0001498505725130646 0.00020213567324685598 0.0002556334282116977 0.0003103718960882631 0.00036637978165590256 1.0
618.0 4.5970698920353764e-05 9.301442302897035e-05 0.00014115616658221246 0.00019042150358462493 0.00024083660112030728 0.00029242823298533194 0.0003452237936277426 1.0
619.0 4.3290214789454323e-05 8.759716826555028e-05 0.0001329446939376364 0.00017935718180005206 0.00022685959122058528 0.0002754774641224254 0.00032523693846605315 1.0
620.0 4.0759436682285676e-05 8.248209584640522e-05 0.00012519069904685592 0.00016890850184492543 0.00021365930626436876 0.0002594674735330642 0.0003063579371169941 0.9999999999999998
621.0 3.837042421620556e-05 7.765319984339531e-05 0.00011786998353122083 0.00015904294422562623 0.00020119477520195766 0.0002443487063765822 0.00028852851690326176 0.9999999999999998
622.0 3.611563207573243e-05 7.309526942827916e-05 0.00011095954915256852 0.00014972959967944263 0.0001894270523964599 0.00023007405353979673 0.0002716932763633892 0.9999999999999998
623.0 3.398789192409922e-05 6.879385254311345e-05 0.00010443754309025059 0.0001409390959065644 0.0001783191256597317 0.00021659874082658706 0.0002557995554454483 1.0000000000000002
624.0 3.198039505174728e-05 6.473522104603495e-05 9.828320543331793e-05 0.0001326435272581745 0.00016783582798633506 0.0002038802225882043 0.00024079731088480074 1.0000000000000002
625.0 3.0086675736900168e-05 6.09063372829911e-05 9.247681881416209e-05 0.00012481638728298574 0.0001579437528642472 0.00019187807964978927 0.00022663899659848552 0.9999999999999999
626.0 2.830059529391847e-05 5.729482203707357e-05 8.699966011148603e-05 0.00011743250403659649 0.0001486111730434955 0.00018055392139138606 0.00021327944893197604 1.0
627.0 2.6616326785656522e-05 5.388892380811585e-05 8.183395415193936e-05 0.00011046797805992211 0.00013980796264615692 0.00016987129184434748 0.00020067577659695302 1.0
628.0 2.5028340376644853e-05 5.067748937639328e-05 7.69628293414739e-05 0.00010390012293519175 0.00013150552250387523 0.00015979557966719517 0.00018878725514232162 0.9999999999999999
629.0 2.353138930444664e-05 4.76499356052854e-05 7.237027515896617e-05 9.770740832992996e-05 0.0001236767086113884 0.0001502939318677094 0.00017757522580375752 0.9999999999999999
630.0 2.2120496447112354e-05 4.4796222438888e-05 6.804110144630717e-05 9.186940544149847e-05 0.00011629576358718743 0.0001413351711411012 0.00016700299858055987 0.9999999999999999
631.0 2.0790941465229126e-05 4.2106827051684983e-05 6.396089943081005e-05 8.636673475692511e-05 0.00010933825103505859 0.00013288971669720128 0.00015703575939209888 1.0000000000000002
632.0 1.953824849760336e-05 3.957271910845359e-05 6.011600441734937e-05 8.118101604478934e-05 0.00010278099270275785 0.00012492950845252845 0.00014764048116947887 1.0
633.0 1.835817439017311e-05 3.718533709367359e-05 5.6493460089263335e-05 7.629482049805047e-05 9.660200833666238e-05 0.00011742793446615387 0.00013878583874152637 1.0000000000000002
634.0 1.7246697438333337e-05 3.493656567086878e-05 5.308098435876137e-05 7.16916249489533e-05 9.078045813401131e-05 0.00011035976150154453 0.0001304421273779609 1.0
635.0 1.620000662335484e-05 3.281871403328771e-05 4.9866936709023186e-05 6.735576807903507e-05 8.529658769666488e-05 0.00010370106859929534 0.00012258118485572017 1.0
636.0 1.521449132418774e-05 3.082449520853853e-05 4.684028697196718e-05 6.327240854962166e-05 8.013167539323252e-05 9.742918354912278e-05 0.00011517631691840338 1.0
637.0 1.4286731486430555e-05 2.8947006280759552e-05 4.3990585487096147e-05 5.9427484980078136e-05 7.526798203873029e-05 9.152262215222036e-05 0.0001082022260019225 0.9999999999999998
638.0 1.3413488230803486e-05 2.717970949501178e-05 4.13079345884681e-05 5.5807677703243224e-05 7.068870280360414e-05 8.596103016825022e-05 0.00010163494310311201 1.0
639.0 1.2591694884009405e-05 2.551641420965929e-05 3.8782961368444896e-05 5.240037222959593e-05 6.637792126657727e-05 8.072512784435947e-05 9.54517626716413e-05 0.9999999999999999
640.0 1.1818448415353485e-05 2.3951259663469005e-05 3.640679166830413e-05 4.919362435359259e-05 6.232056552811579e-05 7.579665692637921e-05 8.96311804087642e-05 0.9999999999999999
641.0 1.1091001263038716e-05 2.2478698525246194e-05 3.417102524741619e-05 4.617612683775148e-05 5.8502366303959824e-05 7.115833005552257e-05 8.415283386009576e-05 1.0
642.0 1.0406753534548239e-05 2.1093481194801994e-05 3.2067712084146256e-05 4.333717761199079e-05 5.490981692055775e-05 6.679378245674154e-05 7.899744569289179e-05 1.0000000000000002
643.0 9.76324556602514e-06 1.9790640825042735e-05 3.0089329763121397e-05 4.0666649427685247e-05 5.153013513667257e-05 6.268752582779764e-05 7.414676955165901e-05 1.0
644.0 9.158150826051241e-06 1.8565479035946235e-05 2.822876190495761e-05 3.815496090783465e-05 4.8351226717824214e-05 5.8824904340956e-05 6.958353838922986e-05 1.0
645.0 8.589269149711736e-06 1.7413552292156945e-05 2.6479277595983698e-05 3.579304893664949e-05 4.536165069260731e-05 5.519205267204648e-05 6.529141517372196e-05 1.0
646.0 8.054520289295875e-06 1.633065891685304e-05 2.4834511776873917e-05 3.357234233368276e-05 4.255058622219176e-05 5.177585597434043e-05 6.125494587493942e-05 1.0000000000000002
647.0 7.551937768457435e-06 1.5312826715482992e-05 2.3288446550512386e-05 3.148473675951033e-05 3.9907801016644374e-05 4.856391171747693e-05 5.745951463700626e-05 1.0000000000000002
648.0 7.079663027101178e-06 1.4356301183849812e-05 2.1835393370727776e-05 2.952257080170935e-05 3.742362123388427e-05 4.554449331426896e-05 5.389130104703795e-05 1.0000000000000002
649.0 6.635939844709123e-06 1.3457534275914517e-05 2.046997607487267e-05 2.767860319165865e-05 3.508890279929508e-05 4.27065154608626e-05 5.0537239412726895e-05 1.0
650.0 6.219109030253162e-06 1.2613173707552688e-05 1.918711472451171e-05 2.5945991104400294e-05 3.2895004086153897e-05 4.003950111827819e-05 4.738497996469027e-05 1.0
651.0 5.8276033672638075e-06 1.1820052773343186e-05 1.7982010219747488e-05 2.4318269495483048e-05 3.0833759899133555e-05 3.75335500658712e-05 4.442285190234572e-05 0.9999999999999999
652.0 5.4599428030325154e-06 1.1075180654281397e-05 1.6850129653930268e-05 2.278933143032788e-05 2.8897456705153677e-05 3.517930895966634e-05 4.1639828204891304e-05 1.0
653.0 5.114729871333874e-06 1.0375733195126074e-05 1.5787192376721025e-05 2.135340936328392e-05 2.7078809057888082e-05 3.296794283095315e-05 3.902549213180102e-05 0.9999999999999997
654.0 4.790645338438386e-06 9.719044130856582e-06 1.4789156734626939e-05 2.0005057325073896e-05 2.537093716414553e-05 3.089110796281741e-05 3.6570005339908444e-05 0.9999999999999999
655.0 4.486444062575261e-06 9.10259674249422e-06 1.385220745929302e-05 1.873913397887915e-05 2.3767345542278135e-05 2.894092608460537e-05 3.426407754685772e-05 0.9999999999999999
656.0 4.20095105737171e-06 8.524015923275e-06 1.2972743674933089e-05 1.7550786506779212e-05 2.226190272460063e-05 2.7109959826509967e-05 3.2098937673255234e-05 1.0
657.0 3.9330577501531045e-06 7.981060636876529e-06 1.2147367497355852e-05 1.6435435289689955e-05 2.084882195758885e-05 2.5391189378608056e-05 3.0066306398349594e-05 1.0
658.0 3.681718426347048e-06 7.471616750119457e-06 1.1372873198118494e-05 1.538875934538015e-05 1.9522642855420562e-05 2.3777990300832033e-05 2.8158370066580363e-05 0.9999999999999997
659.0 3.4459468515690136e-06 6.993690223232955e-06 1.0646236908343923e-05 1.4406682490484238e-05 1.8278213964093727e-05 2.2264112432364148e-05 2.6367755884674087e-05 1.0
660.0 3.2248130632958924e-06 6.545400641431532e-06 9.964606837724718e-06 1.3485360193745517e-05 1.7110676195003284e-05 2.0843659850917633e-05 2.4687508351271254e-05 1.0
661.0 3.017440324363683e-06 6.124975072210886e-06 9.325293985228559e-06 1.2621167089047286e-05 1.601544708851287e-05 1.951107183435662e-05 2.3111066863388703e-05 1.0000000000000002
662.0 2.823002230823107e-06 5.730742233365924e-06 8.725763318913304e-06 1.1810685117981269e-05 1.4988205869548223e-05 1.8261104778895277e-05 2.1632244446108414e-05 1.0000000000000002
663.0 2.6407199670005104e-06 5.361126957362275e-06 8.16362540320376e-06 1.1050692272962863e-05 1.4024879258816395e-05 1.7088815030012453e-05 2.0245207554098644e-05 1.0000000000000002
664.0 2.4698597008935314e-06 5.014644938257405e-06 7.636628452830201e-06 1.033815191303465e-05 1.3121628004671046e-05 1.598954258391836e-05 1.8944456895558134e-05 0.9999999999999999
665.0 2.3097301133191984e-06 4.689897747945008e-06 7.142650793496498e-06 9.670202625658552e-06 1.2274834102095225e-05 1.4958895619154389e-05 1.7724809231212708e-05 1.0
666.0 2.1596800544991604e-06 4.385568109031086e-06 6.679693710149214e-06 9.04414860887001e-06 1.148108866661608e-05 1.3992735819520656e-05 1.658138010287827e-05 0.9999999999999999
667.0 2.0190963220369203e-06 4.100415412191921e-06 6.245874664533397e-06 8.457450549255723e-06 1.0737180432329121e-05 1.3087164451165252e-05 1.5509567448020857e-05 1.0
668.0 1.8874015544906733e-06 3.8332714663623885e-06 5.839420864469639e-06 7.907716972216756e-06 1.004008484446215e-05 1.223850915817463e-05 1.4505036058503376e-05 1.0
669.0 1.76405223499519e-06 3.5830364706041265e-06 5.458663168040442e-06 7.392696041985962e-06 9.386953718170964e-06 1.1443311442522571e-05 1.3563702843484009e-05 0.9999999999999999
670.0 1.648536799621107e-06 3.34867519697404e-06 5.1020303065820786e-06 6.910267789815051e-06 8.775105436444563e-06 1.0698314795661086e-05 1.2681722858098299e-05 1.0
671.0 1.5403738453909675e-06 3.129213374176865e-06 4.768043411074946e-06 6.458436749678224e-06 8.202015661165378e-06 1.0000453450441642e-05 1.185547606120046e-05 1.0
672.0 1.4391104330905111e-06 2.9237342622251164e-06 4.455310827186607e-06 6.035324981723403e-06 7.665308532477883e-06 9.346841723388077e-06 1.1081554766998586e-05 1.0
673.0 1.3443204802267928e-06 2.7313754087571627e-06 4.162523204864829e-06 5.63916546456202e-06 7.162748332697287e-06 8.73476391864023e-06 1.0356751756936682e-05 1.0000000000000002
674.0 1.2556032396911858e-06 2.5513255780785215e-06 3.888448849001462e-06 5.268295838322444e-06 6.69223159203581e-06 8.161664766146297e-06 9.678049019649855e-06 1.0000000000000002
675.0 1.172581859880034e-06 2.3828218443821333e-06 3.6319293182758674e-06 4.9211524811784126e-06 6.251779614410012e-06 7.625140367868657e-06 9.042607088207614e-06 1.0
676.0 1.0949020222172612e-06 2.2251468409878426e-06 3.391875259865359e-06 4.596264902838226e-06 5.839531402563996e-06 7.122929626937627e-06 8.447754945229624e-06 1.0
677.0 1.022230652206377e-06 2.077626157808932e-06 3.1672624682636144e-06 4.292250439221117e-06 5.453736962672498e-06 6.6529061358064865e-06 7.890980467768246e-06 1.0000000000000002
678.0 9.542547003131552e-07 1.9396258796025136e-06 2.9571281569733036e-06 4.007809233250187e-06 5.092750969469694e-06 6.21307050052321e-06 7.369921385095548e-06 1.0
679.0 8.90679989150287e-07 1.810550257902014e-06 2.7605674323534303e-06 3.7417194873796183e-06 4.7550267738133945e-06 5.801543079274844e-06 6.882356723751213e-06 1.0000000000000002
680.0 8.312301235980081e-07 1.6898395098567166e-06 2.576729959393971e-06 3.4928329741327184e-06 4.439110735421129e-06 5.4165571143567694e-06 6.42619871537464e-06 0.9999999999999999
681.0 7.756454606482566e-07 1.5769677375116948e-06 2.4048168096547892e-06 3.260070791548989e-06 4.143636864294803e-06 5.056452237658874e-06 5.999485143945294e-06 1.0000000000000002
682.0 7.236821359121833e-07 1.4714409613673902e-06 2.2440774820668174e-06 3.0424193510558884e-06 3.867321755125886e-06 4.719668330695236e-06 5.600372110150485e-06 0.9999999999999999
683.0 6.751111438715667e-07 1.3727952623407607e-06 2.093807087719264e-06 2.838926585851027e-06 3.608959799688664e-06 4.404739721066144e-06 5.227127191609876e-06 0.9999999999999999
684.0 6.2971746909469e-07 1.2805950265312688e-06 1.9533436901806673e-06 2.6486983684486773e-06 3.367418662942679e-06 4.110289698101576e-06 4.878122978694369e-06 1.0
685.0 5.872992657664448e-07 1.1944312874545808e-06 1.8220657932927627e-06 2.4708951265682903e-06 3.1416350092230657e-06 3.835025331227963e-06 4.551830966605915e-06 1.0000000000000002
686.0 5.476670830119228e-07 1.113920160667161e-06 1.6993899687686007e-06 2.304728647068731e-06 2.9306104655584553e-06 3.577732575397092e-06 4.246815785319342e-06 1.0000000000000002
687.0 5.106431336103689e-07 1.0387013659412722e-06 1.5847686162824928e-06 2.1494590581089406e-06 2.7334078097550242e-06 3.337271648638073e-06 3.961729749833507e-06 0.9999999999999999
688.0 4.7606060381560014e-07 9.684368323896586e-07 1.4776878491009523e-06 2.00439198020049e-06 2.549147371494519e-06 3.112572667528259e-06 3.6953077140411423e-06 1.0
689.0 4.437630021070395e-07 9.028093821563264e-07 1.3776654986311147e-06 1.8688758372560351e-06 2.3770036352448963e-06 2.902631527043209e-06 3.446362212305388e-06 1.0000000000000002
690.0 4.136035448040402e-07 8.415214885081324e-07 1.284249231592391e-06 1.7422993191791485e-06 2.2162020343371636e-06 2.706506011915387e-06 3.213778873616496e-06 1.0
691.0 3.8544457657603764e-07 7.842941043626456e-07 1.1970147738198282e-06 1.6240889879467705e-06 2.066015926071819e-06 2.5233121272462593e-06 2.99651209392341e-06 1.0000000000000002
692.0 3.5915702397924266e-07 7.30865557485245e-07 1.1155642350055872e-06 1.5137070195350052e-06 1.925763738220505e-06 2.3522206367225217e-06 2.7935809529459657e-06 1.0000000000000002
693.0 3.346198802426427e-07 6.809905087735468e-07 1.0395245289642047e-06 1.410649074413432e-06 1.7948062777591469e-06 2.192453797355097e-06 2.6040653624396826e-06 1.0
694.0 3.1171971961532833e-07 6.344389702268082e-07 9.68545884278219e-07 1.3144422896964255e-06 1.6725441931256529e-06 2.0432822802109363e-06 2.4271024335321707e-06 0.9999999999999999
695.0 2.903502396715698e-07 5.909953793677767e-07 9.023004404369715e-07 1.2246433863836413e-06 1.5584155817273585e-06 1.9040222671291838e-06 2.2618830513621506e-06 1.0
696.0 2.7041183005095154e-07 5.504577270471918e-07 8.404809248269897e-07 1.1408368854512456e-06 1.4518937348376507e-06 1.774032713913379e-06 2.10764864583905e-06 1.0000000000000002
697.0 2.5181116618791275e-07 5.126367357161796e-07 7.827994061663195e-07 1.0626334268693407e-06 1.3524850124159427e-06 1.6527127709679226e-06 1.96368814790051e-06 0.9999999999999998
698.0 2.3446082665930276e-07 4.773550854012467e-07 7.289861202008148e-07 9.89668185923789e-07 1.2597268407660127e-06 1.5394993528069416e-06 1.8293351211850547e-06 1.0
699.0 2.1827893284777046e-07 4.4444668475586465e-07 6.787883636906094e-07 9.215993815026804e-07 1.173185826302451e-06 1.4338648482919957e-06 1.7039650595399798e-06 1.0
700.0 2.0318880968690365e-07 4.1375598469974044e-07 6.319694529220337e-07 8.581068712855661e-07 1.0924559790446264e-06 1.3353149638774477e-06 1.586992841280536e-06 0.9999999999999999
