200.0 2.6805517145404326e-18 5.62429271822242e-18 8.857064184541365e-18 1.2407244496047789e-17 1.630599835957386e-17 2.0587550380775187e-17 2.528948549951946e-17 0.9999999999999998
201.0 1.7120517153542893e-18 3.594153027418239e-18 5.663194118352693e-18 7.937742788254358e-18 1.0438211084616155e-17 1.3187038482264578e-17 1.620889325765074e-17 1.0
202.0 1.09323108261773e-18 2.296295900624413e-18 3.6202291287757325e-18 5.077174063386427e-18 6.680494002301917e-18 8.444894814890528e-18 1.0386559826285013e-17 1.0
203.0 6.979463293883121e-19 1.4668115520437304e-18 2.31380179429783e-18 3.2468554028301685e-18 4.274717346172415e-18 5.407021176209724e-18 6.654379317856823e-18 1.0
204.0 4.455119754956399e-19 9.36803050535752e-19 1.4785773095678329e-18 2.0760222106904424e-18 2.734858255273116e-18 3.4613937614356535e-18 4.2625852658397775e-18 1.0
205.0 2.8433881161986444e-19 5.982212941456187e-19 9.447171252115719e-19 1.3272149313331179e-18 1.7494554276695593e-18 2.2155680011094976e-18 2.7301110944505217e-18 1.0
206.0 1.814530185293725e-19 3.8196793584278863e-19 6.035472316355328e-19 8.484037489552214e-19 1.1189827931724483e-18 1.4179865524798634e-18 1.7484010837995605e-18 0.9999999999999999
207.0 1.1578577503402097e-19 2.4386814015161064e-19 3.855530081701155e-19 5.422849814358424e-19 7.156620808206562e-19 9.074520389559234e-19 1.1196103238277108e-18 0.9999999999999999
208.0 7.387893398323617e-20 1.5568894519358055e-19 2.462814534146026e-19 3.4659928034503365e-19 4.576864618092139e-19 5.806991133313961e-19 7.169174621549926e-19 1.0
209.0 4.7138056057723226e-20 9.939081596414054e-20 1.5731324947506483e-19 2.2152054321105376e-19 2.9269463447436436e-19 3.7159145401620176e-19 4.5904895467875e-19 0.9999999999999998
210.0 3.0075951142976254e-20 6.344998311618308e-20 1.0048375820291866e-19 1.4157859799560474e-19 1.8717983237236718e-19 2.377816253754517e-19 2.939323302877691e-19 1.0000000000000002
211.0 1.9189980584443357e-20 4.0506464288925953e-20 6.418509572494899e-20 9.048763203702911e-20 1.1970483651599246e-19 1.521596928628116e-19 1.8821097563529811e-19 0.9999999999999999
212.0 1.2244689131320996e-20 2.5860404912231544e-20 4.100065994347841e-20 5.783615549139344e-20 7.655670608706758e-20 9.737337962113516e-20 1.20520877063015e-19 0.9999999999999998
213.0 7.813569006219335e-21 1.6511055880059967e-20 2.619245472102729e-20 3.6969071561898066e-20 4.8964804042570846e-20 6.231756584831031e-20 7.718087228900337e-20 0.9999999999999999
214.0 4.986430773681519e-21 1.054273032120759e-20 1.6734025470592582e-20 2.363288599798539e-20 3.132017523683653e-20 3.988599789800133e-20 4.943075621042433e-20 1.0
215.0 3.182576006181385e-21 6.732557226341426e-21 1.0692357915786682e-20 1.5109288746599424e-20 2.003612206328266e-20 2.553172239305134e-20 3.166174974394322e-20 1.0000000000000004
216.0 2.0315439372444736e-21 4.299970739011106e-21 6.83290151182656e-21 9.661178049063276e-21 1.2819238370701018e-20 1.6345536051919576e-20 2.0283008446404685e-20 0.9999999999999999
217.0 1.2970051555452145e-21 2.7467493369755734e-21 4.367219527556796e-21 6.17852090899882e-21 8.203126306545217e-21 1.0466155009427707e-20 1.2995684426012521e-20 0.9999999999999999
218.0 8.281988893125417e-22 1.7548905567733732e-21 2.791788163885791e-21 3.951997848927446e-21 5.250184385410135e-21 6.7027565413169454e-21 8.328074482013288e-21 1.0
219.0 5.289495658130184e-22 1.1214185512689479e-21 1.7850347472434098e-21 2.5283419352487357e-21 3.3609098850545406e-21 4.2934575614788334e-21 5.33799112658567e-21 1.0
220.0 3.3790109635409664e-22 7.167721945467723e-22 1.141580845937772e-21 1.6178969100490161e-21 2.151965583527152e-21 2.7507892837584325e-21 3.4222194607492634e-21 1.0
221.0 2.159083816614379e-22 4.58246457961123e-22 7.302495306196079e-22 1.0355489398802616e-21 1.3782205442261858e-21 1.7628391345777886e-21 2.1945395094203986e-21 1.0000000000000002
222.0 1.3799477351200717e-22 2.9304228772249984e-22 4.672498395814199e-22 6.629851358176271e-22 8.829084731463242e-22 1.1300088951541416e-21 1.4076448172808746e-21 1.0
223.0 8.822212180506951e-23 1.8744901701954842e-22 2.99053414334547e-22 4.245792757768647e-22 5.6576315625034855e-22 7.245582274533501e-22 9.031612985249249e-22 0.9999999999999999
224.0 5.641861206077174e-23 1.1994054939605217e-22 1.914601486105972e-22 2.7198434680705593e-22 3.6264685843175584e-22 4.647241370411606e-22 5.796533467175369e-22 1.0
225.0 3.6091545196905213e-23 7.676920185482074e-23 1.226157219234917e-22 1.7428790697788905e-22 2.325260176195826e-22 2.9816437852000875e-22 3.721433310344839e-22 1.0
226.0 2.3095889949125796e-23 4.915346076517575e-23 7.855250095497191e-23 1.1172150086607985e-22 1.4914389792395832e-22 1.913651227215296e-22 2.3900054865776727e-22 0.9999999999999999
227.0 1.4784882394236165e-23 3.148292320318475e-23 5.034168443120853e-23 7.164076251616664e-23 9.569593357348011e-23 1.2286383503327464e-22 1.5354725307967028e-22 0.9999999999999999
228.0 9.468095462903228e-24 2.0172396554014145e-23 3.227430895002877e-23 4.59563123236477e-23 6.142471187819803e-23 7.891274913746125e-23 9.868411889700516e-23 1.0000000000000002
229.0 6.065637229316862e-24 1.2930308963273484e-23 2.0699273085826238e-23 2.949165324276111e-23 3.9442265397044115e-23 5.070368499875097e-23 6.344858646605625e-23 1.0
230.0 3.8874659358303725e-24 8.291566052940868e-24 1.3280959699522015e-23 1.8933430873787043e-23 2.5337100866390306e-23 3.2591802059890767e-23 4.0810634302615585e-23 0.9999999999999999
231.0 2.4925292825822736e-24 5.319215985604902e-24 8.524858452026438e-24 1.216026085142807e-23 1.6283038342683463e-23 2.095853017962558e-23 2.6260835230936004e-23 0.9999999999999999
232.0 1.5988379337061178e-24 3.413886414364977e-24 5.4743835527494705e-24 7.813521323741418e-24 1.046898024661626e-23 1.3483536370040035e-23 1.690575033953102e-23 1.0000000000000002
233.0 1.0260439385917721e-24 2.192036198576693e-24 3.51706517561123e-24 5.0228228467675526e-24 6.733959888706382e-24 8.678489232559346e-24 1.0888244662095776e-23 1.0
234.0 6.587664949050921e-25 1.4081543686332698e-24 2.26062969886655e-24 3.2303734245569108e-24 4.3335172460426065e-24 5.588411976107228e-24 7.015932806005089e-24 0.9999999999999999
235.0 4.2316292698398e-25 9.050305355214929e-25 1.4537468274060426e-24 2.078585608110454e-24 2.790107222552186e-24 3.6003370345479044e-24 4.522968666422774e-24 0.9999999999999999
236.0 2.7195727404054424e-25 5.819598203992351e-25 9.353299557924335e-25 1.3381345587047109e-24 1.7972892293357723e-24 2.3206770209301777e-24 2.9172837809432543e-24 0.9999999999999999
237.0 1.7487066026440333e-25 3.744085961689298e-25 6.020933764793506e-25 8.618953983355293e-25 1.158345123558859e-24 1.4966120814412636e-24 1.8825950156767908e-24 1.0
238.0 1.1250259181189998e-25 2.4100594676812888e-25 3.8778578507279515e-25 5.5544149289522865e-25 7.4694215599786405e-25 9.656791405304125e-25 1.2155261521658193e-24 0.9999999999999999
239.0 7.241747483023259e-26 1.552189709583788e-25 2.4989346460969784e-25 3.5814343794667507e-25 4.819154939199898e-25 6.234353610166067e-25 7.852479173771645e-25 1.0
240.0 4.664072834867545e-26 1.0002366254344066e-25 1.6112343015295655e-25 2.3105554719089435e-25 3.1109678441232957e-25 4.0270847768428535e-25 5.075632080145573e-25 1.0000000000000002
241.0 3.005619906630945e-26 6.449221616613698e-26 1.0394628256633073e-25 1.4914963320349527e-25 2.009400592675729e-25 2.60277435680848e-25 3.282615112560216e-25 0.9999999999999999
242.0 1.9380060926951536e-26 4.1606769195269685e-26 6.709825564141846e-26 9.633406840279038e-26 1.2986419422042898e-25 1.6831940483910296e-25 2.1242312314214164e-25 1.0
243.0 1.2503568808877762e-26 2.6858283263903964e-26 4.333820433564097e-26 6.22579675522187e-26 8.397879003754377e-26 1.0891536688780854e-25 1.3754378855228655e-25 0.9999999999999999
244.0 8.071902480191797e-27 1.7348237501866728e-26 2.8008722021534543e-26 4.025988909651986e-26 5.433908919500479e-26 7.051908855342638e-26 8.911335366843777e-26 1.0
245.0 5.214180507465189e-27 1.121244909970264e-26 1.8112713878244633e-26 2.605061350408091e-26 3.5182183449888934e-26 4.5686923192853306e-26 5.777132463995307e-26 1.0
246.0 3.3703072884588755e-27 7.251346605396001e-27 1.1720513625029792e-26 1.6866932462431626e-26 2.2793232986356713e-26 2.961759746377371e-26 3.7476117350272073e-26 1.0000000000000002
247.0 2.1798727485855685e-27 4.692613809826682e-27 7.589052441367872e-27 1.0927779569160523e-26 1.4776333000422834e-26 1.921256361956697e-26 2.4326210203337266e-26 1.0
248.0 1.4108335900456153e-27 3.0387413085008363e-27 4.917122684238e-27 7.084516175107606e-27 9.58538985546998e-27 1.2471053760744446e-26 1.5800712607406904e-26 1.0000000000000002
249.0 9.13709476898932e-28 1.969065155505485e-27 3.1880254886599324e-27 4.595952999663497e-27 6.222141992303613e-27 8.100428068196039e-27 1.0269892133478964e-26 0.9999999999999999
250.0 5.921513495613443e-28 1.2767869834192978e-27 2.0683514229756815e-27 2.9835451858819986e-27 4.041677135483004e-27 5.2650718614379236e-27 6.679540686482548e-27 0.9999999999999999
251.0 3.840201605406437e-28 8.284632607002236e-28 1.3428364357995881e-27 1.9381427037263536e-27 2.627116331801796e-27 3.424495237010693e-27 4.347336246539896e-27 1.0
252.0 2.4921625910774262e-28 5.379338110502498e-28 8.724136924918398e-28 1.2599093273656709e-27 1.70882382230965e-27 2.2288921937544646e-27 2.8313924783821957e-27 0.9999999999999997
253.0 1.6184675460951703e-28 3.4953400546273055e-28 5.671874531196025e-28 8.19591508597895e-28 1.1122944632615102e-27 1.4517304501614064e-27 1.8453608777569113e-27 1.0
254.0 1.05181900067446e-28 2.272789124785692e-28 3.6901128687152753e-28 5.335367372029858e-28 7.245207937581972e-28 9.462184690102671e-28 1.203569056795921e-27 1.0
255.0 6.840556512242455e-29 1.478910783406376e-28 2.4025120723154837e-28 3.47571309516439e-28 4.7227451741303215e-28 6.171764484456706e-28 7.855487780043327e-28 1.0000000000000002
256.0 4.4520411744163997e-29 9.630344753848024e-29 1.5653386075847794e-28 2.2658967384485276e-28 3.0807370632636314e-28 4.028502460156753e-28 5.130877023850322e-28 0.9999999999999999
257.0 2.8996663409587515e-29 6.275704967479409e-29 1.0206376799187796e-28 1.4782799867104145e-28 2.0111061546852198e-28 2.631467780053866e-28 3.3537456435694327e-28 1.0
258.0 1.8899995600618582e-29 4.0926793905579863e-29 6.659769107507791e-29 9.651556440206579e-29 1.3138303079795079e-28 1.7201894764874824e-28 2.1937764356190485e-28 0.9999999999999999
259.0 1.2328317268711994e-29 2.6710440531060217e-29 4.348851859515501e-29 6.306169971659791e-29 8.589562728263216e-29 1.125335174066706e-28 1.4360908196770776e-28 1.0000000000000002
260.0 8.047812144704854e-30 1.7445603489523723e-29 2.8419826119566413e-29 4.12349182954677e-29 5.619967643945365e-29 7.367469598938083e-29 9.408106041786727e-29 1.0000000000000002
261.0 5.257595811796314e-30 1.1403179701736299e-29 1.8586729502873626e-29 2.698355373789747e-29 3.6798569876954626e-29 4.8271305177061684e-29 6.1681742144409e-29 1.0
262.0 3.43744068686727e-30 7.459406477888842e-30 1.216529388009157e-29 1.7671401438650756e-29 2.411380387102339e-29 3.1651714937820914e-29 4.047142215844276e-29 1.0000000000000002
263.0 2.2491846142267907e-30 4.883420583401569e-30 7.968627149995343e-30 1.1582008665522666e-29 1.5813986555797156e-29 2.0770462030864304e-29 2.657546616176932e-29 1.0000000000000002
264.0 1.4728550187015415e-30 3.1995482402822616e-30 5.223827238279802e-30 7.596979232229623e-30 1.0379130502859393e-29 1.3640769754116936e-29 1.7464534017997448e-29 1.0000000000000002
265.0 9.65256953635291e-31 2.0979779013956537e-30 3.427216443177679e-30 4.9870667350366785e-30 6.817537983448315e-30 8.96558065699774e-30 1.148629073719876e-29 1.0
266.0 6.331066528145631e-31 1.3767776865953954e-30 2.250321826474525e-30 3.276419831714373e-30 4.481713380478697e-30 5.897496796170384e-30 7.560529575365617e-30 1.0
267.0 4.155896093011756e-31 9.042327938624825e-31 1.4787711280131285e-30 2.1543035161399593e-30 2.9485829928661967e-30 3.8824832739435536e-30 4.9805473188451885e-30 0.9999999999999999
268.0 2.7302922197348354e-31 5.943646775136248e-31 9.725530422638945e-31 1.4176531293117616e-30 1.9415034270882156e-30 2.5580369719377987e-30 3.283651930139085e-30 0.9999999999999998
269.0 1.7952003690488342e-31 3.910071767014307e-31 6.401537960452218e-31 9.336659121490938e-31 1.2794436815873275e-30 1.686794040491653e-30 2.1666812095513275e-30 1.0
270.0 1.1813502841904184e-31 2.574412157228003e-31 4.217126776322453e-31 6.154234791419079e-31 8.438494892677629e-31 1.113212073570603e-30 1.4308475380360055e-30 0.9999999999999999
271.0 7.780525897144104e-32 1.6964285478147758e-31 2.780435479436642e-31 4.059945267818791e-31 5.570217251150368e-31 7.3528698610380675e-31 9.457027497948778e-31 0.9999999999999999
272.0 5.128686760706857e-32 1.1188185733661031e-31 1.8347431270850388e-31 2.6806017845505352e-31 3.6799764598465864e-31 4.860728980150285e-31 6.255777852877153e-31 0.9999999999999999
273.0 3.383551090990536e-32 7.38503811449575e-32 1.2117314344021558e-31 1.7713843379599425e-31 2.4332463199517382e-31 3.215983763859016e-31 4.14167208372703e-31 1.0
274.0 2.2341429072143653e-32 4.87884583644633e-32 8.009555855622832e-32 1.171558465599872e-31 1.6102656401732709e-31 2.129592378817757e-31 2.7443538349835382e-31 1.0000000000000002
275.0 1.4764645992267365e-32 3.2259301397746514e-32 5.298874983266017e-32 7.755111030539994e-32 1.0665509509723274e-31 1.4114045865597185e-31 1.8200222752660907e-31 1.0
276.0 9.765875071136576e-33 2.134855499342918e-32 3.50860309702406e-32 5.13791727543155e-32 7.070342632491822e-32 9.362268775465325e-32 1.208057581157071e-31 1.0
277.0 6.465132257489941e-33 1.4140336938125264e-32 2.3252102102929093e-32 3.4069307359748386e-32 4.6911158247229886e-32 6.215660568961304e-32 8.025552848157899e-32 1.0000000000000002
278.0 4.283746899403623e-33 9.374126113924172e-33 1.5423027030836482e-32 2.2610939907395882e-32 3.1152341433176146e-32 4.1302094397283115e-32 5.336305241704878e-32 1.0000000000000002
279.0 2.8408760150168195e-33 6.219901839811747e-33 1.0239019697921947e-32 1.501948282396528e-32 2.0705513566593336e-32 2.7468654449320074e-32 3.5512943456886886e-32 1.0
280.0 1.8856658014497706e-33 4.130663829223375e-33 6.803468384957704e-33 9.98560222417487e-33 1.3774123067932918e-32 1.8284583943808628e-32 2.3654557649067398e-32 0.9999999999999999
281.0 1.2527457861556099e-33 2.7456271783391317e-33 4.524675151006567e-33 6.644744237287356e-33 9.171203894170183e-33 1.2181954081115325e-32 1.5769827199728356e-32 1.0000000000000002
282.0 8.330071059802795e-34 1.82662928871651e-33 3.0118353150968943e-33 4.4255651506165583e-33 6.111881287518319e-33 8.123342064626409e-33 1.0522639781884742e-32 0.9999999999999999
283.0 5.544005803560977e-34 1.2163206753364546e-33 2.006612438482488e-33 2.9501720548663973e-33 4.0767240337537645e-33 5.421757605663938e-33 7.027644722698876e-33 1.0
284.0 3.693086525138903e-34 8.106552522021642e-34 1.3380916383536511e-33 1.9684106249121233e-33 2.721680659456135e-33 3.621884773630157e-33 4.6976841682873295e-33 1.0
285.0 2.4623381093161894e-34 5.407746318726921e-34 8.930995009571156e-34 1.3145446947972952e-33 1.8186704803898712e-33 2.4216974253257006e-33 3.143028304862434e-33 1.0
286.0 1.6432354222236864e-34 3.6106876086524316e-34 5.966325792647426e-34 8.786740587056051e-34 1.2163634231659987e-33 1.6206802176167054e-33 2.104770294116785e-33 1.0000000000000002
287.0 1.0976079115085396e-34 2.4130062974063627e-34 3.989409761230281e-34 5.878607670698507e-34 8.14266558673578e-34 1.0855964294870545e-33 1.410764342702424e-33 0.9999999999999998
288.0 7.338231220872259e-35 1.6140735129683768e-34 2.669969310367791e-34 3.936558847294538e-34 5.45588401082246e-34 7.2783757378030296e-34 9.464527968178814e-34 0.9999999999999998
289.0 4.910589198019725e-35 1.0806518623668824e-34 1.7885502914648256e-34 2.63849293789358e-34 3.658981856252747e-34 4.884238215454812e-34 6.355349874539702e-34 0.9999999999999998
290.0 3.2890852993999904e-35 7.241811404698805e-35 1.1992081537966841e-34 1.7700816658462241e-34 2.4561406848426226e-34 3.280626262841302e-34 4.271468813562707e-34 1.0
291.0 2.2050437249435472e-35 4.857454460392505e-35 8.047995595673164e-35 1.1885844915113116e-34 1.6502330575132675e-34 2.205542504948172e-34 2.873515082185967e-34 1.0
292.0 1.4796567315985365e-35 3.261155808464316e-35 5.406071512963491e-35 7.988538963634988e-35 1.1097816461015684e-34 1.4841370538804413e-34 1.9348590349559296e-34 0.9999999999999998
293.0 9.938195886805824e-36 2.1914761654248545e-35 3.634777638002111e-35 5.374106909174705e-35 7.470180647778786e-35 9.99616879187742e-35 1.3040248771800332e-34 0.9999999999999998
294.0 6.68125426605883e-36 1.4740268812501911e-35 2.446115547142156e-35 3.618661357687546e-35 5.03300114588578e-35 6.738995929620663e-35 8.796788707859824e-35 1.0000000000000002
295.0 4.4958656468093594e-36 9.923811613996756e-36 1.647707626584752e-35 2.438896003492079e-35 3.394113106736128e-35 4.547365278989447e-35 5.939709038633372e-35 1.0
296.0 3.028129788419967e-36 6.687395860447902e-36 1.1109342448437967e-35 1.64529308189334e-35 2.2910253652919248e-35 3.0713440442632436e-35 4.0143002141899324e-35 1.0000000000000002
297.0 2.041467139846232e-36 4.510678508434816e-36 7.497258436058021e-36 1.1109610046596876e-35 1.5478849937841795e-35 2.0763567286936782e-35 2.7155580120974147e-35 1.0
298.0 1.3775834369247873e-36 3.045326771611501e-36 5.064346277682855e-36 7.508631127223191e-36 1.0467754804694626e-35 1.4050157624979163e-35 1.8387120647000904e-35 1.0000000000000002
299.0 9.304688926684537e-37 2.0579457626626243e-36 3.424143066396462e-36 5.0796050296554143e-36 7.085577596214586e-36 9.516274300273231e-36 1.2461621891569554e-35 0.9999999999999998
300.0 6.2906424707378736e-37 1.392011159550795e-36 2.317334755615732e-36 3.4395933865009446e-36 4.800700398093854e-36 6.45148948184194e-36 8.453613176607602e-36 0.9999999999999998
301.0 4.256945321392082e-37 9.424558230920146e-37 1.5697653412229273e-36 2.3312721305802905e-36 3.255684360072945e-36 4.377851597421841e-36 5.74007860870919e-36 1.0
302.0 2.8834455098244294e-37 6.386890367499861e-37 1.0643647025100022e-36 1.581569281949168e-36 2.2099833504753527e-36 2.9735192069247484e-36 3.901230780045935e-36 0.9999999999999999
303.0 1.9549545858716218e-37 4.332401857755095e-37 7.223648320171559e-37 1.0739733074309246e-36 1.5015692304691417e-36 2.0215745380310343e-36 2.6539601743841914e-36 1.0000000000000002
304.0 1.326702180440988e-37 2.9415715360342416e-37 4.907199597915737e-37 7.299773129807794e-37 1.0212027088998344e-36 1.3756838987052756e-36 1.8071603965887473e-36 1.0000000000000002
305.0 9.012029714235159e-38 1.9991347118991367e-37 3.3367402735405086e-37 4.966339430368655e-37 6.951673140162994e-37 9.370396740215409e-37 1.231711739709507e-36 1.0
306.0 6.12751955433495e-38 1.3599319761497251e-37 2.271031448631292e-37 3.3820117020385924e-37 4.73672341106762e-37 6.388637393293482e-37 8.402955116013359e-37 1.0
307.0 4.1702317700394756e-38 9.259878034734633e-38 1.547164287855773e-37 2.3052920725431374e-37 3.2305649255335443e-37 4.359833460169901e-37 5.738072775414316e-37 1.0000000000000002
308.0 2.8408579172362783e-38 6.311124392719029e-38 1.0550248545248007e-37 1.572857525517442e-37 2.2054190299673644e-37 2.978128206746276e-37 3.9220355859940314e-37 0.9999999999999999
309.0 1.9371045853444464e-38 4.305484263314471e-38 7.201157703695076e-38 1.0741521080107974e-37 1.5070107536803953e-37 2.0362406298541758e-37 2.68329773414661e-37 1.0
310.0 1.3221210600773604e-38 2.940027731065681e-38 4.919893323612362e-38 7.34269547582533e-38 1.0307528185109046e-37 1.393565480948475e-37 1.8375467808473148e-37 1.0
311.0 9.03242372295326e-39 2.0095338594672923e-38 3.3645199541508547e-38 5.024107267327403e-38 7.056770230337196e-38 9.546376344090496e-38 1.2595646545019495e-37 0.9999999999999999
312.0 6.176644407931266e-39 1.3748458310505597e-38 2.303058012111185e-38 3.440933115957036e-38 4.835829432091073e-38 6.545802456536381e-38 8.642021157890856e-38 0.9999999999999998
313.0 4.2278188479474764e-39 9.415159928451954e-39 1.5779791066456574e-38 2.358890346029949e-38 3.3170328535435836e-38 4.492630051284444e-38 5.935034245335396e-38 0.9999999999999998
314.0 2.8966487708988315e-39 6.453817068140644e-39 1.082212240844459e-38 1.61865274496466e-38 2.2774171674185008e-38 3.086398892246836e-38 4.0798518001444025e-38 1.0
315.0 1.9865120022785025e-39 4.428136901922403e-39 7.429141750482738e-39 1.11176813383597e-38 1.5651270911819538e-38 2.1223512697738342e-38 2.8072363485314974e-38 0.9999999999999999
316.0 1.3636489791070053e-39 3.0411722670688757e-39 5.1048150554770956e-39 7.643451382441787e-39 1.0766411633501442e-38 1.4608191027464327e-38 1.9334241865565726e-38 0.9999999999999998
317.0 9.369796499456716e-40 2.0906278049838375e-39 3.511047197977201e-39 5.259926388899052e-39 7.413218887950253e-39 1.006444180291108e-38 1.332873727039195e-38 1.0
318.0 6.444273857345657e-40 1.4385608415568477e-39 2.4171783857777245e-39 3.623137271951663e-39 5.109250865285771e-39 6.94060153371467e-39 9.197390843629125e-39 1.0000000000000004
319.0 4.436435205833757e-40 9.908219536306806e-40 1.6656976673532606e-39 2.4980719011768852e-39 3.524700732301595e-39 4.790918154788289e-39 6.352637943285137e-39 1.0
320.0 3.0571071232238154e-40 6.8309155097552006e-40 1.1489446978955523e-39 1.724011400460082e-39 2.433895437060159e-39 3.310203077847398e-39 4.3919502952942827e-39 1.0
321.0 2.1086453082655994e-40 4.713875594876474e-40 7.932636388675977e-40 1.1909413835547517e-39 1.682272050077442e-39 2.289310857480508e-39 3.0393070185207005e-39 0.9999999999999998
322.0 1.4558369883604623e-40 3.2560660404374317e-40 5.482156369129866e-40 8.234849503251175e-40 1.1638718336861974e-39 1.5847804665013634e-39 2.1052590332104038e-39 1.0000000000000002
323.0 1.0060932851322958e-40 2.2512520671420883e-40 3.7922825216016256e-40 5.699488972604347e-40 8.059881290757526e-40 1.0981144425468153e-39 1.4596551168062694e-39 1.0000000000000002
324.0 6.959530739924015e-41 1.5580119905759137e-40 2.6258218809727083e-40 3.948490134957128e-40 5.586844795118687e-40 7.616231970918189e-40 1.0129980922499504e-39 1.0
325.0 4.818787371076166e-41 1.0792774690765711e-40 1.819889613742362e-40 2.738047486322123e-40 3.876313831334075e-40 5.287454889839036e-40 7.036886466837472e-40 1.0000000000000002
326.0 3.339731367741202e-41 7.483606380713749e-41 1.2625247498619636e-40 1.9004897778268556e-40 2.6920646224593613e-40 3.674235599219325e-40 4.892894623227941e-40 0.9999999999999997
327.0 2.316867061020122e-41 5.194025936595716e-41 8.76697292806383e-41 1.3203971632658181e-40 1.8713977113171236e-40 2.5556476382744396e-40 3.4053708630460728e-40 1.0000000000000002
328.0 1.6088157847875428e-41 3.608381594393751e-41 6.093603000568687e-41 9.182436290294961e-41 1.3021487035639156e-40 1.7792968447196301e-40 2.3723349776082372e-40 1.0
329.0 1.1182191817087982e-41 2.5092027968416326e-41 4.2394855975813813e-41 6.391831993300705e-41 9.069194910614212e-41 1.23996403283509e-40 1.6542473042136668e-40 1.0000000000000002
330.0 7.779698037125001e-42 1.7465209266628594e-41 2.9523405783920083e-41 4.453553057571312e-41 6.322521525958724e-41 8.649336140326968e-41 1.1546156681290412e-40 1.0000000000000002
331.0 5.4176815205179335e-42 1.2168198769063677e-41 2.0579450510298762e-41 3.106000381451729e-41 4.4118939742457655e-41 6.039058138387838e-41 8.066530538649284e-41 1.0
332.0 3.77640750413075e-42 8.485803860957161e-42 1.4358690730668768e-41 2.168251687973255e-41 3.081574737636298e-41 4.220540868273402e-41 5.640896838942327e-41 1.0
333.0 2.6348662921190803e-42 5.923434285304097e-42 1.0027885231504966e-41 1.5150637020332404e-41 2.154432675713513e-41 2.9524269986017095e-41 3.9484011005296384e-41 1.0
334.0 1.8401462359646008e-42 4.1387360390088293e-42 7.00998343195817e-42 1.059655706967293e-41 1.5076669264232766e-41 2.067293112953565e-41 2.766341384625705e-41 0.9999999999999999
335.0 1.2863518525233827e-42 2.8945103537332145e-42 4.904981874367529e-42 7.418413064291174e-42 1.0560629346214846e-41 1.4488933889410308e-41 1.9399982397708044e-41 1.0000000000000002
336.0 9.000788001118102e-43 2.026260814124809e-42 3.435344028315417e-42 5.198394298882797e-42 7.404329495075718e-42 1.0164403992688706e-41 1.361781968936058e-41 0.9999999999999999
337.0 6.303971220657465e-43 1.4198028985114162e-42 2.4083249873238696e-42 3.646187629360654e-42 5.196283411632043e-42 7.13736867636059e-42 9.568064926256347e-42 1.0000000000000002
338.0 4.419370766264728e-43 9.958016477618422e-43 1.6899411064844843e-42 2.5598822676749496e-42 3.6501496691652447e-42 5.016544386166283e-42 6.728999991182342e-42 1.0000000000000002
339.0 3.101121332022062e-43 6.9908384716696586e-43 1.1869686412973184e-42 1.798919494785811e-42 2.5664856325106124e-42 3.5292390504088153e-42 4.7368146561046924e-42 0.9999999999999998
340.0 2.178154782618233e-43 4.912435893699565e-43 8.344833468967078e-43 1.2653590555777036e-42 1.8062459204009927e-42 2.4852319821447668e-42 3.337576718216216e-42 0.9999999999999999
341.0 1.5313339657080116e-43 3.455216490999196e-43 5.8722751170118966e-43 8.908932670049431e-43 1.2724019732969293e-42 1.7517082185170858e-42 2.3538818332162442e-42 1.0000000000000002
342.0 1.0776104906406173e-43 2.4325618487357625e-43 4.136232329627683e-43 6.2783705622081996e-43 8.971823468125098e-43 1.2358480989125905e-42 1.6616750788221176e-42 0.9999999999999999
343.0 7.590387115615987e-44 1.7142031164525501e-43 2.9161695332821953e-43 4.428708379776624e-43 6.332067517038559e-43 8.727229805792276e-43 1.1741270759577058e-42 0.9999999999999999
344.0 5.351502665716463e-44 1.2091214242823652e-43 2.057924367679784e-43 3.1269114133084627e-43 4.473199515406727e-43 6.16872207694105e-43 8.304072417029018e-43 0.9999999999999999
345.0 3.776563050476769e-44 8.536626256517813e-44 1.4536314709394373e-43 2.209845411247984e-43 3.1629941088987744e-43 4.3643637100234515e-43 5.878596402219028e-43 0.9999999999999999
346.0 2.667634703467547e-44 6.03268691308184e-44 1.027748713205897e-43 1.5632033741335376e-43 2.238645513029355e-43 3.0906729885317274e-43 4.165451681193246e-43 1.0
347.0 1.886097061349053e-44 4.2671991202181025e-44 7.273219929505163e-44 1.1068169025537918e-43 1.5859100145171608e-43 2.190740814937373e-43 2.954309081735842e-43 0.9999999999999998
348.0 1.3347784904942773e-44 3.0212179382915865e-44 5.151966996162389e-44 7.844083545942588e-44 1.1245465557976727e-43 1.554297622583173e-43 2.097270975031836e-43 1.0
349.0 9.454993767333462e-45 2.1410540419133014e-44 3.6527958712647835e-44 5.5643465725177225e-44 7.981443204042521e-44 1.1037786999840933e-43 1.4902439027518715e-43 1.0000000000000004
350.0 6.703777177987697e-45 1.5187245852700663e-44 2.5922871283562534e-44 3.9508546885254754e-44 5.670089238417904e-44 7.845739183405295e-44 1.0598971826048386e-43 0.9999999999999999
351.0 4.7575520292355405e-45 1.078290087003414e-44 1.8413890175083652e-44 2.8078392482316363e-44 4.031830019450525e-44 5.581990969702276e-44 7.545240226306089e-44 1.0
352.0 3.3795006626189654e-45 7.662963534792747e-45 1.309218400521346e-44 1.9973633849898713e-44 2.8695761128190874e-44 3.975091752339203e-44 5.376315089523612e-44 1.0
353.0 2.4028457195624387e-45 5.4508196177284684e-45 9.317128972618376e-45 1.4221484628913087e-44 2.0442586510739826e-44 2.8333961308241365e-44 3.8344052346383405e-44 1.0
354.0 1.7100268654320426e-45 3.880878992712409e-45 6.636741519659928e-45 1.0135265519518113e-44 1.4576586542573925e-44 2.021477351246096e-44 2.7372362919391907e-44 1.0
355.0 1.2181001515567962e-45 2.7656737912033915e-45 4.731837383801335e-45 7.229811744323815e-45 1.0403441817283707e-44 1.4435479935516734e-44 1.9558109546762414e-44 0.9999999999999999
356.0 8.684911288894656e-46 1.972757382201746e-45 3.376806217753568e-45 5.1620216281686705e-45 7.431881465580237e-45 1.0317955410178354e-44 1.3987531247595082e-44 1.0
357.0 6.19796897849422e-46 1.4084698904494534e-45 2.4120326565990244e-45 3.6890362246830914e-45 5.313985025001967e-45 7.381683714066183e-45 1.0012768378345385e-44 0.9999999999999999
358.0 4.4272527438668115e-46 1.0065188411200002e-45 1.7244882101157544e-45 2.6387945187224812e-45 3.8031283497427887e-45 5.2858625902231816e-45 7.174067475557842e-45 1.0000000000000002
359.0 3.1653330460894096e-46 7.199394547984079e-46 1.2340607799200677e-45 1.8892831577165103e-45 2.72433189696815e-45 3.7885605017219156e-45 5.1448675888880526e-45 1.0
360.0 2.2651864094331968e-46 5.1542920947667155e-46 8.83916837084991e-46 1.3539001000362482e-45 1.9533347917461622e-45 2.717876804091452e-45 3.693003030058793e-45 1.0
361.0 1.6225092150588004e-46 3.693518801352615e-46 6.337004993426686e-46 9.711214023618436e-46 1.401813516947647e-45 1.9515592378161897e-45 2.6532678305168447e-45 1.0
362.0 1.1632373144767557e-46 2.6491654177365624e-46 4.547301164052846e-46 6.9719940570263665e-46 1.0069315013467943e-45 1.4025856122246182e-45 1.9079971522490918e-45 0.9999999999999998
363.0 8.347311775286323e-47 1.901842483775959e-46 3.266026032415264e-46 5.009983521650975e-46 7.23943990770323e-46 1.0089552830746721e-45 1.3733106355686194e-45 1.0000000000000002
364.0 5.995443568925886e-47 1.3665827518691736e-46 2.347907807479131e-46 3.603384549027751e-46 5.209602427149507e-46 7.264547601853124e-46 9.89358051734753e-46 1.0
365.0 4.310142090553332e-47 9.828618029919988e-47 1.6894180151436751e-46 2.5940548866553754e-46 3.752303664634838e-46 5.2352635946774056e-46 7.133966356918395e-46 1.0
366.0 3.101391822125246e-47 7.075274773957759e-47 1.2167100193179925e-46 1.8691370387872296e-46 2.7051064224322344e-46 3.776252756868742e-46 5.148736596855866e-46 0.9999999999999998
367.0 2.233652754145804e-47 5.097857419867431e-47 8.770616469775702e-47 1.3480181816176866e-46 1.9519240042056582e-46 2.726310207030816e-46 3.719302770931145e-46 1.0
368.0 1.610155537688696e-47 3.6764169515033723e-47 6.327984536302045e-47 9.730656923129894e-47 1.40971982243805e-46 1.9700641861604218e-46 2.6891362944798872e-46 0.9999999999999999
369.0 1.161749044679697e-47 2.653711510080201e-47 4.569746654122572e-47 7.030392118296476e-47 1.0190446942544377e-46 1.4248709962408127e-46 1.9460486230344682e-46 0.9999999999999999
370.0 8.389736148600078e-48 1.9172276886314588e-47 3.3030064866914286e-47 5.084017960578596e-47 7.372984911551151e-47 1.0314779380291627e-46 1.4095591808638406e-46 1.0
371.0 6.064219609687986e-48 1.3863850535080775e-47 2.389551932147447e-47 3.679797324557956e-47 5.339275132372429e-47 7.47364942336199e-47 1.021882238836647e-46 0.9999999999999999
372.0 4.3872392963957153e-48 1.0034214493511788e-47 1.7302641566327622e-47 2.665809829647628e-47 3.8699846772845924e-47 5.419921901630521e-47 7.414902451280244e-47 0.9999999999999999
373.0 3.176849557260828e-48 7.268944775849481e-48 1.2539966577849563e-47 1.9329561969215513e-47 2.8075229756240357e-47 3.934051150458563e-47 5.385130427193508e-47 0.9999999999999998
374.0 2.3024490485948566e-48 5.270441121334582e-48 9.096357247131943e-48 1.402818787298817e-47 2.0385607252396093e-47 2.8580694276224e-47 3.914464284089573e-47 1.0
375.0 1.670208096767384e-48 3.824804959638881e-48 6.604271572500261e-48 1.0189830794801918e-47 1.4815263198682224e-47 2.0782149699899241e-47 2.8479534811080986e-47 0.9999999999999997
376.0 1.2126554804538419e-48 2.778161379034861e-48 4.7991877612145184e-48 7.40827894456199e-48 1.0776546109723801e-47 1.5124889229472967e-47 2.0738484279959872e-47 1.0
377.0 8.812308344962343e-49 2.019717381577748e-48 3.4905597161251393e-48 5.3907817070152315e-48 7.845731180422547e-48 1.1017348468232075e-47 1.511484877497802e-47 1.0
378.0 6.409533767912259e-49 1.4696292832786714e-48 2.5410079246247884e-48 3.9261721174611854e-48 5.717023425366121e-48 8.032379556871043e-48 1.1025857570391307e-47 1.0
379.0 4.666022137115699e-49 1.070306463196301e-48 1.851397529924957e-48 2.861997099240628e-48 4.169541805619679e-48 5.861283234262465e-48 8.050110161115289e-48 1.0
380.0 3.3997723637294947e-49 7.80172694463612e-49 1.350128622663121e-48 2.0880957100537814e-48 3.043600153690734e-48 4.2807674439531653e-48 5.88262593272105e-48 0.9999999999999999
381.0 2.479331832234331e-49 5.6918661121731176e-49 9.854429737422619e-49 1.5247970918430784e-48 2.223652150652835e-48 3.129176697204451e-48 4.302488235943308e-48 0.9999999999999999
382.0 1.809673903691427e-49 4.156224660432416e-49 7.198927792046232e-49 1.1144311168279086e-48 1.626017338425495e-48 2.289376097691095e-48 3.149533828523289e-48 1.0000000000000002
383.0 1.3220440110365444e-49 3.0375458075924114e-49 5.2636036312491286e-49 8.152165709243958e-49 1.190040207119235e-48 1.6764163155664108e-48 2.3075443876105393e-48 1.0
384.0 9.666527501691537e-50 2.221903567646725e-49 3.85191456642823e-49 5.968571906263944e-49 8.717165810004192e-49 1.2286363481019013e-48 1.6921159475233487e-48 0.9999999999999998
385.0 7.074131327014181e-50 1.6266914629272932e-49 2.8212871091740202e-49 4.37365564774383e-49 6.390947513081539e-49 9.012403931997934e-49 1.2418967887545113e-48 0.9999999999999998
386.0 5.181468357371865e-50 1.191960424319402e-49 2.068207697955813e-49 3.2077057691817235e-49 4.689543023794797e-49 6.616568355919186e-49 9.12252953288982e-49 1.0
387.0 3.7984703333590508e-50 8.741665899849573e-50 1.517456658462683e-49 2.354611706519734e-49 3.444055813974767e-49 4.861820021481056e-49 6.706848448668084e-49 1.0000000000000002
388.0 2.7870183603687455e-50 6.416546386493039e-50 1.114327294120391e-49 1.729887878367104e-49 2.5315311054340714e-49 3.575509358669301e-49 4.935079996115771e-49 1.0000000000000002
389.0 2.04665746908924e-50 4.713920794563586e-50 8.189975657122644e-50 1.2720071089440575e-49 1.862382273817023e-49 2.6317762976432307e-49 3.634472886390929e-49 0.9999999999999998
390.0 1.5042630260882492e-50 3.466059953295188e-50 6.024553459319048e-50 9.361233688340415e-50 1.3712792496103225e-49 1.938791350192162e-49 2.6789168972312287e-49 0.9999999999999997
391.0 1.1065593480352056e-50 2.5507138512119917e-50 4.435458878895258e-50 6.895212188920388e-50 1.010540044107709e-49 1.4294970416360352e-49 1.976271722715959e-49 0.9999999999999999
392.0 8.14698628132811e-51 1.878703830086817e-50 3.268306108391661e-50 5.083141682807852e-50 7.453336531786075e-50 1.0548836587723694e-49 1.4591593072677074e-49 1.0
393.0 6.003294196371366e-51 1.384920478346464e-50 2.4103293776449633e-50 3.7504713523575546e-50 5.501948751876152e-50 7.791014491856669e-50 1.0782672827495338e-49 1.0
394.0 4.427429537852223e-51 1.0217868556942813e-50 1.7790927314208103e-50 2.769539548180478e-50 4.064901076820727e-50 5.759047053654494e-50 7.974745549683503e-50 1.0
395.0 3.268000367328042e-51 7.545078504871843e-51 1.3142812696564132e-50 2.0468988902181799e-50 3.0057307310622035e-50 4.260626154286368e-50 5.903002279220591e-50 0.9999999999999998
396.0 2.4142373064513158e-51 5.57614689436173e-51 9.717277600694564e-51 1.5140887305570963e-50 2.224415071762548e-50 3.154724475399515e-50 4.373144145753601e-50 1.0
397.0 1.7850247785530043e-51 4.1244937786433664e-51 7.190622197779642e-51 1.1209116771664567e-50 1.64757907112028e-50 2.337833938345229e-50 3.2424879708473934e-50 0.9999999999999999
398.0 1.3209122926284028e-51 3.053318521174369e-51 5.325408316578494e-51 8.30530526760275e-51 1.2213507248301432e-50 1.7339202187747934e-50 2.406166656958385e-50 1.0
399.0 9.782912287540342e-52 2.2622343346894548e-51 3.9473254924407724e-51 6.158897170971597e-51 9.061440019636557e-51 1.2870837232542076e-50 1.7870421349747093e-50 0.9999999999999999
400.0 7.251465494869178e-52 1.6775137475672474e-51 2.928299923990666e-51 4.5710130101672833e-51 6.728461129087334e-51 9.561933647812507e-51 1.3283259061834337e-50 0.9999999999999999
401.0 5.379548859538529e-52 1.2449634677400067e-51 2.174151300717785e-51 3.395338781600566e-51 5.0002875449584e-51 7.109595553210977e-51 9.881758986247923e-51 1.0
402.0 3.994177593908478e-52 9.247155189065238e-52 1.61556546151554e-51 2.5241428056163917e-51 3.719066246003146e-51 5.2905802592638906e-51 7.357370658049231e-51 1.0000000000000002
403.0 2.96803708684978e-52 6.874160986579646e-52 1.2014866265378981e-51 1.878035846220943e-51 2.768417266337371e-51 3.9402153413687116e-51 5.482375473672016e-51 0.9999999999999999
404.0 2.2073474799006224e-52 5.1143477920419336e-52 8.942766693795519e-52 1.3984662020083893e-51 2.0624663841620386e-51 2.936931666297613e-51 4.088572208292977e-51 0.9999999999999998
405.0 1.642973300853408e-52 3.808191813548584e-52 6.661659490279994e-52 1.0422147281424813e-51 1.5377965965709955e-51 2.1909070491389797e-51 3.051619053406112e-51 1.0
406.0 1.2239050138316316e-52 2.8379475080950464e-52 4.966489465066263e-52 7.773535053202704e-52 1.1475367149145181e-51 1.6357211934447536e-51 2.2795215574295533e-51 1.0
407.0 9.12475714592994e-53 2.1166345185128923e-52 3.705716180488485e-52 5.8027656063672714e-52 8.570160385255668e-52 1.2222183922569009e-51 1.704161771598245e-51 1.0000000000000002
408.0 6.808481974663193e-53 1.5799463805622083e-52 2.7672558951567863e-52 4.3351646174197334e-52 6.40567591302546e-52 9.139902060478417e-52 1.2750600848397053e-51 1.0
409.0 5.084328801303857e-53 1.1803009678669098e-52 2.0681403365618934e-52 3.241374724371998e-52 4.791744056116555e-52 6.840477957703412e-52 9.547775189123925e-52 1.0
410.0 3.7998836981755823e-53 8.824621780468825e-53 1.5469033768069965e-52 2.425520529341818e-52 3.587351105424301e-52 5.123686110523869e-52 7.155243289758167e-52 1.0000000000000002
411.0 2.8422305256415614e-53 6.6031527072067595e-53 1.1579714435111066e-52 1.816484580343277e-52 2.687848335260783e-52 3.840862225061808e-52 5.3665637734351985e-52 1.0
412.0 2.1276470773052463e-53 4.944899425245849e-53 8.675269408424298e-53 1.3614713410155647e-52 2.0155112125634126e-52 2.8815361202744554e-52 4.028253886885496e-52 1.0
413.0 1.59400675002619e-53 3.7060685130026576e-53 6.504554084380552e-53 1.021255241591302e-52 1.5125656763232497e-52 2.163552871284402e-52 3.026112055956716e-52 1.0000000000000002
414.0 1.1951707884010793e-53 2.7798301440148616e-53 4.88090665768513e-53 7.666693079642641e-53 1.136032629017537e-52 1.6257660194317144e-52 2.2750963129829065e-52 1.0
415.0 8.968462709007076e-54 2.0867522339068082e-53 3.6654801014771373e-53 5.760084009122551e-53 8.539135180668422e-53 1.2226288339258775e-52 1.711828117267624e-52 0.9999999999999999
416.0 6.735242547824585e-54 1.5677264993895912e-53 2.7549111457965667e-53 4.331072906924418e-53 6.423658845228423e-53 9.201873630780786e-53 1.2890361283009505e-52 1.0
417.0 5.062145718070011e-54 1.1787330758640825e-53 2.0721904425390404e-53 3.259170520038879e-53 4.836102735198611e-53 6.931095952310056e-53 9.714345947173273e-53 1.0
418.0 3.8076865153509385e-54 8.869627328479746e-54 1.5598974582335164e-53 2.45449729917834e-53 3.6437788821134253e-53 5.22481055546448e-53 7.3266350417818435e-53 1.0000000000000002
419.0 2.8663673055819443e-54 6.679423476526649e-54 1.1751835980836742e-53 1.8499538469443622e-53 2.747583699328465e-53 3.941678064412807e-53 5.530151697435475e-53 1.0000000000000002
420.0 2.1594620677681787e-54 5.034023747041663e-54 8.860488203760544e-54 1.3954075286655727e-53 2.0734388984717284e-53 2.9759983933020472e-53 4.177437851687657e-53 1.0
421.0 1.62817608312901e-54 3.796935218376529e-54 6.685760472264552e-54 1.0533726441315676e-53 1.5659284686504535e-53 2.2486618279400573e-53 3.158074652044434e-53 0.9999999999999999
422.0 1.2285651298891223e-54 2.8661025929387233e-54 5.0487536202659695e-54 7.957978975159961e-54 1.18356451982951e-53 1.7004132855240818e-53 2.38931385413471e-53 0.9999999999999999
423.0 9.277586034657683e-55 2.1651593462672845e-54 3.815546195352687e-54 6.016754467999529e-54 8.952622420567154e-54 1.2868344863564025e-53 1.8090951090516327e-53 0.9999999999999999
424.0 7.011497078717918e-55 1.636916602981074e-54 2.8858077772216894e-54 4.552600194487052e-54 6.777131057988897e-54 9.746029591131451e-54 1.3708374481334723e-53 0.9999999999999998
425.0 5.303034527485781e-55 1.238513574882797e-54 2.184314652537029e-54 3.447413908724128e-54 5.1342588158343524e-54 7.387007938047606e-54 1.0395511319859088e-53 1.0
426.0 4.013978588200885e-55 9.378027160980589e-55 1.6546231091045992e-54 2.6125403778585224e-54 3.892645551664038e-54 5.603303986849429e-54 7.889328871173133e-54 1.0
427.0 3.040615581276613e-55 7.106531234310265e-55 1.2543479659945576e-54 1.9813775137167967e-54 2.953562500370297e-54 4.25356970260241e-54 5.991941256428628e-54 1.0
428.0 2.305063105036873e-55 5.389373593251282e-55 9.516363074329821e-55 1.5038518590778235e-54 2.2427488610607887e-54 3.2314366622521516e-54 4.554359296396428e-54 1.0000000000000002
429.0 1.748791079021933e-55 4.090273225231498e-55 7.2253181753032e-55 1.1422876057553398e-54 1.7043048162083447e-54 2.4567979412728908e-54 3.4643220752989534e-54 1.0
430.0 1.3277790607204216e-55 3.1066957797662163e-55 5.4900325764646406e-55 8.683152426135626e-55 1.2961194198698839e-54 1.8692780318049032e-54 2.6371779540126493e-54 1.0000000000000002
431.0 1.0088937886365027e-55 2.3614376622191873e-55 4.1746859452108115e-55 6.605564085276615e-55 9.864449582248061e-55 1.4233378862299647e-54 2.0090455789927368e-54 1.0
432.0 7.671773951206219e-56 1.796323554334657e-55 3.1768931901989576e-55 5.028887197470083e-55 7.513283285770904e-55 1.0846028369897321e-54 1.531680895439158e-54 1.0000000000000002
433.0 5.838157876500009e-56 1.367483002237681e-55 2.4194146495328866e-55 3.831442829330368e-55 5.726835543931965e-55 8.271057815105095e-55 1.1686216539345507e-54 0.9999999999999999
434.0 4.446154308030026e-56 1.0418077269891222e-55 1.843936069633324e-55 2.9213275265931273e-55 4.368443018988648e-55 6.312159237270546e-55 8.922892628672508e-55 1.0000000000000002
435.0 3.388604304961427e-56 7.942924782851302e-56 1.4063980282001174e-55 2.229074442948874e-55 3.334760355252505e-55 4.82081406330742e-55 6.818086162598968e-55 0.9999999999999999
436.0 2.5845431584794144e-56 6.060375550934278e-56 1.0734861554699236e-55 1.7021361285476523e-55 2.5475783618377377e-55 3.684574465299194e-55 5.213667865632043e-55 1.0
437.0 1.9727511079117898e-56 4.627472123624847e-56 8.19991653539283e-56 1.3007336599359256e-55 1.9476657044289372e-55 2.818238828106841e-55 3.9897646013652255e-55 1.0000000000000002
438.0 1.5069031963791303e-56 3.5359999176085875e-56 6.2682480898848465e-56 9.9473137533411e-56 1.4901301569442827e-55 2.1572015692829436e-55 3.0554360536576996e-55 0.9999999999999998
439.0 1.1519189903941612e-56 2.703982138678158e-56 4.795188235937619e-56 7.612820331674325e-56 1.1409218322924349e-55 1.652437786762667e-55 2.3416399522907357e-55 0.9999999999999999
440.0 8.812132604074159e-57 2.06927163677102e-56 3.6710209170702582e-56 5.830511400014278e-56 8.741952786805214e-56 1.266718006410406e-55 1.795920113942213e-55 0.9999999999999999
441.0 6.746236903529441e-57 1.5847190675280447e-56 2.812475529982187e-56 4.468769989774712e-56 6.703180006282266e-56 9.717491919451784e-56 1.3783923882586948e-55 1.0000000000000002
442.0 5.168477245517489e-57 1.2145268847520603e-56 2.1563056475394264e-56 3.4275880487260255e-56 5.1436587517682655e-56 7.460137494092673e-56 1.058709126944e-55 0.9999999999999999
443.0 3.9626258159389715e-57 9.314960829204899e-57 1.654438178008117e-56 2.6309190439372776e-56 3.9498557720720365e-56 5.73134904400372e-56 8.137619345101582e-56 1.0000000000000002
444.0 3.040338478316191e-57 7.1494554623157e-57 1.2703061584994661e-56 2.020894206636207e-56 3.035338525445688e-56 4.4063932318448405e-56 6.259418551307745e-56 1.0
445.0 2.3344157459942483e-57 5.491385230755859e-57 9.760743139610776e-57 1.553445018425724e-56 2.3342578185955073e-56 3.390197484731286e-56 4.8182076022351075e-56 1.0
446.0 1.793704307449731e-57 4.2209174179965935e-57 7.505384907728418e-57 1.1949875852602534e-56 1.7964092714490508e-56 2.610243857016918e-56 3.7115123145339385e-56 0.9999999999999999
447.0 1.3792368789049725e-57 3.246734543655265e-57 5.775341181999136e-57 9.199094610002286e-57 1.3834883885411603e-56 2.011177930382205e-56 2.8610745445932402e-56 1.0000000000000002
448.0 1.0613074652184024e-57 2.4991980694700412e-57 4.4472945990366875e-57 7.086633139317912e-57 1.0662486709450517e-56 1.550715841786563e-56 2.207086230058571e-56 1.0
449.0 8.172537301684419e-58 1.9251630952800266e-57 3.4270995392396834e-57 5.463198477230862e-57 8.223434372672099e-57 1.1965345954826898e-56 1.7038065395867997e-56 1.0
450.0 6.2977428901230805e-58 1.4840424502828764e-57 2.6428291840269963e-57 4.2146853706185874e-57 6.346856717923499e-57 9.239077197791898e-57 1.3162279390122064e-56 0.9999999999999999
451.0 4.856509613682658e-58 1.1448169617866417e-57 2.0394920487738164e-57 3.253819715503386e-57 4.902006530619228e-57 7.139063176819046e-57 1.0175383084495925e-56 1.0
452.0 3.7477782103685755e-58 8.837627942803197e-58 1.5750142196472703e-57 2.5138013316260784e-57 3.7887661407758933e-57 5.520293175849974e-57 7.871876413031019e-57 0.9999999999999999
453.0 2.8942284349199496e-58 6.827226224261909e-58 1.2171818732695535e-57 1.943464231185246e-57 2.930417048611867e-57 4.271597724708389e-57 6.094142403819618e-57 1.0000000000000002
454.0 2.2366602485525563e-58 5.277895523627187e-58 9.413128849450267e-58 1.5035894966609082e-57 2.2681291566322462e-57 3.307690254301462e-57 4.721203944131155e-57 0.9999999999999999
455.0 1.729714863016555e-58 4.083045287608233e-58 7.284823919290047e-58 1.1640942507300476e-57 1.7567576211780684e-57 2.5630944175122434e-57 3.660140500571099e-57 1.0000000000000002
456.0 1.33861379817327e-58 3.1609200831334456e-58 5.6416954947847096e-58 9.018870173841468e-58 1.3616347542931678e-57 1.987506974950706e-57 2.839530824430392e-57 1.0
457.0 1.0366719761056392e-58 2.448768588028599e-58 4.372247651188986e-58 6.992303301190227e-58 1.0561196636490866e-57 1.5422543623050978e-57 2.204439872025474e-57 1.0
458.0 8.033997678809918e-59 1.898391970710892e-58 3.390809534411117e-58 5.4248972463461e-58 8.197253268200031e-58 1.1975830694735032e-57 1.7125835692567927e-57 1.0
459.0 6.230534854747219e-59 1.4727429335160391e-58 2.631507269073311e-58 4.211772610080811e-58 6.3668601212860794e-58 9.305861604411613e-58 1.331392609037919e-57 1.0000000000000002
460.0 4.835275755939489e-59 1.1433256026695356e-58 2.043653647038231e-58 3.272197162194723e-58 4.948607419626385e-58 7.236154679085168e-58 1.0357629533500807e-57 1.0
461.0 3.7550736500110224e-59 8.88206279800839e-59 1.588219653003402e-58 2.5439827890612095e-58 3.848933818879207e-58 5.630648478064447e-58 8.063312274803491e-58 0.9999999999999998
462.0 2.9182061982831105e-59 6.904904694170088e-59 1.2351320683025975e-58 1.9791925272078402e-58 2.995688453407886e-58 4.384371262196785e-58 6.2815160452899045e-58 1.0
463.0 2.2694091704381307e-59 5.371560696437159e-59 9.6120230227616e-59 1.5408490600271716e-58 2.3331927667156125e-58 3.4162809426326686e-58 4.8968000493144904e-58 1.0
464.0 1.7660701950292717e-59 4.181588081113449e-59 7.485378991811575e-59 1.2004092947312864e-58 1.818450095846252e-58 2.6637667846306685e-58 3.81993690001522e-58 1.0
465.0 1.3753095446830838e-59 3.257459230992835e-59 5.833233866871044e-59 9.358253700889513e-59 1.4182342212805094e-58 2.0784242646445022e-58 2.9819128558682984e-58 1.0000000000000002
466.0 1.0717396765284734e-59 2.5392924644322366e-59 4.548839402416562e-59 7.3005488668034715e-59 1.1068515085095187e-58 1.6228060308141054e-58 2.3293120175032464e-58 0.9999999999999999
467.0 8.357445150829904e-60 1.9808038574586417e-59 3.5496575847625643e-59 5.699154930960322e-59 8.644196116699963e-59 1.2679217421120218e-58 1.820762802738354e-58 0.9999999999999998
468.0 6.521569933055576e-60 1.546194976500639e-59 2.7718261107220695e-59 4.452036242068506e-59 6.755425905282763e-59 9.913128529269824e-59 1.4242003500263942e-58 1.0
469.0 5.092419744492363e-60 1.207758497565293e-59 2.1658989446363605e-59 3.480160076525171e-59 5.28290447383537e-59 7.755691108986553e-59 1.1147560612009697e-58 0.9999999999999998
470.0 3.979134987708075e-60 9.4403485683622e-60 1.6935659450162608e-59 2.7222692613239623e-59 4.13412599371379e-59 6.071846424079584e-59 8.731295063674465e-59 1.0
471.0 3.1113195612727535e-60 7.383921496254658e-60 1.3251247862223787e-59 2.130852050513904e-59 3.2373124447883507e-59 4.756752903557546e-59 6.843315892790121e-59 1.0
472.0 2.4343950905484403e-60 5.779313499117385e-60 1.037531322135753e-59 1.6690329274579775e-59 2.5367315819961235e-59 3.7289707603955824e-59 5.367136558021731e-59 1.0
473.0 1.90601816624783e-60 4.526417511574969e-60 8.128950189691157e-60 1.3081722644026643e-59 1.9890808688806505e-59 2.925196008283647e-59 4.212169837746867e-59 0.9999999999999998
474.0 1.4933154864773126e-60 3.5474899654148877e-60 6.373170692715485e-60 1.026011975887642e-59 1.560692801536425e-59 2.2961888948742933e-59 3.307922395245978e-59 1.0000000000000002
475.0 1.1707487406663447e-60 2.782114412894365e-60 4.999925322652025e-60 8.052420058151187e-60 1.225373590038782e-59 1.8036237210203213e-59 2.5995010759638603e-59 1.0000000000000002
476.0 9.184646893465448e-61 2.183308374451634e-60 3.9251603653958303e-60 6.323913977470968e-60 9.62730538004615e-60 1.4176499054492528e-59 2.0441322251492405e-59 1.0
477.0 7.210193240266546e-61 1.7145118857439693e-60 3.083445334955024e-60 4.969698801341916e-60 7.568767544608497e-60 1.1150024492628742e-59 1.6084638615848878e-59 1.0
478.0 5.663906323258338e-61 1.3472565026425915e-60 2.4238129861452517e-60 3.908029298098387e-60 5.954274055735689e-60 8.775370667083501e-60 1.2664732416626846e-59 1.0
479.0 4.452141732964781e-61 1.0593598064507767e-60 1.9065360226296018e-60 3.075163629037664e-60 4.68721370360062e-60 6.910937864016364e-60 9.978428892765787e-60 1.0000000000000002
480.0 3.501907825647231e-61 8.335260104567194e-61 1.5006279279043355e-60 2.4213656324643874e-60 3.6921728336220463e-60 5.446147863118445e-60 7.866993764286127e-60 1.0000000000000002
481.0 2.7562734328316557e-61 6.562606064378118e-61 1.1819039598655961e-60 1.9078019875704133e-60 2.910245836978158e-60 4.2945913412533845e-60 6.206331810646527e-60 0.9999999999999999
482.0 2.170804926059855e-61 5.170280207719758e-61 9.31475761206147e-61 1.504132354181751e-60 2.2953915202587212e-60 3.3887013250888115e-60 4.8993648100554225e-60 1.0000000000000002
483.0 1.710800085684002e-61 4.075974399975784e-61 7.345818482751257e-61 1.18663649224175e-60 1.8116002396212106e-60 2.675610134777637e-60 3.870100378505256e-60 1.0
484.0 1.3491391674274874e-61 3.215344375393899e-61 5.796784424222769e-61 9.367577548821927e-61 1.4306899515438662e-60 2.113924757890742e-60 3.0590135853833975e-60 1.0
485.0 1.0646143597230028e-61 2.5380564720904753e-61 4.5773222763416884e-61 7.399696488048216e-61 1.1305904386155427e-60 1.6712154230682332e-60 2.4194484445520527e-60 0.9999999999999999
486.0 8.406302855298558e-62 2.0047114481183144e-61 3.616698282781518e-61 5.848932287281214e-61 8.940067117725303e-61 1.322058364095879e-60 1.9148122461076368e-60 0.9999999999999999
487.0 6.641924779365382e-62 1.5844492311228818e-61 2.8594900060742456e-61 4.626093698097769e-61 7.073771188874635e-61 1.0465094962229432e-60 1.5163866340018715e-60 1.0000000000000004
488.0 5.251195026373892e-62 1.2530826639356614e-61 2.262244124414319e-61 3.661225429318758e-61 5.600606557234432e-61 8.28913366344361e-61 1.2016187565731444e-60 0.9999999999999999
489.0 4.154288823789657e-62 9.916424771100114e-62 1.7908697837227322e-61 2.8994244819741253e-61 4.437026499382068e-61 6.569731333583066e-61 9.527863449910514e-61 0.9999999999999999
490.0 3.288581750093172e-62 7.852421447209538e-62 1.418604316130714e-61 2.2975739267994436e-61 3.51739350452933e-61 5.210239063866773e-61 7.559542305172084e-61 1.0
491.0 2.604912188296994e-62 6.221917298253082e-62 1.1244246275108731e-61 1.8217913047747082e-61 2.7901075676063694e-61 4.134646123052055e-61 6.001581541231898e-61 1.0
492.0 2.064662645952682e-62 4.9330566216837315e-62 8.918058247076982e-62 1.445434025322628e-61 2.2145784657238995e-61 3.2831352508426806e-61 4.767659539190508e-61 1.0
493.0 1.6374790797912796e-62 3.913616619323184e-62 7.077505650214937e-62 1.1475391817434775e-61 1.7588565367763798e-61 2.6086031976834008e-61 3.789772653740752e-61 0.9999999999999997
494.0 1.299487627507733e-62 3.1067753819676842e-62 5.620296063719198e-62 9.116023958738579e-62 1.3977775686001556e-61 2.0739351691737407e-61 3.0143145354208354e-61 0.9999999999999998
495.0 1.0318993797935083e-62 2.4677997319074195e-62 4.465872278102223e-62 7.246214168805147e-62 1.1115093226234446e-61 1.649868479497881e-61 2.3990016973843393e-61 0.9999999999999998
496.0 8.199180648666483e-63 1.9614513494302614e-62 3.5507543488446334e-62 5.763466021910844e-62 8.84412021430058e-62 1.3133169876129013e-61 1.9104611606614326e-61 1.0
497.0 6.51884342613519e-63 1.559954136021173e-62 2.8248882597546713e-62 4.586931605983599e-62 7.041444213190145e-62 1.046056108782868e-61 1.5223364166580288e-61 0.9999999999999999
498.0 5.186050347267056e-63 1.2414003804541236e-62 2.248781868912925e-62 3.6527995750150073e-62 5.609621039010741e-62 8.33690163192087e-62 1.2137994153297896e-61 1.0
499.0 4.128269932121731e-63 9.885002183778754e-63 1.7912569848240026e-62 2.91067403933362e-62 4.471663113863061e-62 6.648409377450872e-62 9.683808134147378e-62 1.0
500.0 3.2882416140213356e-63 7.87599832591083e-63 1.4276839297492347e-62 2.3207296537584875e-62 3.5667075943323755e-62 5.305096779409155e-62 7.7304984341126096e-62 1.0000000000000002
501.0 2.6207327360299663e-63 6.279101630513549e-63 1.1385941707765896e-62 1.851475138410998e-62 2.846609637098489e-62 4.2357513247551895e-62 6.174900887885458e-62 1.0
502.0 2.0899900898448776e-63 5.009006157415905e-63 9.08589381546707e-63 1.4779940230977414e-62 2.2732615727923694e-62 3.383983947437101e-62 4.9352910440364255e-62 1.0000000000000002
503.0 1.667736012433642e-63 3.9982217885045964e-63 7.25483069541644e-63 1.180559932978147e-62 1.8164820149808904e-62 2.7051162806847305e-62 3.9468892596887785e-62 0.9999999999999998
504.0 1.3315917086774323e-63 3.1933209480584127e-63 5.796247759767559e-63 9.435460081193569e-63 1.4523527198886614e-62 2.163727179733448e-62 3.1583163044714664e-62 0.9999999999999999
505.0 1.0638359555272906e-63 2.5519828006334415e-63 4.633676901207183e-63 7.545654534741333e-63 1.16190742249187e-62 1.7317177047290562e-62 2.5287967744997538e-62 0.9999999999999999
506.0 8.50427249599159e-64 2.0406640606211432e-63 3.7064898757975895e-63 6.037938223564256e-63 9.300975300299781e-63 1.3867840774437367e-62 2.0259512020703247e-62 0.9999999999999999
507.0 6.802330173364712e-64 1.632762458190608e-63 2.966588239312756e-63 4.8343428073928676e-63 7.449757186060254e-63 1.111211865958696e-62 1.6240518836696515e-62 1.0000000000000002
508.0 5.4442167260001086e-64 1.3071677791345725e-63 2.3757909664797803e-63 3.872954317100025e-63 5.970511365257495e-63 8.909232493083891e-63 1.3026442022483504e-62 0.9999999999999999
509.0 4.359828259672896e-64 1.0471179953071233e-63 1.9037714526431895e-63 3.1045780544929367e-63 4.7877983610214655e-63 7.147237921018576e-63 1.0454561992435374e-62 1.0
510.0 3.493484033509317e-64 8.39295701913101e-64 1.5264273821092492e-63 2.490102347385684e-63 3.8416183165452494e-63 5.73706593188239e-63 8.395356136711691e-63 0.9999999999999999
511.0 2.800932707477613e-64 6.731139485487757e-64 1.224591864340165e-63 1.998413469114848e-63 3.0842228168142356e-63 4.6078064597065243e-63 6.745665303717514e-63 0.9999999999999998
512.0 2.2469853936536685e-64 5.401514275458641e-64 9.830137841169057e-64 1.6047455044980342e-63 2.477590817251704e-63 3.702972947552252e-63 5.423279333253919e-63 1.0
513.0 1.8036431585800357e-64 4.3370551723598644e-64 7.895506521803532e-64 1.289373655208787e-63 1.991429155828233e-63 2.9775420857327053e-63 4.362644416911347e-63 1.0
514.0 1.4486148044701901e-64 3.484383778319652e-64 6.345292904817104e-64 1.0365788911591228e-63 1.6015876847196643e-63 2.3956064731051278e-63 3.511457843021133e-63 0.9999999999999997
515.0 1.1641428880936236e-64 2.8009656099467202e-64 5.1023915346989333e-64 8.338271154652633e-64 1.2888023029008122e-63 1.9285121978720437e-63 2.8279650933820317e-63 1.0000000000000002
516.0 9.360733269714503e-65 2.2528873138395565e-64 4.105305309363067e-64 6.711180143895059e-64 1.0376974618822979e-63 1.5533802933957888e-63 2.2788131689609149e-63 0.9999999999999998
517.0 7.531176165157294e-65 1.813093524688448e-64 3.304957346842333e-64 5.404682111047953e-64 8.359941176887524e-64 1.2519322584922261e-63 1.837344681297537e-63 0.9999999999999997
518.0 6.062674397295307e-65 1.4599874968500312e-64 2.6621598191092986e-64 4.3550078204562445e-64 6.738804471404517e-64 1.0095565662338864e-63 1.482241419133593e-63 1.0000000000000002
519.0 4.883299199405962e-65 1.1763198053366107e-64 2.145603199777812e-64 3.511190570584383e-64 5.435115893148575e-64 8.145662816717062e-64 1.1964451695213909e-63 1.0
520.0 3.935584378099928e-65 9.483053004936712e-65 1.7302579969467466e-64 2.832472467403139e-64 4.38611726509247e-64 6.576083212815547e-64 9.662986254823249e-64 1.0
521.0 3.1735919140506884e-65 7.649210266537126e-65 1.39610361658999e-64 2.286240867942844e-64 3.541573855384731e-64 5.311931074976133e-64 7.808611012740049e-64 1.0
522.0 2.5605782429602493e-65 6.173476961194047e-65 1.1271168150323647e-64 1.846385676032524e-64 2.8612523582428278e-64 4.2931986560825214e-64 6.313631719695401e-64 0.9999999999999999
523.0 2.0671371827166597e-65 4.985251089976129e-65 9.104662635053211e-65 1.4919909063747703e-64 2.3129113377615608e-64 3.471779432057551e-64 5.107717835623064e-64 1.0
524.0 1.6697213034939722e-65 4.027980689336525e-65 7.358708589422017e-65 1.2062918996049684e-64 1.870699086672277e-64 2.809085919040068e-64 4.134432580397074e-64 1.0
525.0 1.349463943798881e-65 3.2563421221677983e-65 5.950881982864872e-65 9.758437779164267e-65 1.5138755715222801e-64 2.2741486349192198e-64 3.3484627141173055e-64 0.9999999999999998
526.0 1.0912402057380652e-65 2.633990163304669e-65 4.815065804631487e-65 7.898579714230032e-65 1.2257923264967068e-64 1.8420981629710026e-64 2.7134056881786985e-64 0.9999999999999998
527.0 8.829180204385731e-66 2.1317629881441017e-65 3.898193978632565e-65 6.396725441581775e-65 9.930777722684967e-65 1.4929524270718553e-64 2.2000010235254877e-64 1.0
528.0 7.14760470622194e-66 1.7262492756747802e-65 3.1576513254497197e-65 5.18329097451472e-65 8.049862241832193e-65 1.210647262384315e-64 1.7847159408455562e-64 1.0000000000000002
529.0 5.789485516620316e-66 1.3986437277717087e-65 2.5591962152226216e-65 4.202346151179163e-65 6.528774073421831e-65 9.82261035637774e-65 1.4486136509579195e-64 0.9999999999999997
530.0 4.6919988622248914e-66 1.1338324360868882e-65 2.07529989869788e-65 3.4089104528845774e-65 5.298000815397746e-65 7.973941243836002e-65 1.1764473088498042e-64 1.0000000000000002
531.0 3.80463928581428e-66 9.196615249485131e-66 1.6838181928672122e-65 2.7667892911416677e-65 4.301587649824002e-65 6.476720490919462e-65 9.559342289182181e-65 1.0
532.0 3.086781773250204e-66 7.46352017330362e-66 1.3669284114410523e-65 2.246841775517659e-65 3.494468233159732e-65 5.263473957310763e-65 7.771741742841237e-65 1.0
533.0 2.5057307584506265e-66 6.060314274732232e-66 1.1102781000899398e-65 1.8255931452432821e-65 2.8403258973057993e-65 4.27980709525493e-65 6.3218286177073796e-65 1.0
534.0 2.035157899649728e-66 4.923585859657071e-66 9.023029977279643e-66 1.484122669403888e-65 2.309878846671642e-65 3.4818455186332963e-65 5.145176557504243e-65 1.0000000000000002
535.0 1.653850462304861e-66 4.002229734436065e-66 7.336802799820558e-66 1.2071718347894127e-65 1.8795045384905316e-65 2.8341810472404463e-65 4.189770670267451e-65 0.9999999999999999
536.0 1.344707997583258e-66 3.2550363247398144e-66 5.968900095978982e-66 9.82428791813783e-66 1.5301355491232608e-65 2.3082224909305473e-65 3.4135937154614284e-65 0.9999999999999998
537.0 1.093937615780671e-66 2.6487574543380515e-66 4.858631852565427e-66 7.999539072061633e-66 1.2463728606723296e-65 1.8808706923077157e-65 2.7826861175358885e-65 0.9999999999999998
538.0 8.904081903114393e-67 2.1565536900617477e-66 3.9569913365048143e-66 6.517183446628577e-66 1.0157733650457718e-65 1.5334534928061728e-65 2.2695859444233757e-65 1.0000000000000002
539.0 7.251318199795063e-67 1.7567472985601845e-66 3.2243845837055516e-66 5.312332317596025e-66 8.282770438501737e-66 1.2508691656217768e-65 1.852073749304448e-65 1.0000000000000002
540.0 5.908472449956909e-67 1.431820114227278e-66 2.6288052449420133e-66 4.3325146695532063e-66 6.757461921634615e-66 1.0208971369449722e-65 1.5121621513955637e-65 1.0
541.0 4.8168498858626654e-67 1.1676077813731831e-66 2.1443666358383805e-66 3.535278076322535e-66 5.51594569599717e-66 8.336430239759377e-66 1.2352819957337685e-65 0.9999999999999999
542.0 3.92898045162145e-67 9.526515386774167e-67 1.750120442787758e-66 2.886257439502364e-66 4.5048876690330214e-66 6.810915751497266e-66 1.0096264943731045e-65 0.9999999999999998
543.0 3.2064516754027024e-67 7.776764614407964e-67 1.4291055947931836e-66 2.3576195093624663e-66 3.681075961351395e-66 5.567463394892038e-66 8.256223983933181e-66 1.0
544.0 2.6181638613334537e-67 6.351712653621433e-67 1.1675820433986096e-66 1.9268093960849144e-66 3.009481266840269e-66 4.5533908422493834e-66 6.755033686610835e-66 0.9999999999999998
545.0 2.138924546608724e-67 5.190497210188205e-67 9.544131720517217e-67 1.5755399004349357e-66 2.4616924054206593e-66 3.725953346398859e-66 5.52965611526801e-66 1.0
546.0 1.748315649846526e-67 4.243776826630101e-67 7.805677382391141e-67 1.2889761914406735e-66 2.014653821235072e-66 3.0504509624270604e-66 4.528897690908228e-66 0.9999999999999999
547.0 1.42977991816685e-67 3.471528986540354e-67 6.38717999354911e-67 1.0550777237868288e-66 1.6496462085345026e-66 2.4986997127788845e-66 3.711161980057649e-66 1.0
548.0 1.1698838290033193e-67 2.8412730331832806e-67 5.2291527547358713e-67 8.640667888579069e-67 1.351463009169787e-66 2.0477960642915214e-66 3.0426329207302085e-66 1.0
549.0 9.577225487223443e-68 2.3266351830013426e-67 4.2832788923810404e-67 7.079991048866892e-67 1.1077447943415859e-66 1.6791179185552688e-66 2.4958052667512776e-66 0.9999999999999999
550.0 7.844393164052876e-68 1.9061891679149933e-67 3.5102937851189614e-67 5.8041667189749514e-67 9.084409778089606e-67 1.3775164164725297e-66 2.0482952678933964e-66 1.0
551.0 6.428370446374664e-68 1.56251907159226e-67 2.878272477155068e-67 4.76066984223397e-67 7.453742742577568e-67 1.1306617688703018e-66 1.6818776438132804e-66 1.0
552.0 5.27064278648556e-68 1.2814613784756341e-67 2.3612442574951964e-67 3.906757974463392e-67 6.118881074160709e-67 9.285134828164219e-67 1.381705388642687e-66 1.0000000000000002
553.0 4.3236114518694295e-68 1.0514916446043104e-67 1.93807125421067e-67 3.20763139526244e-67 5.025610214404265e-67 7.628911058514122e-67 1.1356773679126093e-66 1.0
554.0 3.5485372441306726e-68 8.632279370275544e-68 1.591540259179084e-67 2.6349425904456345e-67 4.129752429274594e-67 6.271262360105907e-67 9.339254465002587e-67 0.9999999999999997
555.0 2.91387528724461e-68 7.090286021697132e-68 1.307626857187826e-67 2.1655881394794274e-67 3.395290290697987e-67 5.157802669662895e-67 7.683983406133297e-67 1.0
556.0 2.3939258119923805e-68 5.826662754287069e-68 1.0748988607479465e-67 1.7807289960687624e-67 2.7928443959541517e-67 4.2441533319484455e-67 6.32523778924986e-67 1.0000000000000002
557.0 1.967740407749411e-68 4.790635445985812e-68 8.840324300022143e-68 1.4649955757220054e-67 2.2984378199285702e-67 3.494083326094818e-67 5.209340965544674e-67 1.0
558.0 1.6182349139434216e-68 3.9407849652213046e-68 7.274193912347443e-68 1.2058424591323297e-67 1.8924927787514432e-67 2.877998480859355e-67 4.2924323799449135e-67 1.0
559.0 1.3314695421946862e-68 3.2433064434794383e-68 5.988484024552214e-68 9.930242835965668e-68 1.559015446954524e-67 2.3717135655500206e-67 3.53865445566944e-67 1.0
560.0 1.0960644055675367e-68 2.670595597787665e-68 4.93245946516729e-68 8.181698463947482e-68 1.2849333074258964e-67 1.955453785099489e-67 2.918677662963442e-67 0.9999999999999999
561.0 9.027247434905276e-69 2.2001000724871074e-68 4.064658185495834e-68 6.74435840723161e-68 1.0595562200919514e-67 1.6130424100848317e-67 2.4085000875386584e-67 0.9999999999999999
562.0 7.438550584441248e-69 1.8133856443903548e-68 3.351179413874294e-68 5.5622519241302185e-68 8.741378893314169e-68 1.3312395103462293e-67 1.9884699196997833e-67 1.0
563.0 6.132453551037311e-69 1.4953767161940496e-68 2.764290914634952e-68 4.5895782970206925e-68 7.215188470183048e-68 1.0992034159218099e-67 1.6424890683232102e-67 1.0000000000000002
564.0 5.058158801951033e-69 1.2337382569262924e-68 2.2812952975269182e-68 3.788840316598624e-68 5.958356530460201e-68 9.080519081271825e-68 1.3573640142736496e-67 1.0
565.0 4.1740935121899356e-69 1.0183725944775876e-68 1.8836067314061764e-68 3.129323703458035e-68 4.922839132665062e-68 7.505044936207538e-68 1.1222764172554721e-67 0.9999999999999999
566.0 3.446217544403464e-69 8.410095126115251e-69 1.555998637028104e-68 2.5858577333068165e-68 4.069250587783378e-68 6.2059063387139985e-68 9.283511697407617e-68 0.9999999999999999
567.0 2.846644835994428e-69 6.948721854661952e-69 1.2859903908113306e-68 2.1378045598294337e-68 3.365287273065028e-68 5.1341165155147325e-68 7.683037860971339e-68 1.0
568.0 2.352519583084403e-69 5.744047832804045e-69 1.0633471050087288e-68 1.7682346258390398e-68 2.7844412312847854e-68 4.249463429060598e-68 6.3615241345058535e-68 1.0
569.0 1.9450996750732576e-69 4.75050254298702e-69 8.796714339820695e-69 1.4632535673036522e-68 2.3049497597735515e-68 3.5189219497479377e-68 5.269825056136779e-68 1.0
570.0 1.609008789744772e-69 3.9306895068181043e-69 7.280703121650601e-69 1.2114525075304108e-68 1.9089372752390613e-68 2.9153562245714717e-68 4.367544356081244e-68 1.0
571.0 1.3316258123767776e-69 3.2539051838402156e-69 6.028827348617498e-69 1.0034589016189288e-68 1.5817139150771317e-68 2.4164586860815434e-68 3.6214613518640053e-68 1.0000000000000002
572.0 1.1025861197866976e-69 2.694928910720053e-69 4.994572918870588e-69 8.315693593598466e-69 1.3112019675814816e-68 2.0038821240721447e-68 3.0042432149807403e-68 1.0
573.0 9.133740350829583e-70 2.2330337973652982e-69 4.139702720824358e-69 6.894493377923097e-69 1.087466606079813e-68 1.6625293443202827e-68 2.493390664321483e-68 1.0
574.0 7.569896236579233e-70 1.8511778393497868e-69 3.4327686748669306e-69 5.718874058857149e-69 9.023317729966425e-69 1.3799715201405512e-68 2.070374355711091e-68 1.0
575.0 6.276761372122276e-70 1.5353420897069325e-69 2.8478939496154765e-69 4.745940670674376e-69 7.49065611039305e-69 1.1459716914558731e-68 1.7199271346758451e-68 1.0
576.0 5.206969589372307e-70 1.273988891955352e-69 2.363775814291848e-69 3.940369806659854e-69 6.221227253032649e-69 9.52094215481309e-69 1.4294637437851088e-68 1.0
577.0 4.3215297136987434e-70 1.0576181802956385e-69 1.9628687593590437e-69 3.2730593170434333e-69 5.169329076098843e-69 7.913845114638526e-69 1.1886048040847536e-68 1.0
578.0 3.5883294941564994e-70 8.784039207769393e-70 1.6307149744884975e-69 2.720021253578213e-69 4.297278644401062e-69 6.581063218730511e-69 9.88786147010795e-69 0.9999999999999998
579.0 2.980909478330874e-70 7.298960756331773e-70 1.3553953393641102e-69 2.2614738079576402e-69 3.57399044682926e-69 5.475260576323598e-69 8.229380408598728e-69 1.0
580.0 2.4774576435765807e-70 6.06776165045711e-70 1.1270790204847785e-69 1.8810961200374726e-69 2.973809297515775e-69 4.557357056503015e-69 6.852216820874535e-69 1.0000000000000002
581.0 2.059984645880893e-70 5.046566921683707e-70 9.376537879464935e-70 1.5654164532221093e-69 2.47555180460535e-69 3.795073343010019e-69 5.708126261641969e-69 0.9999999999999998
582.0 1.7136469164293265e-70 4.199164822774048e-70 7.804224420250955e-70 1.3033096305737924e-69 2.0617187623942877e-69 3.161735025606195e-69 4.75722712684989e-69 1.0000000000000002
583.0 1.4261908391464831e-70 3.4956544148783946e-70 6.498534095303295e-70 1.0855840249831571e-69 1.7178476833660164e-69 2.635289147276543e-69 3.9665357380660624e-69 1.0
584.0 1.1874961354936365e-70 2.911334263571779e-70 5.4137574740529356e-70 9.046419858273594e-70 1.4319802850591028e-69 2.1974950850156294e-69 3.3087606801871127e-69 1.0
585.0 9.892005728538009e-71 2.4257888297719205e-70 4.512105676476839e-70 7.542005137149408e-70 1.1942243172078311e-69 1.8332585497079763e-69 2.761310048434789e-69 1.0
586.0 8.24391368098134e-71 2.0221370350358056e-70 3.7623234782509603e-70 6.290613866386756e-70 9.963928476819861e-70 1.5300831346260582e-69 2.3054736268247742e-69 1.0000000000000002
587.0 6.873513149936464e-71 1.6864139253062642e-70 3.138547757819392e-70 5.249218946754619e-70 8.317071763110628e-70 1.2776184557259981e-69 1.9257488616222064e-69 1.0000000000000002
588.0 5.7334983393291895e-71 1.4070616212817577e-70 2.619367447894621e-70 4.382189372138997e-70 6.945520396686655e-70 1.0672877000913721e-69 1.6092850902851265e-69 1.0000000000000002
589.0 4.784709152343028e-71 1.1745100454856838e-70 2.1870490638790133e-70 3.6600054239598807e-70 5.802738098247676e-70 8.919804861317603e-70 1.345425067531289e-69 0.9999999999999999
590.0 3.9947137630695986e-71 9.808314333272116e-71 1.8268983506196325e-70 3.058199366044854e-70 4.850140593860503e-70 7.457994663433033e-70 1.1253265815532267e-69 1.0
591.0 3.3366403798150166e-71 8.194555124825191e-71 1.5267338818432475e-70 2.556481660515973e-70 4.0557223182499783e-70 6.238511731692417e-70 9.416500267994314e-70 0.9999999999999999
592.0 2.7882139482934422e-71 6.849345893789524e-71 1.2764527793235723e-70 2.1380198835970554e-70 3.392922755198842e-70 5.2207330433856745e-70 7.883003188115875e-70 1.0000000000000002
593.0 2.3309614789423672e-71 5.727497092738404e-71 1.0676722671969885e-70 1.7888433844561797e-70 2.8396901725907182e-70 4.370920342109271e-70 6.602136023137389e-70 1.0
594.0 1.949556181581613e-71 4.7915063545732e-71 8.934336841876496e-71 1.497351536430039e-70 2.3777080303170645e-70 3.6610407773973574e-70 5.531808984555036e-70 0.9999999999999998
595.0 1.6312759152911124e-71 4.010236871403579e-71 7.479579597338185e-71 1.253907370928205e-70 1.9917555079092142e-70 3.0677916909757036e-70 4.63702228089871e-70 0.9999999999999998
596.0 1.3655558259284104e-71 3.357825365499159e-71 6.2644351451490776e-71 1.050501617264239e-70 1.669178660761358e-70 2.571793848795138e-70 3.8886589017863133e-70 0.9999999999999999
597.0 1.1436186228934993e-71 2.812779360171195e-71 5.248991495139969e-71 8.804748250028034e-71 1.399452869584876e-70 2.1569237241026237e-70 3.262485127776052e-70 1.0
598.0 9.581688832682581e-72 2.3572306002099085e-71 4.400058041167114e-71 7.382874240762838e-71 1.1738206611078822e-70 1.8097606180684618e-70 2.7383226530014757e-70 1.0000000000000002
599.0 8.031401817843231e-72 1.976317334970481e-71 3.690021447869148e-71 6.19329367627045e-71 9.849917828782919e-71 1.5191286634394905e-70 2.2993625493301612e-70 1.0
600.0 6.73485824417183e-72 1.6576729934124115e-71 3.0958983405502875e-71 5.197624733977688e-71 8.26894720901253e-71 1.2757172591323693e-70 1.9315965178609288e-70 1.0
601.0 5.650055895571869e-72 1.3910027381715204e-71 2.598550596332936e-71 4.363897888628564e-71 6.9447074535269196e-71 1.0717663652762671e-70 1.6233451673298832e-70 1.0
602.0 4.742022173011728e-72 1.1677326395677248e-71 2.1820350385456307e-71 3.6654730010939005e-71 5.835031301406367e-71 9.00805460085665e-71 1.3648665944374971e-70 1.0
603.0 3.9816248650185296e-72 9.807188867491383e-72 1.833064275815559e-71 3.0801412317195786e-71 4.904754767378236e-71 7.574369131389479e-71 1.148031453476087e-70 1.0000000000000002
604.0 3.344586234092233e-72 8.240066554278861e-72 1.5405594929970212e-71 2.5893799057993456e-71 4.124541307214778e-71 6.371561387705884e-71 9.660531027950188e-71 0.9999999999999998
605.0 2.810665299381348e-72 6.926300646658644e-72 1.2952793490003104e-71 2.1777340109496157e-71 3.4699055120840987e-71 5.362022195626605e-71 8.13263394568972e-71 0.9999999999999998
606.0 2.362979323801695e-72 5.824461483773696e-72 1.0895118947050746e-71 1.832302581515815e-71 2.9204021197090245e-71 4.514337835435013e-71 6.849263066710858e-71 1.0
607.0 1.98744056181068e-72 4.899969975950245e-72 9.168186973846166e-72 1.542311997218281e-71 2.4589520563569676e-71 3.8022582088628615e-71 5.770829625058379e-71 0.9999999999999999
608.0 1.672288484376085e-72 4.123952438028917e-72 7.718222324951659e-72 1.2987613344382126e-71 2.071282113044154e-71 3.2038387048349683e-71 4.864226967689859e-71 1.0
609.0 1.4077011279357353e-72 3.472288901118798e-72 6.500291499530859e-72 1.0941274757827629e-71 1.7454588950759611e-71 2.700726215586411e-71 4.101757436566761e-71 0.9999999999999999
610.0 1.185472043690531e-72 2.9248218720388053e-72 5.476832981433587e-72 9.221198028836988e-72 1.4715010166489175e-71 2.2775648331228146e-71 3.460238830610712e-71 1.0000000000000002
611.0 9.987416586426327e-73 2.464698206502707e-72 4.616434425390907e-72 7.774760477028567e-72 1.2410562654308095e-71 1.921500952758967e-71 2.920260077517011e-71 1.0
612.0 8.417737876316561e-73 2.0778214665080075e-72 3.8928148612942056e-72 6.55792323811036e-72 1.047132737532615e-71 1.6217709801797397e-71 2.465560934742175e-71 0.9999999999999999
613.0 7.097696279590593e-73 1.752396018999456e-72 3.283977180650156e-72 5.533815545457502e-72 8.838748248014078e-72 1.3693577083401647e-71 2.082514832619222e-71 1.0
614.0 5.987128839798007e-73 1.4785473452399197e-72 2.7715021152712266e-72 4.671555035399426e-72 7.463764927784357e-72 1.1567038052727754e-71 1.759697526618765e-71 1.0
615.0 5.05240756786045e-73 1.248005686563997e-72 2.3399598361411947e-72 3.9452643099742767e-72 6.305255757148425e-72 9.774728197748034e-72 1.4875271689332964e-71 1.0
616.0 4.265364337246647e-73 1.0538423495430032e-72 1.976419369715452e-72 3.333250760409302e-72 5.328738814542807e-72 8.263497400982377e-72 1.2579638478770337e-71 1.0000000000000002
617.0 3.602394568310399e-73 8.902498120998406e-73 1.6700393975141718e-72 2.8173222599636496e-72 4.5052878228416035e-72 6.988744897567459e-72 1.0642586645079367e-71 1.0
618.0 3.0437096540068654e-73 7.523582777621821e-73 1.4117267946398557e-72 2.3822159782679744e-72 3.81062699794956e-72 5.913028627527772e-72 9.007440915832877e-72 1.0000000000000002
619.0 2.5727131815058955e-73 6.360825723753533e-73 1.1938515742169984e-72 2.0151214175644543e-72 3.2243749855557537e-72 5.004903277863977e-72 7.626587499954978e-72 1.0
620.0 2.1754802313276332e-73 5.379943110489613e-73 1.010008820583735e-72 1.7052819618648046e-72 2.729413066358391e-72 4.237949002693732e-72 6.460008913998182e-72 0.9999999999999997
621.0 1.8403225391496367e-73 4.552151198596404e-73 8.548197827246046e-73 1.4436618765167628e-72 2.3113569853165885e-72 3.5899591942491727e-72 5.474058334727827e-72 0.9999999999999998
622.0 1.5574252104523635e-73 3.853274073867782e-73 7.237656173419708e-73 1.222667891715899e-72 1.9581152261301542e-72 3.042260978674149e-72 4.640433897058993e-72 0.9999999999999998
623.0 1.3185430879699184e-73 3.2629977072071957e-73 6.13048364738562e-73 1.0359163265707727e-72 1.6595194300370838e-72 2.579146514027709e-72 3.935319966193328e-72 1.0
624.0 1.1167468717372173e-73 2.764246099568161e-73 5.1947464881488335e-73 8.780382243904691e-73 1.4070150488073868e-72 2.1873968271880542e-72 3.3386679073527835e-72 1.0000000000000002
625.0 9.462107518372333e-74 2.3426593157461148e-73 4.403583468062899e-73 7.445162278322466e-73 1.193402308798413e-72 1.8558829685317311e-72 2.833593445934062e-72 0.9999999999999998
626.0 8.020346929557548e-74 1.9861565871029976e-73 3.7343910120148446e-73 6.315479681647035e-73 1.0126192149936061e-72 1.5752317934310135e-72 2.4058715125124905e-72 1.0
627.0 6.800956557058959e-74 1.6845704692396122e-73 3.168140673752017e-73 5.3593161239098826e-73 8.595596981243843e-73 1.33754578485202e-72 2.04351263129381e-72 1.0
628.0 5.769229921849825e-74 1.429340373616388e-73 2.688807238361128e-73 4.549699352886357e-73 7.29921151460886e-73 1.136168083695789e-72 1.7364075452549562e-72 0.9999999999999999
629.0 4.895940453463474e-74 1.2132557327266928e-73 2.282889325618338e-73 3.863898853957456e-73 6.200765557948763e-73 9.654853527905549e-73 1.4760289659039097e-72 1.0
630.0 4.1564664077621155e-74 1.0302406732874015e-73 1.9390073701455067e-73 3.28275115162024e-73 5.269671839289267e-73 8.207623161195637e-73 1.2551811645144422e-72 0.9999999999999999
631.0 3.530057079588418e-74 8.751734162670529e-74 1.6475663534136647e-73 2.7900936293474548e-73 4.4801253651049095e-73 6.980028280361761e-73 1.0677896464422073e-72 1.0000000000000002
632.0 2.9992172481349384e-74 7.437347421971404e-74 1.4004727444931148e-73 2.3722892229784073e-73 3.810347116010044e-73 5.938331719578265e-73 9.087244218140504e-73 1.0000000000000002
633.0 2.5491905971075394e-74 6.322807930526422e-74 1.1908968414264739e-73 2.0178272424962548e-73 3.241948694438166e-73 5.054039926258684e-73 7.73651446931295e-73 1.0
634.0 2.1675260219408405e-74 5.377362595255653e-74 1.0130731515903652e-73 1.716987995218957e-73 2.7593983684771658e-73 4.3030785396111234e-73 6.589076963920645e-73 1.0
635.0 1.843713379197485e-74 4.575046508679033e-74 8.621326558699966e-74 1.461560900871556e-73 2.3495721518569904e-73 3.665099053454136e-73 5.613960655044556e-73 1.0
636.0 1.5688774374500698e-74 3.893928853303209e-74 7.339618081358495e-74 1.2446074728029992e-73 2.0013762281516202e-73 3.12289549032963e-73 4.784969203794285e-73 1.0
637.0 1.3355206279777455e-74 3.3154789057868143e-74 6.250839618111192e-74 1.0602619455104489e-73 1.7054292556181482e-73 2.6619134382352333e-73 4.079936294111104e-73 0.9999999999999999
638.0 1.1373067286211461e-74 2.824032802941348e-74 5.32559617031976e-74 9.035635029789987e-74 1.4537949509716174e-73 2.2698366632767163e-73 3.480098415220002e-73 1.0
639.0 9.688788958853103e-75 2.406344878830633e-74 4.539024681126129e-74 7.703150436505595e-74 1.2397569066568888e-73 1.936238904466815e-73 2.969566375874634e-73 0.9999999999999999
640.0 8.257065311019145e-75 2.0512100118720332e-74 3.870087209531388e-74 6.56964238181549e-74 1.0576288975430493e-73 1.6522904584899224e-73 2.5348798354299923e-73 1.0
641.0 7.039563612424527e-75 1.7491456188668192e-74 3.300975596403066e-74 5.6050332219605135e-74 9.02595021591994e-74 1.4105108371406194e-73 2.1646316653862545e-73 0.9999999999999999
642.0 6.003838630253737e-75 1.4921237708789187e-74 2.81660984092681e-74 4.783846402059857e-74 7.705749300833749e-74 1.2045601822152293e-73 1.8491510724429064e-73 1.0000000000000002
643.0 5.122417845990719e-75 1.2733454434404593e-74 2.4042152727245812e-74 4.084494372593702e-74 6.581101656956613e-74 1.0290632968046209e-73 1.5802361878772978e-73 1.0
644.0 4.372030425396262e-75 1.087050200284587e-74 2.052966004475105e-74 3.488677970997513e-74 5.622682655332373e-74 8.794611356180219e-74 1.350928314538401e-73 1.0
645.0 3.7329571004433467e-75 9.283556870506153e-75 1.7536841593162678e-74 2.9808796253021866e-74 4.805618214051189e-74 7.518854213985943e-74 1.155321268962322e-73 1.0
646.0 3.188481790759355e-75 7.931222136240428e-75 1.49858605067161e-74 2.547935559876916e-74 4.108801382677653e-74 6.43052745717926e-74 9.884003013039893e-74 1.0000000000000002
647.0 2.724428865336431e-75 6.778384597050587e-75 1.2810679029031873e-74 2.1786745498984682e-74 3.514315079078477e-74 5.50175092211723e-74 8.45905952716542e-74 1.0000000000000002
648.0 2.328772520597242e-75 5.795249718012225e-75 1.0955248839401834e-74 1.86361275575993e-74 3.006944304773274e-74 4.708842067944862e-74 7.2421894585491e-74 1.0
649.0 1.991306909893745e-75 4.95652651127817e-75 9.371982130273425e-75 1.5946958335817934e-74 2.573763812829506e-74 4.0316764774865425e-74 6.202628222227045e-74 1.0
650.0 1.7033674701236515e-75 4.240738775532174e-75 8.020459390393499e-75 1.3650809152746293e-74 2.2037894251518668e-74 3.4531469148836374e-74 5.3142155922210615e-74 1.0
651.0 1.457595410235817e-75 3.6296428870829795e-75 6.866336834215302e-75 1.168952224755154e-74 1.8876830628076775e-74 2.9587055786316432e-74 4.554698360171468e-74 1.0
652.0 1.2477386013485367e-75 3.1077354732553004e-75 5.880422284229871e-75 1.0013650822335555e-74 1.6175031213583761e-74 2.535976609472263e-74 3.905139840436471e-74 0.9999999999999999
653.0 1.0684831786902764e-75 2.661836935286613e-75 5.037893240423429e-75 8.581138763778163e-75 1.3864931412812402e-74 2.174427947773429e-74 3.3494196639895425e-74 0.9999999999999997
654.0 9.15311064721213e-76 2.2807390029746414e-75 4.3176350117985585e-75 7.356202800348337e-75 1.1889028318006094e-74 1.865093346652857e-74 2.8738098979407477e-74 1.0
655.0 7.843793783246696e-76 1.9549063649563666e-75 3.7016802658198823e-75 6.308385703272559e-75 1.0198364385852078e-74 1.6003367871673756e-74 2.466615711041991e-74 0.9999999999999998
656.0 6.724183300370906e-76 1.6762239836779807e-75 3.174734278936936e-75 5.411754061453938e-75 8.751242300677307e-75 1.373652753913113e-74 2.117870643853202e-74 1.0
657.0 5.766447373398725e-76 1.4377830205961363e-75 2.723772634080587e-75 4.644218302500308e-75 7.512135373275828e-75 1.1794968498991754e-74 1.819078090571855e-74 0.9999999999999999
658.0 4.946887432886644e-76 1.2336994048246619e-75 2.337700183644056e-75 3.9869561187351355e-75 6.450763383746248e-75 1.0131420891149008e-74 1.562991904041037e-74 0.9999999999999998
659.0 4.245316998249185e-76 1.0589600108048271e-75 2.0070618414544937e-75 3.423923393381226e-75 5.541308459448056e-75 8.705569294888296e-75 1.3434301349894178e-74 1.0
660.0 3.644534953963799e-76 9.09292195665666e-76 1.723797236941979e-75 2.9414391958128046e-75 4.7617495252363e-75 7.483017194493244e-75 1.1551168436643492e-74 1.0000000000000002
661.0 3.129878745610754e-76 7.810531082600517e-76 1.4810325030047055e-75 2.5278334995132486e-75 4.0932971896137455e-75 6.434407460999569e-75 9.935477040222037e-75 1.0
662.0 2.6888452307963046e-76 6.711357391415774e-76 1.272903512794344e-75 2.173148033997332e-75 3.51991373571741e-75 5.534675072899269e-75 8.548757805046648e-75 1.0
663.0 2.3107688232996296e-76 5.768891505202494e-76 1.0944057606852994e-75 1.8688821643082964e-75 3.0279052526252383e-75 4.762411963181724e-75 7.358144144267305e-75 1.0000000000000002
664.0 1.9865481735041147e-76 4.960507213976077e-76 9.412668250073198e-76 1.6077769423825645e-75 2.6055749397186873e-75 4.09932697368437e-75 6.335546273516227e-75 0.9999999999999999
665.0 1.7084139816405005e-76 4.2668857728709334e-76 8.098379764881168e-76 1.3836315301684709e-75 2.242928302998306e-75 3.5297865102048436e-75 5.456948461484231e-75 1.0
666.0 1.4697316823438534e-76 3.6715265596704564e-76 6.97002025077092e-76 1.191147085648766e-75 1.9314223862994662e-75 3.040423698828013e-75 4.701810901817191e-75 0.9999999999999999
667.0 1.2648337029252629e-76 3.160330988246275e-76 6.000949442948875e-76 1.0257939557197674e-75 1.663752383498457e-75 2.619805709090161e-75 4.0525604491718157e-75 1.0
668.0 1.0888768116350122e-76 2.7212485844184746e-76 5.168391894026761e-76 8.836986559535588e-76 1.433669994655179e-75 2.258150486427634e-75 3.49415686253835e-75 1.0
669.0 9.3772075965844e-77 2.343975829694036e-76 4.452869443952008e-76 7.615476549180418e-76 1.2358287487777967e-75 1.9470854699207153e-75 3.013723229511794e-75 0.9999999999999999
670.0 8.078250014744714e-77 2.019699814202122e-76 3.8377180224069453e-76 6.565054353397319e-76 1.0656522430433216e-75 1.6794419995609933e-75 2.6002309636018765e-75 1.0
671.0 6.96160769234455e-77 1.7408799541366703e-76 3.30867610631423e-76 5.661446889414981e-76 9.192218635553057e-76 1.4490800721351206e-75 2.2442312214737654e-75 1.0
672.0 6.001361920253504e-77 1.5010620557647956e-76 2.853534082514983e-76 4.8838682717782774e-76 7.931810734585941e-76 1.2507389132325924e-75 1.9376258190496826e-75 1.0000000000000002
673.0 5.1753250210319244e-77 1.2947198767621409e-76 2.4618353968011736e-76 4.214512655247033e-76 6.846537951398146e-76 1.0799095175608486e-75 1.6734717691662145e-75 1.0000000000000002
674.0 4.4644966739626175e-77 1.1171200709080973e-76 2.1246217513774744e-76 3.6381217222028705e-76 5.91174786704591e-76 9.327258898535836e-76 1.4458144480885932e-75 1.0000000000000002
675.0 3.852600411646791e-77 9.642070246995931e-77 1.834215782241369e-76 3.1416156992041237e-76 5.106302293513656e-76 8.058722103074921e-76 1.2495451481255054e-75 1.0
676.0 3.325688327548258e-77 8.325046217241876e-77 1.58403563869316e-76 2.7137784615280164e-76 4.4120701047584426e-76 6.9650356533503e-76 1.0802794096240194e-75 1.0000000000000002
677.0 2.871803838661314e-77 7.190324173929528e-77 1.3684367268049277e-76 2.3449887037372107e-76 3.8134941476168e-76 6.021782379727489e-76 9.342530652335463e-76 1.0000000000000002
678.0 2.4806938768733128e-77 6.2123408529908935e-77 1.1825765904823129e-76 2.026990357759983e-76 3.2972212841269993e-76 5.207998522519232e-76 8.082333872863961e-76 1.0
679.0 2.1435631791147e-77 5.369163175416995e-77 1.0222995074340758e-76 1.752696460869647e-76 2.851786253629575e-76 4.5056792043969523e-76 6.994431179546543e-76 1.0000000000000002
680.0 1.8528644458424548e-77 4.641966336805379e-77 8.84037889506243e-77 1.5160215422527907e-76 2.467341432322573e-76 3.899355582228647e-76 6.054954920513049e-76 0.9999999999999999
681.0 1.6021190701045424e-77 4.014587840578712e-77 7.647280114900983e-77 1.311738332263161e-76 2.135425747647313e-76 3.3757331650711556e-76 5.243386428899568e-76 1.0000000000000002
682.0 1.3857639309243018e-77 3.473146293497619e-77 6.6173796151687505e-77 1.135355222942779e-76 1.8487670069046405e-76 2.923382344959143e-76 4.5420802004514315e-76 0.9999999999999999
683.0 1.1990204166634855e-77 3.0057154473999965e-77 5.7280601954328476e-77 9.830114388896169e-77 1.6011127509394224e-76 2.532473512985159e-76 3.9358565056563013e-76 0.9999999999999999
684.0 1.0377824146162269e-77 2.602045385563298e-77 4.959879366765448e-77 8.51387328349525e-77 1.38708546744041e-76 2.1945502604288405e-76 3.4116524759085034e-76 1.0
685.0 8.985204878111101e-78 2.253323953929965e-77 4.296118143608506e-77 7.376275676227567e-77 1.2020586137695498e-76 1.9023351234635125e-76 2.9582231699188774e-76 1.0
686.0 7.781998719148066e-78 1.9519725589611232e-77 3.72239474814231e-77 6.392753977434397e-77 1.0420504226522388e-76 1.6495631456999552e-76 2.565885374836235e-76 1.0000000000000002
687.0 6.742102753056029e-78 1.6914713224684545e-77 3.226333777072551e-77 5.542162895983241e-77 9.03632909433358e-77 1.4308392271187043e-76 2.2262979592722182e-76 0.9999999999999999
688.0 5.843057631610828e-78 1.4662093225347512e-77 2.7972827725522754e-77 4.806296695344315e-77 7.838538786807501e-77 1.2415158190451524e-76 1.9322735004578493e-76 1.0000000000000002
689.0 5.065532597218458e-78 1.2713562782221474e-77 2.4260693234572353e-77 4.169475383034083e-77 6.8017005069396235e-77 1.0775880282706386e-76 1.6776166788094345e-76 1.0
690.0 4.392884184588739e-78 1.1027525707837435e-77 2.1047928316320226e-77 3.618189871762127e-77 5.903897034002939e-77 9.356036223511202e-77 1.4569855902868366e-76 1.0
691.0 3.8107779337174595e-78 9.568149496160316e-78 1.8266459364793907e-77 3.1407976070841917e-77 5.1262345936199226e-77 8.125857936707794e-77 1.2657726871061273e-76 1.0000000000000002
692.0 3.306864009098285e-78 8.304556591807822e-78 1.585761322871519e-77 2.7272613974799708e-77 4.4524204727661185e-77 7.059668515271083e-77 1.100002535107096e-76 1.0000000000000002
693.0 2.870498951167185e-78 7.210130536855104e-78 1.3770802608113911e-77 2.3689252406605785e-77 3.868400375779289e-77 6.135312772897187e-77 9.56243983612787e-77 1.0
694.0 2.492506920268294e-78 6.261920480558271e-78 1.1962397567686502e-77 2.0583218419823016e-77 3.3620469693482934e-77 5.333668044508708e-77 8.31534691409564e-77 0.9999999999999999
695.0 2.1649747603094783e-78 5.440129939425103e-78 1.0394756498560852e-77 1.789007290281197e-77 2.9228923031939678e-77 4.638223789105605e-77 7.23316249369379e-77 1.0
696.0 1.8810760337289993e-78 4.727677743719264e-78 9.03539372649963e-78 1.5554190129655322e-77 2.541897850374119e-77 4.034720200499839e-77 6.293783937628801e-77 1.0000000000000002
697.0 1.6349198826616638e-78 4.1098208543542205e-78 7.856264263992732e-78 1.3527536925874187e-77 2.2112568137784936e-77 3.51083744238877e-77 5.4781102088708666e-77 0.9999999999999998
698.0 1.4214211712647287e-78 3.5738302258185095e-78 6.833149020122768e-78 1.176862305579916e-77 1.9242241162565404e-77 3.0559283295100798e-77 4.769628986941694e-77 1.0
699.0 1.2361888763606162e-78 3.1087121642649356e-78 5.945126187069283e-78 1.0241598525079657e-77 1.6749701504008433e-77 2.660788306603746e-77 4.154061292980573e-77 1.0
700.0 1.0754301309004107e-78 2.7049687174979895e-78 5.174116576492034e-78 8.915476983492004e-78 1.4584549268523094e-77 2.317457457396485e-77 3.619055515035735e-77 1.0
