200.0 7.251465494869181e-52 1.6775137475672474e-51 2.928299923990666e-51 4.5710130101672833e-51 6.728461129087334e-51 9.561933647812507e-51 1.3283259061834337e-50 0.9999999999999998
201.0 3.9941775939084775e-52 9.247155189065237e-52 1.6155654615155397e-51 2.5241428056163914e-51 3.7190662460031455e-51 5.2905802592638894e-51 7.35737065804923e-51 1.0
202.0 2.207347479900623e-52 5.114347792041935e-52 8.942766693795519e-52 1.3984662020083893e-51 2.0624663841620386e-51 2.936931666297613e-51 4.088572208292977e-51 1.0
203.0 1.223905013831632e-52 2.8379475080950468e-52 4.966489465066263e-52 7.773535053202703e-52 1.147536714914518e-51 1.6357211934447536e-51 2.2795215574295533e-51 1.0
204.0 6.808481974663194e-53 1.5799463805622085e-52 2.767255895156787e-52 4.3351646174197334e-52 6.405675913025461e-52 9.139902060478418e-52 1.2750600848397053e-51 1.0
205.0 3.7998836981755814e-53 8.824621780468825e-53 1.5469033768069963e-52 2.4255205293418183e-52 3.587351105424301e-52 5.123686110523869e-52 7.155243289758167e-52 1.0
206.0 2.127647077305246e-53 4.944899425245849e-53 8.675269408424298e-53 1.3614713410155647e-52 2.0155112125634126e-52 2.881536120274455e-52 4.028253886885495e-52 0.9999999999999999
207.0 1.1951707884010793e-53 2.7798301440148616e-53 4.88090665768513e-53 7.666693079642641e-53 1.1360326290175368e-52 1.625766019431714e-52 2.2750963129829058e-52 0.9999999999999999
208.0 6.735242547824583e-54 1.5677264993895915e-53 2.7549111457965667e-53 4.331072906924418e-53 6.423658845228421e-53 9.201873630780786e-53 1.2890361283009505e-52 1.0
209.0 3.8076865153509397e-54 8.869627328479748e-54 1.5598974582335166e-53 2.4544972991783406e-53 3.6437788821134253e-53 5.224810555464479e-53 7.326635041781842e-53 0.9999999999999998
210.0 2.1594620677681784e-54 5.034023747041663e-54 8.860488203760544e-54 1.395407528665573e-53 2.0734388984717287e-53 2.9759983933020477e-53 4.177437851687657e-53 1.0000000000000002
211.0 1.2285651298891221e-54 2.8661025929387233e-54 5.0487536202659695e-54 7.95797897515996e-54 1.1835645198295097e-53 1.7004132855240815e-53 2.38931385413471e-53 0.9999999999999999
212.0 7.011497078717915e-55 1.6369166029810735e-54 2.8858077772216894e-54 4.5526001944870524e-54 6.777131057988898e-54 9.746029591131451e-54 1.370837448133472e-53 0.9999999999999998
213.0 4.013978588200884e-55 9.378027160980587e-55 1.6546231091045992e-54 2.6125403778585224e-54 3.892645551664038e-54 5.603303986849428e-54 7.889328871173133e-54 0.9999999999999999
214.0 2.3050631050368727e-55 5.389373593251281e-55 9.51636307432982e-55 1.5038518590778232e-54 2.242748861060788e-54 3.231436662252151e-54 4.5543592963964266e-54 1.0
215.0 1.3277790607204213e-55 3.1066957797662155e-55 5.4900325764646406e-55 8.683152426135628e-55 1.2961194198698842e-54 1.8692780318049035e-54 2.6371779540126505e-54 1.0000000000000004
216.0 7.67177395120622e-56 1.7963235543346567e-55 3.1768931901989572e-55 5.028887197470081e-55 7.513283285770903e-55 1.084602836989732e-54 1.531680895439158e-54 0.9999999999999999
217.0 4.446154308030027e-56 1.0418077269891225e-55 1.843936069633324e-55 2.9213275265931273e-55 4.368443018988648e-55 6.312159237270545e-55 8.922892628672506e-55 0.9999999999999999
218.0 2.584543158479415e-56 6.0603755509342775e-56 1.0734861554699233e-55 1.702136128547652e-55 2.547578361837737e-55 3.684574465299193e-55 5.2136678656320425e-55 1.0
219.0 1.5069031963791303e-56 3.535999917608587e-56 6.268248089884846e-56 9.9473137533411e-56 1.4901301569442827e-55 2.1572015692829436e-55 3.0554360536576996e-55 1.0
220.0 8.812132604074158e-57 2.06927163677102e-56 3.6710209170702582e-56 5.8305114000142775e-56 8.741952786805212e-56 1.2667180064104057e-55 1.795920113942213e-55 1.0
221.0 5.168477245517491e-57 1.2145268847520608e-56 2.156305647539427e-56 3.427588048726027e-56 5.143658751768267e-56 7.460137494092676e-56 1.0587091269440001e-55 1.0000000000000002
222.0 3.0403384783161924e-57 7.149455462315703e-57 1.2703061584994664e-56 2.020894206636207e-56 3.0353385254456876e-56 4.4063932318448405e-56 6.259418551307745e-56 1.0
223.0 1.793704307449731e-57 4.2209174179965935e-57 7.505384907728418e-57 1.1949875852602532e-56 1.7964092714490505e-56 2.610243857016918e-56 3.7115123145339385e-56 0.9999999999999999
224.0 1.0613074652184024e-57 2.4991980694700415e-57 4.447294599036688e-57 7.086633139317912e-57 1.0662486709450517e-56 1.550715841786563e-56 2.207086230058571e-56 1.0
225.0 6.297742890123082e-58 1.4840424502828767e-57 2.6428291840269963e-57 4.2146853706185874e-57 6.346856717923499e-57 9.239077197791898e-57 1.3162279390122064e-56 1.0
226.0 3.7477782103685755e-58 8.837627942803194e-58 1.5750142196472697e-57 2.513801331626078e-57 3.7887661407758933e-57 5.520293175849974e-57 7.871876413031019e-57 0.9999999999999999
227.0 2.2366602485525577e-58 5.277895523627189e-58 9.413128849450267e-58 1.5035894966609082e-57 2.268129156632246e-57 3.307690254301461e-57 4.7212039441311536e-57 0.9999999999999999
228.0 1.3386137981732701e-58 3.1609200831334456e-58 5.64169549478471e-58 9.01887017384147e-58 1.3616347542931678e-57 1.9875069749507056e-57 2.839530824430392e-57 1.0000000000000002
229.0 8.033997678809918e-59 1.898391970710892e-58 3.390809534411118e-58 5.4248972463461006e-58 8.197253268200032e-58 1.1975830694735033e-57 1.7125835692567927e-57 1.0
230.0 4.835275755939491e-59 1.1433256026695358e-58 2.043653647038231e-58 3.272197162194723e-58 4.948607419626385e-58 7.236154679085166e-58 1.0357629533500806e-57 0.9999999999999999
231.0 2.9182061982831105e-59 6.904904694170087e-59 1.2351320683025972e-58 1.97919252720784e-58 2.9956884534078857e-58 4.3843712621967845e-58 6.281516045289903e-58 0.9999999999999999
232.0 1.7660701950292715e-59 4.181588081113448e-59 7.485378991811573e-59 1.200409294731286e-58 1.8184500958462516e-58 2.6637667846306685e-58 3.81993690001522e-58 1.0000000000000002
233.0 1.0717396765284736e-59 2.539292464432236e-59 4.548839402416562e-59 7.300548866803472e-59 1.1068515085095189e-58 1.6228060308141054e-58 2.3293120175032464e-58 1.0
234.0 6.521569933055577e-60 1.5461949765006393e-59 2.77182611072207e-59 4.452036242068506e-59 6.755425905282762e-59 9.913128529269824e-59 1.424200350026394e-58 0.9999999999999999
235.0 3.9791349877080765e-60 9.440348568362204e-60 1.6935659450162612e-59 2.722269261323963e-59 4.13412599371379e-59 6.071846424079585e-59 8.731295063674465e-59 0.9999999999999999
236.0 2.43439509054844e-60 5.779313499117385e-60 1.037531322135753e-59 1.6690329274579775e-59 2.536731581996123e-59 3.7289707603955824e-59 5.367136558021731e-59 0.9999999999999999
237.0 1.4933154864773124e-60 3.5474899654148877e-60 6.373170692715485e-60 1.026011975887642e-59 1.560692801536425e-59 2.2961888948742933e-59 3.307922395245978e-59 1.0
238.0 9.184646893465449e-61 2.1833083744516342e-60 3.925160365395831e-60 6.323913977470968e-60 9.627305380046148e-60 1.4176499054492526e-59 2.04413222514924e-59 0.9999999999999999
239.0 5.663906323258337e-61 1.3472565026425915e-60 2.4238129861452512e-60 3.908029298098386e-60 5.954274055735686e-60 8.775370667083499e-60 1.2664732416626844e-59 1.0
240.0 3.50190782564723e-61 8.335260104567194e-61 1.5006279279043355e-60 2.421365632464387e-60 3.692172833622046e-60 5.446147863118445e-60 7.866993764286127e-60 1.0000000000000002
241.0 2.1708049260598554e-61 5.170280207719757e-61 9.314757612061467e-61 1.5041323541817508e-60 2.295391520258721e-60 3.3887013250888115e-60 4.8993648100554225e-60 0.9999999999999999
242.0 1.3491391674274876e-61 3.215344375393898e-61 5.796784424222769e-61 9.367577548821926e-61 1.4306899515438662e-60 2.113924757890742e-60 3.0590135853833975e-60 1.0
243.0 8.40630285529856e-62 2.0047114481183148e-61 3.616698282781519e-61 5.848932287281214e-61 8.940067117725302e-61 1.322058364095879e-60 1.9148122461076368e-60 0.9999999999999999
244.0 5.251195026373893e-62 1.2530826639356614e-61 2.262244124414319e-61 3.661225429318758e-61 5.600606557234432e-61 8.28913366344361e-61 1.2016187565731444e-60 1.0
245.0 3.288581750093172e-62 7.852421447209538e-62 1.418604316130714e-61 2.2975739267994436e-61 3.51739350452933e-61 5.210239063866773e-61 7.559542305172084e-61 1.0
246.0 2.064662645952683e-62 4.9330566216837315e-62 8.918058247076982e-62 1.4454340253226278e-61 2.2145784657238992e-61 3.2831352508426806e-61 4.767659539190508e-61 1.0000000000000002
247.0 1.299487627507733e-62 3.1067753819676842e-62 5.620296063719197e-62 9.116023958738577e-62 1.3977775686001555e-61 2.0739351691737403e-61 3.0143145354208354e-61 1.0
248.0 8.199180648666483e-63 1.961451349430262e-62 3.550754348844634e-62 5.763466021910844e-62 8.84412021430058e-62 1.3133169876129013e-61 1.9104611606614326e-61 1.0000000000000002
249.0 5.186050347267056e-63 1.2414003804541233e-62 2.248781868912925e-62 3.6527995750150077e-62 5.609621039010742e-62 8.33690163192087e-62 1.2137994153297896e-61 0.9999999999999999
250.0 3.2882416140213345e-63 7.87599832591083e-63 1.4276839297492347e-62 2.3207296537584875e-62 3.5667075943323755e-62 5.305096779409156e-62 7.7304984341126096e-62 0.9999999999999999
251.0 2.089990089844877e-63 5.009006157415904e-63 9.085893815467066e-63 1.4779940230977408e-62 2.2732615727923685e-62 3.3839839474371e-62 4.935291044036425e-62 1.0
252.0 1.3315917086774326e-63 3.1933209480584127e-63 5.796247759767559e-63 9.435460081193572e-63 1.4523527198886616e-62 2.1637271797334484e-62 3.158316304471467e-62 0.9999999999999997
253.0 8.504272495991591e-64 2.040664060621143e-63 3.706489875797589e-63 6.037938223564256e-63 9.300975300299778e-63 1.3867840774437365e-62 2.0259512020703247e-62 1.0
254.0 5.44421672600011e-64 1.3071677791345728e-63 2.3757909664797805e-63 3.8729543171000263e-63 5.970511365257496e-63 8.909232493083894e-63 1.3026442022483506e-62 1.0
255.0 3.493484033509317e-64 8.392957019131007e-64 1.5264273821092486e-63 2.490102347385684e-63 3.84161831654525e-63 5.737065931882391e-63 8.395356136711693e-63 1.0000000000000002
256.0 2.2469853936536685e-64 5.4015142754586424e-64 9.83013784116906e-64 1.6047455044980347e-63 2.477590817251704e-63 3.702972947552252e-63 5.423279333253919e-63 0.9999999999999999
257.0 1.4486148044701903e-64 3.484383778319652e-64 6.345292904817105e-64 1.0365788911591231e-63 1.6015876847196645e-63 2.3956064731051278e-63 3.5114578430211335e-63 1.0
258.0 9.360733269714501e-65 2.2528873138395565e-64 4.105305309363066e-64 6.711180143895058e-64 1.0376974618822979e-63 1.5533802933957886e-63 2.2788131689609146e-63 0.9999999999999999
259.0 6.062674397295307e-65 1.459987496850031e-64 2.6621598191092983e-64 4.355007820456243e-64 6.738804471404517e-64 1.0095565662338864e-63 1.482241419133593e-63 1.0000000000000002
260.0 3.9355843780999276e-65 9.48305300493671e-65 1.7302579969467466e-64 2.8324724674031394e-64 4.386117265092471e-64 6.576083212815549e-64 9.66298625482325e-64 1.0000000000000002
261.0 2.560578242960249e-65 6.173476961194047e-65 1.1271168150323647e-64 1.846385676032524e-64 2.8612523582428285e-64 4.293198656082522e-64 6.313631719695402e-64 1.0
262.0 1.6697213034939726e-65 4.027980689336525e-65 7.358708589422015e-65 1.2062918996049684e-64 1.8706990866722772e-64 2.809085919040068e-64 4.134432580397074e-64 1.0000000000000002
263.0 1.0912402057380652e-65 2.63399016330467e-65 4.815065804631488e-65 7.898579714230033e-65 1.2257923264967068e-64 1.8420981629710026e-64 2.7134056881786992e-64 1.0000000000000002
264.0 7.147604706221941e-66 1.7262492756747804e-65 3.1576513254497197e-65 5.183290974514719e-65 8.049862241832193e-65 1.210647262384315e-64 1.7847159408455562e-64 1.0000000000000002
265.0 4.6919988622248924e-66 1.1338324360868884e-65 2.0752998986978807e-65 3.408910452884578e-65 5.298000815397746e-65 7.973941243836002e-65 1.176447308849804e-64 1.0
266.0 3.086781773250203e-66 7.46352017330362e-66 1.3669284114410523e-65 2.2468417755176596e-65 3.494468233159733e-65 5.263473957310764e-65 7.771741742841237e-65 1.0
267.0 2.0351578996497269e-66 4.92358585965707e-66 9.023029977279641e-66 1.4841226694038875e-65 2.3098788466716413e-65 3.4818455186332946e-65 5.145176557504242e-65 0.9999999999999999
268.0 1.3447079975832576e-66 3.255036324739814e-66 5.968900095978981e-66 9.82428791813783e-66 1.530135549123261e-65 2.3082224909305477e-65 3.4135937154614292e-65 0.9999999999999998
269.0 8.904081903114394e-67 2.1565536900617477e-66 3.9569913365048133e-66 6.517183446628576e-66 1.0157733650457718e-65 1.533453492806173e-65 2.2695859444233757e-65 1.0
270.0 5.908472449956911e-67 1.4318201142272783e-66 2.628805244942014e-66 4.3325146695532074e-66 6.757461921634616e-66 1.0208971369449724e-65 1.5121621513955637e-65 0.9999999999999999
271.0 3.928980451621449e-67 9.526515386774163e-67 1.750120442787758e-66 2.8862574395023633e-66 4.5048876690330203e-66 6.810915751497264e-66 1.0096264943731045e-65 0.9999999999999999
272.0 2.6181638613334544e-67 6.351712653621433e-67 1.1675820433986096e-66 1.9268093960849144e-66 3.009481266840269e-66 4.553390842249384e-66 6.755033686610836e-66 0.9999999999999999
273.0 1.7483156498465268e-67 4.2437768266301026e-67 7.805677382391144e-67 1.2889761914406738e-66 2.0146538212350725e-66 3.050450962427061e-66 4.5288976909082286e-66 1.0
274.0 1.1698838290033197e-67 2.8412730331832813e-67 5.2291527547358713e-67 8.640667888579069e-67 1.351463009169787e-66 2.0477960642915214e-66 3.042632920730209e-66 1.0000000000000002
275.0 7.844393164052875e-68 1.9061891679149933e-67 3.5102937851189614e-67 5.804166718974951e-67 9.084409778089606e-67 1.3775164164725297e-66 2.048295267893396e-66 1.0
276.0 5.27064278648556e-68 1.2814613784756338e-67 2.3612442574951958e-67 3.906757974463391e-67 6.118881074160709e-67 9.285134828164219e-67 1.381705388642687e-66 1.0
277.0 3.5485372441306717e-68 8.632279370275544e-68 1.591540259179084e-67 2.6349425904456345e-67 4.1297524292745945e-67 6.271262360105907e-67 9.339254465002588e-67 1.0000000000000002
278.0 2.393925811992381e-68 5.826662754287071e-68 1.0748988607479466e-67 1.7807289960687624e-67 2.7928443959541517e-67 4.2441533319484455e-67 6.32523778924986e-67 1.0000000000000002
279.0 1.6182349139434214e-68 3.9407849652213046e-68 7.274193912347443e-68 1.2058424591323299e-67 1.8924927787514435e-67 2.877998480859355e-67 4.2924323799449135e-67 1.0
280.0 1.096064405567537e-68 2.670595597787666e-68 4.9324594651672916e-68 8.181698463947486e-68 1.2849333074258966e-67 1.955453785099489e-67 2.918677662963442e-67 0.9999999999999999
281.0 7.438550584441247e-69 1.8133856443903548e-68 3.3511794138742934e-68 5.5622519241302185e-68 8.74137889331417e-68 1.3312395103462295e-67 1.9884699196997837e-67 1.0000000000000002
282.0 5.058158801951032e-69 1.2337382569262924e-68 2.2812952975269186e-68 3.7888403165986245e-68 5.958356530460202e-68 9.080519081271827e-68 1.3573640142736497e-67 0.9999999999999999
283.0 3.446217544403464e-69 8.410095126115251e-69 1.5559986370281038e-68 2.5858577333068165e-68 4.069250587783378e-68 6.2059063387139985e-68 9.283511697407619e-68 1.0
284.0 2.352519583084403e-69 5.744047832804045e-69 1.0633471050087288e-68 1.7682346258390402e-68 2.7844412312847863e-68 4.2494634290605984e-68 6.361524134505854e-68 1.0
285.0 1.6090087897447721e-69 3.9306895068181043e-69 7.280703121650601e-69 1.2114525075304108e-68 1.9089372752390613e-68 2.9153562245714717e-68 4.367544356081244e-68 1.0
286.0 1.1025861197866972e-69 2.6949289107200524e-69 4.994572918870587e-69 8.315693593598465e-69 1.3112019675814814e-68 2.0038821240721443e-68 3.0042432149807403e-68 1.0000000000000002
287.0 7.569896236579232e-70 1.8511778393497863e-69 3.432768674866931e-69 5.718874058857149e-69 9.023317729966425e-69 1.379971520140551e-68 2.070374355711091e-68 0.9999999999999998
288.0 5.206969589372307e-70 1.2739888919553516e-69 2.3637758142918475e-69 3.9403698066598536e-69 6.221227253032649e-69 9.52094215481309e-69 1.4294637437851086e-68 0.9999999999999998
289.0 3.588329494156499e-70 8.784039207769393e-70 1.6307149744884978e-69 2.720021253578213e-69 4.2972786444010616e-69 6.58106321873051e-69 9.88786147010795e-69 0.9999999999999998
290.0 2.4774576435765807e-70 6.06776165045711e-70 1.1270790204847785e-69 1.8810961200374726e-69 2.973809297515775e-69 4.557357056503015e-69 6.852216820874535e-69 1.0
291.0 1.7136469164293268e-70 4.199164822774048e-70 7.804224420250955e-70 1.3033096305737924e-69 2.061718762394288e-69 3.1617350256061955e-69 4.75722712684989e-69 1.0
292.0 1.1874961354936362e-70 2.911334263571778e-70 5.413757474052935e-70 9.046419858273594e-70 1.4319802850591028e-69 2.1974950850156294e-69 3.3087606801871127e-69 0.9999999999999998
293.0 8.24391368098134e-71 2.0221370350358056e-70 3.7623234782509603e-70 6.290613866386755e-70 9.96392847681986e-70 1.5300831346260582e-69 2.3054736268247737e-69 0.9999999999999998
294.0 5.733498339329191e-71 1.4070616212817577e-70 2.6193674478946218e-70 4.382189372138999e-70 6.945520396686655e-70 1.0672877000913721e-69 1.6092850902851265e-69 1.0000000000000002
295.0 3.9947137630696e-71 9.808314333272119e-71 1.826898350619633e-70 3.058199366044855e-70 4.850140593860503e-70 7.457994663433033e-70 1.1253265815532266e-69 1.0
296.0 2.788213948293443e-71 6.8493458937895255e-71 1.2764527793235724e-70 2.1380198835970554e-70 3.392922755198842e-70 5.2207330433856745e-70 7.883003188115875e-70 1.0000000000000002
297.0 1.9495561815816133e-71 4.7915063545732e-71 8.934336841876496e-71 1.497351536430039e-70 2.3777080303170648e-70 3.661040777397358e-70 5.5318089845550375e-70 1.0
298.0 1.3655558259284104e-71 3.357825365499158e-71 6.264435145149077e-71 1.050501617264239e-70 1.669178660761358e-70 2.571793848795138e-70 3.8886589017863133e-70 1.0000000000000002
299.0 9.581688832682583e-72 2.357230600209909e-71 4.400058041167114e-71 7.382874240762838e-71 1.173820661107882e-70 1.8097606180684618e-70 2.7383226530014757e-70 0.9999999999999998
300.0 6.73485824417183e-72 1.657672993412411e-71 3.0958983405502875e-71 5.197624733977688e-71 8.26894720901253e-71 1.2757172591323691e-70 1.9315965178609285e-70 0.9999999999999998
301.0 4.742022173011727e-72 1.1677326395677246e-71 2.1820350385456303e-71 3.6654730010939005e-71 5.835031301406366e-71 9.00805460085665e-71 1.364866594437497e-70 1.0
302.0 3.3445862340922333e-72 8.240066554278861e-72 1.5405594929970212e-71 2.5893799057993456e-71 4.1245413072147774e-71 6.371561387705884e-71 9.660531027950188e-71 0.9999999999999999
303.0 2.362979323801695e-72 5.824461483773696e-72 1.0895118947050748e-71 1.832302581515815e-71 2.9204021197090245e-71 4.514337835435013e-71 6.8492630667108574e-71 1.0000000000000002
304.0 1.6722884843760852e-72 4.123952438028917e-72 7.718222324951659e-72 1.2987613344382126e-71 2.0712821130441536e-71 3.2038387048349683e-71 4.864226967689859e-71 1.0000000000000002
305.0 1.1854720436905313e-72 2.924821872038806e-72 5.476832981433588e-72 9.221198028836988e-72 1.4715010166489175e-71 2.2775648331228146e-71 3.460238830610712e-71 1.0
306.0 8.417737876316561e-73 2.0778214665080077e-72 3.8928148612942066e-72 6.557923238110362e-72 1.0471327375326153e-71 1.62177098017974e-71 2.465560934742175e-71 1.0
307.0 5.987128839798008e-73 1.47854734523992e-72 2.771502115271227e-72 4.671555035399426e-72 7.463764927784356e-72 1.1567038052727752e-71 1.7596975266187648e-71 1.0000000000000002
308.0 4.265364337246645e-73 1.053842349543003e-72 1.976419369715452e-72 3.333250760409302e-72 5.328738814542806e-72 8.263497400982375e-72 1.2579638478770335e-71 0.9999999999999999
309.0 3.043709654006865e-73 7.523582777621823e-73 1.4117267946398557e-72 2.3822159782679744e-72 3.810626997949559e-72 5.91302862752777e-72 9.007440915832875e-72 1.0
310.0 2.1754802313276325e-73 5.379943110489613e-73 1.0100088205837353e-72 1.7052819618648051e-72 2.7294130663583915e-72 4.237949002693733e-72 6.460008913998183e-72 1.0
311.0 1.5574252104523632e-73 3.853274073867782e-73 7.23765617341971e-73 1.2226678917158993e-72 1.9581152261301544e-72 3.042260978674149e-72 4.640433897058994e-72 0.9999999999999999
312.0 1.116746871737217e-73 2.7642460995681607e-73 5.194746488148833e-73 8.78038224390469e-73 1.4070150488073865e-72 2.1873968271880537e-72 3.3386679073527825e-72 0.9999999999999998
313.0 8.02034692955755e-74 1.9861565871029982e-73 3.734391012014845e-73 6.315479681647035e-73 1.0126192149936061e-72 1.5752317934310135e-72 2.4058715125124905e-72 0.9999999999999998
314.0 5.769229921849825e-74 1.429340373616388e-73 2.6888072383611285e-73 4.549699352886357e-73 7.299211514608861e-73 1.136168083695789e-72 1.7364075452549564e-72 1.0
315.0 4.156466407762116e-74 1.0302406732874013e-73 1.9390073701455067e-73 3.2827511516202404e-73 5.2696718392892675e-73 8.207623161195637e-73 1.2551811645144422e-72 0.9999999999999999
316.0 2.999217248134937e-74 7.437347421971402e-74 1.4004727444931144e-73 2.372289222978407e-73 3.810347116010044e-73 5.938331719578266e-73 9.087244218140506e-73 0.9999999999999998
317.0 2.16752602194084e-74 5.3773625952556525e-74 1.0130731515903649e-73 1.7169879952189567e-73 2.759398368477165e-73 4.303078539611123e-73 6.589076963920645e-73 1.0
318.0 1.56887743745007e-74 3.893928853303209e-74 7.339618081358496e-74 1.2446074728029992e-73 2.00137622815162e-73 3.12289549032963e-73 4.784969203794285e-73 1.0000000000000004
319.0 1.1373067286211461e-74 2.824032802941348e-74 5.325596170319759e-74 9.035635029789987e-74 1.4537949509716174e-73 2.269836663276716e-73 3.4800984152200015e-73 1.0
320.0 8.257065311019147e-75 2.051210011872034e-74 3.870087209531389e-74 6.569642381815492e-74 1.0576288975430493e-73 1.6522904584899224e-73 2.5348798354299923e-73 1.0
321.0 6.003838630253737e-75 1.4921237708789185e-74 2.81660984092681e-74 4.783846402059856e-74 7.705749300833749e-74 1.2045601822152296e-73 1.8491510724429067e-73 0.9999999999999998
322.0 4.3720304253962624e-75 1.0870502002845872e-74 2.0529660044751058e-74 3.4886779709975138e-74 5.622682655332375e-74 8.794611356180222e-74 1.3509283145384013e-73 1.0000000000000002
323.0 3.188481790759354e-75 7.931222136240428e-75 1.4985860506716102e-74 2.547935559876916e-74 4.108801382677653e-74 6.430527457179259e-74 9.884003013039891e-74 1.0000000000000002
324.0 2.3287725205972415e-75 5.795249718012225e-75 1.0955248839401834e-74 1.86361275575993e-74 3.006944304773274e-74 4.708842067944862e-74 7.2421894585491e-74 1.0
325.0 1.703367470123651e-75 4.240738775532173e-75 8.020459390393499e-75 1.3650809152746295e-74 2.203789425151867e-74 3.4531469148836378e-74 5.314215592221062e-74 1.0000000000000002
326.0 1.2477386013485367e-75 3.107735473255301e-75 5.880422284229872e-75 1.0013650822335555e-74 1.6175031213583761e-74 2.5359766094722635e-74 3.905139840436471e-74 0.9999999999999997
327.0 9.15311064721213e-76 2.280739002974642e-75 4.31763501179856e-75 7.356202800348338e-75 1.1889028318006094e-74 1.865093346652857e-74 2.8738098979407477e-74 1.0000000000000002
328.0 6.724183300370906e-76 1.6762239836779804e-75 3.174734278936936e-75 5.411754061453938e-75 8.751242300677307e-75 1.373652753913113e-74 2.1178706438532022e-74 1.0
329.0 4.946887432886644e-76 1.2336994048246619e-75 2.3377001836440555e-75 3.9869561187351345e-75 6.450763383746248e-75 1.0131420891149008e-74 1.5629919040410372e-74 1.0000000000000002
330.0 3.6445349539637966e-76 9.092921956656658e-76 1.7237972369419787e-75 2.9414391958128046e-75 4.7617495252363e-75 7.483017194493244e-75 1.1551168436643492e-74 1.0000000000000002
331.0 2.6888452307963043e-76 6.711357391415774e-76 1.2729035127943437e-75 2.173148033997332e-75 3.5199137357174107e-75 5.53467507289927e-75 8.548757805046649e-75 1.0
332.0 1.986548173504114e-76 4.960507213976077e-76 9.412668250073198e-76 1.6077769423825645e-75 2.6055749397186873e-75 4.09932697368437e-75 6.335546273516228e-75 1.0
333.0 1.469731682343854e-76 3.6715265596704564e-76 6.97002025077092e-76 1.1911470856487659e-75 1.9314223862994662e-75 3.040423698828013e-75 4.701810901817191e-75 1.0
334.0 1.0888768116350119e-76 2.7212485844184737e-76 5.168391894026759e-76 8.836986559535585e-76 1.4336699946551785e-75 2.258150486427633e-75 3.494156862538349e-75 0.9999999999999999
335.0 8.078250014744714e-77 2.0196998142021215e-76 3.837718022406945e-76 6.565054353397319e-76 1.0656522430433215e-75 1.6794419995609935e-75 2.600230963601877e-75 1.0000000000000002
336.0 6.001361920253504e-77 1.5010620557647953e-76 2.853534082514983e-76 4.8838682717782774e-76 7.931810734585942e-76 1.2507389132325924e-75 1.9376258190496824e-75 0.9999999999999999
337.0 4.464496673962617e-77 1.1171200709080971e-76 2.1246217513774747e-76 3.6381217222028705e-76 5.91174786704591e-76 9.327258898535836e-76 1.4458144480885932e-75 1.0000000000000002
338.0 3.325688327548257e-77 8.325046217241876e-77 1.58403563869316e-76 2.7137784615280164e-76 4.4120701047584426e-76 6.9650356533503e-76 1.0802794096240194e-75 1.0000000000000002
339.0 2.4806938768733124e-77 6.212340852990892e-77 1.1825765904823127e-76 2.026990357759983e-76 3.2972212841269993e-76 5.207998522519232e-76 8.08233387286396e-76 0.9999999999999998
340.0 1.8528644458424536e-77 4.641966336805377e-77 8.84037889506243e-77 1.5160215422527907e-76 2.4673414323225727e-76 3.899355582228646e-76 6.054954920513049e-76 0.9999999999999999
341.0 1.3857639309243018e-77 3.473146293497619e-77 6.6173796151687505e-77 1.1353552229427791e-76 1.8487670069046405e-76 2.923382344959143e-76 4.5420802004514315e-76 1.0000000000000002
342.0 1.037782414616227e-77 2.6020453855632985e-77 4.9598793667654486e-77 8.51387328349525e-77 1.38708546744041e-76 2.1945502604288405e-76 3.4116524759085034e-76 0.9999999999999999
343.0 7.781998719148066e-78 1.9519725589611232e-77 3.72239474814231e-77 6.392753977434397e-77 1.0420504226522387e-76 1.649563145699955e-76 2.5658853748362344e-76 0.9999999999999999
344.0 5.843057631610828e-78 1.4662093225347508e-77 2.797282772552275e-77 4.806296695344314e-77 7.838538786807501e-77 1.2415158190451524e-76 1.9322735004578493e-76 0.9999999999999999
345.0 4.392884184588738e-78 1.1027525707837435e-77 2.104792831632023e-77 3.618189871762128e-77 5.90389703400294e-77 9.356036223511203e-77 1.456985590286837e-76 0.9999999999999999
346.0 3.306864009098286e-78 8.30455659180782e-78 1.5857613228715184e-77 2.72726139747997e-77 4.452420472766118e-77 7.059668515271082e-77 1.1000025351070959e-76 1.0
347.0 2.492506920268293e-78 6.261920480558269e-78 1.1962397567686502e-77 2.0583218419823013e-77 3.362046969348293e-77 5.333668044508708e-77 8.31534691409564e-77 0.9999999999999998
348.0 1.8810760337289995e-78 4.727677743719265e-78 9.035393726499626e-78 1.5554190129655318e-77 2.5418978503741183e-77 4.034720200499837e-77 6.293783937628799e-77 1.0
349.0 1.421421171264729e-78 3.5738302258185095e-78 6.833149020122766e-78 1.1768623055799159e-77 1.92422411625654e-77 3.0559283295100794e-77 4.769628986941694e-77 1.0000000000000004
350.0 1.0754301309004105e-78 2.704968717497989e-78 5.174116576492034e-78 8.915476983492004e-78 1.4584549268523092e-77 2.317457457396484e-77 3.619055515035734e-77 0.9999999999999999
351.0 8.146689747897411e-79 2.0498846517211391e-78 3.9227407635313083e-78 6.762398712383192e-78 1.1067938906116456e-77 1.7596075989439375e-77 2.7494154247002623e-77 1.0
352.0 6.178973083894909e-79 1.5553640062419323e-78 2.977677710557961e-78 5.13559572313317e-78 8.409564141539037e-78 1.3376791414426653e-77 2.0913011569089067e-77 1.0
353.0 4.692282997931765e-79 1.1815897959922686e-78 2.2630652770974867e-78 3.9049131625773676e-78 6.397493462502346e-78 1.0181617805883991e-77 1.5926506765571494e-77 1.0
354.0 3.5676439325123327e-79 8.987318540950355e-79 1.7220447579885432e-78 2.972754785232999e-78 4.872731774361011e-78 7.759022345780868e-78 1.2143640322912527e-77 1.0
355.0 2.715844452487756e-79 6.844140686557164e-79 1.3119474231753454e-78 2.265847261527007e-78 3.715849711681813e-78 5.91996697947386e-78 9.270397821615137e-78 0.9999999999999999
356.0 2.0699080868225617e-79 5.2183092446798136e-79 1.0007135335027182e-78 1.7291103982529325e-78 2.8370269994579185e-78 4.52220612999487e-78 7.085421356581997e-78 1.0
357.0 1.5794894573281864e-79 3.9834513131967784e-79 7.642249146673166e-79 1.321089057647432e-78 2.1686288448959134e-78 3.458573079992501e-78 5.421850975253224e-78 0.9999999999999999
358.0 1.206698159197708e-79 3.044421514881446e-79 5.843155486822616e-79 1.0105446555536441e-78 1.6596640551312015e-78 2.6482309739903483e-78 4.1537545397606275e-78 1.0000000000000002
359.0 9.229827615326288e-80 2.3294982876749796e-79 4.4728600141654235e-79 7.73908737191387e-79 1.2716427883621457e-78 2.0301300538219294e-78 3.1859740844070293e-78 1.0
360.0 7.068029400376905e-80 1.784551780145317e-79 3.4279271773831884e-79 5.933782526739938e-79 9.75476648600688e-79 1.5581087794107545e-78 2.446519208428635e-78 1.0
361.0 5.418882629863765e-80 1.3686798799465015e-79 2.630165733336768e-79 4.554890809958484e-79 7.491559985138197e-79 1.1972213325815619e-78 1.8808616462064407e-78 1.0
362.0 4.1593419622140855e-80 1.0509388167051202e-79 2.0203971389562105e-79 3.500464225501146e-79 5.760075113761947e-79 9.209811556632136e-79 1.4476506626607872e-78 0.9999999999999998
363.0 3.1962435662986963e-80 8.078908294912072e-80 1.5537793813969277e-79 2.693218115749697e-79 4.43385433549898e-79 7.092895456497985e-79 1.1154915770071639e-78 1.0000000000000002
364.0 2.4589650546884372e-80 6.2176248860486756e-80 1.1962937817984994e-79 2.0744956454113886e-79 3.416874245828589e-79 5.468771857893273e-79 8.605207293535817e-79 1.0
365.0 1.893908598825991e-80 4.790599574132419e-80 9.221023836223557e-80 1.5997258964324987e-79 2.6361359509775462e-79 4.2213020215991596e-79 6.645778183742324e-79 1.0
366.0 1.460349430956926e-80 3.695265838871935e-80 7.115578295935543e-80 1.2350018949963525e-79 2.0360798463383668e-79 3.262048247818859e-79 5.138268307191007e-79 0.9999999999999998
367.0 1.1273081114167805e-80 2.853572645360724e-80 5.497028512459475e-80 9.54499380624551e-80 1.5743706341469437e-79 2.5235891749611732e-79 3.977142365410819e-79 1.0
368.0 8.711913263702324e-81 2.2060563512417498e-80 4.2513758817394565e-80 7.385274743340098e-80 1.2187126937237584e-79 1.9544666382611177e-79 3.0818105152555954e-79 0.9999999999999999
369.0 6.740102953291687e-81 1.7073623819269667e-80 3.2916357116904685e-80 5.72054838913382e-80 9.44441136391843e-80 1.5153614326936477e-79 2.3906621269899883e-79 0.9999999999999999
370.0 5.220338066544366e-81 1.3228581922251726e-80 2.551360423976751e-80 4.435940564906164e-80 7.326975042329661e-80 1.17619577571159e-79 1.85654296057055e-79 1.0
371.0 4.047686747684209e-81 1.026068631501439e-80 1.9797334289497563e-80 3.443561868073495e-80 5.690466341134499e-80 9.139353913016678e-80 1.4433226272120037e-79 0.9999999999999999
372.0 3.1418714270883737e-81 7.9673179789237965e-81 1.5378485165417779e-80 2.6760934121416164e-80 4.424268038022646e-80 7.10920388477094e-80 1.1232865442620694e-79 0.9999999999999999
373.0 2.441407485815193e-81 6.193235798499694e-81 1.1958850825751465e-80 2.0819148758384195e-80 3.443519476283549e-80 5.535962757592552e-80 8.751520992386888e-80 0.9999999999999998
374.0 1.8991514888001683e-81 4.819366266626981e-81 9.309610672577788e-81 1.6213998314974779e-80 2.683047359042029e-80 4.315481010102452e-80 6.82557928281061e-80 1.0
375.0 1.4789161917199309e-81 3.7542764894445106e-81 7.254991752045225e-81 1.2640955180369488e-80 2.0927433764090597e-80 3.367644853781932e-80 5.329121928254312e-80 0.9999999999999997
376.0 1.1528938057388855e-81 2.9276809532193444e-81 5.659822806339186e-81 9.865735113156421e-81 1.6340398320133307e-80 2.6307620788331535e-80 4.165135691093079e-80 1.0
377.0 8.996923410519909e-82 2.285491480292824e-81 4.420042555913968e-81 7.707898757738006e-81 1.277219472485471e-80 2.0572746837908202e-80 3.258796349656386e-80 1.0
378.0 7.028375026430788e-82 1.7860394432626438e-81 3.4554529844433576e-81 6.028326487498079e-81 9.993598063071389e-81 1.6104811323024356e-80 2.552331565414957e-80 1.0
379.0 5.496285046359406e-82 1.3971894552837116e-81 2.704180557462401e-81 4.719641203530048e-81 7.827605449863576e-81 1.2620277425540207e-80 2.0010872312059116e-80 1.0
380.0 4.3026323549882584e-82 1.094131756734158e-81 2.118438221069267e-81 3.698877267834619e-81 6.1373931490771735e-81 9.899866441066784e-81 1.5705120932877507e-80 0.9999999999999999
381.0 3.3716863890189987e-82 8.576918725810634e-82 1.661279174419789e-81 2.9018627063250468e-81 4.817083984850675e-81 7.773815596533451e-81 1.233843793106295e-80 0.9999999999999999
382.0 2.644876171327026e-82 6.730349396034786e-82 1.3041076397454108e-81 2.27890965400391e-81 3.784661632799241e-81 6.1105585723646665e-81 9.703312657807008e-81 1.0000000000000002
383.0 2.0768544744264655e-82 5.286714875442993e-82 1.0247680567013302e-81 1.7915048464116736e-81 2.9765267579605887e-81 4.808024802265401e-81 7.638677175526511e-81 1.0
384.0 1.6324755113721717e-82 4.156937229963199e-82 8.060767286975716e-82 1.4097653884147077e-81 2.343310118970851e-81 3.786944598302454e-81 6.019382361272285e-81 0.9999999999999998
385.0 1.2844716541339315e-82 3.2718825309517435e-82 6.346922747356469e-82 1.110480771357287e-81 1.8466490084743718e-81 2.9856922539251845e-81 4.748087654313495e-81 0.9999999999999998
386.0 1.0116656157717434e-82 2.577840101496729e-82 5.0024579608916445e-82 8.756044689368765e-82 1.4567027757733898e-81 2.3563096495041636e-81 3.7490043411638714e-81 1.0
387.0 7.975932397334667e-83 2.033038867742351e-82 3.9467034071713975e-82 6.910906676375773e-82 1.1502359796881108e-81 1.8614369279097448e-81 2.9630637451202454e-81 1.0000000000000002
388.0 6.2944148509549696e-83 1.604960095024972e-82 3.116834639128711e-82 5.459962298450493e-82 9.091379501214146e-82 1.471940870741831e-81 2.3441819539691004e-81 1.0000000000000002
389.0 4.97228620576666e-83 1.2682623020311744e-82 2.463875171716397e-82 4.3178669862637007e-82 7.192782216402837e-82 1.1650804908646543e-81 1.8563692675287925e-81 0.9999999999999998
390.0 3.9317073515071026e-83 1.0031772437660712e-82 1.9496056202587056e-82 3.417994332804859e-82 5.696207311924817e-82 9.230866992896383e-82 1.4714910484349143e-81 0.9999999999999997
391.0 3.1119171929289177e-83 7.942687554352032e-83 1.544171173720311e-82 2.708278748447145e-82 4.515375795334081e-82 7.320614596081325e-82 1.167531416397354e-81 0.9999999999999999
392.0 2.4654383770133946e-83 6.2947139304812285e-83 1.2242277414971722e-82 2.147992848189745e-82 3.5827685753728287e-82 5.811237016537749e-82 9.272455030741249e-82 1.0
393.0 1.9551363655593518e-83 4.9934504184345666e-83 9.715040403927977e-83 1.7052468860349384e-82 2.84549533027753e-82 4.617460157355061e-82 7.371122628243631e-82 1.0
394.0 1.5519376361254222e-83 3.964963941801021e-83 7.716851785966853e-83 1.3550465104682065e-82 2.2620844008787528e-82 3.6723899691292194e-82 5.865200012531068e-82 1.0
395.0 1.2330575124617485e-83 3.1512949096128314e-83 6.135449885874013e-83 1.0777826755165642e-82 1.7999858843973521e-82 2.9234997429292494e-82 4.671322758378622e-82 0.9999999999999998
396.0 9.806224304063938e-84 2.5069618630056247e-83 4.882710154365689e-83 8.58056387114262e-83 1.4336275518041393e-82 2.3295044333569578e-82 3.723937365613473e-82 1.0
397.0 7.805977885335191e-84 1.9962405181404364e-83 3.889388651217298e-83 6.83763139267745e-83 1.1428997018380224e-82 1.8579235366273042e-82 2.9714464533270915e-82 0.9999999999999999
398.0 6.219527829010276e-84 1.5910435556068739e-83 3.1010246209911595e-83 5.4537895858796816e-83 9.119731568137665e-83 1.4831789856084148e-82 2.3731987961456668e-82 1.0
399.0 4.960092071571833e-84 1.2692669059009095e-83 2.474743457623391e-83 4.354031202334664e-83 7.283762537527845e-83 1.1851091686865506e-82 1.8971367634289188e-82 0.9999999999999999
400.0 3.9593320118750505e-84 1.0134986376055465e-83 1.9767597814407398e-83 3.479227336303365e-83 5.822733838005569e-83 9.478069160053604e-83 1.5179558064354455e-82 0.9999999999999999
401.0 3.1633818516612174e-84 8.100099682011141e-84 1.5804254311240167e-83 2.7827221916594254e-83 4.6590052752176715e-83 7.587099507193407e-83 1.2156631635080022e-82 1.0
402.0 2.529743576981313e-84 6.479659931652545e-84 1.2647019877088831e-83 2.2276674097890127e-83 3.731232001974273e-83 6.078882738996387e-83 9.744481152051718e-83 1.0000000000000002
403.0 2.0248565410761106e-84 5.188076977614464e-84 1.012964361562242e-83 1.7849333510075707e-83 2.990899321559525e-83 4.874853135785006e-83 7.817956059750828e-83 0.9999999999999999
404.0 1.6221932751896302e-84 4.157676214003641e-84 8.120627997455852e-84 1.43147090530015e-83 2.399603807720867e-83 3.912792460475743e-83 6.277901520503408e-83 0.9999999999999998
405.0 1.300766179600188e-84 3.334899111505859e-84 6.51586802779099e-84 1.1490254454391272e-83 1.9269179986943413e-83 3.143383251924537e-83 5.045686733458072e-83 1.0
406.0 1.0439553358149553e-84 2.677319855975514e-84 5.232869470209414e-84 9.231262817316687e-84 1.5487118414541826e-83 2.527498215277227e-83 4.058899876796727e-83 1.0
407.0 8.385875262774086e-85 2.151300610060509e-84 4.206203153131833e-84 7.422918605797115e-84 1.2458319597588319e-83 2.0340665276353022e-83 3.2679578006605928e-83 1.0000000000000002
408.0 6.742119539029074e-85 1.7301469833307264e-84 3.383927786115632e-84 5.974040688366729e-84 1.0030615075438116e-83 1.6383927220071525e-83 2.6334336446090253e-83 1.0
409.0 5.425301248052745e-85 1.3926556615982814e-84 2.724772340956861e-84 4.8121521109135925e-84 8.083002458739434e-84 1.3208309387480145e-83 2.1239484256504223e-83 1.0
410.0 4.369466683712275e-85 1.1219697707834542e-84 2.1959146816982888e-84 3.8795917250249466e-84 6.519176267411218e-84 1.0657384710663572e-83 1.7145060647848646e-83 1.0000000000000002
411.0 3.52215117388971e-85 9.046759484097954e-85 1.7712286735591707e-84 3.130444718027495e-84 5.2624191518066445e-84 8.606490173323968e-84 1.3851773990883262e-83 1.0
412.0 2.841583192953294e-85 7.300914364673666e-85 1.4298997175829937e-84 2.5281173907258334e-84 4.251563783330035e-84 6.95618923311016e-84 1.1200590947598686e-83 1.0
413.0 2.294475551409066e-85 5.897006980566412e-85 1.1553302899734681e-84 2.043419239489813e-84 3.4377981643622924e-84 5.627097543875344e-84 9.064492994738581e-84 1.0000000000000002
414.0 1.8542788222627107e-85 4.7670979776996615e-85 9.342739639791815e-85 1.6530448695053358e-84 2.782135940842999e-84 4.555784035907754e-84 7.341943314804442e-84 1.0
415.0 1.49979903910949e-85 3.8569361545893803e-85 7.561496056475838e-85 1.3383713175937288e-84 2.2534115135664854e-84 3.6915209881291757e-84 5.951704606214246e-84 0.9999999999999999
416.0 1.2141027209773281e-85 3.123163063319843e-85 6.124977759667088e-85 1.0845044104007715e-84 1.826689673271504e-84 2.9937049739842918e-84 4.82872485410143e-84 1.0
417.0 9.836487342540271e-86 2.5310960453650156e-85 4.9654947257848323e-85 8.795219261591459e-85 1.482002946960142e-84 2.42980840145599e-84 3.9208681171259525e-84 1.0
418.0 7.975993955796554e-86 2.052968469029157e-85 4.028836955524357e-85 7.138724205811053e-85 1.2033482523785398e-84 1.9737510696887274e-84 3.186314514833651e-84 1.0000000000000002
419.0 6.472733314200361e-86 1.6665316628227095e-85 3.2715530590458053e-85 5.79897285338665e-85 9.778889153479395e-85 1.6046045005946303e-84 2.5914906438583695e-84 1.0000000000000002
420.0 5.2571054742381355e-86 1.353943240213754e-85 2.658785604072712e-85 4.714504497256824e-85 7.953194690680758e-85 1.3055601543951304e-84 2.109420793772267e-84 1.0
421.0 4.273263967466444e-86 1.1008823871171893e-85 2.162547839141733e-85 3.835955169989472e-85 6.473595953717466e-85 1.0631070810996101e-84 1.718412280182644e-84 0.9999999999999999
422.0 3.4763604029881104e-86 8.958451712923282e-86 1.7603506208606286e-85 3.1236436236218814e-85 5.273506082332683e-85 8.663759374921075e-85 1.401006296812809e-84 0.9999999999999999
423.0 2.830348513930903e-86 7.295827642676622e-86 1.434107445631705e-85 2.545645563581714e-85 4.299334284981426e-85 7.066152698043598e-85 1.143139952745229e-84 0.9999999999999999
424.0 2.3062325755928005e-86 5.946532132913195e-86 1.1692605190449808e-85 2.0762560852794272e-85 3.507913756408337e-85 5.767730412196098e-85 9.334764222554491e-85 0.9999999999999998
425.0 1.8806690934209982e-86 4.850635104552422e-86 9.540826557228851e-86 1.6947610264621797e-85 2.8644455786097433e-85 4.7116197443235864e-85 7.628690327341923e-85 1.0
426.0 1.534849574343625e-86 3.959835287313295e-86 7.791191666730363e-86 1.3844543497873072e-85 2.3408537228253735e-85 3.8519169920074927e-85 6.239321530153789e-85 1.0
427.0 1.2536071341552828e-86 3.2351720460616475e-86 6.367412915721613e-86 1.1318516362607744e-85 1.9144678641254244e-85 3.1515419157740573e-85 5.106973140907089e-85 1.0
428.0 1.0247015026203354e-86 2.645193595205465e-86 5.2078858674582316e-86 9.260600294337822e-86 1.5669678123803397e-85 2.5805176038906704e-85 4.183374063438915e-85 1.0000000000000002
429.0 8.38246330526037e-87 2.1644893633949652e-86 4.2628231325742134e-86 7.582730945664408e-86 1.2835369038472889e-85 2.1145903091628283e-85 3.4294529558624745e-85 1.0
430.0 6.862501005044292e-87 1.772513153242e-86 3.4919554074222326e-86 6.213654960775865e-86 1.0521824334138774e-85 1.7341211627167662e-85 2.813559759997897e-85 1.0000000000000002
431.0 5.622478058968779e-87 1.4526387090719785e-86 2.8626859376108805e-86 5.0956750434297665e-86 8.631897267612001e-86 1.4231954870317832e-85 2.310035825830786e-85 1.0
432.0 4.610052117248931e-87 1.1914011811762649e-86 2.348607778027418e-86 4.182033979436629e-86 7.086832176371019e-86 1.1689064084275338e-85 1.8980633790042073e-85 1.0000000000000002
433.0 3.782812028835106e-87 9.778874045779256e-87 1.928311571493557e-86 3.4348104944610604e-86 5.822732733715015e-86 9.607781985188406e-86 1.560739018036785e-85 0.9999999999999999
434.0 3.1063665709129116e-87 8.032454039051391e-87 1.584426156073081e-86 2.8232254496395755e-86 4.787717899667229e-86 7.903017211071386e-86 1.2843270251747922e-85 1.0000000000000002
435.0 2.5528061177397957e-87 6.602894959946467e-87 1.3028459171728467e-86 2.3222772691339584e-86 3.939629842555754e-86 6.505598940643577e-86 1.0576571170533814e-85 0.9999999999999999
436.0 2.0994634952448012e-87 5.431821060298636e-87 1.0721080419426815e-86 1.911641736090928e-86 3.244185246920723e-86 5.359254863103449e-86 8.71638312566473e-86 1.0
437.0 1.7279150452441129e-87 4.471771924717112e-87 8.828901979087158e-87 1.5747842413888923e-86 2.6734830670601892e-86 4.418170885818774e-86 7.188662228671323e-86 1.0000000000000002
438.0 1.4231747018463743e-87 3.68413189390936e-87 7.276050312434725e-87 1.2982428996044203e-86 2.2047990594773675e-86 3.645019059885297e-86 5.93305563322425e-86 0.9999999999999998
439.0 1.1730432787069423e-87 3.0374577928056336e-87 6.000725681961041e-87 1.0710491947186938e-86 1.8196112249771923e-86 3.009362651246431e-86 4.9003328034739956e-86 0.9999999999999999
440.0 9.675826672439461e-88 2.506127295909004e-87 4.9525534820421055e-87 8.842594090997815e-87 1.5028113206636156e-86 2.4863652363179426e-86 4.050305605612439e-86 0.9999999999999999
441.0 7.986906395619211e-88 2.0692456085696865e-87 4.090441111944769e-87 7.3057536033468515e-87 1.242066425899744e-86 2.0557450678745865e-86 3.350142911705178e-86 1.0000000000000002
442.0 6.597567425411285e-88 1.709760417663939e-87 3.380842570648043e-87 6.040371892481482e-87 1.0273016111116206e-86 1.7009274641701398e-86 2.7730038459057765e-86 0.9999999999999999
443.0 5.453836049757745e-88 1.413744890892349e-87 2.796352134672956e-87 4.99774321642399e-87 8.502804192064282e-87 1.4083571982394546e-86 2.296928591035219e-86 1.0000000000000002
444.0 4.51161051418887e-88 1.1698163754498785e-87 2.3145638511768333e-87 4.138034351378294e-87 7.042644088991773e-87 1.1669402639188742e-86 1.903937541198862e-86 1.0
445.0 3.734828784802529e-88 9.686647577330231e-88 1.9171459058710863e-87 3.428644356567763e-87 5.8373665235221e-87 9.67590335755126e-87 1.5792991176288438e-86 1.0
446.0 3.093981242686327e-88 8.026695093718704e-88 1.589088819239466e-87 2.8428719285175102e-87 4.841770054983382e-87 8.028600129835423e-87 1.310934226046989e-86 0.9999999999999999
447.0 2.56490247090608e-88 6.65588510884752e-88 1.3180943715861958e-87 2.3588318567591323e-87 4.0187932123241514e-87 6.666407756073756e-87 1.0889314963385458e-86 1.0000000000000002
448.0 2.1277890321313095e-88 5.523050116819271e-88 1.0940785455763848e-87 1.9585733655836203e-87 3.3380266741406485e-87 5.539186688578913e-87 9.051524061005142e-87 1.0
449.0 1.7664003754715828e-88 4.586217128622502e-88 9.087669139029705e-88 1.627362197775821e-87 2.7745013449009083e-87 4.6057521927699785e-87 7.529093860801741e-87 1.0
450.0 1.4674082506960875e-88 3.810930740969022e-88 7.553650369136436e-88 1.3530956016174717e-87 2.307700443754944e-87 3.8322508991659647e-87 6.267032275185046e-87 0.9999999999999999
451.0 1.2198666426909066e-88 3.168886492659069e-88 6.282897682595702e-88 1.125825270076495e-87 1.9207536131992966e-87 3.1908359859994653e-87 5.2200871098941785e-87 1.0
452.0 1.0147795854185912e-88 2.636816285017326e-88 5.229500541431372e-88 9.373680297117646e-88 1.5997790350222883e-87 2.658585278536297e-87 4.350994752890836e-87 0.9999999999999999
453.0 8.447485261396474e-89 2.1955787180377174e-88 4.3556798024185675e-88 7.809879096104039e-88 1.3333459842750967e-87 2.2166170891156025e-87 3.629048409359752e-87 1.0000000000000002
454.0 7.036843901782532e-89 1.8294161342098045e-88 3.630325714141372e-88 6.51136316581191e-88 1.1120354583495231e-87 1.8493671398922642e-87 3.0289267427172833e-87 0.9999999999999999
455.0 5.8657230667504285e-89 1.5253473843631714e-88 3.027802642580101e-88 5.432395453568236e-88 9.280807281497013e-88 1.543996800495274e-87 2.529734879306254e-87 1.0000000000000002
456.0 4.8927922701686505e-89 1.2726711687028452e-88 2.526971168398879e-88 4.5352487693294616e-88 7.750730650360231e-88 1.2899084504651195e-87 2.114218721512142e-87 1.0
457.0 4.0839650466074876e-89 1.0625595300018903e-88 2.110387459085054e-88 3.7887815694738854e-88 6.477206559493727e-88 1.0783482947277744e-87 1.7681207970972496e-87 1.0
458.0 3.4111099197950114e-89 8.877249004019524e-89 1.7636473183427477e-88 3.1672707359493975e-88 5.416509547630248e-88 9.020806233273915e-88 1.4796517789857728e-87 1.0
459.0 2.850994141443675e-89 7.421472018837761e-89 1.474848392815404e-88 2.649454308419832e-88 4.532485309391225e-88 7.551204782462099e-88 1.2390566031637692e-87 1.0000000000000002
460.0 2.3844175632344237e-89 6.208500128176314e-89 1.2341489453945186e-88 2.2177458586731545e-88 3.7952194794836275e-88 6.325141026368329e-88 1.038258005352812e-87 1.0
461.0 1.9955019237871182e-89 5.197168514399521e-89 1.0334056048935017e-88 1.8575892853503366e-88 3.179943988591466e-88 5.301585077401542e-88 8.70563461017383e-88 0.9999999999999998
462.0 1.671107260737763e-89 4.3534028223005304e-89 8.658757510546569e-89 1.5569285663082669e-88 2.6661379765659176e-88 4.4465308620975404e-88 7.304240864860073e-88 1.0
463.0 1.4003523798637684e-89 3.648978959950824e-89 7.259728346591565e-89 1.305771688260796e-88 2.2367881467321147e-88 3.7317749694208355e-88 6.13236153228638e-88 1.0
464.0 1.1742205580141716e-89 3.0605030796493626e-89 6.090650803722401e-89 1.0958317828355302e-88 1.8777798731698676e-88 3.1339110195348546e-88 5.151775729957728e-88 1.0
465.0 9.852351096212538e-90 2.568572079459687e-89 5.1130976810908355e-89 9.202315997023317e-89 1.57739560798106e-88 2.6335009572462895e-88 4.330731016555268e-88 1.0000000000000002
466.0 8.271922574761194e-90 2.1570822105784208e-89 4.29516712539461e-89 7.732599743259419e-89 1.3259014021981708e-88 2.2143916847811225e-88 3.6428314332880815e-88 0.9999999999999999
467.0 6.949410382172665e-90 1.812659278848753e-89 3.610357208222964e-89 6.501710080347943e-89 1.1152058336606716e-88 1.8631511679358103e-88 3.066119617257941e-88 0.9999999999999998
468.0 5.8420183954369835e-90 1.5241887419816194e-89 3.036637551531706e-89 5.470183588797418e-89 9.385784750368852e-89 1.568602819007227e-88 2.5823186128700555e-88 1.0
469.0 4.914166887738819e-90 1.282427931338028e-89 2.5556829919751324e-89 4.605184139623523e-89 7.904173544079744e-89 1.3214407745803418e-88 2.1762051833130792e-88 0.9999999999999998
470.0 4.136256552701266e-90 1.079685833751994e-89 2.152240583939265e-89 3.8793723496774524e-89 6.660567562044065e-89 1.1139118048309347e-88 1.8350914749541069e-88 1.0
471.0 3.4836474450652158e-90 9.09558488849379e-90 1.8136063974162597e-89 3.269970851266666e-89 5.616082603022447e-89 9.395521422182173e-89 1.54839602090735e-88 1.0
472.0 2.9358149143537914e-90 7.6671019942802035e-90 1.5291927838455002e-89 2.7579909559255625e-89 4.7382918553367506e-89 7.929696059308212e-89 1.3072884549580117e-88 1.0
473.0 2.4756513961107816e-90 6.466925050519287e-90 1.2901702341619999e-89 2.3275924299648508e-89 4.000136425905245e-89 6.696631092853621e-89 1.1043950808525933e-88 0.9999999999999998
474.0 2.0888884813364974e-90 5.457943038641105e-90 1.0891707795117115e-89 1.965553127334025e-89 3.379022524696482e-89 5.658730396773867e-89 9.335547165293482e-89 1.0000000000000002
475.0 1.763618235437879e-90 4.609176831320036e-90 9.20042201119788e-90 1.6608293468231307e-89 2.8560728455680748e-89 4.784571510235993e-89 7.896160992656238e-89 1.0000000000000002
476.0 1.4898964677452637e-90 3.8947498271905803e-90 7.776442149870973e-90 1.4041911613435788e-89 2.4155054113034002e-89 4.047875528370232e-89 6.682696702103963e-89 1.0
477.0 1.2594137115563143e-90 3.2930340622124517e-90 6.5767935549467555e-90 1.1879197419386619e-89 2.044117852787996e-89 3.426651555922678e-89 5.659078159161992e-89 1.0
478.0 1.0652221850484718e-90 2.785941434483245e-90 5.565525616013072e-90 1.0055559783265354e-89 1.730858955550885e-89 2.9024856941786564e-89 4.7950867971284165e-89 1.0
479.0 9.015090649776259e-91 2.3583350098227557e-90 4.7125452069510316e-90 8.516915709737445e-90 1.466472483065883e-89 2.459949773450765e-89 4.065395074528304e-89 1.0000000000000002
480.0 7.634080991741187e-91 1.9975397568496726e-90 3.992646895645728e-90 7.217953102255831e-90 1.2432008991342114e-89 2.086109357214819e-89 3.448761932901604e-89 1.0000000000000002
481.0 6.468429768916674e-91 1.6929356639371982e-90 3.384706231113678e-90 6.120685258027627e-90 1.0545387626627306e-89 1.7701140963221647e-89 2.927362687268321e-89 0.9999999999999999
482.0 5.483970222728947e-91 1.4356191562683474e-90 2.871008268683575e-90 5.193247339480626e-90 8.950273399725904e-90 1.5028564388309368e-89 2.4862305424293285e-89 1.0000000000000002
483.0 4.6520471992301544e-91 1.218121173707096e-90 2.4366883165181294e-90 4.408893697441418e-90 7.600834402136709e-90 1.276687114498391e-89 2.112790855059417e-89 1.0
484.0 3.9486135909394097e-91 1.034172282982775e-90 2.069265862008714e-90 3.745162014108615e-90 6.458566840043555e-90 1.0851778042409355e-89 1.7964725024783127e-89 1.0
485.0 3.353477239547833e-91 8.785068573991277e-91 1.7582559153763055e-90 3.183176085831354e-90 5.491104095255054e-90 9.229230487964772e-90 1.5283833955151007e-89 0.9999999999999999
486.0 2.849672861718812e-91 7.466997267212977e-91 1.494844713887048e-90 2.7070638968303716e-90 4.671222412498163e-90 7.853748088509244e-90 1.3010393846820772e-89 0.9999999999999999
487.0 2.4229379247150445e-91 6.350298305546134e-91 1.2716189649104067e-90 2.3034716259440293e-90 3.976010248771183e-90 6.6870421145478015e-90 1.1081376378011804e-89 1.0000000000000004
488.0 2.0612750034121526e-91 5.403663426091839e-91 1.082339652796822e-90 1.9611575273520794e-90 3.3861739296735e-90 5.696859460407324e-90 9.443670804644996e-90 0.9999999999999999
489.0 1.7545861295297566e-91 4.600735054109744e-91 9.217529615832877e-91 1.6706523547625036e-90 2.885456898490935e-90 4.856015417971652e-90 8.052497435383416e-90 0.9999999999999999
490.0 1.4943671077212313e-91 3.919310537385072e-91 7.854321289888055e-91 1.4239752567540836e-90 2.4601536858902947e-90 4.141583945369738e-90 6.870078997954407e-90 1.0
491.0 1.2734518119060843e-91 3.3406763371086586e-91 6.69645093151802e-91 1.2143959410249808e-90 2.098702910727091e-90 3.5342193853077474e-90 5.864527320669437e-90 1.0
492.0 1.0857981633229359e-91 2.8490506227724095e-91 5.71243660073333e-91 1.0362354549149587e-90 1.7913462605633462e-90 3.017587960164006e-90 5.008909888802502e-90 1.0
493.0 9.263088903516324e-92 2.4311163467552016e-91 4.875706379771275e-91 8.846992144000527e-91 1.5298425884696889e-90 2.5778909985209167e-90 4.280466757583653e-90 0.9999999999999997
494.0 7.906813295840731e-92 2.075629882762652e-91 4.1638198052239005e-91 7.557369797153186e-91 1.3072280784823163e-90 2.203464859265147e-90 3.65995322149588e-90 0.9999999999999998
495.0 6.752814893697107e-92 1.773092808392333e-91 3.557814751976307e-91 6.459253606465398e-91 1.1176149398889924e-90 1.8844450208389494e-90 3.131087725971653e-90 0.9999999999999998
496.0 5.770383953236534e-92 1.5154764843713953e-91 3.041659237741946e-91 5.523691695577551e-91 9.560223433434055e-91 1.6124838823246992e-90 2.6800879051547765e-90 1.0
497.0 4.933554002323379e-92 1.2959908044048305e-91 2.601791028194321e-91 4.7261855111496746e-91 8.182343533633442e-91 1.3805135520817273e-90 2.2952804558362614e-90 0.9999999999999999
498.0 4.220356917083506e-92 1.1088899203932996e-91 2.2267307588132252e-91 4.045993257104581e-91 7.00680478226554e-91 1.182546338472634e-90 1.96677291046989e-90 1.0
499.0 3.612196890189056e-92 9.493089377385326e-92 1.9067566488501883e-91 3.4655440633604497e-91 6.003351794724091e-91 1.01350685518757e-90 1.686177331770703e-90 1.0
500.0 3.093324016235365e-92 8.131265657088748e-92 1.6336308466517255e-91 2.969945006359827e-91 5.146332838711365e-91 8.690906517285935e-91 1.4463775845115495e-90 1.0000000000000002
501.0 2.6503913921701093e-92 6.968495323718108e-92 1.4003690811726066e-91 2.546566031016386e-91 4.413987412654756e-91 7.456451115838971e-91 1.2413332019211838e-90 1.0
502.0 2.272082273378855e-92 5.975152605559258e-92 1.2010466575366451e-91 2.184690268018719e-91 3.7878458905473676e-91 6.400690545519136e-91 1.0659140003000015e-90 1.0000000000000002
503.0 1.9487960284929586e-92 5.126098739625974e-92 1.0306349710262481e-91 1.8752192791172822e-91 3.2522233229695514e-91 5.497280587970411e-91 9.157605440054788e-91 0.9999999999999998
504.0 1.6723834726794238e-92 4.399990802091141e-92 8.848636621067522e-92 1.6104244644002552e-91 2.793792390835728e-91 4.723830018129875e-91 7.871663552871483e-91 0.9999999999999999
505.0 1.4359236916927755e-92 3.7786987622955386e-92 7.601043266527106e-92 1.3837372862295866e-91 2.4012229363065427e-91 4.061297235161662e-91 6.769784256586369e-91 0.9999999999999999
506.0 1.2335357484419415e-92 3.246813543542813e-92 6.532723567120051e-92 1.1895721514705516e-91 2.0648775243941282e-91 3.493480524724983e-91 5.825131392738692e-91 0.9999999999999999
507.0 1.06021973263827e-92 2.7912316553502757e-92 5.6174403971125263e-92 1.0231767859109021e-91 1.7765541855313778e-91 3.0065871880295036e-91 5.014851821394851e-91 1.0000000000000002
508.0 9.11722507426277e-93 2.400804287136077e-92 4.832865060674679e-92 8.805057647261773e-92 1.529268908994991e-91 2.588869137802601e-91 4.3194739892149496e-91 0.9999999999999999
509.0 7.844242540030687e-93 2.0660406984269792e-92 4.1599850177612974e-92 7.581135574582804e-92 1.3170716455205734e-91 2.2303145415027018e-91 3.7223988406190204e-91 1.0
510.0 6.7524254037578276e-93 1.7788573686010962e-92 3.5826028618885476e-92 6.530640276161635e-92 1.1348905728963481e-91 1.9223867512441455e-91 3.209468662747724e-91 0.9999999999999999
511.0 5.815511638071183e-93 1.5323657324593356e-92 3.0869122628848954e-92 5.628538143400911e-92 9.784002126032816e-92 1.6578031508297837e-91 2.7686017389057476e-91 0.9999999999999998
512.0 5.011114549472688e-93 1.3206924701738353e-92 2.6611388596711432e-92 4.853474321003979e-92 8.439096851435744e-92 1.4303477169821704e-91 2.3894826015605372e-91 1.0
513.0 4.320140991460637e-93 1.1388272777754465e-92 2.295235993305034e-92 4.187222670670021e-92 7.282679786528307e-92 1.2347120710320946e-91 2.063299284829563e-91 1.0
514.0 3.726298386280844e-93 9.824938475888562e-93 1.9806267689755554e-92 3.614219363583036e-92 6.287835981146252e-92 1.0663606195400777e-91 1.7825203277860694e-91 0.9999999999999997
515.0 3.2156767781270804e-93 8.480404621670938e-93 1.7099852774892816e-92 3.121167178509825e-92 5.431563763497199e-92 9.21416073137286e-92 1.540705415683658e-91 1.0000000000000002
516.0 2.776394311675475e-93 7.323471713739633e-93 1.4770509338552088e-92 2.6966996110516176e-92 4.694195757479925e-92 7.965622135908575e-92 1.332344501262114e-91 0.9999999999999998
517.0 2.3982963534949824e-93 6.327469978758114e-93 1.276470837715929e-92 2.3310956049041056e-92 4.058907021431669e-92 6.889612675199339e-92 1.1527210518125978e-91 0.9999999999999997
518.0 2.0727000066304035e-93 5.469590161339378e-93 1.1036658567884873e-92 2.0160371502845008e-92 3.511296982581275e-92 5.961836562266052e-92 9.977957440988193e-92 1.0000000000000002
519.0 1.7921770575109472e-93 4.7303148626747885e-93 9.547168044649119e-93 1.7444032016079615e-92 3.0390339123101877e-92 5.161482371796233e-92 8.641074989162176e-92 1.0
520.0 1.5503694787571186e-93 4.092935071548446e-93 8.26267646688913e-93 1.5100943826957437e-92 2.631552431389792e-92 4.470714442405546e-92 7.486892271529421e-92 1.0
521.0 1.341832524317731e-93 3.5431389141837937e-93 7.154431481808082e-93 1.3078838038303798e-92 2.2797960039471174e-92 3.8742397946083976e-92 6.489960639837998e-92 1.0
522.0 1.1619012222214165e-93 3.0686616566669565e-93 6.19778768290166e-93 1.1332900364693067e-92 1.9759976178710493e-92 3.358939165132742e-92 5.6284420927809145e-92 0.9999999999999999
523.0 1.0065767181481451e-93 2.658987685618746e-93 5.371609541646281e-93 9.82468899866652e-93 1.713492894474413e-92 2.9135525068170958e-92 4.883587804972795e-92 1.0
524.0 8.724294693009446e-94 2.305096619580655e-93 4.65776263524749e-93 8.521212271956905e-93 1.486560752227867e-92 2.528410779463847e-92 4.23929327720319e-92 1.0
525.0 7.565167488952824e-94 1.999246907473309e-93 4.040679895301501e-93 7.39414212121358e-93 1.2902874941575765e-92 2.1952071038568306e-92 3.6817186605462164e-92 0.9999999999999998
526.0 6.563123105308666e-94 1.734791286783502e-93 3.506991630364032e-93 6.4191430277884294e-93 1.120450817696041e-92 1.9068014047968018e-92 3.198964545034292e-92 0.9999999999999998
527.0 5.69646390163847e-94 1.506019332543291e-93 3.0452097888685663e-93 5.5752991940820514e-93 9.73420777623138e-93 1.6570535598890233e-92 2.7807949736689494e-92 1.0
528.0 4.946545009021936e-94 1.3080230535682675e-93 2.6454583771314385e-93 4.844625333920437e-93 8.460751825142242e-93 1.4406808244436986e-92 2.4184006864911803e-92 1.0000000000000002
529.0 4.29733710430596e-94 1.1365821057545509e-93 2.2992431720027933e-93 4.2116486664652454e-93 7.357272856885415e-93 1.2531359407048703e-92 2.1041966526014406e-92 0.9999999999999997
530.0 3.735052892692616e-94 9.880657110633025e-94 1.9992549040586253e-93 3.663051575255923e-93 6.400639538283148e-93 1.0905028797529864e-92 1.831648840096158e-92 1.0000000000000002
531.0 3.2478278595512476e-94 8.593488099437346e-94 1.7392009645541532e-93 3.1873659792261115e-93 5.570927693237514e-93 9.494076220470738e-93 1.5951259299162606e-92 1.0
532.0 2.8254472736477767e-94 7.477403467821243e-94 1.5136614324221267e-93 2.7747118055161696e-93 4.850967536420636e-93 8.269417704701232e-93 1.3897723206320257e-92 1.0
533.0 2.459112627904558e-94 6.509219029926664e-94 1.3179658472823578e-93 2.416573092246092e-93 4.225955950780288e-93 7.205971187131157e-93 1.2113993149977384e-92 1.0
534.0 2.141241724080363e-94 5.668951593943446e-94 1.1480876882889644e-93 2.105606214765841e-93 3.6831243055269287e-93 6.2820957696457545e-93 1.0563918406649624e-92 1.0000000000000002
535.0 1.8652974728264453e-94 4.939368959701171e-94 1.000553971481238e-93 1.8354755479484685e-93 3.2114537226817897e-93 5.4791109382894535e-93 9.216284493745105e-93 0.9999999999999999
536.0 1.6256412144421642e-94 4.3056042925093407e-94 8.723677626278663e-94 1.6007125723870062e-93 2.801430898740562e-93 4.780884146602733e-93 8.044126719381085e-93 0.9999999999999998
537.0 1.417406988480704e-94 3.754825506725539e-94 7.60941728864567e-94 1.3965950228413327e-93 2.4448386060885217e-93 4.1734768751432095e-93 7.024140893504037e-93 0.9999999999999998
538.0 1.23639370924697e-94 3.2759516778644504e-94 6.640411296382406e-94 1.2190431790436325e-93 2.1345758641405363e-93 3.6448407332140147e-93 6.136177210749071e-93 1.0000000000000002
539.0 1.0789726535388165e-94 2.8594096791762993e-94 5.79734883070532e-94 1.064530825515987e-93 1.8645035059891664e-93 3.1845564055149205e-93 5.362805363361392e-93 1.0000000000000002
540.0 9.420080488971865e-95 2.496925239374427e-94 5.063535441985889e-94 9.300087698590237e-94 1.629311492363492e-93 2.783609298887234e-93 4.688940685806023e-93 1.0
541.0 8.227888753970448e-95 2.1813434693626207e-94 4.424532019881518e-94 8.12839117690747e-94 1.424404857535113e-93 2.4341966403622524e-93 4.101522617328697e-93 0.9999999999999999
542.0 7.189702703229421e-95 1.9064746301337417e-94 3.8678444708313946e-94 7.107387652476016e-94 1.2458056255602515e-93 2.1295615409837723e-93 3.589238033730301e-93 0.9999999999999998
543.0 6.285231602758456e-95 1.6669615306901804e-94 3.3826568579323976e-94 6.217307945359264e-94 1.090068421844503e-93 1.8638501903517927e-93 3.1422830779996907e-93 1.0
544.0 5.496909455551333e-95 1.458165470099455e-94 2.95960181068268e-94 5.441026466981848e-94 9.542078345410217e-94 1.6319889014320221e-93 2.752158039141034e-93 0.9999999999999998
545.0 4.809522323162066e-95 1.2760680854181024e-94 2.5905629091749533e-94 4.7637011190882704e-94 8.35635861308142e-94 1.4295781982596415e-93 2.4114906132706153e-93 1.0
546.0 4.209887534819381e-95 1.1171868488690448e-94 2.2685045123738724e-94 4.1724631285794803e-94 7.321080167241264e-94 1.252801542926311e-93 2.113883550994515e-93 0.9999999999999999
547.0 3.6865774344524734e-95 9.785022831820042e-95 1.987325152792968e-94 3.6561497727353e-94 6.416768803110422e-94 1.0983466429570798e-93 1.853783267208888e-93 1.0
548.0 3.229681374565005e-95 8.573952418219052e-95 1.7417311770311774e-94 3.2050739601991246e-94 5.626520399037971e-94 9.633375746676906e-94 1.6263664783588876e-93 1.0
549.0 2.8306005694832173e-95 7.515928380187059e-95 1.5271277874009388e-94 2.8108254965329493e-94 4.935655344295997e-94 8.452762097565464e-94 1.4274423501143952e-93 0.9999999999999999
550.0 2.4818711921926994e-95 6.591218091162587e-95 1.3395250463670296e-94 2.4660996010179863e-94 4.3314202780847133e-94 7.419916475631704e-94 1.253367995852103e-93 1.0
551.0 2.1770117583277516e-95 5.782682759008352e-95 1.1754567529688469e-94 2.1645488722317896e-94 3.802730548461025e-94 6.515965394910955e-94 1.1009754721706015e-93 1.0
552.0 1.9103914044948732e-95 5.075430046024036e-95 1.0319103975252945e-94 1.900655439538128e-94 3.339947733849156e-94 5.724493496163276e-94 9.675086794720517e-94 1.0000000000000002
553.0 1.677116150115226e-95 4.456514058825414e-95 9.062666551252258e-95 1.6696204993877e-94 2.934687369206605e-94 5.031217303708538e-94 8.505687998599065e-94 1.0
554.0 1.4729306443779864e-95 3.9146761348152766e-95 7.962470959933217e-95 1.467268830667121e-94 2.5796527035120473e-94 4.4237030771814015e-94 7.480670967171782e-94 0.9999999999999997
555.0 1.2941332529070203e-95 3.440120779671131e-95 6.99868977145178e-95 1.2899662219487224e-94 2.2684909017540538e-94 3.891122692395445e-94 6.58184065009058e-94 1.0
556.0 1.1375026410514413e-95 3.0243219048798864e-95 6.154061393716042e-95 1.1345480336569815e-94 1.9956686073135155e-94 3.42404233429871e-94 5.793340625800627e-94 1.0000000000000002
557.0 1.0002342697127382e-95 2.6598551952549177e-95 5.41355170406231e-95 9.982573669208235e-95 1.7563642117098724e-94 3.014239513033034e-94 5.101346738821386e-94 1.0
558.0 8.79885441633579e-96 2.3402530201413773e-95 4.764061124520565e-95 8.786915242425006e-95 1.5463745485174676e-94 2.654544538875433e-94 4.4938016157847855e-94 1.0
559.0 7.743277264392221e-96 2.0598788026662758e-95 4.194170928802938e-95 7.737556301757514e-95 1.3620340456518755e-94 2.338703128152871e-94 3.9601845077498264e-94 1.0
560.0 6.817057560526468e-96 1.813818191018786e-95 3.693923432943689e-95 6.81622437367951e-95 1.200144642781237e-94 2.0612572728895157e-94 3.4913116736282e-94 0.9999999999999999
561.0 6.0040152228030036e-96 1.597784744537405e-95 3.254631463149738e-95 6.006974782866034e-95 1.0579150147362983e-94 1.8174419027506766e-94 3.0791631790085853e-94 0.9999999999999999
562.0 5.290034287323476e-96 1.4080381641152093e-95 2.8687131314991557e-95 5.295888389155862e-95 9.329078430012072e-95 1.603095208101747e-94 2.71673255171934e-94 1.0
563.0 4.6627945264274114e-96 1.2413133685760313e-95 2.5295484976223962e-95 4.670809303881032e-95 8.229940503643841e-95 1.4145807856233391e-94 2.397896223271922e-94 1.0000000000000002
564.0 4.1115386101593675e-96 1.0947589525914412e-95 2.231355165194781e-95 4.1211172024068335e-95 7.263130626073024e-95 1.2487200196791557e-94 2.1173001051156938e-94 1.0
565.0 3.626870019336965e-96 9.658837628765218e-96 1.969080266947631e-95 3.637529587211617e-95 6.412382891616713e-95 1.1027333293436287e-94 1.8702610100842404e-94 0.9999999999999999
566.0 3.2005775757432147e-96 8.525105024628488e-96 1.738306640284921e-95 3.211929990550058e-95 5.663471249000254e-95 9.741890975996457e-95 1.6526809407296724e-94 0.9999999999999999
567.0 2.8254830205196586e-96 7.527354218038714e-96 1.535171295511344e-95 2.8372186522900808e-95 5.003948701695155e-95 8.609592599786269e-95 1.460972534516972e-94 1.0
568.0 2.49530855871206e-96 6.64893283725593e-96 1.3562945369723623e-95 2.5071826793124483e-95 4.422920479842972e-95 7.611806684647604e-95 1.2919941871194112e-94 1.0
569.0 2.204561707263398e-96 5.875268997232058e-96 1.1987183199604255e-95 2.21638309860525e-95 3.9108466781042197e-95 6.732214659485979e-95 1.142993574518785e-94 1.0
570.0 1.9484351450580206e-96 5.193606303186052e-96 1.0598526180687252e-95 1.9600565659880427e-95 3.4593704618753836e-95 5.956518095582886e-95 1.0115584667056551e-94 1.0
571.0 1.7227195750857612e-96 4.592773242876013e-96 9.374287411011135e-96 1.7340297941288e-95 3.061168468973122e-95 5.272183701219277e-95 8.955738743270906e-95 1.0000000000000002
572.0 1.5237278773764725e-96 4.062982423693327e-96 8.294586863517939e-96 1.534645023858461e-95 2.7098204866828605e-95 4.668221117794754e-95 7.931846979010132e-95 1.0
573.0 1.3482290630796087e-96 3.5956557216866015e-96 7.341997292369055e-96 1.3586950875380631e-95 2.3996958750574124e-95 4.134989220653921e-95 7.027631600346213e-95 1.0
574.0 1.193390740058141e-96 3.183271937039547e-96 6.501235656036766e-96 1.2033668073249424e-95 2.12585454508345e-95 3.664027200690062e-95 6.228803968568647e-95 1.0
575.0 1.0567289730481229e-96 2.81923400599668e-96 5.758894098980172e-96 1.0661916388694076e-95 1.8839605921851395e-95 3.2479071979553726e-95 5.5228166767869546e-95 1.0
576.0 9.3606457060808e-97 2.4977532127625554e-96 5.103205327513534e-96 9.450026159158457e-96 1.67020693786241e-95 2.8801056867164248e-95 4.898647135213712e-95 1.0
577.0 8.294849599801134e-97 2.2137481850041293e-96 4.523837901639655e-96 8.378967765985086e-96 1.481249550473172e-95 2.5548911817973132e-95 4.3466085712632204e-95 1.0
578.0 7.353109224288498e-97 1.962756750690108e-96 4.0117175580984196e-96 7.432023606343618e-96 1.3141500049897398e-95 2.2672261566464055e-95 3.8581849071326195e-95 0.9999999999999998
579.0 6.520675580042351e-97 1.7408589883946804e-96 3.558871193326324e-96 6.594501604281312e-96 1.1663253049908288e-95 2.012681341115231e-95 3.4258864421509285e-95 1.0
580.0 5.78458932065784e-97 1.5446100233430627e-96 3.158290579441939e-96 5.853484903229397e-96 1.0355040316735312e-95 1.787360807343352e-95 3.043123669718869e-95 1.0000000000000002
581.0 5.133459280862108e-97 1.3709813120622054e-96 2.8038132711853448e-96 5.197613085701998e-96 9.1968800726603e-96 1.5878364604483618e-95 2.70409690753963e-95 0.9999999999999998
582.0 4.557268937576246e-97 1.217309323568767e-96 2.4900184950962145e-96 4.616890875400153e-96 8.171187664721424e-96 1.4110907312956354e-95 2.4036997223519284e-95 1.0000000000000002
583.0 4.047207215668138e-97 1.0812506680371773e-96 2.212136101081738e-96 4.102520805180579e-96 7.262482216895089e-96 1.2544664252051175e-95 2.1374343927597317e-95 1.0
584.0 3.595520519299743e-97 9.60742847853774e-97 1.965966906966871e-96 3.6467567924259414e-96 6.4571298763670925e-96 1.1156228162994204e-95 1.901337881447128e-95 1.0
585.0 3.1953832765760037e-97 8.539699134507612e-97 1.7478129838177192e-96 3.242775960710795e-96 5.743119003436947e-96 9.924971950927176e-96 1.691916985721345e-95 1.0
586.0 2.840784638020026e-97 7.59332399553109e-97 1.5544166182721361e-96 2.8845663914811933e-96 5.109863256282071e-96 8.832711792763627e-96 1.506091506973317e-95 1.0000000000000002
587.0 2.526429275542789e-97 6.75420998390267e-97 1.3829068516857178e-96 2.5668287888463835e-96 4.548029044316249e-96 7.863411865659471e-96 1.3411444287778715e-95 1.0000000000000002
588.0 2.2476504942742175e-97 6.009934966650632e-97 1.230752637916931e-96 2.2848903005583293e-96 4.049384277716258e-96 7.002925457172011e-96 1.1946782229520801e-95 1.0000000000000002
589.0 2.0003341003622357e-97 5.349545640813608e-97 1.095721784950182e-96 2.034628964156193e-96 3.606665735133584e-96 6.238767889677641e-96 1.0645765155809086e-95 0.9999999999999999
590.0 1.780851668274893e-97 4.763380342357665e-97 9.758449527621683e-97 1.8124074435904361e-96 3.213462714507179e-96 5.559917275504883e-96 9.489704430314502e-96 1.0
591.0 1.5860020253036864e-97 4.242913647442553e-97 8.69384073027834e-97 1.6150148923462813e-96 2.864114930092308e-96 4.956639627131106e-96 8.462091132535354e-96 0.9999999999999999
592.0 1.4129599223942346e-97 3.7806200353366005e-97 7.748046373175901e-97 1.439615927592687e-96 2.5536228783000383e-96 4.420335288841026e-96 7.548336619043813e-96 1.0000000000000002
593.0 1.2592309921019934e-97 3.369854230664711e-97 6.90751370942709e-97 1.2837058290865387e-96 2.277569120744122e-96 3.943404041011894e-96 6.73554457470172e-96 1.0
594.0 1.1226122090443964e-97 3.004746145871896e-97 6.160268709779525e-97 1.1450711890520485e-96 2.0320491295294795e-96 3.519126563339853e-96 6.0123106587162504e-96 0.9999999999999998
595.0 1.0011571679251655e-97 2.6801086086778696e-97 5.495728404166649e-97 1.021755337201333e-96 1.813610511067587e-96 3.1415602352707365e-96 5.368546341077341e-96 0.9999999999999998
596.0 8.93145581026795e-98 2.391356289128993e-97 4.904535969525068e-97 9.120279503995174e-97 1.619199573943186e-96 2.8054475063811504e-96 4.7953239527264984e-96 0.9999999999999999
597.0 7.970564726803727e-98 2.134434441050537e-97 4.3784157542781963e-97 8.143583308407663e-97 1.4461143364323793e-96 2.5061352913121633e-96 4.284740345856922e-96 1.0
598.0 7.115446141098118e-98 1.9057562471790272e-97 3.910045783320113e-97 7.2739190143656e-97 1.2919631827061675e-96 2.23950403737548e-96 3.829796886222492e-96 1.0000000000000002
599.0 6.354197994795636e-98 1.7021477093645496e-97 3.492945595517275e-97 6.499295236631327e-97 1.1546284757064448e-96 2.0019052818041756e-96 3.4242937833946543e-96 1.0
600.0 5.6762861405078287e-98 1.520799157882159e-97 3.1213775345503214e-97 5.809092924453205e-97 1.0322345210266433e-96 1.7901066629923276e-96 3.0627370128912374e-96 1.0
601.0 5.072383890379112e-98 1.3592225696359866e-97 2.790259848510244e-97 5.193905057145781e-97 9.231193515166608e-97 1.601243478767577e-96 2.7402563007179983e-96 1.0
602.0 4.534230758737487e-98 1.2152139860411345e-97 2.4950901584114177e-97 4.6453954386900666e-97 8.258098681560123e-97 1.4327759971399168e-96 2.452532830089833e-96 1.0
603.0 4.054508058718731e-98 1.0868204095717334e-97 2.2318780346213613e-97 4.156174272030055e-97 7.389999302577987e-97 1.282451823209626e-96 2.1957354955265625e-96 1.0000000000000002
604.0 3.626729303321149e-98 9.723106349847621e-98 1.9970855764004484e-97 3.719688480615296e-97 6.615310383225575e-97 1.1482727117727155e-96 1.9664646741262584e-96 0.9999999999999998
605.0 3.245143615216794e-98 8.701495385334485e-98 1.7875750262580508e-97 3.3301249955181337e-97 5.92375296803699e-97 1.0284652902487073e-96 1.7617026103188456e-96 0.9999999999999998
606.0 2.904650571509014e-98 7.789754073129852e-98 1.6005625701761002e-97 2.9823254457374916e-97 5.306203824783915e-97 9.214552222409891e-97 1.5787696210906204e-96 1.0
607.0 2.6007251035614152e-98 6.975799423129817e-98 1.4335775791080036e-97 2.67171088108422e-97 4.754562777372941e-97 8.258443995129617e-97 1.4152854255419276e-96 0.9999999999999999
608.0 2.32935124165191e-98 6.24890613743974e-98 1.284426638469871e-97 2.3942153248809257e-97 4.261635575348427e-97 7.403908004826463e-97 1.2691349874746164e-96 1.0
609.0 2.0869636425908823e-98 5.599550865699183e-98 1.1511617922423851e-97 2.146227100607297e-97 3.821030445040117e-97 6.639906973991237e-97 1.1384383340058255e-96 0.9999999999999999
610.0 1.8703959683113385e-98 5.019274686365789e-98 1.0320524982562838e-97 1.9245370052586052e-97 3.427066693039205e-97 5.956629329644387e-97 1.0215238783119158e-96 1.0000000000000002
611.0 1.6768352971345228e-98 4.500561639573234e-98 9.255608524981589e-98 1.7262925148625843e-97 3.0746939303784565e-97 5.345350209907119e-97 9.169048316743065e-97 1.0
612.0 1.5037818489927053e-98 4.036731401473253e-98 8.303196939482636e-98 1.5489573063395385e-97 2.759420659066839e-97 4.798308553370444e-97 8.232583400412688e-97 0.9999999999999999
613.0 1.349013393123117e-98 3.621844421535595e-98 7.451132484981138e-98 1.390275466434245e-97 2.4772511145335567e-97 4.308598373740056e-97 7.394070242100377e-97 1.0
614.0 1.2105537832073438e-98 3.250618047281177e-98 6.688600117375012e-98 1.2482398343458212e-97 2.2246293907825895e-97 3.8700725503785635e-97 6.643026412504925e-97 1.0
615.0 1.0866451319588387e-98 2.918352338911584e-98 6.005976065669986e-98 1.1210639912519935e-97 1.9983899919543614e-97 3.4772576655588e-97 5.970116185973448e-97 1.0
616.0 9.757231959492839e-99 2.62086443242934e-98 5.3946938332298165e-98 1.0071574683415962e-97 1.7957140565919652e-97 3.125278594992195e-97 5.367022419228882e-97 1.0000000000000002
617.0 8.763955930407242e-99 2.3544304468427404e-98 4.847125579498474e-98 9.051037962472554e-98 1.6140905909899411e-97 2.8097917125340015e-97 4.826333039767901e-97 1.0
618.0 7.874225200544837e-99 2.115734051300806e-98 4.356477082018122e-98 8.1364106379643e-98 1.4512821271179125e-97 2.5269257055457774e-97 4.3414404448980755e-97 1.0000000000000002
619.0 7.076996780474133e-99 1.9018209135953917e-98 3.916694693276691e-98 7.316446935505442e-98 1.3052942901206902e-97 2.273229116540166e-97 3.906452313762683e-97 1.0
620.0 6.362431474687433e-99 1.7100583442216503e-98 3.522382895558578e-98 6.581121763578518e-98 1.1743488214904353e-97 2.0456238314760463e-97 3.516112511779755e-97 0.9999999999999997
621.0 5.7217598612936026e-99 1.5380995316759715e-98 3.1687312227277486e-98 5.921495376911074e-98 1.0568596577102348e-97 1.8413638271648106e-97 3.1657309226485117e-97 0.9999999999999998
622.0 5.147163498653556e-99 1.3838518363127385e-98 2.8514494636267583e-98 5.329593354059352e-98 9.51411711410926e-98 1.657998571279082e-97 2.8511211801285693e-97 0.9999999999999998
623.0 4.631669594643837e-99 1.2454486730581287e-98 2.566710189922058e-98 4.7983001217968644e-98 8.567420436346878e-98 1.4933405397400456e-97 2.5685453923927423e-97 1.0
624.0 4.169057582606572e-99 1.1212245686889145e-98 2.3110977639949064e-98 4.3212644668362267e-98 7.717231523790397e-98 1.345436379029195e-97 2.3146650579685682e-97 1.0000000000000002
625.0 3.753776231279952e-99 1.0096930281170163e-98 2.0815630816742358e-98 3.8928156583519875e-98 6.953481347848896e-98 1.21254129621829e-97 2.0864974657908098e-97 0.9999999999999998
626.0 3.3808700773325737e-99 9.095268870338621e-99 1.875383391974522e-98 3.5078889659256323e-98 6.267175086947491e-98 1.0930963082008795e-97 1.8813769543131733e-97 1.0
627.0 3.0459141110899547e-99 8.195408660367992e-99 1.69012661290657e-98 3.161959499415902e-98 5.650275042829506e-98 9.85708024493251e-98 1.6969204772420262e-97 1.0
628.0 2.7449557710842954e-99 7.386760746311326e-99 1.52361963018909e-98 2.850983422292039e-98 5.095596584742325e-98 8.891306757808666e-98 1.5309969874883032e-97 0.9999999999999999
629.0 2.4744634131953145e-99 6.659862428109961e-99 1.3739201253907257e-98 2.571345700153114e-98 4.5967156427106436e-98 8.022501337182302e-98 1.3817002073984512e-97 1.0
630.0 2.23128051722029e-99 6.0062548375860905e-99 1.2392915326682408e-98 2.319813643320148e-98 4.1478864422436626e-98 7.240696968950817e-98 1.2473244031487573e-97 0.9999999999999999
631.0 2.0125849792508224e-99 5.418374139721422e-99 1.1181807696647236e-98 2.093495588052034e-98 3.743968323740616e-98 6.536974438172062e-98 1.12634282514166e-97 1.0000000000000002
632.0 1.8158529136883376e-99 4.889454772215889e-99 1.0091984290730326e-98 1.889804136540314e-98 3.380360623080697e-98 5.903349766493852e-98 1.0173885150600673e-97 1.0000000000000002
633.0 1.6388264552564822e-99 4.4134433644670975e-99 9.111011534778711e-99 1.7064234425286856e-98 3.0529447074219364e-98 5.33267399675646e-98 9.192372144978214e-98 1.0
634.0 1.479485110098847e-99 3.984922133523429e-99 8.227759479772379e-99 1.5412800883095728e-98 2.758032364074086e-98 4.818543942884671e-98 8.307921403670448e-98 1.0
635.0 1.3360202568558272e-99 3.5990406925532566e-99 7.432262132201557e-99 1.3925171508360609e-98 2.4923198319689864e-98 4.3552226808344094e-98 7.510704190241154e-98 1.0
636.0 1.206812444379674e-99 3.251455329292522e-99 6.715593063614303e-99 1.2584711006361334e-98 2.252846846282377e-98 3.937568695757982e-98 6.791909947068274e-98 1.0
637.0 1.090411173151578e-99 2.938274919588234e-99 6.069754593925955e-99 1.1376512178028182e-98 2.036960138349538e-98 3.560972723732649e-98 6.143638487788586e-98 0.9999999999999999
638.0 9.855168831672884e-100 2.6560127362965137e-99 5.487579037173625e-99 1.028721245215263e-98 1.8422808963188653e-98 3.221301435342075e-98 5.558803847695233e-98 1.0
639.0 8.909649026070139e-100 2.401543497879225e-99 4.962640669965073e-99 9.304830308687007e-99 1.666675747963783e-98 2.9148472047575595e-98 5.031048505555656e-98 0.9999999999999999
640.0 8.057111395006611e-100 2.17206507540134e-99 4.4891772346155e-99 8.418619392542858e-99 1.5082308766014277e-98 2.6382832932410932e-98 4.5546668351226244e-98 1.0
641.0 7.288193232629156e-100 1.965064342383949e-99 4.062019923170934e-99 7.6189383655361e-99 1.3652289248862527e-98 2.3886238514545098e-98 4.12453677277993e-98 0.9999999999999999
642.0 6.594496247932366e-100 1.778286710150149e-99 3.676530907290208e-99 6.897134763861905e-99 1.2361283800425075e-98 2.1631882117833988e-98 3.736058801286973e-98 1.0000000000000002
643.0 5.96848503141249e-100 1.609708942784498e-99 3.32854758407289e-99 6.245441322983981e-99 1.1195451684469202e-98 1.959569001058599e-98 3.385101450133899e-98 1.0
644.0 5.403396438303233e-100 1.4575148914150244e-99 3.0143328010152567e-99 5.656883404113831e-99 1.0142362179039918e-98 1.7756036564961188e-98 3.067952602139917e-98 1.0
645.0 4.893158690614331e-100 1.3200738278852364e-99 2.7305304057045905e-99 5.125196309032776e-99 9.190847729105803e-99 1.6093489741324936e-98 2.7812759748982602e-98 1.0
646.0 4.4323191342240365e-100 1.1959210936423153e-99 2.4741255389079806e-99 4.6447514052444145e-99 8.33087272101681e-99 1.4590583602249636e-98 2.52207221570937e-98 1.0000000000000002
647.0 4.0159797060153815e-100 1.0837408113513445e-99 2.2424091544438964e-99 4.2104901033096205e-99 7.553416182527454e-99 1.3231614926108278e-98 2.2876441107591402e-98 1.0000000000000002
648.0 3.6397392712687826e-100 9.823504348265442e-100 2.0329463066059455e-99 3.817864834487655e-99 6.8503668999863246e-99 1.2002461314159575e-98 2.0755654644034603e-98 1.0
649.0 3.299642084819252e-100 8.906869377723009e-100 1.84354779680111e-99 3.4627862710790655e-99 6.21442961096226e-99 1.089041847251634e-98 1.8836532533325535e-98 1.0
650.0 2.9921317122068864e-100 8.077944639090212e-100 1.672244816202373e-99 3.141576115491911e-99 5.639041078452844e-99 9.884054605513331e-99 1.7099427038030783e-98 1.0
651.0 2.7140098204321246e-100 7.328132806512899e-100 1.5172662612705407e-99 2.850924858275379e-99 5.1182949840933005e-99 8.973080083516256e-99 1.5526649786818643e-98 1.0
652.0 2.4623993130398617e-100 6.649698958926723e-100 1.3770184345514546e-99 2.587853971253828e-99 4.6468746943395304e-99 8.148230749384409e-99 1.4102271952926567e-98 0.9999999999999999
653.0 2.234711342052931e-100 6.035682128869498e-100 1.2500668747213142e-99 2.3496820604083337e-99 4.2199930571282136e-99 7.401163406522567e-99 1.2811945254896336e-98 0.9999999999999997
654.0 2.0286157805803205e-100 5.479816119193157e-100 1.1351200878821756e-99 2.1339945551191306e-99 3.833338478478405e-99 6.724362190242825e-99 1.164274156424379e-98 1.0
655.0 1.842014785501007e-100 4.976458596361943e-100 1.0310149770166615e-99 1.938616556567963e-99 3.483026610246455e-99 6.111054665334674e-99 1.0583009145222135e-98 0.9999999999999998
656.0 1.673019120110298e-100 4.5205275771941916e-100 9.367037886430666e-100 1.7615885091467574e-99 3.1655570529125265e-99 5.555136618260961e-99 9.622243765701049e-99 1.0
657.0 1.519926942583557e-100 4.1074445220177453e-100 8.512424153802182e-100 1.6011443952028554e-99 2.877774541876438e-99 5.0511046240043464e-99 8.750973108380505e-99 0.9999999999999999
658.0 1.381204798099426e-100 3.733083332696971e-100 7.737799106282435e-100 1.455692185912843e-99 2.6168341432295693e-99 4.593995566931202e-99 7.960653080890592e-99 0.9999999999999998
659.0 1.255470580892851e-100 3.393724629975916e-100 7.035490871259382e-100 1.3237963099402318e-99 2.3801700360947747e-99 4.1793323834024544e-99 7.243574773974863e-99 1.0
660.0 1.1414782578028273e-100 3.0860147522026097e-100 6.39858084989673e-100 1.2041619272263549e-99 2.1654675041467603e-99 3.803075372552307e-99 6.5927809511415014e-99 1.0000000000000002
661.0 1.0381041673794504e-100 2.8069289776564687e-100 5.82082807156879e-100 1.0956208181294252e-99 1.970637799442174e-99 3.461578491710829e-99 6.001991072650242e-99 1.0
662.0 9.443347286344367e-101 2.5537385262342885e-100 5.296601311207131e-100 9.971187184813666e-100 1.7937955777628314e-99 3.1515501153319537e-99 5.465533963127182e-99 1.0
663.0 8.592554113534942e-101 2.32398094394684e-100 4.820818156122677e-100 9.077039492735926e-100 1.6332386368335967e-99 2.870017791913109e-99 4.978287327010545e-99 1.0000000000000002
664.0 7.820408357530895e-101 2.1154335161115047e-100 4.3888902957965236e-100 8.265172058275117e-100 1.487429717399687e-99 2.6142965829119e-99 4.5356234005396325e-99 0.9999999999999999
665.0 7.119458834067251e-101 1.926089392960302e-100 3.996674385652672e-100 7.527823857051854e-100 1.3549801526825907e-99 2.381960611849843e-99 4.133360104420451e-99 1.0
666.0 6.482977139618807e-101 1.754136145083961e-100 3.6404279048886967e-100 6.857983474463985e-100 1.2346351744904097e-99 2.170817491178413e-99 3.767717128543736e-99 0.9999999999999999
667.0 5.904885933942986e-101 1.5979364961712486e-100 3.316769490006814e-100 6.24931503658466e-100 1.1252607045520966e-99 1.9788853296119956e-99 3.435276440119193e-99 1.0
668.0 5.3796944955405374e-101 1.456011007286356e-100 3.02264328059144e-100 5.696091621888351e-100 1.025831477748866e-99 1.8043720539770438e-99 3.132946760125866e-99 1.0
669.0 4.902440796830093e-101 1.3270225108167294e-100 2.7552868628581786e-100 5.19313538214726e-100 9.354203600719936e-100 1.6456568076042128e-99 2.8579316007731114e-99 0.9999999999999999
670.0 4.4686394254333025e-101 1.2097621135329927e-100 2.5122024401944726e-100 4.735763682074876e-100 8.531887385543242e-100 1.5012732122631646e-99 2.6077004993368592e-99 1.0
671.0 4.074234748973134e-101 1.1031366072135617e-100 2.291130898900551e-100 4.3197406397891657e-100 7.78377873292207e-100 1.3698943029342902e-99 2.3799631218371235e-99 1.0
672.0 3.7155587842095804e-101 1.0061571422693779e-100 2.0900284721740215e-100 3.9412335149516646e-100 7.103011131771617e-100 1.2503189646423828e-99 2.1726459440914243e-99 1.0000000000000002
673.0 3.3892932878831e-101 9.179290349477607e-101 1.907045736447844e-100 3.596773449223187e-100 6.483368872180721e-100 1.1414597183607025e-99 1.9838712480823735e-99 1.0000000000000002
674.0 3.0924356371972213e-101 8.376425922371521e-101 1.7405087019784597e-100 3.283220115371064e-100 5.919223925164878e-100 1.0423317189093543e-99 1.8119381987935545e-99 1.0000000000000002
675.0 2.8222681129896318e-101 7.645648506808228e-101 1.5889017843830213e-100 2.9977298775112273e-100 5.405479081557309e-100 9.52042841984892e-100 1.655305790976921e-99 1.0
676.0 2.576330238971434e-101 6.980321361129494e-101 1.4508524660016466e-100 2.7377271062393674e-100 4.937516715975073e-100 8.697847501736196e-100 1.5125774770672488e-99 1.0000000000000002
677.0 2.3523938664548857e-101 6.374433609877782e-101 1.3251174757843858e-100 2.5008783293030706e-100 4.511152607368432e-100 7.948248391734065e-100 1.382487306917517e-99 1.0000000000000002
678.0 2.1484407262009173e-101 5.822539846048598e-101 1.2105703341248093e-100 2.2850689314583566e-100 4.1225943063015644e-100 7.264989756208823e-100 1.263887427436979e-99 1.0
679.0 1.9626421978384053e-101 5.319705692581231e-101 1.1061901249238077e-100 2.0883821466870292e-100 3.7684035916149376e-100 6.642049470300433e-100 1.1557368058058392e-99 1.0000000000000002
680.0 1.7933410730584856e-101 4.8614587223951e-101 1.0110513713432959e-100 1.9090801123499145e-100 3.445462606057563e-100 6.073965524934562e-100 1.0570910538849556e-99 0.9999999999999999
681.0 1.6390351118570388e-101 4.443744198129371e-101 9.243149044134102e-101 1.7455867785124096e-100 3.1509433025563437e-100 5.555782701007206e-100 9.670932439452303e-100 1.0000000000000002
682.0 1.4983622117143702e-101 4.06288514802168e-101 8.452196250122526e-101 1.5964724868317374e-100 2.8822798704137253e-100 5.083004435601765e-100 8.849656170272932e-100 0.9999999999999999
683.0 1.3700870280811965e-101 3.7155463439201994e-101 7.730750699194153e-101 1.460440052366101e-100 2.6371438444740785e-100 4.651549363697179e-100 8.100020952802191e-100 0.9999999999999999
684.0 1.2530889010683649e-101 3.3987017917530374e-101 7.072547017536482e-101 1.3363121986399962e-100 2.4134216305010835e-100 4.257712071274135e-100 7.41561518614123e-100 1.0
685.0 1.146350958051277e-101 3.109605384515095e-101 6.471898507715298e-101 1.2230202115201257e-100 2.2091942070944985e-100 3.8981276427730104e-100 6.790615340637581e-100 1.0
686.0 1.0489502751675021e-101 2.8457644034261903e-101 5.923642438201935e-101 1.1195936910939477e-100 2.022718788748577e-100 3.569739628026889e-100 6.219730734880839e-100 1.0000000000000002
687.0 9.60048992575099e-102 2.6049155848138356e-101 5.423090622950166e-101 1.0251512929688815e-100 1.8524122564194985e-100 3.26977109161114e-100 5.69815361714019e-100 0.9999999999999999
688.0 8.788862889970857e-102 2.3850034988743652e-101 4.9659847683364524e-101 9.388923613751353e-101 1.6968361814927131e-100 2.9956984414807034e-100 5.221514030503388e-100 1.0000000000000002
689.0 8.047711306314488e-102 2.1841610121071126e-101 4.548456117504985e-101 8.600893662884325e-101 1.554683286552736e-100 2.7452277642048195e-100 4.785838993178046e-100 1.0
690.0 7.370757180771021e-102 2.0006916282224932e-101 4.166988969475485e-101 7.880810656145941e-101 1.4247652020778825e-100 2.516273421438371e-100 4.387515572294442e-100 1.0
691.0 6.752295626091824e-102 1.833053522949797e-101 3.818387692796753e-101 7.222663213923778e-101 1.3060013922816302e-100 2.3069386867849626e-100 4.0232574716087187e-100 1.0000000000000002
692.0 6.187141300385828e-102 1.679845106700274e-101 3.499746891650259e-101 6.620985060838194e-101 1.197409135995828e-100 2.1154982242480908e-100 3.690074791327323e-100 1.0000000000000002
693.0 5.67057996578091e-102 1.5397919656556774e-101 3.208424416493764e-101 6.070804414007592e-101 1.0980944598595361e-100 1.9403822292418097e-100 3.3852466522125124e-100 1.0
694.0 5.1983246669459636e-102 1.4117350467763129e-101 2.942016942046576e-101 5.567598178483178e-101 1.0072439312939954e-100 1.7801620709069961e-100 3.106296406640593e-100 0.9999999999999999
695.0 4.766476079186997e-102 1.2946199656303872e-101 2.6983378630136874e-101 5.107250483174273e-101 9.241172279274594e-101 1.6335372904589963e-100 2.850969186720335e-100 1.0
696.0 4.3714866206369505e-102 1.1874873279824993e-101 2.475397282721827e-101 4.6860151368417815e-101 8.480404083810519e-101 1.4993238246461446e-100 2.6172115642274847e-100 1.0000000000000002
697.0 4.01012796333802e-102 1.0894639669004881e-101 2.2713838921193154e-101 4.300481625338969e-101 7.783998167455681e-101 1.3764433363125555e-100 2.4031531192916395e-100 0.9999999999999998
698.0 3.6794616141893834e-102 9.997550068595543e-102 2.0846485566050034e-101 3.9475443086555464e-101 7.146365597455928e-101 1.2639135456649267e-100 2.2070897347097775e-100 1.0
699.0 3.3768122692760505e-102 9.176366750677776e-102 1.9136894461612014e-101 3.624374509961305e-101 6.562415015883738e-101 1.160839466292976e-100 2.0274684507156608e-100 1.0
700.0 3.0997436743341816e-102 8.424497880956142e-102 1.7571385604512322e-101 3.328395219083376e-101 6.027507268898719e-101 1.0664054593891765e-100 1.8628737311814095e-100 1.0
