200.0 0.9999999357441216 0.999999999999996 1.0 1.0 1.0 1.0 1.0 1.0
201.0 0.9999999280871907 0.9999999999999948 0.9999999999999999 0.9999999999999999 0.9999999999999999 0.9999999999999999 0.9999999999999999 0.9999999999999999
202.0 0.9999999196074787 0.9999999999999937 1.0 1.0 1.0 1.0 1.0 1.0
203.0 0.9999999102265195 0.9999999999999921 1.0 1.0 1.0 1.0 1.0 1.0
204.0 0.9999998998593731 0.9999999999999899 0.9999999999999999 0.9999999999999999 0.9999999999999999 0.9999999999999999 0.9999999999999999 0.9999999999999999
205.0 0.9999998884140017 0.9999999999999875 0.9999999999999999 0.9999999999999999 0.9999999999999999 0.9999999999999999 0.9999999999999999 0.9999999999999999
206.0 0.9999998757910763 0.9999999999999843 0.9999999999999998 0.9999999999999998 0.9999999999999998 0.9999999999999998 0.9999999999999998 0.9999999999999998
207.0 0.9999998618833074 0.9999999999999809 0.9999999999999999 0.9999999999999999 0.9999999999999999 0.9999999999999999 0.9999999999999999 0.9999999999999999
208.0 0.999999846574915 0.9999999999999764 0.9999999999999999 0.9999999999999999 0.9999999999999999 0.9999999999999999 0.9999999999999999 0.9999999999999999
209.0 0.9999998297411515 0.9999999999999712 1.0 1.0 1.0 1.0 1.0 1.0
210.0 0.999999811247628 0.9999999999999645 1.0 1.0 1.0 1.0 1.0 1.0
211.0 0.9999997909497405 0.9999999999999561 0.9999999999999998 0.9999999999999998 0.9999999999999998 0.9999999999999998 0.9999999999999998 0.9999999999999998
212.0 0.9999997686920937 0.9999999999999465 0.9999999999999999 0.9999999999999999 0.9999999999999999 0.9999999999999999 0.9999999999999999 0.9999999999999999
213.0 0.9999997443076851 0.9999999999999345 0.9999999999999998 0.9999999999999998 0.9999999999999998 0.9999999999999998 0.9999999999999998 0.9999999999999998
214.0 0.9999997176172826 0.9999999999999204 1.0 1.0 1.0 1.0 1.0 1.0
215.0 0.9999996884287516 0.9999999999999032 1.0 1.0 1.0 1.0 1.0 1.0
216.0 0.9999996565360975 0.9999999999998822 0.9999999999999999 0.9999999999999999 0.9999999999999999 0.9999999999999999 0.9999999999999999 0.9999999999999999
217.0 0.9999996217188414 0.9999999999998576 1.0000000000000002 1.0000000000000002 1.0000000000000002 1.0000000000000002 1.0000000000000002 1.0000000000000002
218.0 0.9999995837409634 0.9999999999998272 1.0 1.0 1.0 1.0 1.0 1.0
219.0 0.9999995423503303 0.999999999999791 0.9999999999999999 0.9999999999999999 0.9999999999999999 0.9999999999999999 0.9999999999999999 0.9999999999999999
220.0 0.9999994972774466 0.9999999999997479 1.0 1.0 1.0 1.0 1.0 1.0
221.0 0.9999994482346869 0.9999999999996966 1.0000000000000002 1.0000000000000002 1.0000000000000002 1.0000000000000002 1.0000000000000002 1.0000000000000002
222.0 0.9999993949152406 0.9999999999996348 1.0 1.0 1.0 1.0 1.0 1.0
223.0 0.9999993369920108 0.9999999999995614 0.9999999999999999 0.9999999999999999 0.9999999999999999 0.9999999999999999 0.9999999999999999 0.9999999999999999
224.0 0.9999992741167016 0.9999999999994744 1.0 1.0 1.0 1.0 1.0 1.0
225.0 0.9999992059184746 0.9999999999993713 1.0000000000000002 1.0000000000000002 1.0000000000000002 1.0000000000000002 1.0000000000000002 1.0000000000000002
226.0 0.999999132002942 0.9999999999992485 1.0 1.0 1.0 1.0 1.0 1.0
227.0 0.9999990519508258 0.9999999999991036 1.0000000000000002 1.0000000000000002 1.0000000000000002 1.0000000000000002 1.0000000000000002 1.0000000000000002
228.0 0.9999989653168514 0.999999999998932 1.0 1.0 1.0 1.0 1.0 1.0
229.0 0.9999988716281678 0.9999999999987298 1.0 1.0 1.0 1.0 1.0 1.0
230.0 0.9999987703833385 0.9999999999984918 1.0000000000000002 1.0000000000000002 1.0000000000000002 1.0000000000000002 1.0000000000000002 1.0000000000000002
231.0 0.9999986610506637 0.9999999999982114 1.0 1.0 1.0 1.0 1.0 1.0
232.0 0.9999985430667895 0.9999999999978821 0.9999999999999999 0.9999999999999999 0.9999999999999999 0.9999999999999999 0.9999999999999999 0.9999999999999999
233.0 0.9999984158353654 0.9999999999974962 1.0 1.0 1.0 1.0 1.0 1.0
234.0 0.9999982787251724 0.999999999997044 1.0 1.0 1.0 1.0 1.0 1.0
235.0 0.9999981310688781 0.9999999999965155 1.0000000000000002 1.0000000000000002 1.0000000000000002 1.0000000000000002 1.0000000000000002 1.0000000000000002
236.0 0.9999979721609723 0.9999999999958974 1.0 1.0 1.0 1.0 1.0 1.0
237.0 0.9999978012564262 0.9999999999951766 0.9999999999999999 0.9999999999999999 0.9999999999999999 0.9999999999999999 0.9999999999999999 0.9999999999999999
238.0 0.9999976175687735 0.9999999999943373 1.0 1.0 1.0 1.0 1.0 1.0
239.0 0.9999974202681424 0.9999999999933605 1.0 1.0 1.0 1.0 1.0 1.0
240.0 0.9999972084795795 0.9999999999922253 0.9999999999999999 0.9999999999999999 0.9999999999999999 0.9999999999999999 0.9999999999999999 0.9999999999999999
241.0 0.9999969812810826 0.9999999999909084 1.0 1.0 1.0 1.0 1.0 1.0
242.0 0.99999673770149 0.9999999999893822 1.0 1.0 1.0 1.0 1.0 1.0
243.0 0.9999964767185148 0.9999999999876152 1.0 1.0 1.0 1.0 1.0 1.0
244.0 0.9999961972566355 0.9999999999855729 1.0000000000000002 1.0000000000000002 1.0000000000000002 1.0000000000000002 1.0000000000000002 1.0000000000000002
245.0 0.999995898184888 0.999999999983214 0.9999999999999998 0.9999999999999999 0.9999999999999999 0.9999999999999999 0.9999999999999999 0.9999999999999999
246.0 0.9999955783147112 0.9999999999804942 1.0000000000000002 1.0000000000000002 1.0000000000000002 1.0000000000000002 1.0000000000000002 1.0000000000000002
247.0 0.9999952363975921 0.9999999999773606 0.9999999999999998 0.9999999999999999 0.9999999999999999 0.9999999999999999 0.9999999999999999 0.9999999999999999
248.0 0.9999948711226739 0.9999999999737555 0.9999999999999999 1.0 1.0 1.0 1.0 1.0
249.0 0.9999944811144972 0.9999999999696122 0.9999999999999996 0.9999999999999998 0.9999999999999998 0.9999999999999998 0.9999999999999998 0.9999999999999998
250.0 0.9999940649303658 0.9999999999648561 0.9999999999999994 0.9999999999999997 0.9999999999999997 0.9999999999999997 0.9999999999999997 0.9999999999999997
251.0 0.9999936210579481 0.9999999999594033 0.9999999999999998 1.0 1.0 1.0 1.0 1.0
252.0 0.9999931479126384 0.9999999999531575 0.9999999999999996 0.9999999999999999 0.9999999999999999 0.9999999999999999 0.9999999999999999 0.9999999999999999
253.0 0.9999926438347786 0.999999999946012 0.9999999999999994 0.9999999999999999 0.9999999999999999 0.9999999999999999 0.9999999999999999 0.9999999999999999
254.0 0.9999921070871629 0.9999999999378464 0.9999999999999998 1.0000000000000002 1.0000000000000002 1.0000000000000002 1.0000000000000002 1.0000000000000002
255.0 0.9999915358521598 0.9999999999285237 0.9999999999999991 0.9999999999999997 0.9999999999999997 0.9999999999999997 0.9999999999999997 0.9999999999999997
256.0 0.9999909282288401 0.9999999999178935 0.9999999999999992 1.0 1.0 1.0 1.0 1.0
257.0 0.9999902822300456 0.9999999999057837 0.9999999999999992 1.0 1.0 1.0 1.0 1.0
258.0 0.9999895957795172 0.9999999998920028 0.999999999999999 1.0 1.0 1.0 1.0 1.0
259.0 0.9999888667088725 0.9999999998763367 0.9999999999999987 1.0 1.0 1.0 1.0 1.0
260.0 0.9999880927543946 0.9999999998585455 0.9999999999999981 0.9999999999999998 0.9999999999999998 0.9999999999999998 0.9999999999999998 0.9999999999999998
261.0 0.9999872715540112 0.9999999998383617 0.999999999999998 1.0 1.0 1.0 1.0 1.0
262.0 0.9999864006438904 0.9999999998154855 0.9999999999999974 0.9999999999999999 0.9999999999999999 0.9999999999999999 0.9999999999999999 0.9999999999999999
263.0 0.9999854774554701 0.9999999997895836 0.9999999999999968 0.9999999999999998 0.9999999999999998 0.9999999999999998 0.9999999999999998 0.9999999999999998
264.0 0.9999844993117657 0.9999999997602849 0.9999999999999963 1.0 1.0 1.0 1.0 1.0
265.0 0.9999834634243026 0.9999999997271747 0.9999999999999956 1.0 1.0 1.0 1.0 1.0
266.0 0.9999823668893295 0.9999999996897929 0.9999999999999943 0.9999999999999998 0.9999999999999998 0.9999999999999998 0.9999999999999998 0.9999999999999998
267.0 0.9999812066845126 0.9999999996476286 0.9999999999999932 0.9999999999999998 0.9999999999999998 0.9999999999999998 0.9999999999999998 0.9999999999999998
268.0 0.9999799796653873 0.9999999996001139 0.9999999999999919 0.9999999999999999 0.9999999999999999 0.9999999999999999 0.9999999999999999 0.9999999999999999
269.0 0.999978682561429 0.9999999995466189 0.9999999999999905 1.0 1.0 1.0 1.0 1.0
270.0 0.99997731197265 0.999999999486445 0.9999999999999886 1.0 1.0 1.0 1.0 1.0
271.0 0.999975864365672 0.9999999994188193 0.9999999999999858 0.9999999999999998 0.9999999999999998 0.9999999999999998 0.9999999999999998 0.9999999999999998
272.0 0.9999743360699397 0.9999999993428873 0.9999999999999832 1.0 1.0 1.0 1.0 1.0
273.0 0.999972723273791 0.9999999992577028 0.9999999999999801 1.0000000000000002 1.0000000000000002 1.0000000000000002 1.0000000000000002 1.0000000000000002
274.0 0.999971022020625 0.9999999991622207 0.999999999999976 1.0000000000000002 1.0000000000000002 1.0000000000000002 1.0000000000000002 1.0000000000000002
275.0 0.9999692282048314 0.9999999990552886 0.9999999999999711 1.0 1.0 1.0 1.0 1.0
276.0 0.9999673375676209 0.9999999989356348 0.9999999999999653 0.9999999999999999 0.9999999999999999 0.9999999999999999 0.9999999999999999 0.9999999999999999
277.0 0.9999653456930994 0.9999999988018587 0.9999999999999586 0.9999999999999999 0.9999999999999999 0.9999999999999999 0.9999999999999999 0.9999999999999999
278.0 0.9999632480041003 0.9999999986524175 0.9999999999999508 1.0 1.0 1.0 1.0 1.0
279.0 0.9999610397577303 0.999999998485613 0.9999999999999412 0.9999999999999999 0.9999999999999999 0.9999999999999999 0.9999999999999999 0.9999999999999999
280.0 0.9999587160413017 0.9999999982995799 0.9999999999999301 0.9999999999999999 0.9999999999999999 0.9999999999999999 0.9999999999999999 0.9999999999999999
281.0 0.9999562717680214 0.9999999980922679 0.999999999999917 1.0 1.0 1.0 1.0 1.0
282.0 0.9999537016724431 0.9999999978614266 0.9999999999999013 0.9999999999999999 0.9999999999999999 0.9999999999999999 0.9999999999999999 0.9999999999999999
283.0 0.9999510003061608 0.9999999976045877 0.9999999999998832 1.0 1.0 1.0 1.0 1.0
284.0 0.9999481620332127 0.9999999973190453 0.9999999999998617 1.0 1.0 1.0 1.0 1.0
285.0 0.999945181025728 0.9999999970018364 0.9999999999998366 1.0000000000000002 1.0000000000000002 1.0000000000000002 1.0000000000000002 1.0000000000000002
286.0 0.9999420512592363 0.9999999966497164 0.9999999999998066 0.9999999999999999 0.9999999999999999 0.9999999999999999 0.9999999999999999 0.9999999999999999
287.0 0.999938766507934 0.9999999962591386 0.9999999999997718 0.9999999999999999 0.9999999999999999 0.9999999999999999 0.9999999999999999 0.9999999999999999
288.0 0.9999353203402825 0.9999999958262253 0.9999999999997314 1.0 1.0 1.0 1.0 1.0
289.0 0.9999317061139857 0.9999999953467411 0.9999999999996836 0.9999999999999999 0.9999999999999999 0.9999999999999999 0.9999999999999999 0.9999999999999999
290.0 0.9999279169714516 0.9999999948160644 0.9999999999996282 1.0 1.0 1.0 1.0 1.0
291.0 0.9999239458350078 0.9999999942291528 0.999999999999563 0.9999999999999999 0.9999999999999999 0.9999999999999999 0.9999999999999999 0.9999999999999999
292.0 0.9999197854017429 0.9999999935805118 0.9999999999994872 0.9999999999999998 0.9999999999999998 0.9999999999999998 0.9999999999999998 0.9999999999999998
293.0 0.9999154281390145 0.9999999928641561 0.9999999999993993 1.0 1.0 1.0 1.0 1.0
294.0 0.9999108662793842 0.99999999207357 0.999999999999297 1.0000000000000002 1.0000000000000002 1.0000000000000002 1.0000000000000002 1.0000000000000002
295.0 0.9999060918155085 0.9999999912016658 0.9999999999991777 1.0 1.0 1.0 1.0 1.0
296.0 0.9999010964953651 0.9999999902407393 0.9999999999990395 1.0000000000000002 1.0000000000000002 1.0000000000000002 1.0000000000000002 1.0000000000000002
297.0 0.9998958718171436 0.9999999891824191 0.9999999999988788 0.9999999999999999 1.0 1.0 1.0 1.0
298.0 0.999890409024046 0.9999999880176176 0.9999999999986927 0.9999999999999997 0.9999999999999998 0.9999999999999998 0.9999999999999998 0.9999999999999998
299.0 0.9998846990995172 0.9999999867364744 0.9999999999984778 0.9999999999999998 1.0 1.0 1.0 1.0
300.0 0.9998787327617567 0.9999999853282957 0.9999999999982289 0.9999999999999996 0.9999999999999998 0.9999999999999998 0.9999999999999998 0.9999999999999998
301.0 0.9998725004589105 0.9999999837814947 0.9999999999979419 0.9999999999999999 1.0 1.0 1.0 1.0
302.0 0.9998659923635852 0.9999999820835205 0.9999999999976105 1.0 1.0000000000000002 1.0000000000000002 1.0000000000000002 1.0000000000000002
303.0 0.9998591983678974 0.9999999802207886 0.999999999997228 0.9999999999999997 1.0 1.0 1.0 1.0
304.0 0.9998521080780939 0.9999999781786056 0.9999999999967879 0.9999999999999998 1.0000000000000002 1.0000000000000002 1.0000000000000002 1.0000000000000002
305.0 0.9998447108093131 0.9999999759410841 0.9999999999962813 0.9999999999999996 1.0 1.0 1.0 1.0
306.0 0.9998369955805 0.99999997349106 0.999999999995699 0.9999999999999994 1.0 1.0 1.0 1.0
307.0 0.9998289511088382 0.9999999708099973 0.9999999999950302 0.9999999999999991 1.0 1.0 1.0 1.0
308.0 0.9998205658046687 0.9999999678778919 0.9999999999942627 0.9999999999999988 0.9999999999999998 0.9999999999999998 0.9999999999999998 0.9999999999999998
309.0 0.9998118277661223 0.9999999646731677 0.9999999999933834 0.9999999999999989 1.0 1.0 1.0 1.0
310.0 0.9998027247737533 0.999999961172563 0.9999999999923757 0.9999999999999984 0.9999999999999999 0.9999999999999999 0.9999999999999999 0.9999999999999999
311.0 0.9997932442851334 0.9999999573510173 0.9999999999912226 0.9999999999999979 0.9999999999999997 0.9999999999999997 0.9999999999999997 0.9999999999999997
312.0 0.9997833734297333 0.9999999531815448 0.9999999999899049 0.9999999999999978 1.0 1.0 1.0 1.0
313.0 0.9997730990032316 0.9999999486351002 0.9999999999883992 0.9999999999999973 1.0 1.0 1.0 1.0
314.0 0.9997624074625039 0.9999999436804424 0.9999999999866809 0.9999999999999969 1.0 1.0 1.0 1.0
315.0 0.9997512849199395 0.9999999382839836 0.9999999999847212 0.9999999999999961 0.9999999999999999 0.9999999999999999 0.9999999999999999 0.9999999999999999
316.0 0.9997397171382935 0.9999999324096334 0.9999999999824885 0.9999999999999951 0.9999999999999997 0.9999999999999997 0.9999999999999997 0.9999999999999997
317.0 0.9997276895252065 0.9999999260186323 0.9999999999799473 0.9999999999999944 0.9999999999999999 0.9999999999999999 0.9999999999999999 0.9999999999999999
318.0 0.9997151871278238 0.9999999190693754 0.9999999999770568 0.9999999999999938 1.0000000000000002 1.0000000000000002 1.0000000000000002 1.0000000000000002
319.0 0.9997021946275173 0.999999911517226 0.9999999999737713 0.9999999999999922 1.0 1.0 1.0 1.0
320.0 0.9996886963343264 0.9999999033143218 0.999999999970041 0.999999999999991 1.0000000000000002 1.0000000000000002 1.0000000000000002 1.0000000000000002
321.0 0.9996746761819267 0.9999998944093633 0.9999999999658078 0.9999999999999889 0.9999999999999999 0.9999999999999999 0.9999999999999999 0.9999999999999999
322.0 0.9996601177218444 0.9999998847473991 0.9999999999610091 0.9999999999999869 1.0 1.0 1.0 1.0
323.0 0.9996450041186277 0.9999998742695905 0.999999999955573 0.9999999999999845 1.0 1.0 1.0 1.0
324.0 0.9996293181439776 0.9999998629129698 0.9999999999494193 0.9999999999999811 0.9999999999999998 0.9999999999999998 0.9999999999999998 0.9999999999999998
325.0 0.9996130421719356 0.9999998506101841 0.9999999999424598 0.9999999999999777 0.9999999999999998 0.9999999999999998 0.9999999999999998 0.9999999999999998
326.0 0.9995961581732151 0.9999998372892219 0.9999999999345948 0.9999999999999738 1.0 1.0 1.0 1.0
327.0 0.9995786477100698 0.9999998228731284 0.9999999999257126 0.9999999999999689 1.0 1.0 1.0 1.0
328.0 0.9995604919311203 0.9999998072797059 0.9999999999156899 0.9999999999999633 1.0 1.0 1.0 1.0
329.0 0.9995416715659495 0.9999997904211968 0.9999999999043887 0.9999999999999565 1.0 1.0 1.0 1.0
330.0 0.9995221669199456 0.9999997722039501 0.999999999891655 0.9999999999999483 0.9999999999999997 0.9999999999999997 0.9999999999999997 0.9999999999999997
331.0 0.9995019578692019 0.9999997525280735 0.9999999998773188 0.999999999999939 0.9999999999999998 0.9999999999999998 0.9999999999999998 0.9999999999999998
332.0 0.9994810238552813 0.9999997312870632 0.9999999998611897 0.9999999999999284 0.9999999999999999 0.9999999999999999 0.9999999999999999 0.9999999999999999
333.0 0.9994593438800385 0.9999997083674188 0.999999999843057 0.9999999999999158 1.0 1.0 1.0 1.0
334.0 0.9994368965006917 0.999999683648237 0.9999999998226855 0.9999999999999006 0.9999999999999998 0.9999999999999998 0.9999999999999998 0.9999999999999998
335.0 0.9994136598244744 0.999999657000787 0.9999999997998165 0.9999999999998833 0.9999999999999998 0.9999999999999999 0.9999999999999999 0.9999999999999999
336.0 0.9993896115039171 0.9999996282880614 0.9999999997741615 0.9999999999998632 1.0 1.0 1.0 1.0
337.0 0.9993647287317601 0.9999995973643085 0.9999999997454009 0.9999999999998394 0.9999999999999999 1.0 1.0 1.0
338.0 0.9993389882357814 0.9999995640745409 0.9999999997131815 0.9999999999998115 0.9999999999999997 0.9999999999999998 0.9999999999999998 0.9999999999999998
339.0 0.9993123662741629 0.9999995282540208 0.9999999996771127 0.9999999999997794 0.9999999999999998 0.9999999999999999 0.9999999999999999 0.9999999999999999
340.0 0.999284838630628 0.9999994897277183 0.9999999996367616 0.9999999999997417 0.9999999999999994 0.9999999999999997 0.9999999999999997 0.9999999999999997
341.0 0.999256380609357 0.9999994483097495 0.9999999995916509 0.9999999999996984 0.9999999999999997 0.9999999999999999 0.9999999999999999 0.9999999999999999
342.0 0.9992269670304366 0.9999994038027815 0.9999999995412528 0.999999999999648 0.9999999999999999 1.0 1.0 1.0
343.0 0.9991965722251375 0.9999993559974159 0.999999999484985 0.9999999999995892 0.9999999999999998 1.0 1.0 1.0
344.0 0.9991651700310591 0.9999993046715404 0.9999999994222053 0.9999999999995209 0.9999999999999996 1.0 1.0 1.0
345.0 0.999132733787818 0.9999992495896531 0.9999999993522061 0.999999999999442 0.9999999999999994 0.9999999999999999 0.9999999999999999 0.9999999999999999
346.0 0.9990992363320799 0.9999991905021538 0.9999999992742081 0.9999999999993509 0.9999999999999996 1.0 1.0 1.0
347.0 0.9990646499934219 0.9999991271446044 0.9999999991873528 0.9999999999992453 0.9999999999999994 1.0 1.0 1.0
348.0 0.9990289465897347 0.9999990592369593 0.9999999990906963 0.9999999999991233 0.9999999999999992 1.0 1.0 1.0
349.0 0.9989920974227829 0.9999989864827575 0.9999999989832002 0.9999999999989823 0.999999999999999 1.0 1.0 1.0
350.0 0.9989540732739763 0.999998908568283 0.9999999988637244 0.9999999999988196 0.9999999999999986 0.9999999999999998 0.9999999999999998 0.9999999999999998
351.0 0.9989148444000157 0.9999988251616868 0.9999999987310162 0.9999999999986321 0.9999999999999981 0.9999999999999996 0.9999999999999996 0.9999999999999996
352.0 0.9988743805287978 0.9999987359120734 0.9999999985837018 0.9999999999984169 0.9999999999999983 1.0 1.0 1.0
353.0 0.998832650855337 0.9999986404485447 0.9999999984202724 0.999999999998169 0.9999999999999982 1.0000000000000002 1.0000000000000002 1.0000000000000002
354.0 0.9987896240374722 0.9999985383792074 0.9999999982390744 0.999999999997883 0.9999999999999971 0.9999999999999997 0.9999999999999997 0.9999999999999997
355.0 0.9987452681922181 0.9999984292901418 0.999999998038299 0.9999999999975557 0.9999999999999971 1.0 1.0 1.0
356.0 0.9986995508915552 0.9999983127443165 0.9999999978159619 0.9999999999971798 0.9999999999999967 1.0000000000000002 1.0000000000000002 1.0000000000000002
357.0 0.9986524391588747 0.9999981882804715 0.9999999975698929 0.999999999996748 0.9999999999999957 1.0 1.0 1.0
358.0 0.998603899464917 0.9999980554119504 0.9999999972977198 0.9999999999962538 0.999999999999995 1.0000000000000002 1.0000000000000002 1.0000000000000002
359.0 0.9985538977244954 0.999997913625483 0.999999996996847 0.9999999999956871 0.9999999999999937 0.9999999999999999 0.9999999999999999 0.9999999999999999
360.0 0.9985023992925344 0.9999977623799252 0.999999996664441 0.9999999999950391 0.9999999999999925 0.9999999999999998 0.9999999999999998 0.9999999999999998
361.0 0.9984493689608452 0.9999976011049448 0.9999999962974071 0.9999999999942987 0.9999999999999915 1.0000000000000002 1.0000000000000002 1.0000000000000002
362.0 0.9983947709544985 0.9999974291996553 0.9999999958923663 0.9999999999934518 0.9999999999999893 0.9999999999999998 0.9999999999999998 0.9999999999999998
363.0 0.9983385689287076 0.9999972460312029 0.9999999954456359 0.9999999999924856 0.9999999999999875 0.9999999999999998 0.9999999999999998 0.9999999999999998
364.0 0.9982807259653494 0.999997050933291 0.9999999949531999 0.9999999999913838 0.9999999999999858 1.0000000000000004 1.0000000000000004 1.0000000000000004
365.0 0.9982212045700432 0.9999968432046514 0.9999999944106805 0.9999999999901267 0.9999999999999826 1.0 1.0 1.0
366.0 0.9981599666689782 0.9999966221074635 0.999999993813314 0.9999999999886953 0.9999999999999793 1.0 1.0 1.0
367.0 0.9980969736060006 0.9999963868657041 0.9999999931559126 0.9999999999870658 0.9999999999999755 0.9999999999999999 0.9999999999999999 0.9999999999999999
368.0 0.9980321861396919 0.999996136663444 0.9999999924328343 0.9999999999852126 0.9999999999999712 1.0 1.0 1.0
369.0 0.9979655644407152 0.9999958706430769 0.999999991637943 0.9999999999831057 0.9999999999999657 0.9999999999999997 0.9999999999999998 0.9999999999999998
370.0 0.9978970680889105 0.999995587903489 0.9999999907645718 0.9999999999807133 0.9999999999999599 1.0 1.0 1.0
371.0 0.9978266560711857 0.9999952874981557 0.9999999898054773 0.9999999999779973 0.9999999999999524 0.9999999999999997 0.9999999999999998 0.9999999999999998
372.0 0.9977542867785395 0.9999949684331777 0.9999999887527976 0.9999999999749172 0.9999999999999442 0.9999999999999999 1.0 1.0
373.0 0.9976799180041184 0.9999946296652404 0.9999999875979999 0.9999999999714261 0.9999999999999344 1.0 1.0 1.0
374.0 0.9976035069407427 0.9999942700995069 0.9999999863318298 0.9999999999674716 0.9999999999999227 0.9999999999999998 1.0 1.0
375.0 0.997525010178946 0.9999938885874354 0.999999984944256 0.9999999999629955 0.9999999999999092 0.9999999999999997 0.9999999999999999 0.9999999999999999
376.0 0.9974443837046717 0.9999934839245205 0.9999999834244084 0.9999999999579329 0.9999999999998934 0.9999999999999997 0.9999999999999999 0.9999999999999999
377.0 0.9973615828978224 0.9999930548479602 0.9999999817605147 0.9999999999522102 0.999999999999875 0.9999999999999996 0.9999999999999999 0.9999999999999999
378.0 0.9972765625299432 0.9999926000342398 0.9999999799398319 0.9999999999457463 0.9999999999998536 0.9999999999999996 1.0 1.0
379.0 0.997189276762998 0.9999921180966392 0.9999999779485717 0.9999999999384495 0.9999999999998287 0.9999999999999997 1.0 1.0
380.0 0.9970996791475204 0.999991607582654 0.9999999757718226 0.9999999999302179 0.9999999999997996 0.9999999999999996 1.0 1.0
381.0 0.9970077226213352 0.9999910669713336 0.9999999733934665 0.999999999920938 0.9999999999997657 0.9999999999999994 1.0 1.0
382.0 0.9969133595081333 0.999990494670531 0.9999999707960875 0.999999999910483 0.9999999999997262 0.9999999999999991 1.0 1.0
383.0 0.9968165415163818 0.9999898890140665 0.9999999679608776 0.9999999998987118 0.9999999999996805 0.9999999999999989 0.9999999999999999 0.9999999999999999
384.0 0.9967172197381364 0.9999892482587966 0.9999999648675346 0.9999999998854675 0.9999999999996276 0.9999999999999989 1.0 1.0
385.0 0.9966153446482384 0.9999885705815933 0.9999999614941512 0.9999999998705743 0.9999999999995658 0.9999999999999983 0.9999999999999998 0.9999999999999998
386.0 0.9965108661033726 0.9999878540762285 0.9999999578171025 0.9999999998538386 0.9999999999994947 0.9999999999999982 1.0 1.0
387.0 0.9964037333415058 0.9999870967501586 0.9999999538109189 0.9999999998350431 0.9999999999994121 0.9999999999999978 0.9999999999999999 0.9999999999999999
388.0 0.9962938949811933 0.9999862965212141 0.9999999494481572 0.9999999998139483 0.999999999999317 0.9999999999999976 1.0 1.0
389.0 0.9961812990213629 0.9999854512141854 0.9999999446992583 0.9999999997902868 0.9999999999992065 0.999999999999997 1.0 1.0
390.0 0.9960658928407762 0.9999845585573065 0.9999999395324001 0.9999999997637624 0.9999999999990788 0.9999999999999961 0.9999999999999997 0.9999999999999997
391.0 0.9959476231980696 0.9999836161786348 0.9999999339133382 0.9999999997340476 0.9999999999989319 0.9999999999999953 0.9999999999999997 0.9999999999999997
392.0 0.9958264362317086 0.9999826216023219 0.9999999278052372 0.9999999997007788 0.9999999999987629 0.999999999999995 1.0 1.0
393.0 0.9957022774600001 0.9999815722447737 0.9999999211684901 0.9999999996635518 0.9999999999985674 0.9999999999999939 1.0 1.0
394.0 0.9955750917815988 0.9999804654107066 0.999999913960532 0.9999999996219212 0.9999999999983424 0.9999999999999927 0.9999999999999999 0.9999999999999999
395.0 0.9954448234756397 0.9999792982890808 0.9999999061356349 0.9999999995753938 0.9999999999980838 0.9999999999999913 1.0 1.0
396.0 0.9953114162025078 0.9999780679489241 0.9999998976446942 0.9999999995234236 0.9999999999977863 0.9999999999999899 1.0 1.0
397.0 0.9951748130044333 0.9999767713350366 0.9999998884350011 0.9999999994654075 0.9999999999974444 0.9999999999999879 1.0 1.0
398.0 0.9950349563062945 0.9999754052635751 0.9999998784500022 0.9999999994006797 0.9999999999970519 0.9999999999999857 1.0 1.0
399.0 0.9948917879168679 0.9999739664175195 0.9999998676290434 0.999999999328505 0.9999999999966017 0.999999999999983 1.0000000000000002 1.0000000000000002
400.0 0.9947452490295743 0.9999724513420075 0.9999998559070982 0.9999999992480719 0.9999999999960851 0.9999999999999796 0.9999999999999998 0.9999999999999999
401.0 0.994595280224153 0.9999708564395554 0.9999998432144837 0.9999999991584874 0.9999999999954942 0.9999999999999762 1.0000000000000002 1.0000000000000004
402.0 0.9944418214678297 0.9999691779651373 0.9999998294765517 0.9999999990587642 0.9999999999948169 0.9999999999999718 1.0 1.0000000000000002
403.0 0.9942848121170869 0.9999674120211473 0.9999998146133728 0.9999999989478174 0.9999999999940421 0.9999999999999664 0.9999999999999998 1.0
404.0 0.994124190919359 0.9999655545522228 0.9999997985393929 0.9999999988244523 0.9999999999931565 0.9999999999999603 0.9999999999999998 1.0
405.0 0.9939598960149937 0.9999636013399351 0.9999997811630744 0.9999999986873539 0.9999999999921447 0.9999999999999533 0.9999999999999998 1.0
406.0 0.9937918649392411 0.9999615479973448 0.9999997623865156 0.9999999985350757 0.9999999999909895 0.9999999999999447 0.9999999999999997 1.0
407.0 0.9936200346245116 0.9999593899634206 0.9999997421050496 0.999999998366029 0.9999999999896716 0.9999999999999348 0.9999999999999996 1.0
408.0 0.9934443414027571 0.9999571224973163 0.9999997202068195 0.9999999981784675 0.9999999999881688 0.9999999999999232 0.9999999999999994 0.9999999999999999
409.0 0.9932647210082194 0.9999547406725119 0.9999996965723306 0.9999999979704747 0.9999999999864568 0.99999999999991 0.9999999999999996 1.0
410.0 0.9930811085797816 0.9999522393708004 0.999999671073976 0.9999999977399462 0.9999999999845071 0.999999999999894 0.9999999999999991 0.9999999999999999
411.0 0.9928934386641185 0.9999496132761428 0.9999996435755398 0.9999999974845752 0.9999999999822887 0.9999999999998753 0.9999999999999989 0.9999999999999998
412.0 0.9927016452187374 0.9999468568683682 0.9999996139316689 0.9999999972018322 0.9999999999797662 0.9999999999998538 0.9999999999999988 0.9999999999999998
413.0 0.9925056616149615 0.9999439644167238 0.9999995819873185 0.9999999968889451 0.9999999999768996 0.9999999999998287 0.9999999999999986 0.9999999999999998
414.0 0.9923054206415719 0.9999409299732825 0.9999995475771671 0.9999999965428789 0.9999999999736441 0.9999999999997993 0.9999999999999982 0.9999999999999998
415.0 0.9921008545082989 0.9999377473661932 0.999999510525001 0.9999999961603107 0.9999999999699497 0.9999999999997656 0.9999999999999984 1.0000000000000002
416.0 0.9918918948493992 0.9999344101927738 0.9999994706430628 0.9999999957376041 0.9999999999657587 0.9999999999997256 0.9999999999999978 1.0
417.0 0.9916784727277103 0.99993091181246 0.9999994277313721 0.9999999952707843 0.9999999999610085 0.9999999999996791 0.9999999999999972 0.9999999999999999
418.0 0.9914605186385992 0.9999272453395859 0.9999993815770029 0.9999999947555058 0.9999999999556274 0.9999999999996252 0.9999999999999967 0.9999999999999998
419.0 0.991237962514246 0.9999234036360137 0.9999993319533287 0.9999999941870215 0.9999999999495359 0.9999999999995628 0.9999999999999961 0.9999999999999999
420.0 0.9910107337281155 0.999919379303602 0.9999992786192266 0.999999993560147 0.9999999999426441 0.9999999999994904 0.9999999999999954 1.0
421.0 0.9907787610993813 0.9999151646765104 0.9999992213182405 0.9999999928692244 0.9999999999348514 0.9999999999994061 0.9999999999999946 1.0
422.0 0.9905419728979236 0.9999107518133488 0.9999991597777029 0.9999999921080811 0.9999999999260458 0.9999999999993084 0.9999999999999934 0.9999999999999999
423.0 0.990300296849043 0.9999061324891546 0.999999093707812 0.999999991269987 0.9999999999161019 0.9999999999991956 0.9999999999999925 1.0
424.0 0.9900536601387019 0.9999012981872112 0.9999990228006598 0.9999999903476059 0.9999999999048788 0.999999999999065 0.999999999999991 1.0000000000000002
425.0 0.989801989418772 0.9998962400906988 0.9999989467292161 0.9999999893329465 0.9999999998922194 0.9999999999989135 0.9999999999999891 1.0
426.0 0.9895452108125273 0.9998909490741797 0.9999988651462607 0.9999999882173076 0.9999999998779491 0.9999999999987387 0.999999999999987 1.0
427.0 0.9892832499203794 0.9998854156949163 0.9999987776832611 0.9999999869912184 0.9999999998618723 0.9999999999985368 0.9999999999999847 1.0
428.0 0.9890160318255777 0.9998796301840157 0.999998683949198 0.9999999856443758 0.9999999998437705 0.9999999999983039 0.9999999999999818 1.0000000000000002
429.0 0.9887434811002987 0.9998735824374113 0.999998583529333 0.9999999841655757 0.9999999998234004 0.9999999999980348 0.999999999999978 0.9999999999999998
430.0 0.9884655218119872 0.9998672620066765 0.9999984759839198 0.9999999825426426 0.9999999998004924 0.9999999999977254 0.9999999999999742 1.0000000000000002
431.0 0.9881820775295146 0.9998606580896543 0.9999983608468471 0.9999999807623462 0.9999999997747437 0.9999999999973687 0.9999999999999695 1.0
432.0 0.9878930713298333 0.9998537595209303 0.999998237624226 0.9999999788103212 0.9999999997458191 0.9999999999969581 0.9999999999999637 1.0
433.0 0.9875984258048323 0.9998465547621299 0.9999981057929059 0.9999999766709744 0.9999999997133457 0.9999999999964859 0.999999999999957 1.0
434.0 0.9872980630682564 0.9998390318920416 0.9999979647989219 0.9999999743273879 0.9999999996769082 0.9999999999959432 0.999999999999949 0.9999999999999999
435.0 0.9869919047626937 0.9998311785965671 0.9999978140558725 0.9999999717612149 0.9999999996360466 0.9999999999953203 0.9999999999999402 1.0000000000000002
436.0 0.9866798720671941 0.9998229821585073 0.999997652943219 0.9999999689525659 0.9999999995902481 0.9999999999946048 0.9999999999999292 1.0
437.0 0.9863618857043916 0.9998144294471631 0.9999974808045137 0.9999999658798916 0.9999999995389454 0.9999999999937843 0.9999999999999163 0.9999999999999999
438.0 0.9860378659486383 0.999805506907782 0.999997296945542 0.999999962519852 0.9999999994815089 0.999999999992844 0.9999999999999014 1.0
439.0 0.9857077326334985 0.9997962005508116 0.9999971006323837 0.9999999588471783 0.99999999941724 0.9999999999917667 0.9999999999998839 0.9999999999999999
440.0 0.9853714051600744 0.9997864959410017 0.9999968910893903 0.9999999548345274 0.9999999993453658 0.9999999999905338 0.9999999999998636 1.0
441.0 0.9850288025052073 0.9997763781863224 0.9999966674970678 0.9999999504523209 0.999999999265029 0.9999999999891229 0.9999999999998392 0.9999999999999999
442.0 0.9846798432299486 0.99976583192672 0.9999964289898738 0.9999999456685795 0.9999999991752822 0.9999999999875101 0.999999999999811 0.9999999999999998
443.0 0.9843244454880985 0.9997548413226939 0.9999961746539122 0.9999999404487401 0.9999999990750769 0.9999999999856677 0.9999999999997783 0.9999999999999999
444.0 0.9839625270353403 0.9997433900437207 0.9999959035245324 0.9999999347554626 0.9999999989632535 0.999999999983564 0.99999999999974 0.9999999999999999
445.0 0.9835940052378385 0.9997314612564872 0.9999956145838256 0.9999999285484252 0.9999999988385311 0.9999999999811636 0.9999999999996951 0.9999999999999999
446.0 0.9832187970819488 0.9997190376129856 0.9999953067580138 0.9999999217841028 0.9999999986994946 0.9999999999784263 0.9999999999996427 0.9999999999999998
447.0 0.9828368191831588 0.9997061012384141 0.9999949789147309 0.999999914415533 0.9999999985445832 0.9999999999753073 0.9999999999995822 1.0000000000000002
448.0 0.9824479877960456 0.9996926337189364 0.9999946298601856 0.9999999063920629 0.9999999983720724 0.9999999999717545 0.9999999999995112 1.0
449.0 0.9820522188240354 0.9996786160892732 0.9999942583362151 0.9999998976590848 0.999999998180063 0.999999999967711 0.9999999999994287 1.0000000000000002
450.0 0.981649427829095 0.9996640288201172 0.9999938630172088 0.9999998881577479 0.9999999979664603 0.9999999999631115 0.9999999999993325 1.0
451.0 0.9812395300424037 0.9996488518054216 0.999993442506914 0.9999998778246564 0.9999999977289575 0.9999999999578827 0.9999999999992207 1.0
452.0 0.9808224403742073 0.9996330643494943 0.9999929953351077 0.9999998665915445 0.9999999974650142 0.9999999999519424 0.9999999999990911 1.0
453.0 0.9803980734247911 0.9996166451539712 0.9999925199541377 0.9999998543849318 0.9999999971718351 0.9999999999451982 0.9999999999989407 1.0000000000000002
454.0 0.979966343495111 0.9995995723046183 0.999992014735325 0.9999998411257552 0.999999996846344 0.9999999999375445 0.9999999999987658 0.9999999999999998
455.0 0.9795271645976031 0.9995818232579866 0.999991477965227 0.9999998267289819 0.9999999964851616 0.9999999999288659 0.9999999999985639 1.0000000000000002
456.0 0.9790804504675875 0.9995633748279282 0.9999909078417494 0.9999998111031879 0.9999999960845711 0.9999999999190291 0.9999999999983294 1.0
457.0 0.9786261145743417 0.9995442031719587 0.9999903024701144 0.9999997941501226 0.9999999956404928 0.9999999999078873 0.9999999999980582 1.0
458.0 0.9781640701327665 0.9995242837774861 0.9999896598586689 0.9999997757642357 0.9999999951484467 0.9999999998952749 0.9999999999977449 1.0000000000000002
459.0 0.9776942301151397 0.9995035914479017 0.9999889779145341 0.9999997558321794 0.9999999946035165 0.999999999881005 0.9999999999973822 1.0
460.0 0.9772165072629557 0.9994821002885348 0.9999882544390942 0.9999997342322801 0.9999999940003111 0.9999999998648702 0.9999999999969634 0.9999999999999999
461.0 0.976730814098894 0.99945978369247 0.9999874871233115 0.9999997108339757 0.9999999933329208 0.9999999998466375 0.9999999999964806 1.0000000000000002
462.0 0.9762370629393887 0.9994366143262576 0.9999866735428703 0.9999996854972183 0.9999999925948683 0.9999999998260449 0.9999999999959232 1.0
463.0 0.9757351659068649 0.999412564115481 0.9999858111531431 0.9999996580718443 0.9999999917790614 0.9999999998028011 0.9999999999952806 0.9999999999999999
464.0 0.9752250349425252 0.999387604230219 0.9999848972839726 0.9999996283969027 0.9999999908777363 0.9999999997765798 0.9999999999945408 1.0000000000000002
465.0 0.9747065818189882 0.9993617050703776 0.9999839291342624 0.9999995962999433 0.9999999898823968 0.9999999997470159 0.999999999993689 1.0000000000000002
466.0 0.9741797181537162 0.9993348362509454 0.99998290376638 0.9999995615962664 0.9999999887837516 0.999999999713702 0.9999999999927089 0.9999999999999999
467.0 0.9736443554218254 0.9993069665871033 0.9999818181003568 0.9999995240881246 0.9999999875716443 0.9999999996761839 0.9999999999915825 0.9999999999999999
468.0 0.9731004049696825 0.999278064079262 0.9999806689078856 0.9999994835638788 0.9999999862349765 0.9999999996339544 0.9999999999902883 0.9999999999999999
469.0 0.9725477780285403 0.9992480958980019 0.9999794528061092 0.9999994397971056 0.9999999847616273 0.9999999995864479 0.9999999999888023 0.9999999999999997
470.0 0.971986385728072 0.9992170283689082 0.9999781662511964 0.9999993925456537 0.9999999831383655 0.9999999995330352 0.9999999999870977 0.9999999999999999
471.0 0.9714161391106888 0.999184826957352 0.9999768055316955 0.9999993415506442 0.9999999813507526 0.9999999994730145 0.9999999999851433 1.0000000000000002
472.0 0.9708369491452895 0.9991514562531566 0.9999753667616647 0.9999992865354144 0.9999999793830407 0.9999999994056044 0.999999999982903 1.0
473.0 0.9702487267417956 0.9991168799552256 0.999973845873574 0.9999992272044056 0.9999999772180631 0.9999999993299363 0.9999999999803372 0.9999999999999997
474.0 0.9696513827655819 0.9990810608560894 0.9999722386109705 0.9999991632419847 0.9999999748371138 0.9999999992450462 0.999999999977402 1.0000000000000004
475.0 0.9690448280521725 0.999043960826394 0.9999705405208971 0.999999094311196 0.999999972219815 0.9999999991498587 0.9999999999740435 1.0
476.0 0.9684289734220292 0.9990055407993432 0.9999687469460767 0.9999990200524564 0.9999999693439839 0.999999999043183 0.9999999999702051 0.9999999999999998
477.0 0.9678037296955981 0.9989657607550906 0.9999668530168337 0.9999989400821663 0.9999999661854797 0.9999999989236965 0.9999999999658205 0.9999999999999999
478.0 0.9671690077083968 0.9989245797050901 0.9999648536427624 0.9999988539912504 0.9999999627180423 0.9999999987899307 0.9999999999608151 1.0000000000000002
479.0 0.966524718326597 0.9988819556764359 0.999962743504133 0.9999987613436195 0.9999999589131188 0.9999999986402577 0.999999999955104 1.0000000000000002
480.0 0.9658707724623652 0.9988378456961549 0.9999605170430282 0.9999986616745483 0.9999999547396783 0.9999999984728735 0.9999999999485918 0.9999999999999999
481.0 0.9652070810895578 0.9987922057754931 0.9999581684542076 0.9999985544889681 0.9999999501640112 0.9999999982857801 0.9999999999411714 1.0
482.0 0.9645335552596798 0.9987449908942027 0.999955691675689 0.9999984392596656 0.9999999451495111 0.9999999980767642 0.9999999999327202 0.9999999999999999
483.0 0.9638501061178307 0.9986961549848201 0.9999530803790502 0.9999983154253923 0.9999999396564471 0.9999999978433781 0.9999999999231016 1.0
484.0 0.9631566449189065 0.9986456509169565 0.9999503279594356 0.9999981823888695 0.9999999336417117 0.9999999975829131 0.9999999999121604 0.9999999999999999
485.0 0.9624530830440202 0.9985934304816153 0.999947427525272 0.9999980395146946 0.9999999270585563 0.999999997292376 0.9999999998997224 0.9999999999999999
486.0 0.9617393320168534 0.9985394443755167 0.9999443718876787 0.9999978861271362 0.9999999198563044 0.9999999969684589 0.9999999998855913 0.9999999999999999
487.0 0.9610153035205437 0.9984836421854894 0.9999411535495759 0.9999977215078193 0.999999911980044 0.9999999966075089 0.9999999998695459 1.0
488.0 0.9602809094142268 0.9984259723728688 0.9999377646944776 0.9999975448932906 0.9999999033702996 0.9999999962054942 0.9999999998513375 1.0
489.0 0.9595360617502027 0.9983663822579876 0.9999341971749705 0.9999973554724636 0.9999998939626793 0.999999995757966 0.9999999998306863 0.9999999999999999
490.0 0.9587806727909383 0.9983048180047077 0.9999304425008712 0.999997152383936 0.9999998836874981 0.9999999952600204 0.9999999998072789 1.0
491.0 0.9580146550265034 0.9982412246050486 0.999926491827054 0.9999969347131715 0.999999872469373 0.9999999947062502 0.9999999997807619 0.9999999999999997
492.0 0.9572379211917075 0.9981755458638679 0.9999223359409504 0.9999967014895477 0.9999998602267927 0.9999999940907015 0.9999999997507405 0.9999999999999998
493.0 0.9564503842839369 0.9981077243836805 0.9999179652497087 0.999996451683255 0.9999998468716528 0.9999999934068168 0.9999999997167702 0.9999999999999998
494.0 0.9556519575805077 0.9980377015495346 0.9999133697670137 0.9999961842020498 0.999999832308764 0.9999999926473802 0.9999999996783537 0.9999999999999998
495.0 0.9548425546569465 0.9979654175140726 0.9999085390995625 0.9999958978878498 0.9999998164353234 0.9999999918044546 0.9999999996349339 0.9999999999999999
496.0 0.9540220894044578 0.997890811182637 0.9999034624331843 0.9999955915131662 0.9999997991403508 0.9999999908693133 0.9999999995858864 0.9999999999999999
497.0 0.9531904760483182 0.9978138201985873 0.9998981285186117 0.9999952637773706 0.9999997803040865 0.9999999898323672 0.9999999995305133 1.0
498.0 0.9523476291661385 0.9977343809287451 0.9998925256568885 0.9999949133027828 0.9999997597973489 0.9999999886830823 0.999999999468033 0.9999999999999999
499.0 0.9514934637059054 0.9976524284489716 0.999886641684416 0.9999945386305816 0.9999997374808502 0.9999999874098959 0.9999999993975732 0.9999999999999999
500.0 0.9506278950047083 0.9975678965299696 0.9998804639576319 0.9999941382165223 0.9999997132044645 0.999999986000119 0.9999999993181587 1.0
501.0 0.9497508388073317 0.9974807176232514 0.9998739793373194 0.9999937104264609 0.9999996868064494 0.9999999844398342 0.9999999992287005 1.0
502.0 0.948862211284709 0.9973908228472814 0.9998671741725397 0.9999932535316763 0.9999996581126169 0.9999999827137847 0.9999999991279838 1.0000000000000002
503.0 0.9479619290530087 0.9972981419738788 0.9998600342841895 0.9999927657039792 0.999999626935449 0.9999999808052515 0.9999999990146529 0.9999999999999999
504.0 0.9470499091924435 0.9972026034148116 0.9998525449481781 0.999992245010607 0.9999995930731587 0.9999999786959254 0.999999998887198 0.9999999999999999
505.0 0.9461260692662029 0.9971041342086233 0.9998446908782167 0.9999916894088882 0.9999995563086875 0.999999976365761 0.9999999987439364 1.0
506.0 0.9451903273397853 0.9970026600077454 0.9998364562082267 0.9999910967406765 0.9999995164086425 0.9999999737928246 0.9999999985829938 0.9999999999999999
507.0 0.9442426020000877 0.996898105065837 0.9998278244743578 0.9999904647265434 0.9999994731221649 0.9999999709531278 0.9999999984022859 1.0000000000000002
508.0 0.9432828123747027 0.9967903922254099 0.9998187785966117 0.9999897909597156 0.9999994261797254 0.999999967820445 0.9999999981994923 0.9999999999999999
509.0 0.9423108781514263 0.9966794429057626 0.9998093008600812 0.999989072899762 0.9999993752918512 0.9999999643661214 0.9999999979720356 1.0
510.0 0.9413267195977802 0.9965651770912052 0.9997993728957877 0.9999883078660049 0.9999993201477657 0.9999999605588589 0.9999999977170508 0.9999999999999999
511.0 0.9403302575804677 0.9964475133195881 0.999788975661127 0.9999874930306605 0.9999992604139516 0.9999999563644901 0.9999999974313568 0.9999999999999997
512.0 0.9393214135851147 0.9963263686711863 0.9997780894199193 0.9999866254116928 0.9999991957326235 0.9999999517457322 0.9999999971114234 0.9999999999999999
513.0 0.9383001097360647 0.996201658757923 0.9997666937220606 0.9999857018653714 0.999999125720107 0.9999999466619196 0.9999999967533334 0.9999999999999999
514.0 0.9372662688160072 0.9960732977129308 0.999754767382778 0.9999847190785288 0.9999990499651238 0.9999999410687195 0.9999999963527447 0.9999999999999999
515.0 0.936219814286102 0.9959411981805344 0.9997422884614902 0.9999836735605021 0.9999989680269724 0.9999999349178211 0.9999999959048451 0.9999999999999998
516.0 0.9351606703057928 0.9958052713065788 0.9997292342402684 0.999982561634754 0.9999988794336018 0.9999999281566045 0.9999999954043056 1.0000000000000002
517.0 0.9340887617527058 0.9956654267291616 0.9997155812019012 0.9999813794301579 0.9999987836795694 0.9999999207277784 0.9999999948452255 1.0
518.0 0.9330040142428626 0.9955215725698191 0.9997013050075707 0.9999801228719464 0.9999986802238872 0.999999912568998 0.9999999942210781 1.0000000000000002
519.0 0.9319063541507862 0.995373615425122 0.9996863804741309 0.9999787876723019 0.9999985684877336 0.9999999036124455 0.9999999935246446 1.0000000000000002
520.0 0.9307957086295534 0.9952214603587075 0.999670781550997 0.9999773693205873 0.9999984478520416 0.9999998937843841 0.9999999927479469 1.0
521.0 0.9296720056309646 0.9950650108937826 0.9996544812966465 0.9999758630732052 0.9999983176549463 0.9999998830046776 0.9999999918821717 1.0
522.0 0.9285351739259581 0.9949041690061334 0.9996374518547393 0.9999742639430705 0.9999981771890875 0.9999998711862713 0.9999999909175876 1.0
523.0 0.927385143124597 0.9947388351175628 0.9996196644298487 0.9999725666886929 0.9999980256987626 0.9999998582346378 0.9999999898434551 1.0
524.0 0.9262218436966095 0.9945689080899095 0.9996010892628244 0.9999707658028542 0.9999978623769205 0.9999998440471799 0.9999999886479287 0.9999999999999997
525.0 0.9250452069914475 0.9943942852195184 0.9995816956057744 0.9999688555008708 0.9999976863619895 0.9999998285125917 0.9999999873179503 0.9999999999999999
526.0 0.9238551652588834 0.9942148622323208 0.9995614516966845 0.9999668297084299 0.9999974967345291 0.9999998115101688 0.9999999858391292 0.9999999999999999
527.0 0.9226516516690362 0.994030533279385 0.9995403247336718 0.9999646820489927 0.9999972925137043 0.9999997929090747 0.9999999841956179 1.0000000000000002
528.0 0.9214346003329674 0.9938411909331151 0.9995182808488846 0.9999624058307469 0.9999970726535644 0.9999997725675491 0.9999999823699705 1.0
529.0 0.9202039463228305 0.9936467261839678 0.9994952850820507 0.9999599940331058 0.9999968360391279 0.9999997503320645 0.9999999803429932 1.0
530.0 0.9189596256923583 0.993447028437815 0.9994713013536837 0.9999574392927345 0.9999965814822543 0.9999997260364177 0.9999999780935779 0.9999999999999998
531.0 0.917701575497029 0.9932419855138751 0.9994462924379546 0.9999547338891022 0.9999963077173039 0.9999996995007646 0.9999999755985247 0.9999999999999998
532.0 0.9164297338146042 0.9930314836433294 0.9994202199352381 0.999951869729539 0.9999960133965654 0.9999996705305793 0.9999999728323453 1.0
533.0 0.9151440397650694 0.9928154074684886 0.999393044244334 0.9999488383337949 0.9999956970854509 0.9999996389155468 0.9999999697670515 1.0
534.0 0.9138444335312494 0.9925936400427332 0.9993647245343932 0.9999456308180887 0.9999953572574426 0.9999996044283794 0.9999999663719265 1.0000000000000002
535.0 0.9125308563788572 0.9923660628310346 0.9993352187165353 0.9999422378786317 0.9999949922887817 0.9999995668235487 0.9999999626132734 1.0
536.0 0.9112032506766353 0.992132555711186 0.9993044834151805 0.99993864977462 0.9999946004528899 0.9999995258359349 0.999999958454146 1.0
537.0 0.9098615599166695 0.9918929969757714 0.9992724739391122 0.9999348563106848 0.999994179914511 0.9999994811793832 0.9999999538540539 1.0000000000000002
538.0 0.908505728734388 0.9916472633348036 0.9992391442522678 0.9999308468187867 0.9999937287235613 0.9999994325451645 0.999999948768644 1.0
539.0 0.9071357029286367 0.9913952299191171 0.9992044469442845 0.9999266101395499 0.9999932448086792 0.9999993796003352 0.9999999431493566 1.0
540.0 0.9057514294816027 0.9911367702844853 0.9991683332008021 0.9999221346030175 0.9999927259704577 0.9999993219859853 0.9999999369430509 0.9999999999999998
541.0 0.9043528565788488 0.9908717564165328 0.9991307527735513 0.9999174080088297 0.9999921698743521 0.9999992593153767 0.9999999300916023 1.0000000000000002
542.0 0.9029399336290949 0.9906000587363817 0.9990916539502224 0.9999124176058011 0.999991574043244 0.999999191171955 0.9999999225314621 1.0
543.0 0.9015126112840148 0.9903215461071073 0.9990509835241517 0.9999071500709039 0.999990935849659 0.9999991171072409 0.9999999141931891 1.0
544.0 0.9000708414578164 0.9900360858409617 0.9990086867638203 0.9999015914876307 0.9999902525076103 0.9999990366385784 0.9999999050009362 0.9999999999999998
545.0 0.898614577347035 0.9897435437074736 0.9989647073822071 0.9998957273237444 0.9999895210640691 0.9999989492467476 0.9999998948719004 1.0000000000000002
546.0 0.8971437734499276 0.9894437839423109 0.9989189875059857 0.9998895424083907 0.9999887383900339 0.9999988543734194 0.9999998837157252 1.0
547.0 0.8956583855858163 0.9891366692569973 0.9988714676446063 0.9998830209085813 0.9999879011711995 0.9999987514184611 0.9999998714338622 1.0
548.0 0.8941583709144468 0.9888220608494984 0.9988220866592692 0.9998761463050249 0.9999870058981957 0.9999986397370652 0.9999998579188754 1.0
549.0 0.8926436879552404 0.9884998184156795 0.99877078173182 0.9998689013673095 0.9999860488563923 0.9999985186367082 0.9999998430536968 1.0000000000000002
550.0 0.8911142966060808 0.9881698001615621 0.9987174883335656 0.9998612681284204 0.9999850261152486 0.9999983873739202 0.999999826710821 1.0
551.0 0.8895701581626249 0.9878318628166101 0.9986621401940732 0.9998532278585972 0.9999839335171968 0.999998245150862 0.9999998087514413 1.0
552.0 0.8880112353367939 0.9874858616477653 0.9986046692699223 0.9998447610385127 0.9999827666660382 0.9999980911116946 0.9999997890245176 1.0000000000000002
553.0 0.8864374922754745 0.9871316504744677 0.9985450057134719 0.9998358473317734 0.9999815209148392 0.9999979243387314 0.9999997673657732 0.9999999999999998
554.0 0.884848894579249 0.98676908168464 0.9984830778416636 0.9998264655567423 0.9999801913533142 0.999997743848368 0.9999997435966214 1.0
555.0 0.8832454093204204 0.9863980062514739 0.9984188121048481 0.9998165936576631 0.9999787727946686 0.9999975485867667 0.9999997175230035 1.0
556.0 0.8816270050614434 0.9860182737512906 0.9983521330557156 0.9998062086751012 0.9999772597618988 0.9999973374252964 0.9999996889341503 0.9999999999999999
557.0 0.8799936518728515 0.9856297323822723 0.9982829633183112 0.9997952867156847 0.9999756464735197 0.999997109155706 0.9999996576012458 0.9999999999999999
558.0 0.8783453213511466 0.9852322289841845 0.9982112235571834 0.9997838029211467 0.9999739268287114 0.9999968624850238 0.9999996232759971 1.0
559.0 0.8766819866365173 0.9848256090590723 0.998136832446689 0.9997717314366678 0.9999720943918621 0.999996596030166 0.9999995856890984 1.0
560.0 0.8750036224302116 0.9844097167928931 0.9980597066404764 0.9997590453785173 0.9999701423764942 0.9999963083122453 0.999999544548588 0.9999999999999997
561.0 0.8733102050119781 0.9839843950781995 0.9979797607411907 0.9997457168009931 0.9999680636285535 0.9999959977505616 0.999999499538086 1.0
562.0 0.8716017122571033 0.9835494855377626 0.9978969072704096 0.9997317166626538 0.9999658506090398 0.9999956626562565 0.9999994503149053 1.0
563.0 0.8698781236532589 0.9831048285492032 0.9978110566388575 0.9997170147918578 0.9999634953759727 0.9999953012256289 0.9999993965080362 0.9999999999999999
564.0 0.8681394203173115 0.9826502632706706 0.9977221171169265 0.9997015798515992 0.9999609895656629 0.9999949115330822 0.9999993377159853 1.0
565.0 0.866385585011711 0.9821856276674827 0.9976299948055226 0.999685379303646 0.9999583243732739 0.9999944915236922 0.999999273504466 1.0
566.0 0.8646166021606719 0.9817107585397898 0.997534593607281 0.9996683793719884 0.9999554905326621 0.9999940390053833 0.9999992034039333 0.9999999999999999
567.0 0.862832457866418 0.9812254915513404 0.9974358151981969 0.9996505450056014 0.9999524782954708 0.9999935516406884 0.9999991269069487 1.0
568.0 0.8610331399246225 0.980729661259121 0.9973335589996566 0.9996318398405183 0.9999492774094615 0.9999930269380781 0.9999990434653665 1.0
569.0 0.8592186378403176 0.9802231011442247 0.9972277221509792 0.9996122261612389 0.9999458770960675 0.999992462242843 0.9999989524873348 0.9999999999999999
570.0 0.8573889428428628 0.9797056436435646 0.9971181994824206 0.9995916648614619 0.99994226602715 0.9999918547275061 0.9999988533340952 1.0
571.0 0.8555440479010792 0.9791771201827411 0.9970048834887381 0.9995701154041633 0.9999384323009372 0.9999912013817481 0.9999987453165715 1.0000000000000002
572.0 0.8536839477381315 0.9786373612099556 0.9968876643033318 0.9995475357810268 0.9999343634171337 0.9999904990018262 0.9999986276917365 1.0000000000000002
573.0 0.8518086388457842 0.9780861962308653 0.9967664296729754 0.9995238824712349 0.9999300462511798 0.9999897441794655 0.9999984996587435 1.0
574.0 0.8499181194988433 0.977523453844613 0.9966410649332224 0.9994991103996397 0.9999254670276443 0.9999889332902019 0.9999983603548096 1.0
575.0 0.8480123897689584 0.9769489617807975 0.9965114529844746 0.9994731728943177 0.9999206112927339 0.9999880624811545 0.9999982088508338 1.0
576.0 0.8460914515382729 0.976362546937528 0.9963774742687844 0.9994460216435329 0.999915463885904 0.9999871276582076 0.9999980441467424 1.0000000000000002
577.0 0.8441553085128316 0.9757640354205366 0.9962390067474213 0.9994176066521195 0.9999100089105553 0.9999861244725787 0.9999978651665399 1.0000000000000002
578.0 0.842203966235537 0.9751532525832871 0.9960959258792303 0.9993878761973015 0.999904229703798 0.9999850483067493 0.9999976707530533 1.0
579.0 0.8402374320990555 0.9745300230682037 0.9959481045998504 0.9993567767839744 0.9998981088052745 0.9999838942597374 0.9999974596623545 1.0
580.0 0.8382557153580157 0.9738941708488091 0.9957954133017807 0.999324253099455 0.9998916279250167 0.9999826571316845 0.9999972305578384 1.0
581.0 0.8362588271412277 0.9732455192730065 0.995637719815397 0.9992902479677408 0.9998847679103354 0.999981331407737 0.9999969820039466 1.0
582.0 0.8342467804635049 0.9725838911073648 0.9954748893909205 0.9992547023032862 0.9998775087117194 0.9999799112411947 0.9999967124595126 0.9999999999999999
583.0 0.8322195902370504 0.9719091085823961 0.995306784681384 0.9992175550643282 0.9998698293477379 0.9999783904359033 0.9999964202707127 1.0000000000000002
584.0 0.8301772732825159 0.9712209934388518 0.9951332657266366 0.9991787432057826 0.9998617078689286 0.9999767624278634 0.9999961036635995 1.0
585.0 0.8281198483398158 0.970519366975064 0.9949541899384455 0.9991382016317459 0.9998531213206687 0.9999750202660352 0.9999957607362042 1.0
586.0 0.8260473360786004 0.9698040500952946 0.994769412086721 0.9990958631476262 0.9998440457050111 0.9999731565923072 0.9999953894501773 1.0000000000000002
587.0 0.8239597591081126 0.9690748633589901 0.9945787842868868 0.9990516584119302 0.9998344559414782 0.9999711636206066 0.9999949876219533 1.0000000000000002
588.0 0.8218571419870939 0.9683316270311664 0.9943821559884947 0.9990055158877535 0.9998243258268115 0.9999690331151246 0.9999945529134138 1.0000000000000002
589.0 0.819739511232981 0.9675741611336528 0.9941793739650591 0.9989573617939901 0.9998136279936598 0.9999667563676307 0.9999940828220262 1.0
590.0 0.8176068953308643 0.9668022854973506 0.9939702823051964 0.9989071200563088 0.9998023338682093 0.9999643241738462 0.9999935746704324 0.9999999999999998
591.0 0.815459324742043 0.9660158198154387 0.9937547224050934 0.9988547122579291 0.9997904136267439 0.9999617268088555 0.9999930255954654 1.0
592.0 0.8132968319122892 0.9652145836975585 0.9935325329623612 0.9988000575902373 0.999777836151136 0.9999589540015217 0.9999924325365638 1.0000000000000002
593.0 0.811119451279505 0.9643983967248524 0.9933035499712843 0.9987430728032786 0.9997645689832642 0.9999559949078868 0.9999917922235632 0.9999999999999998
594.0 0.8089272192812353 0.9635670785060139 0.9930676067195537 0.9986836721561783 0.9997505782783598 0.9999528380835271 0.9999911011638354 1.0
595.0 0.8067201743616743 0.9627204487342014 0.9928245337864849 0.9986217673675204 0.9997358287572747 0.9999494714548308 0.9999903556287412 0.9999999999999999
596.0 0.8044983569780179 0.9618583272447507 0.9925741590427531 0.9985572675657375 0.9997202836576832 0.9999458822891839 0.9999895516393805 0.9999999999999999
597.0 0.8022618096069606 0.9609805340739704 0.9923163076517657 0.9984900792395673 0.9997039046842147 0.9999420571640265 0.9999886849515988 1.0
598.0 0.8000105767502901 0.9600868895186102 0.9920508020726027 0.998420106188606 0.999686651957522 0.9999379819347589 0.9999877510402254 0.9999999999999999
599.0 0.7977447049401584 0.9591772141962074 0.9917774620646299 0.9983472494740203 0.9996684839622988 0.9999336417014733 0.9999867450825152 1.0
600.0 0.7954642427441325 0.9582513291063333 0.9914961046938309 0.9982714073694715 0.9996493574942448 0.9999290207744782 0.9999856619407522 0.9999999999999998
601.0 0.7931692407695697 0.9573090556925499 0.9912065443408538 0.9981924753122998 0.999629227606001 0.9999241026386031 0.9999844961439988 1.0000000000000002
602.0 0.7908597516677202 0.9563502159052114 0.9909085927108474 0.9981103458550233 0.9996080475520547 0.9999188699162419 0.9999832418689378 1.0
603.0 0.788535830137339 0.955374632265013 0.9906020588451137 0.9980249086172185 0.9995857687326436 0.9999133043291325 0.9999818929197971 1.0000000000000002
604.0 0.7861975329277529 0.9543821279272353 0.9902867491345896 0.9979360502378206 0.9995623406366577 0.9999073866588273 0.999980442707299 1.0000000000000002
605.0 0.7838449188416521 0.9533725267467831 0.9899624673352445 0.9978436543279288 0.9995377107835759 0.9999010967058506 0.9999788842266206 1.0
606.0 0.781478048737369 0.9523456533438961 0.9896290145853901 0.997747601424159 0.9995118246644442 0.9998944132475116 0.9999772100343158 1.0
607.0 0.7790969855306069 0.9513013331704929 0.9892861894249343 0.9976477689426106 0.999484625681925 0.9998873139943534 0.9999754122241705 1.0
608.0 0.7767017941957275 0.950239392577171 0.9889337878166293 0.997544031133514 0.9994560550894407 0.9998797755452218 0.999973482401954 1.0
609.0 0.774292541766817 0.949159658880938 0.9885716031693773 0.9974362590366331 0.9994260519294426 0.9998717733409339 0.9999714116590278 0.9999999999999997
610.0 0.7718692973379291 0.9480619604333858 0.9881994263635417 0.9973243204374698 0.9993945529708304 0.9998632816165295 0.9999691905447807 1.0
611.0 0.769432132063022 0.9469461266895063 0.9878170457783652 0.9972080798243496 0.9993614926455535 0.9998542733520852 0.999966809037844 1.0
612.0 0.7669811191555196 0.945811988277099 0.987424247321522 0.9970873983464714 0.9993268029844418 0.9998447202220887 0.9999642565160624 0.9999999999999999
613.0 0.7645163338871491 0.9446593770665819 0.9870208144607753 0.996962133772962 0.9992904135522843 0.9998345925433456 0.9999615217251727 1.0
614.0 0.7620378535866503 0.9434881262414507 0.986606528257859 0.9968321404530424 0.9992522513822133 0.999823859221418 0.9999585927461568 0.9999999999999997
615.0 0.7595457576375781 0.942298070369004 0.9861811674044944 0.9966972692773435 0.9992122409094257 0.9998124876955826 0.9999554569612361 0.9999999999999998
616.0 0.7570401274758225 0.9410890454715832 0.9857445082606532 0.9965573676404677 0.9991703039042886 0.9998004438822954 0.9999521010184599 1.0000000000000002
617.0 0.754521046586874 0.9398608890983278 0.9852963248951114 0.9964122794048837 0.9991263594048876 0.9997876921171677 0.9999485107948631 1.0
618.0 0.7519886005021467 0.9386134403970781 0.9848363891281923 0.99626184486619 0.999080323649054 0.9997741950954414 0.9999446713581489 1.0000000000000002
619.0 0.7494428767951482 0.9373465401867754 0.9843644705768522 0.9961059007198628 0.9990321100059352 0.9997599138109636 0.9999405669268611 1.0
620.0 0.7468839650768886 0.9360600310300315 0.9838803367020267 0.9959442800295409 0.9989816289071595 0.9997448074936636 0.9999361808290121 1.0
621.0 0.7443119569911649 0.9347537573061508 0.9833837528583669 0.9957768121969545 0.998928787777662 0.9997288335455341 0.9999314954591307 0.9999999999999998
622.0 0.7417269462088653 0.9334275652841462 0.9828744823462244 0.9956033229335325 0.9988734909662237 0.9997119474751227 0.9999264922336949 0.9999999999999998
623.0 0.7391290284222182 0.9320813031961748 0.9823522864660724 0.9954236342338211 0.9988156396758 0.9996941028305406 0.9999211515449157 1.0
624.0 0.7365183013381301 0.9307148213109302 0.9818169245752091 0.9952375643507398 0.9987551318936959 0.9996752511310009 0.9999154527128395 1.0000000000000002
625.0 0.7338948646714983 0.9293279720074082 0.9812681541469329 0.995044927772817 0.9986918623216756 0.999655341796902 0.999909373935738 0.9999999999999999
626.0 0.7312588201374371 0.9279206098484611 0.9807057308319811 0.9948455352034095 0.9986257223060585 0.9996343220784698 0.9999028922387548 0.9999999999999999
627.0 0.7286102714435427 0.9264925916546887 0.9801294085224656 0.9946391935420668 0.9985565997678999 0.9996121369829793 0.999895983420776 1.0
628.0 0.7259493242812831 0.9250437765781533 0.9795389394181276 0.9944257058680575 0.9984843791333216 0.9995887292005798 0.9998886219995021 0.9999999999999999
629.0 0.7232760863170747 0.9235740261761777 0.9789340740950291 0.9942048714261791 0.9984089412640861 0.9995640390287521 0.9998807811546929 0.9999999999999999
630.0 0.7205906671826943 0.9220832044849947 0.9783145615766016 0.9939764856149031 0.9983301633884889 0.9995380042954211 0.999872432669558 1.0
631.0 0.7178931784653376 0.9205711780933854 0.9776801494071263 0.9937403399769634 0.9982479190326701 0.9995105602807642 0.9998635468702746 1.0000000000000002
632.0 0.715183733697052 0.9190378162161127 0.9770305837275753 0.993496222192444 0.9981620779524263 0.9994816396377488 0.9998540925636081 1.0000000000000002
633.0 0.7124624483437448 0.9174829907672262 0.976365609353858 0.9932439160744657 0.9980725060656251 0.9994511723114401 0.9998440369726209 0.9999999999999999
634.0 0.7097294397936 0.9159065764331005 0.975684969857421 0.9929832015675313 0.9979790653853128 0.9994190854571239 0.9998333456704482 1.0
635.0 0.7069848273450366 0.9143084507452441 0.974988407648226 0.9927138547486226 0.9978816139536173 0.9993853033572914 0.9998219825121303 1.0
636.0 0.704228732194079 0.9126884941527627 0.974275664060059 0.9924356478311152 0.9977800057765496 0.999349747337541 0.9998099095644907 1.0
637.0 0.7014612774214394 0.9110465900946099 0.9735464794382327 0.9921483491716142 0.9976740907598137 0.9993123356814533 0.9997970870340503 1.0
638.0 0.6986825879787413 0.9093826250712507 0.972800593229518 0.9918517232797321 0.9975637146457151 0.9992729835444946 0.9997834731929718 1.0
639.0 0.6958927906746261 0.9076964887161316 0.9720377440744765 0.9915455308309555 0.9974487189513035 0.9992316028670227 0.9997690243030337 0.9999999999999998
640.0 0.6930920141600061 0.9059880738664767 0.971257669901979 0.9912295286826001 0.9973289409078345 0.9991881022864559 0.9997536945376359 0.9999999999999998
641.0 0.6902803889130327 0.9042572766337094 0.970460108026035 0.9909034698929812 0.9972042134016865 0.9991423870486821 0.9997374359018371 0.9999999999999997
642.0 0.6874580472234516 0.9025039964732552 0.9696447952448173 0.9905671037438384 0.9970743649168353 0.9990943589187873 0.9997201981504394 1.0
643.0 0.6846251231766062 0.9007281362538473 0.9688114679419272 0.9902201757661079 0.9969392194790166 0.999043916091183 0.9997019287041248 1.0
644.0 0.6817817526367351 0.8989296023260689 0.9679598621897654 0.9898624277690707 0.9967985966016831 0.9989909530992217 0.9996825725636671 1.0
645.0 0.6789280732298891 0.8971083045902901 0.9670897138550656 0.989493597872976 0.9966523112338874 0.9989353607243884 0.9996620722222339 1.0
646.0 0.6760642243264422 0.8952641565639433 0.9662007587065502 0.9891134205451997 0.99650017371022 0.9988770259051706 0.9996403675758072 1.0000000000000002
647.0 0.673190347022899 0.8933970754479029 0.9652927325245766 0.9887216266399612 0.9963419897029064 0.9988158316456968 0.9996173958317489 0.9999999999999999
648.0 0.6703065841233063 0.8915069821921182 0.9643653712128248 0.9883179434416942 0.9961775601762133 0.9987516569242605 0.9995930914155507 1.0
649.0 0.6674130801203836 0.8895938015605358 0.9634184109120185 0.9879020947121384 0.9960066813432866 0.9986843766018325 0.9995673858758003 1.0
650.0 0.6645099811758113 0.8876574621948998 0.962451588115457 0.9874738007411354 0.9958291446255333 0.9986138613306745 0.9995402077874136 1.0000000000000002
651.0 0.6615974351002823 0.8856978966777775 0.9614646397864951 0.9870327784012515 0.9956447366146973 0.9985399774631774 0.9995114826531796 1.0
652.0 0.6586755913330029 0.8837150415945674 0.9604573034778254 0.986578741206237 0.9954532390377517 0.9984625869610456 0.9994811328036741 1.0
653.0 0.6557446009207732 0.8817088375945248 0.9594293174525426 0.9861113993733794 0.9952544287247395 0.9983815473049552 0.9994490772956001 1.0
654.0 0.652804616496556 0.8796792294507052 0.958380420806908 0.9856304598897783 0.9950480775796922 0.9982967114048186 0.9994152318086231 1.0
655.0 0.6498557922575082 0.877626166118758 0.95731035359474 0.9851356265825717 0.9948339525547537 0.9982079275107881 0.9993795085407705 0.9999999999999999
656.0 0.6468982839427939 0.8755496007947504 0.9562188569534844 0.9846266001932019 0.994611815627664 0.998115039125153 0.9993418161024772 1.0
657.0 0.6439322488105835 0.8734494909715624 0.9551056732316813 0.9841030784556455 0.9943814237826893 0.9980178849152509 0.999302059409351 1.0
658.0 0.6409578456150318 0.8713257984943636 0.9539705461180554 0.9835647561787728 0.9941425289951896 0.9979162986275738 0.9992601395737616 0.9999999999999999
659.0 0.6379752345823637 0.8691784896145172 0.9528132207718348 0.983011325332706 0.9938948782198882 0.9978101090031919 0.9992159537953359 1.0
660.0 0.6349845773869098 0.8670075350424593 0.9516334439545387 0.9824424751393368 0.9936382133830317 0.9976991396946747 0.9991693952504688 1.0000000000000002
661.0 0.6319860371265124 0.8648129099991068 0.9504309641629473 0.9818578921669235 0.9933722713785315 0.9975832091846603 0.9991203529809577 1.0000000000000002
662.0 0.6289797782974597 0.8625945942658546 0.9492055317632304 0.9812572604287947 0.9930967840682179 0.9974621307062344 0.9990687117818723 0.9999999999999999
663.0 0.6259659667691406 0.8603525722332646 0.9479568991262332 0.980640261486207 0.9928114782863524 0.9973357121652983 0.999014352088786 1.0
664.0 0.6229447697581474 0.8580868329482039 0.9466848207637286 0.9800065745553017 0.992516075848494 0.9972037560650833 0.9989571498644904 1.0000000000000002
665.0 0.6199163558021368 0.8557973701596218 0.9453890534656821 0.9793558766182207 0.9922102935648718 0.9970660594330014 0.9988969764853372 1.0000000000000002
666.0 0.6168808947331262 0.8534841823626826 0.944069356438308 0.9786878425383081 0.9918938432583532 0.9969224137499952 0.9988336986273404 0.9999999999999999
667.0 0.6138385576503806 0.851147272841329 0.9427254914428904 0.9780021451794102 0.9915664317871327 0.9967726048825711 0.9987671781521892 1.0000000000000002
668.0 0.6107895168931609 0.8487866497094423 0.9413572229354012 0.9772984555293204 0.9912277610722853 0.9966164130177088 0.9986972719933285 1.0
669.0 0.6077339460126661 0.8464023259500533 0.9399643182065319 0.9765764428271995 0.9908775281302304 0.9964536126008092 0.998623832042265 1.0
670.0 0.6046720197440841 0.843994319453262 0.9385465475224453 0.9758357746951436 0.9905154251103001 0.9962839722768995 0.9985467050352725 1.0000000000000002
671.0 0.6016039139778216 0.8415626530521139 0.9371036842657408 0.9750761172736598 0.9901411393374205 0.9961072548352419 0.9984657324406581 1.0
672.0 0.5985298057307085 0.8391073545570134 0.9356355050768962 0.9742971353611967 0.989754353360097 0.9959232171575824 0.9983807503467879 1.0000000000000002
673.0 0.5954498731166332 0.8366284567882083 0.9341417899958329 0.9734984925575522 0.9893547450037252 0.9957316101701869 0.9982915893510408 0.9999999999999999
674.0 0.5923642953169048 0.834125997606545 0.932622322603646 0.9726798514111897 0.9889419874293667 0.9955321787998876 0.9981980744498976 1.0000000000000002
675.0 0.5892732525504047 0.8316000199425106 0.931076890164429 0.9718408735704225 0.9885157491980737 0.9953246619343237 0.998100024930358 1.0
676.0 0.5861769260431119 0.8290505718231904 0.9295052837668861 0.9709812199383018 0.9880756943407996 0.9951087923865507 0.9979972542628888 1.0
677.0 0.5830754979975734 0.8264777063975683 0.9279072984659067 0.9701005508312924 0.9876214824340369 0.9948842968642403 0.9978895699961192 1.0000000000000002
678.0 0.5799691515618809 0.8238814819597803 0.9262827334237779 0.9691985261415528 0.9871527686812033 0.9946508959436374 0.9977767736534949 1.0000000000000002
679.0 0.5768580707985792 0.8212619619706405 0.9246313920511494 0.968274805502863 0.9866692039998975 0.9944083040484938 0.9976586606321217 1.0000000000000002
680.0 0.5737424406528717 0.8186192150768785 0.9229530821473068 0.9673290484599387 0.9861704351149909 0.994156229434119 0.9975350201040037 1.0
681.0 0.5706224469209994 0.8159533151287897 0.9212476160401064 0.9663609146413017 0.9856561046577411 0.9938943741768045 0.9974056349199394 0.9999999999999998
682.0 0.5674982762179659 0.8132643411955753 0.9195148107250262 0.9653700639353758 0.9851258512708504 0.9936224341687444 0.9972702815162816 1.0
683.0 0.5643701159451707 0.8105523775788137 0.917754488003512 0.9643561566698732 0.9845793097195895 0.993340099118673 0.997128729824817 1.0
684.0 0.5612381542577958 0.8078175138239102 0.9159664746204402 0.9633188537943362 0.9840161110090082 0.9930470525583993 0.9969807431860128 1.0
685.0 0.558102580031898 0.8050598447294541 0.9141506024005462 0.9622578170657083 0.9834358825072457 0.9927429718554044 0.9968260782658693 1.0000000000000002
686.0 0.5549635828311102 0.8022794703543689 0.9123067083836516 0.9611727092367854 0.9828382480749379 0.9924275282316646 0.9966644849766217 1.0
687.0 0.5518213528734202 0.7994764960232457 0.9104346349588489 0.9600631942475998 0.9822228282008321 0.992100386788925 0.9964957064015785 1.0000000000000002
688.0 0.5486760809974135 0.7966510323292939 0.9085342299971738 0.9589289374193977 0.9815892401434853 0.9917612065405154 0.9963194787243052 1.0
689.0 0.5455279586284825 0.7938031951353296 0.906605346982943 0.9577696056512662 0.980937098079155 0.9914096404499361 0.9961355311624565 1.0
690.0 0.5423771777448081 0.7909331055726101 0.9046478451435328 0.9565848676192051 0.9802660132558196 0.9910453354763349 0.9959435859064881 1.0
691.0 0.539223930843037 0.7880408900374212 0.9026615895774339 0.9553743939774839 0.979575594153305 0.9906679326270278 0.9957433580635175 0.9999999999999999
692.0 0.5360684109039133 0.785126680185634 0.9006464513806308 0.9541378575622378 0.9788654466495387 0.9902770670172318 0.9955345556066039 1.0
693.0 0.5329108113576714 0.7821906129250367 0.8986023077710694 0.9528749335970864 0.9781351741928586 0.9898723679371269 0.995316879329698 1.0000000000000002
694.0 0.5297513260492249 0.7792328304054545 0.896529042211125 0.9515852999006399 0.9773843779803382 0.9894534589263819 0.9950900228085281 1.0
695.0 0.5265901492031918 0.7762534800066786 0.8944265445279773 0.950268637095751 0.9766126571420876 0.989019957856276 0.9948536723676813 0.9999999999999999
696.0 0.5234274753889645 0.7732527143243835 0.8922947110319226 0.948924628820444 0.9758196089315153 0.9885714770195537 0.9946075070541565 1.0
697.0 0.5202634994853522 0.7702306911535792 0.8901334446321988 0.9475529619401637 0.9750048289213739 0.9881076232280654 0.9943511986176113 1.0
698.0 0.51709841664532 0.7671875734700746 0.8879426549505597 0.9461533267613955 0.9741679112056346 0.9876279979183609 0.9940844114975975 1.0
699.0 0.5139324222604983 0.7641235294096347 0.8857222584322701 0.9447254172463501 0.9733084486070249 0.9871321972652821 0.9938068028180098 1.0
700.0 0.5107657119256063 0.7610387322449558 0.8834721784545106 0.9432689312285994 0.9724260328901685 0.986619812303659 0.9935180223890099 1.0
