200.0 0.9999999988933813 1.0 1.0 1.0 1.0 1.0 1.0 1.0
201.0 0.9999999987362588 0.9999999999999999 0.9999999999999999 0.9999999999999999 0.9999999999999999 0.9999999999999999 0.9999999999999999 0.9999999999999999
202.0 0.999999998558705 1.0 1.0 1.0 1.0 1.0 1.0 1.0
203.0 0.9999999983583212 1.0 1.0 1.0 1.0 1.0 1.0 1.0
204.0 0.9999999981324219 1.0 1.0 1.0 1.0 1.0 1.0 1.0
205.0 0.9999999978781771 0.9999999999999998 0.9999999999999998 0.9999999999999998 0.9999999999999998 0.9999999999999998 0.9999999999999998 0.9999999999999998
206.0 0.9999999975922778 0.9999999999999998 0.9999999999999998 0.9999999999999998 0.9999999999999998 0.9999999999999998 0.9999999999999998 0.9999999999999998
207.0 0.9999999972711746 0.9999999999999998 0.9999999999999998 0.9999999999999998 0.9999999999999998 0.9999999999999998 0.9999999999999998 0.9999999999999998
208.0 0.9999999969110308 0.9999999999999999 0.9999999999999999 0.9999999999999999 0.9999999999999999 0.9999999999999999 0.9999999999999999 0.9999999999999999
209.0 0.9999999965074339 1.0 1.0 1.0 1.0 1.0 1.0 1.0
210.0 0.999999996055731 0.9999999999999999 0.9999999999999999 0.9999999999999999 0.9999999999999999 0.9999999999999999 0.9999999999999999 0.9999999999999999
211.0 0.9999999955507428 0.9999999999999998 0.9999999999999998 0.9999999999999998 0.9999999999999998 0.9999999999999998 0.9999999999999998 0.9999999999999998
212.0 0.99999999498681 0.9999999999999999 0.9999999999999999 0.9999999999999999 0.9999999999999999 0.9999999999999999 0.9999999999999999 0.9999999999999999
213.0 0.9999999943577452 0.9999999999999999 0.9999999999999999 0.9999999999999999 0.9999999999999999 0.9999999999999999 0.9999999999999999 0.9999999999999999
214.0 0.9999999936567382 1.0 1.0 1.0 1.0 1.0 1.0 1.0
215.0 0.9999999928764023 1.0 1.0 1.0 1.0 1.0 1.0 1.0
216.0 0.9999999920086803 0.9999999999999998 0.9999999999999999 0.9999999999999999 0.9999999999999999 0.9999999999999999 0.9999999999999999 0.9999999999999999
217.0 0.9999999910446997 1.0000000000000002 1.0000000000000002 1.0000000000000002 1.0000000000000002 1.0000000000000002 1.0000000000000002 1.0000000000000002
218.0 0.9999999899749632 0.9999999999999999 1.0 1.0 1.0 1.0 1.0 1.0
219.0 0.9999999887889679 0.9999999999999998 0.9999999999999999 0.9999999999999999 0.9999999999999999 0.9999999999999999 0.9999999999999999 0.9999999999999999
220.0 0.9999999874754426 0.9999999999999998 0.9999999999999999 0.9999999999999999 0.9999999999999999 0.9999999999999999 0.9999999999999999 0.9999999999999999
221.0 0.9999999860220137 1.0000000000000002 1.0000000000000004 1.0000000000000004 1.0000000000000004 1.0000000000000004 1.0000000000000004 1.0000000000000004
222.0 0.9999999844153465 0.9999999999999998 1.0 1.0 1.0 1.0 1.0 1.0
223.0 0.9999999826409577 0.9999999999999994 0.9999999999999998 0.9999999999999998 0.9999999999999998 0.9999999999999998 0.9999999999999998 0.9999999999999998
224.0 0.9999999806831641 0.9999999999999997 1.0 1.0 1.0 1.0 1.0 1.0
225.0 0.9999999785249867 0.9999999999999998 1.0000000000000002 1.0000000000000002 1.0000000000000002 1.0000000000000002 1.0000000000000002 1.0000000000000002
226.0 0.9999999761480081 0.9999999999999996 1.0 1.0 1.0 1.0 1.0 1.0
227.0 0.9999999735324205 0.9999999999999997 1.0000000000000002 1.0000000000000002 1.0000000000000002 1.0000000000000002 1.0000000000000002 1.0000000000000002
228.0 0.9999999706568325 0.9999999999999991 1.0 1.0 1.0 1.0 1.0 1.0
229.0 0.9999999674981274 0.999999999999999 1.0 1.0 1.0 1.0 1.0 1.0
230.0 0.9999999640313648 0.9999999999999989 1.0000000000000002 1.0000000000000002 1.0000000000000002 1.0000000000000002 1.0000000000000002 1.0000000000000002
231.0 0.9999999602297337 0.9999999999999984 1.0 1.0 1.0 1.0 1.0 1.0
232.0 0.9999999560643618 0.999999999999998 0.9999999999999999 0.9999999999999999 0.9999999999999999 0.9999999999999999 0.9999999999999999 0.9999999999999999
233.0 0.9999999515042658 0.9999999999999977 1.0 1.0 1.0 1.0 1.0 1.0
234.0 0.9999999465159682 0.9999999999999971 1.0 1.0 1.0 1.0 1.0 1.0
235.0 0.9999999410637381 0.9999999999999968 1.0000000000000002 1.0000000000000002 1.0000000000000002 1.0000000000000002 1.0000000000000002 1.0000000000000002
236.0 0.9999999351090615 0.9999999999999958 1.0 1.0 1.0 1.0 1.0 1.0
237.0 0.999999928610788 0.9999999999999949 1.0 1.0 1.0 1.0 1.0 1.0
238.0 0.9999999215247448 0.9999999999999939 1.0 1.0 1.0 1.0 1.0 1.0
239.0 0.9999999138036416 0.9999999999999926 1.0 1.0 1.0 1.0 1.0 1.0
240.0 0.999999905396831 0.999999999999991 0.9999999999999999 0.9999999999999999 0.9999999999999999 0.9999999999999999 0.9999999999999999 0.9999999999999999
241.0 0.9999998962503085 0.9999999999999892 1.0 1.0 1.0 1.0 1.0 1.0
242.0 0.9999998863061841 0.9999999999999871 1.0 1.0 1.0 1.0 1.0 1.0
243.0 0.9999998755027791 0.9999999999999845 0.9999999999999999 0.9999999999999999 0.9999999999999999 0.9999999999999999 0.9999999999999999 0.9999999999999999
244.0 0.9999998637741949 0.9999999999999818 1.0000000000000002 1.0000000000000002 1.0000000000000002 1.0000000000000002 1.0000000000000002 1.0000000000000002
245.0 0.9999998510502145 0.9999999999999778 0.9999999999999999 0.9999999999999999 0.9999999999999999 0.9999999999999999 0.9999999999999999 0.9999999999999999
246.0 0.9999998372559712 0.9999999999999738 1.0000000000000002 1.0000000000000002 1.0000000000000002 1.0000000000000002 1.0000000000000002 1.0000000000000002
247.0 0.9999998223117036 0.9999999999999684 0.9999999999999999 0.9999999999999999 0.9999999999999999 0.9999999999999999 0.9999999999999999 0.9999999999999999
248.0 0.9999998061325687 0.9999999999999625 1.0 1.0 1.0 1.0 1.0 1.0
249.0 0.999999788628254 0.9999999999999553 0.9999999999999998 0.9999999999999998 0.9999999999999998 0.9999999999999998 0.9999999999999998 0.9999999999999998
250.0 0.9999997697027888 0.9999999999999467 0.9999999999999997 0.9999999999999997 0.9999999999999997 0.9999999999999997 0.9999999999999997 0.9999999999999997
251.0 0.9999997492542073 0.9999999999999373 1.0 1.0 1.0 1.0 1.0 1.0
252.0 0.9999997271741631 0.9999999999999256 0.9999999999999999 0.9999999999999999 0.9999999999999999 0.9999999999999999 0.9999999999999999 0.9999999999999999
253.0 0.9999997033478369 0.9999999999999121 0.9999999999999999 0.9999999999999999 0.9999999999999999 0.9999999999999999 0.9999999999999999 0.9999999999999999
254.0 0.9999996776533108 0.9999999999998965 1.0000000000000002 1.0000000000000002 1.0000000000000002 1.0000000000000002 1.0000000000000002 1.0000000000000002
255.0 0.999999649961327 0.9999999999998775 0.9999999999999998 0.9999999999999998 0.9999999999999998 0.9999999999999998 0.9999999999999998 0.9999999999999998
256.0 0.9999996201351005 0.999999999999856 1.0 1.0 1.0 1.0 1.0 1.0
257.0 0.999999588029643 0.9999999999998307 1.0 1.0 1.0 1.0 1.0 1.0
258.0 0.9999995534916694 0.9999999999998012 1.0 1.0 1.0 1.0 1.0 1.0
259.0 0.9999995163588775 0.9999999999997665 0.9999999999999999 0.9999999999999999 0.9999999999999999 0.9999999999999999 0.9999999999999999 0.9999999999999999
260.0 0.9999994764598534 0.9999999999997263 0.9999999999999998 0.9999999999999998 0.9999999999999998 0.9999999999999998 0.9999999999999998 0.9999999999999998
261.0 0.9999994336134463 0.9999999999996798 0.9999999999999999 0.9999999999999999 0.9999999999999999 0.9999999999999999 0.9999999999999999 0.9999999999999999
262.0 0.9999993876283378 0.9999999999996259 1.0 1.0 1.0 1.0 1.0 1.0
263.0 0.9999993383025615 0.9999999999995629 0.9999999999999998 0.9999999999999998 0.9999999999999998 0.9999999999999998 0.9999999999999998 0.9999999999999998
264.0 0.9999992854231692 0.9999999999994905 1.0 1.0 1.0 1.0 1.0 1.0
265.0 0.9999992287656048 0.9999999999994067 1.0 1.0 1.0 1.0 1.0 1.0
266.0 0.9999991680931298 0.9999999999993092 0.9999999999999997 0.9999999999999997 0.9999999999999997 0.9999999999999997 0.9999999999999997 0.9999999999999997
267.0 0.9999991031564419 0.9999999999991973 0.9999999999999998 0.9999999999999998 0.9999999999999998 0.9999999999999998 0.9999999999999998 0.9999999999999998
268.0 0.9999990336931435 0.9999999999990683 0.9999999999999999 0.9999999999999999 0.9999999999999999 0.9999999999999999 0.9999999999999999 0.9999999999999999
269.0 0.9999989594270249 0.9999999999989199 1.0 1.0 1.0 1.0 1.0 1.0
270.0 0.9999988800675356 0.9999999999987488 1.0 1.0 1.0 1.0 1.0 1.0
271.0 0.9999987953093532 0.9999999999985519 0.9999999999999999 0.9999999999999999 0.9999999999999999 0.9999999999999999 0.9999999999999999 0.9999999999999999
272.0 0.999998704831473 0.9999999999983264 1.0 1.0 1.0 1.0 1.0 1.0
273.0 0.9999986082968226 0.999999999998068 1.0000000000000002 1.0000000000000002 1.0000000000000002 1.0000000000000002 1.0000000000000002 1.0000000000000002
274.0 0.9999985053514946 0.9999999999977714 1.0000000000000002 1.0000000000000002 1.0000000000000002 1.0000000000000002 1.0000000000000002 1.0000000000000002
275.0 0.9999983956241251 0.999999999997432 1.0 1.0 1.0 1.0 1.0 1.0
276.0 0.9999982787251723 0.9999999999970439 0.9999999999999999 0.9999999999999999 0.9999999999999999 0.9999999999999999 0.9999999999999999 0.9999999999999999
277.0 0.9999981542461989 0.9999999999966009 0.9999999999999999 0.9999999999999999 0.9999999999999999 0.9999999999999999 0.9999999999999999 0.9999999999999999
278.0 0.9999980217591028 0.9999999999960957 1.0 1.0 1.0 1.0 1.0 1.0
279.0 0.9999978808155421 0.9999999999955194 0.9999999999999999 0.9999999999999999 0.9999999999999999 0.9999999999999999 0.9999999999999999 0.9999999999999999
280.0 0.9999977309458817 0.9999999999948632 0.9999999999999999 0.9999999999999999 0.9999999999999999 0.9999999999999999 0.9999999999999999 0.9999999999999999
281.0 0.9999975716587118 0.9999999999941167 0.9999999999999999 0.9999999999999999 0.9999999999999999 0.9999999999999999 0.9999999999999999 0.9999999999999999
282.0 0.9999974024397936 0.9999999999932683 1.0 1.0 1.0 1.0 1.0 1.0
283.0 0.9999972227513876 0.9999999999923047 1.0 1.0 1.0 1.0 1.0 1.0
284.0 0.999997032031247 0.9999999999912116 1.0 1.0 1.0 1.0 1.0 1.0
285.0 0.9999968296918978 0.9999999999899726 1.0 1.0 1.0 1.0 1.0 1.0
286.0 0.9999966151196799 0.999999999988569 0.9999999999999999 0.9999999999999999 0.9999999999999999 0.9999999999999999 0.9999999999999999 0.9999999999999999
287.0 0.9999963876737882 0.9999999999869811 0.9999999999999998 0.9999999999999998 0.9999999999999998 0.9999999999999998 0.9999999999999998 0.9999999999999998
288.0 0.9999961466854574 0.9999999999851864 1.0 1.0 1.0 1.0 1.0 1.0
289.0 0.9999958914567616 0.9999999999831588 0.9999999999999998 0.9999999999999999 0.9999999999999999 0.9999999999999999 0.9999999999999999 0.9999999999999999
290.0 0.9999956212599457 0.999999999980871 0.9999999999999999 1.0 1.0 1.0 1.0 1.0
291.0 0.9999953353361277 0.999999999978291 0.9999999999999997 0.9999999999999998 0.9999999999999998 0.9999999999999998 0.9999999999999998 0.9999999999999998
292.0 0.9999950328945822 0.9999999999753848 0.9999999999999997 0.9999999999999998 0.9999999999999998 0.9999999999999998 0.9999999999999998 0.9999999999999998
293.0 0.9999947131113476 0.9999999999721135 0.9999999999999999 1.0 1.0 1.0 1.0 1.0
294.0 0.9999943751283634 0.9999999999684342 1.0 1.0000000000000002 1.0000000000000002 1.0000000000000002 1.0000000000000002 1.0000000000000002
295.0 0.9999940180523677 0.9999999999642992 0.9999999999999999 1.0 1.0 1.0 1.0 1.0
296.0 0.9999936409537469 0.9999999999596565 1.0 1.0000000000000002 1.0000000000000002 1.0000000000000002 1.0000000000000002 1.0000000000000002
297.0 0.999993242865383 0.9999999999544468 0.9999999999999997 1.0 1.0 1.0 1.0 1.0
298.0 0.9999928227814577 0.9999999999486067 0.9999999999999996 0.9999999999999999 0.9999999999999999 0.9999999999999999 0.9999999999999999 0.9999999999999999
299.0 0.9999923796563468 0.9999999999420648 0.9999999999999996 1.0 1.0 1.0 1.0 1.0
300.0 0.9999919124034226 0.999999999934742 0.9999999999999992 0.9999999999999998 0.9999999999999998 0.9999999999999998 0.9999999999999998 0.9999999999999998
301.0 0.999991419893664 0.9999999999265522 0.9999999999999993 1.0 1.0 1.0 1.0 1.0
302.0 0.9999909009546011 0.9999999999173995 0.9999999999999997 1.0000000000000004 1.0000000000000004 1.0000000000000004 1.0000000000000004 1.0000000000000004
303.0 0.9999903543688751 0.9999999999071771 0.9999999999999991 1.0 1.0 1.0 1.0 1.0
304.0 0.9999897788729963 0.9999999998957706 0.9999999999999991 1.0000000000000002 1.0000000000000002 1.0000000000000002 1.0000000000000002 1.0000000000000002
305.0 0.9999891731560925 0.9999999998830509 0.9999999999999989 1.0 1.0 1.0 1.0 1.0
306.0 0.9999885358584741 0.9999999998688778 0.9999999999999987 1.0 1.0 1.0 1.0 1.0
307.0 0.9999878655702421 0.9999999998530965 0.9999999999999982 1.0 1.0 1.0 1.0 1.0
308.0 0.9999871608298986 0.9999999998355371 0.9999999999999977 0.9999999999999998 0.9999999999999998 0.9999999999999998 0.9999999999999998 0.9999999999999998
309.0 0.9999864201231008 0.9999999998160141 0.9999999999999978 1.0000000000000002 1.0000000000000002 1.0000000000000002 1.0000000000000002 1.0000000000000002
310.0 0.9999856418809326 0.9999999997943215 0.999999999999997 0.9999999999999999 0.9999999999999999 0.9999999999999999 0.9999999999999999 0.9999999999999999
311.0 0.999984824478663 0.9999999997702365 0.9999999999999963 0.9999999999999998 0.9999999999999998 0.9999999999999998 0.9999999999999998 0.9999999999999998
312.0 0.9999839662341122 0.9999999997435134 0.9999999999999959 1.0 1.0 1.0 1.0 1.0
313.0 0.999983065406263 0.9999999997138834 0.9999999999999952 1.0 1.0 1.0 1.0 1.0
314.0 0.9999821201936797 0.9999999996810526 0.9999999999999943 1.0 1.0 1.0 1.0 1.0
315.0 0.9999811287329254 0.9999999996446995 0.9999999999999932 0.9999999999999999 0.9999999999999999 0.9999999999999999 0.9999999999999999 0.9999999999999999
316.0 0.9999800890969813 0.9999999996044733 0.9999999999999918 0.9999999999999997 0.9999999999999997 0.9999999999999997 0.9999999999999997 0.9999999999999997
317.0 0.9999789992937135 0.9999999995599912 0.9999999999999908 1.0 1.0 1.0 1.0 1.0
318.0 0.9999778572641453 0.9999999995108343 0.9999999999999893 1.0 1.0 1.0 1.0 1.0
319.0 0.9999766608809271 0.9999999994565465 0.9999999999999875 1.0 1.0 1.0 1.0 1.0
320.0 0.9999754079465615 0.9999999993966311 0.9999999999999855 1.0000000000000002 1.0000000000000002 1.0000000000000002 1.0000000000000002 1.0000000000000002
321.0 0.999974096191774 0.9999999993305458 0.9999999999999827 0.9999999999999999 0.9999999999999999 0.9999999999999999 0.9999999999999999 0.9999999999999999
322.0 0.9999727232737908 0.9999999992577026 0.9999999999999799 1.0 1.0 1.0 1.0 1.0
323.0 0.9999712867746101 0.9999999991774592 0.9999999999999766 1.0 1.0 1.0 1.0 1.0
324.0 0.9999697841992324 0.9999999990891185 0.9999999999999724 0.9999999999999998 0.9999999999999998 0.9999999999999998 0.9999999999999998 0.9999999999999998
325.0 0.9999682129738884 0.9999999989919236 0.9999999999999679 0.9999999999999998 0.9999999999999998 0.9999999999999998 0.9999999999999998 0.9999999999999998
326.0 0.999966570444265 0.9999999988850516 0.9999999999999629 1.0 1.0 1.0 1.0 1.0
327.0 0.9999648538735895 0.999999998767609 0.9999999999999568 0.9999999999999999 0.9999999999999999 0.9999999999999999 0.9999999999999999 0.9999999999999999
328.0 0.9999630604410037 0.9999999986386274 0.9999999999999498 0.9999999999999999 0.9999999999999999 0.9999999999999999 0.9999999999999999 0.9999999999999999
329.0 0.9999611872394547 0.9999999984970567 0.9999999999999419 1.0 1.0 1.0 1.0 1.0
330.0 0.9999592312740672 0.9999999983417581 0.9999999999999325 0.9999999999999998 0.9999999999999998 0.9999999999999998 0.9999999999999998 0.9999999999999998
331.0 0.9999571894599423 0.9999999981714999 0.999999999999922 0.9999999999999999 0.9999999999999999 0.9999999999999999 0.9999999999999999 0.9999999999999999
332.0 0.9999550586205761 0.9999999979849474 0.9999999999999096 0.9999999999999998 0.9999999999999998 0.9999999999999998 0.9999999999999998 0.9999999999999998
333.0 0.9999528354856597 0.999999997780658 0.9999999999998961 1.0000000000000002 1.0000000000000002 1.0000000000000002 1.0000000000000002 1.0000000000000002
334.0 0.9999505166893051 0.9999999975570697 0.9999999999998794 0.9999999999999998 0.9999999999999998 0.9999999999999998 0.9999999999999998 0.9999999999999998
335.0 0.9999480987678964 0.9999999973124973 0.999999999999861 0.9999999999999999 0.9999999999999999 0.9999999999999999 0.9999999999999999 0.9999999999999999
336.0 0.9999455781583149 0.999999997045119 0.99999999999984 1.0 1.0 1.0 1.0 1.0
337.0 0.9999429511957401 0.9999999967529676 0.9999999999998157 1.0 1.0 1.0 1.0 1.0
338.0 0.9999402141116883 0.999999996433921 0.9999999999997876 0.9999999999999998 0.9999999999999998 0.9999999999999998 0.9999999999999998 0.9999999999999998
339.0 0.9999373630320528 0.9999999960856919 0.999999999999756 1.0 1.0 1.0 1.0 1.0
340.0 0.9999343939749001 0.9999999957058121 0.9999999999997192 0.9999999999999997 0.9999999999999997 0.9999999999999997 0.9999999999999997 0.9999999999999997
341.0 0.9999313028485146 0.9999999952916252 0.9999999999996779 0.9999999999999999 0.9999999999999999 0.9999999999999999 0.9999999999999999 0.9999999999999999
342.0 0.9999280854491946 0.9999999948402686 0.9999999999996307 1.0 1.0 1.0 1.0 1.0
343.0 0.9999247374592954 0.9999999943486617 0.9999999999995768 1.0 1.0 1.0 1.0 1.0
344.0 0.9999212544449344 0.9999999938134908 0.999999999999515 1.0 1.0 1.0 1.0 1.0
345.0 0.9999176318539844 0.9999999932311927 0.9999999999994449 0.9999999999999999 0.9999999999999999 0.9999999999999999 0.9999999999999999 0.9999999999999999
346.0 0.9999138650138762 0.9999999925979377 0.9999999999993655 1.0 1.0 1.0 1.0 1.0
347.0 0.9999099491294483 0.9999999919096111 0.9999999999992748 0.9999999999999999 1.0 1.0 1.0 1.0
348.0 0.9999058792807516 0.9999999911617956 0.9999999999991721 1.0 1.0 1.0 1.0 1.0
349.0 0.9999016504208519 0.9999999903497494 0.9999999999990552 0.9999999999999998 0.9999999999999999 0.9999999999999999 0.9999999999999999 0.9999999999999999
350.0 0.99989725737354 0.9999999894683865 0.9999999999989228 0.9999999999999997 0.9999999999999998 0.9999999999999998 0.9999999999999998 0.9999999999999998
351.0 0.999892694831423 0.9999999885122526 0.9999999999987725 0.9999999999999994 0.9999999999999996 0.9999999999999996 0.9999999999999996 0.9999999999999996
352.0 0.9998879573533002 0.9999999874755029 0.9999999999986032 0.9999999999999999 1.0 1.0 1.0 1.0
353.0 0.9998830393622063 0.9999999863518739 0.9999999999984114 1.0000000000000002 1.0000000000000004 1.0000000000000004 1.0000000000000004 1.0000000000000004
354.0 0.9998779351430291 0.9999999851346586 0.9999999999981936 0.9999999999999994 0.9999999999999997 0.9999999999999997 0.9999999999999997 0.9999999999999997
355.0 0.9998726388402714 0.999999983816681 0.9999999999979485 0.9999999999999999 1.0 1.0 1.0 1.0
356.0 0.999867144455758 0.9999999823902598 0.9999999999976715 0.9999999999999999 1.0000000000000002 1.0000000000000002 1.0000000000000002 1.0000000000000002
357.0 0.9998614458465459 0.9999999808471816 0.9999999999973586 0.9999999999999997 1.0 1.0 1.0 1.0
358.0 0.9998555367223504 0.9999999791786673 0.9999999999970062 0.9999999999999997 1.0 1.0 1.0 1.0
359.0 0.9998494106434022 0.9999999773753351 0.9999999999966086 0.9999999999999993 0.9999999999999999 0.9999999999999999 0.9999999999999999 0.9999999999999999
360.0 0.9998430610181184 0.9999999754271649 0.9999999999961613 0.9999999999999993 0.9999999999999999 0.9999999999999999 0.9999999999999999 0.9999999999999999
361.0 0.9998364811008662 0.9999999733234594 0.9999999999956583 0.9999999999999996 1.0000000000000002 1.0000000000000002 1.0000000000000002 1.0000000000000002
362.0 0.999829663989489 0.9999999710528006 0.9999999999950919 0.9999999999999991 0.9999999999999999 0.9999999999999999 0.9999999999999999 0.9999999999999999
363.0 0.9998226026231725 0.9999999686030109 0.9999999999944558 0.9999999999999988 0.9999999999999998 0.9999999999999998 0.9999999999999998 0.9999999999999998
364.0 0.9998152897799232 0.9999999659611043 0.9999999999937422 0.9999999999999993 1.0000000000000004 1.0000000000000004 1.0000000000000004 1.0000000000000004
365.0 0.9998077180743365 0.9999999631132369 0.9999999999929401 0.9999999999999986 0.9999999999999999 0.9999999999999999 0.9999999999999999 0.9999999999999999
366.0 0.999799879955374 0.9999999600446624 0.9999999999920413 0.9999999999999986 1.0 1.0 1.0 1.0
367.0 0.9997917677036972 0.9999999567396723 0.9999999999910335 0.9999999999999981 1.0 1.0 1.0 1.0
368.0 0.9997833734297334 0.9999999531815449 0.999999999989905 0.9999999999999979 1.0 1.0 1.0 1.0
369.0 0.9997746890708734 0.9999999493524834 0.9999999999886412 0.9999999999999972 0.9999999999999998 0.9999999999999998 0.9999999999999998 0.9999999999999998
370.0 0.9997657063895858 0.9999999452335576 0.9999999999872281 0.9999999999999971 1.0 1.0 1.0 1.0
371.0 0.9997564169707601 0.9999999408046353 0.9999999999856477 0.9999999999999964 0.9999999999999999 0.9999999999999999 0.9999999999999999 0.9999999999999999
372.0 0.9997468122193948 0.999999936044318 0.9999999999838821 0.9999999999999959 1.0 1.0 1.0 1.0
373.0 0.9997368833583276 0.9999999309298674 0.9999999999819107 0.9999999999999953 1.0 1.0 1.0 1.0
374.0 0.9997266214257801 0.9999999254371312 0.9999999999797105 0.9999999999999944 1.0 1.0 1.0 1.0
375.0 0.9997160172731915 0.9999999195404653 0.9999999999772565 0.9999999999999934 0.9999999999999999 0.9999999999999999 0.9999999999999999 0.9999999999999999
376.0 0.999705061562573 0.9999999132126509 0.9999999999745214 0.9999999999999923 0.9999999999999998 0.9999999999999998 0.9999999999999998 0.9999999999999998
377.0 0.9996937447644887 0.9999999064248092 0.9999999999714747 0.9999999999999912 0.9999999999999999 0.9999999999999999 0.9999999999999999 0.9999999999999999
378.0 0.9996820571553671 0.9999998991463095 0.9999999999680826 0.9999999999999898 0.9999999999999999 0.9999999999999999 0.9999999999999999 0.9999999999999999
379.0 0.9996699888154382 0.999999891344677 0.9999999999643087 0.9999999999999885 1.0 1.0 1.0 1.0
380.0 0.9996575296262886 0.9999998829854921 0.9999999999601116 0.9999999999999866 1.0 1.0 1.0 1.0
381.0 0.9996446692684684 0.9999998740322878 0.9999999999554471 0.9999999999999843 1.0 1.0 1.0 1.0
382.0 0.9996313972192418 0.9999998644464415 0.9999999999502659 0.9999999999999818 1.0 1.0 1.0 1.0
383.0 0.9996177027501992 0.999999854187061 0.999999999944514 0.9999999999999788 0.9999999999999999 0.9999999999999999 0.9999999999999999 0.9999999999999999
384.0 0.9996035749250619 0.9999998432108679 0.9999999999381327 0.9999999999999758 1.0 1.0 1.0 1.0
385.0 0.9995890025971046 0.9999998314720703 0.9999999999310558 0.9999999999999717 0.9999999999999998 0.9999999999999998 0.9999999999999998 0.9999999999999998
386.0 0.9995739744071137 0.9999998189222388 0.9999999999232133 0.9999999999999675 1.0 1.0 1.0 1.0
387.0 0.9995584787810523 0.999999805510166 0.9999999999145259 0.9999999999999624 0.9999999999999999 0.9999999999999999 0.9999999999999999 0.9999999999999999
388.0 0.9995425039276407 0.9999997911817302 0.9999999999049087 0.9999999999999569 1.0 1.0 1.0 1.0
389.0 0.9995260378360291 0.9999997758797444 0.9999999998942671 0.9999999999999503 1.0 1.0 1.0 1.0
390.0 0.9995090682738628 0.9999997595438059 0.9999999998824984 0.9999999999999424 0.9999999999999997 0.9999999999999997 0.9999999999999997 0.9999999999999997
391.0 0.9994915827846754 0.9999997421101351 0.9999999998694908 0.9999999999999337 0.9999999999999997 0.9999999999999997 0.9999999999999997 0.9999999999999997
392.0 0.9994735686856708 0.9999997235114074 0.9999999998551216 0.9999999999999244 1.0 1.0 1.0 1.0
393.0 0.9994550130657462 0.9999997036765794 0.999999999839255 0.999999999999913 1.0 1.0 1.0 1.0
394.0 0.9994359027829968 0.9999996825307095 0.9999999998217451 0.9999999999999 0.9999999999999997 0.9999999999999998 0.9999999999999998 0.9999999999999998
395.0 0.9994162244626025 0.9999996599947669 0.9999999998024319 0.9999999999998854 0.9999999999999999 1.0 1.0 1.0
396.0 0.9993959644946718 0.9999996359854346 0.9999999997811401 0.9999999999998689 1.0 1.0 1.0 1.0
397.0 0.999375109031852 0.9999996104149051 0.9999999997576785 0.9999999999998497 0.9999999999999999 1.0 1.0 1.0
398.0 0.99935364398747 0.9999995831906676 0.9999999997318397 0.999999999999828 1.0 1.0 1.0 1.0
399.0 0.9993315550331966 0.9999995542152842 0.9999999997033969 0.9999999999998035 1.0000000000000002 1.0000000000000002 1.0000000000000002 1.0000000000000002
400.0 0.9993088275968129 0.9999995233861593 0.9999999996721022 0.9999999999997748 0.9999999999999998 0.9999999999999999 0.9999999999999999 0.9999999999999999
401.0 0.9992854468603191 0.9999994905953019 0.999999999637688 0.9999999999997431 1.0 1.0000000000000002 1.0000000000000002 1.0000000000000002
402.0 0.9992613977576085 0.9999994557290708 0.9999999995998609 0.9999999999997066 0.9999999999999999 1.0 1.0 1.0
403.0 0.9992366649724936 0.9999994186679193 0.9999999995583025 0.9999999999996653 0.9999999999999999 1.0 1.0 1.0
404.0 0.9992112329366797 0.9999993792861231 0.9999999995126672 0.9999999999996183 0.9999999999999997 1.0 1.0 1.0
405.0 0.9991850858275574 0.9999993374515006 0.9999999994625786 0.9999999999995652 0.9999999999999998 1.0 1.0 1.0
406.0 0.9991582075663336 0.9999992930251208 0.9999999994076278 0.9999999999995047 0.9999999999999994 0.9999999999999999 0.9999999999999999 0.9999999999999999
407.0 0.9991305818158829 0.9999992458610028 0.999999999347372 0.9999999999994366 0.9999999999999996 1.0 1.0 1.0
408.0 0.9991021919787932 0.9999991958057989 0.999999999281329 0.9999999999993592 0.9999999999999993 0.9999999999999999 0.9999999999999999 0.9999999999999999
409.0 0.9990730211955172 0.9999991426984726 0.9999999992089772 0.9999999999992719 0.9999999999999994 1.0 1.0 1.0
410.0 0.9990430523422381 0.9999990863699569 0.9999999991297495 0.9999999999991729 0.9999999999999991 0.9999999999999999 0.9999999999999999 0.9999999999999999
411.0 0.9990122680291297 0.999999026642807 0.9999999990430325 0.999999999999061 0.9999999999999988 0.9999999999999997 0.9999999999999997 0.9999999999999997
412.0 0.9989806505981884 0.9999989633308354 0.9999999989481615 0.9999999999989351 0.9999999999999987 0.9999999999999998 0.9999999999999998 0.9999999999999998
413.0 0.9989481821216472 0.9999988962387342 0.9999999988444158 0.9999999999987926 0.9999999999999984 0.9999999999999997 0.9999999999999997 0.9999999999999997
414.0 0.9989148444000159 0.999998825161687 0.9999999987310164 0.9999999999986323 0.9999999999999983 0.9999999999999998 0.9999999999999998 0.9999999999999998
415.0 0.9988806189601257 0.9999987498849627 0.9999999986071201 0.9999999999984519 0.9999999999999986 1.0000000000000002 1.0000000000000002 1.0000000000000002
416.0 0.9988454870535165 0.9999986701834958 0.9999999984718134 0.999999999998248 0.999999999999998 1.0 1.0 1.0
417.0 0.9988094296545483 0.9999985858214551 0.9999999983241109 0.9999999999980184 0.9999999999999974 0.9999999999999998 0.9999999999999998 0.9999999999999998
418.0 0.9987724274586594 0.9999984965517925 0.9999999981629473 0.9999999999977603 0.999999999999997 0.9999999999999998 0.9999999999999998 0.9999999999999998
419.0 0.9987344608806816 0.9999984021157783 0.9999999979871709 0.9999999999974701 0.9999999999999966 0.9999999999999998 0.9999999999999998 0.9999999999999998
420.0 0.9986955100531187 0.9999983022425206 0.999999997795539 0.9999999999971443 0.9999999999999963 1.0 1.0 1.0
421.0 0.9986555548245244 0.9999981966484666 0.9999999975867098 0.999999999996778 0.9999999999999957 1.0 1.0 1.0
422.0 0.9986145747577981 0.9999980850368888 0.9999999973592357 0.9999999999963667 0.9999999999999949 0.9999999999999999 0.9999999999999999 0.9999999999999999
423.0 0.9985725491285826 0.9999979670973532 0.9999999971115565 0.9999999999959056 0.9999999999999943 1.0 1.0 1.0
424.0 0.998529456923718 0.9999978425051671 0.9999999968419887 0.9999999999953885 0.9999999999999934 1.0000000000000002 1.0000000000000002 1.0000000000000002
425.0 0.9984852768398034 0.9999977109208121 0.9999999965487191 0.9999999999948085 0.9999999999999922 1.0 1.0 1.0
426.0 0.9984399872814803 0.999997571989357 0.9999999962297946 0.9999999999941592 0.999999999999991 1.0 1.0 1.0
427.0 0.9983935663599633 0.999997425339849 0.9999999958831124 0.9999999999934325 0.9999999999999897 1.0 1.0 1.0
428.0 0.9983459918918709 0.9999972705846886 0.9999999955064084 0.9999999999926195 0.9999999999999882 1.0000000000000002 1.0000000000000002 1.0000000000000002
429.0 0.9982972413975372 0.9999971073189811 0.9999999950972464 0.9999999999917095 0.9999999999999858 0.9999999999999998 0.9999999999999998 0.9999999999999998
430.0 0.9982472920995795 0.9999969351198712 0.9999999946530084 0.9999999999906934 0.9999999999999839 1.0 1.0 1.0
431.0 0.9981961209218984 0.99999675354585 0.9999999941708771 0.999999999989558 0.9999999999999815 1.0 1.0 1.0
432.0 0.9981437044879797 0.9999965621360465 0.999999993647826 0.9999999999882901 0.9999999999999784 0.9999999999999999 0.9999999999999999 0.9999999999999999
433.0 0.9980900191198752 0.9999963604094936 0.9999999930806043 0.9999999999868759 0.9999999999999752 1.0 1.0 1.0
434.0 0.9980350408368562 0.99999614786437 0.9999999924657194 0.9999999999852981 0.9999999999999712 0.9999999999999998 0.9999999999999999 0.9999999999999999
435.0 0.9979787453542791 0.9999959239772227 0.9999999917994239 0.9999999999835397 0.9999999999999672 1.0000000000000002 1.0000000000000002 1.0000000000000002
436.0 0.9979211080823094 0.9999956882021599 0.9999999910776942 0.9999999999815802 0.999999999999962 0.9999999999999999 1.0 1.0
437.0 0.9978621041248603 0.9999954399700253 0.9999999902962162 0.9999999999793981 0.9999999999999563 0.9999999999999998 0.9999999999999999 0.9999999999999999
438.0 0.997801708278584 0.999995178687543 0.9999999894503628 0.9999999999769696 0.9999999999999498 0.9999999999999999 1.0 1.0
439.0 0.9977398950317364 0.9999949037364376 0.9999999885351738 0.9999999999742679 0.9999999999999423 0.9999999999999998 0.9999999999999999 0.9999999999999999
440.0 0.997676638563056 0.9999946144725299 0.9999999875453346 0.9999999999712641 0.9999999999999339 1.0 1.0 1.0
441.0 0.9976119127410842 0.9999943102248028 0.9999999864751513 0.9999999999679254 0.999999999999924 0.9999999999999997 0.9999999999999999 0.9999999999999999
442.0 0.9975456911229779 0.9999939902944432 0.9999999853185281 0.9999999999642167 0.9999999999999126 0.9999999999999994 0.9999999999999997 0.9999999999999997
443.0 0.9974779469536683 0.9999936539538534 0.9999999840689393 0.9999999999600996 0.9999999999999002 0.9999999999999997 0.9999999999999999 0.9999999999999999
444.0 0.9974086531652733 0.9999933004456341 0.9999999827194015 0.9999999999555305 0.9999999999998858 0.9999999999999996 0.9999999999999999 0.9999999999999999
445.0 0.9973377823758114 0.9999929289815391 0.9999999812624454 0.9999999999504625 0.9999999999998693 0.9999999999999997 1.0 1.0
446.0 0.9972653068889308 0.9999925387414005 0.9999999796900827 0.9999999999448436 0.9999999999998503 0.9999999999999993 0.9999999999999998 0.9999999999999998
447.0 0.9971911986928468 0.999992128872023 0.9999999779937762 0.9999999999386177 0.9999999999998292 0.9999999999999997 1.0 1.0
448.0 0.9971154294599577 0.9999916984860462 0.9999999761644007 0.9999999999317214 0.9999999999998049 0.9999999999999996 1.0 1.0
449.0 0.9970379705458635 0.9999912466607767 0.9999999741922099 0.9999999999240868 0.9999999999997774 0.9999999999999996 1.0000000000000002 1.0000000000000002
450.0 0.9969587929892085 0.9999907724369879 0.9999999720667948 0.9999999999156384 0.9999999999997458 0.9999999999999992 1.0 1.0
451.0 0.9968778675107319 0.9999902748176867 0.9999999697770445 0.9999999999062942 0.9999999999997101 0.9999999999999991 1.0 1.0
452.0 0.9967951645130504 0.9999897527668455 0.9999999673111011 0.9999999998959638 0.9999999999996697 0.999999999999999 1.0 1.0
453.0 0.9967106540801741 0.9999892052081032 0.999999964656314 0.9999999998845486 0.9999999999996239 0.9999999999999989 1.0 1.0
454.0 0.9966243059769916 0.9999886310234263 0.9999999617991915 0.9999999998719395 0.9999999999995715 0.9999999999999983 0.9999999999999998 0.9999999999999998
455.0 0.9965360896490628 0.9999880290517426 0.9999999587253509 0.9999999998580197 0.999999999999513 0.9999999999999986 1.0000000000000002 1.0000000000000002
456.0 0.9964459742221866 0.9999873980875273 0.9999999554194605 0.9999999998426579 0.9999999999994459 0.9999999999999979 0.9999999999999999 0.9999999999999999
457.0 0.9963539285023308 0.9999867368793672 0.9999999518651881 0.9999999998257136 0.9999999999993704 0.9999999999999978 1.0 1.0
458.0 0.9962599209752386 0.9999860441284733 0.9999999480451359 0.9999999998070318 0.9999999999992851 0.9999999999999976 1.0000000000000002 1.0000000000000002
459.0 0.9961639198063955 0.9999853184871639 0.9999999439407793 0.9999999997864429 0.9999999999991884 0.999999999999997 1.0 1.0
460.0 0.9960658928407764 0.9999845585573067 0.9999999395324003 0.9999999997637626 0.9999999999990791 0.9999999999999963 0.9999999999999999 0.9999999999999999
461.0 0.9959658076030916 0.9999837628887244 0.9999999347990173 0.9999999997387898 0.9999999999989562 0.9999999999999961 1.0000000000000002 1.0000000000000002
462.0 0.9958636312974304 0.9999829299775522 0.9999999297183081 0.9999999997113038 0.999999999998817 0.9999999999999952 1.0 1.0
463.0 0.9957593308076479 0.9999820582645669 0.9999999242665359 0.9999999996810649 0.9999999999986598 0.9999999999999942 0.9999999999999999 0.9999999999999999
464.0 0.9956528726971496 0.9999811461334634 0.999999918418465 0.9999999996478122 0.9999999999984831 0.9999999999999934 1.0 1.0
465.0 0.9955442232092719 0.9999801919090964 0.999999912147274 0.9999999996112604 0.9999999999982839 0.9999999999999926 1.0 1.0
466.0 0.9954333482674469 0.9999791938556766 0.999999905424465 0.9999999995710988 0.9999999999980592 0.999999999999991 0.9999999999999998 0.9999999999999998
467.0 0.9953202134754411 0.9999781501749267 0.9999998982197701 0.9999999995269903 0.9999999999978069 0.9999999999999899 1.0 1.0
468.0 0.9952047841176118 0.9999770590041871 0.9999998905010469 0.9999999994785664 0.9999999999975226 0.9999999999999881 0.9999999999999998 0.9999999999999999
469.0 0.995087025159433 0.9999759184144857 0.9999998822341762 0.9999999994254273 0.9999999999972029 0.9999999999999861 0.9999999999999996 0.9999999999999997
470.0 0.9949669012476599 0.9999747264085554 0.9999998733829503 0.9999999993671382 0.9999999999968441 0.9999999999999842 0.9999999999999998 0.9999999999999999
471.0 0.9948443767112342 0.9999734809188117 0.9999998639089548 0.999999999303226 0.9999999999964411 0.9999999999999821 1.0000000000000002 1.0000000000000004
472.0 0.9947194155613578 0.999972179805276 0.9999998537714466 0.9999999992331761 0.9999999999959882 0.9999999999999791 1.0 1.0
473.0 0.9945919814923554 0.9999708208534621 0.9999998429272273 0.9999999991564306 0.99999999999548 0.9999999999999757 0.9999999999999998 0.9999999999999999
474.0 0.9944620378823239 0.999969401772208 0.9999998313305068 0.9999999990723838 0.9999999999949105 0.9999999999999724 1.0 1.0000000000000002
475.0 0.9943295477937112 0.999967920191458 0.9999998189327598 0.9999999989803768 0.9999999999942717 0.9999999999999679 0.9999999999999998 1.0
476.0 0.9941944739742131 0.9999663736600033 0.9999998056825811 0.9999999988796965 0.9999999999935558 0.9999999999999628 0.9999999999999996 0.9999999999999998
477.0 0.9940567788575031 0.9999647596431668 0.9999997915255276 0.9999999987695688 0.9999999999927547 0.9999999999999574 0.9999999999999997 0.9999999999999999
478.0 0.9939164245641807 0.9999630755204388 0.9999997764039552 0.9999999986491545 0.9999999999918581 0.9999999999999513 0.9999999999999999 1.0000000000000002
479.0 0.9937733729026539 0.9999613185830629 0.9999997602568469 0.9999999985175434 0.9999999999908546 0.9999999999999438 0.9999999999999998 1.0000000000000002
480.0 0.9936275853702424 0.9999594860315725 0.9999997430196359 0.9999999983737506 0.9999999999897325 0.9999999999999353 0.9999999999999996 1.0
481.0 0.9934790231540213 0.9999575749732691 0.9999997246240163 0.9999999982167094 0.9999999999884785 0.9999999999999257 0.9999999999999996 1.0
482.0 0.9933276471322192 0.9999555824196559 0.999999704997746 0.9999999980452645 0.9999999999870776 0.9999999999999146 0.9999999999999993 0.9999999999999999
483.0 0.9931734178752196 0.9999535052838123 0.9999996840644424 0.9999999978581668 0.9999999999855137 0.9999999999999025 0.9999999999999996 1.0000000000000002
484.0 0.993016295646874 0.9999513403777159 0.9999996617433641 0.9999999976540633 0.9999999999837678 0.9999999999998879 0.9999999999999991 0.9999999999999999
485.0 0.9928562404057096 0.999949084409513 0.9999996379491898 0.9999999974314931 0.9999999999818203 0.9999999999998714 0.9999999999999989 0.9999999999999998
486.0 0.9926932118064953 0.9999467339807323 0.9999996125917789 0.9999999971888764 0.9999999999796492 0.999999999999853 0.9999999999999989 1.0
487.0 0.9925271692013656 0.9999442855834385 0.9999995855759258 0.9999999969245055 0.9999999999772294 0.9999999999998319 0.9999999999999989 1.0000000000000002
488.0 0.9923580716416448 0.9999417355973412 0.9999995568011026 0.9999999966365364 0.9999999999745337 0.9999999999998076 0.9999999999999986 1.0
489.0 0.9921858778791304 0.9999390802868362 0.9999995261611899 0.9999999963229784 0.9999999999715323 0.9999999999997801 0.9999999999999983 1.0
490.0 0.992010546367933 0.9999363157979964 0.9999994935441942 0.9999999959816823 0.9999999999681918 0.9999999999997486 0.9999999999999979 0.9999999999999999
491.0 0.991832035265875 0.9999334381555005 0.9999994588319543 0.9999999956103296 0.9999999999644757 0.999999999999713 0.9999999999999974 0.9999999999999998
492.0 0.991650302436541 0.9999304432595103 0.9999994218998344 0.9999999952064195 0.9999999999603439 0.9999999999996725 0.9999999999999971 0.9999999999999998
493.0 0.9914653054508856 0.9999273268824822 0.9999993826164026 0.9999999947672554 0.9999999999557516 0.9999999999996265 0.9999999999999967 0.9999999999999998
494.0 0.9912770015891633 0.9999240846659251 0.9999993408430966 0.9999999942899309 0.9999999999506499 0.9999999999995741 0.999999999999996 0.9999999999999997
495.0 0.9910853478427971 0.9999207121170952 0.9999992964338744 0.999999993771315 0.9999999999449851 0.9999999999995149 0.9999999999999956 0.9999999999999998
496.0 0.9908903009166146 0.9999172046056374 0.9999992492348492 0.9999999932080347 0.9999999999386976 0.999999999999448 0.999999999999995 1.0
497.0 0.9906918172305509 0.9999135573601552 0.9999991990839091 0.999999992596458 0.9999999999317216 0.9999999999993717 0.9999999999999942 1.0
498.0 0.9904898529221008 0.9999097654647335 0.9999991458103213 0.9999999919326761 0.9999999999239854 0.9999999999992852 0.9999999999999931 0.9999999999999998
499.0 0.9902843638483794 0.9999058238553916 0.9999990892343189 0.9999999912124835 0.9999999999154102 0.9999999999991874 0.999999999999992 0.9999999999999998
500.0 0.9900753055883614 0.9999017273164756 0.999999029166669 0.9999999904313563 0.9999999999059092 0.999999999999077 0.999999999999991 1.0
501.0 0.9898626334452069 0.9998974704769912 0.999998965408224 0.9999999895844298 0.9999999998953863 0.9999999999989518 0.9999999999999897 1.0
502.0 0.9896463024488619 0.9998930478068787 0.9999988977494547 0.9999999886664751 0.9999999998837372 0.9999999999988103 0.9999999999999881 1.0000000000000002
503.0 0.9894262673582221 0.9998884536132143 0.999998825969962 0.9999999876718734 0.9999999998708461 0.9999999999986499 0.9999999999999857 0.9999999999999998
504.0 0.9892024826639072 0.9998836820363631 0.9999987498379725 0.9999999865945899 0.9999999998565878 0.9999999999984692 0.9999999999999836 0.9999999999999999
505.0 0.9889749025906894 0.9998787270460555 0.9999986691098071 0.9999999854281433 0.9999999998408232 0.9999999999982653 0.9999999999999811 1.0
506.0 0.9887434811002989 0.9998735824374114 0.9999985835293331 0.9999999841655758 0.9999999998234005 0.9999999999980349 0.9999999999999781 0.9999999999999999
507.0 0.9885081718941247 0.9998682418268978 0.9999984928273943 0.9999999827994217 0.9999999998041539 0.9999999999977754 0.999999999999975 1.0000000000000002
508.0 0.9882689284159067 0.9998626986482165 0.9999983967212126 0.9999999813216702 0.9999999997829001 0.9999999999974823 0.9999999999999708 0.9999999999999999
509.0 0.9880257038547575 0.9998569461481416 0.9999982949137746 0.9999999797237322 0.9999999997594405 0.9999999999971525 0.9999999999999662 0.9999999999999999
510.0 0.9877784511481238 0.9998509773822822 0.9999981870931846 0.9999999779963978 0.9999999997335566 0.9999999999967809 0.999999999999961 0.9999999999999998
511.0 0.9875271229846053 0.9998447852107837 0.9999980729319987 0.9999999761297967 0.9999999997050093 0.9999999999963627 0.999999999999955 0.9999999999999998
512.0 0.9872716718072386 0.9998383622939689 0.9999979520865302 0.9999999741133537 0.9999999996735378 0.9999999999958925 0.9999999999999485 1.0
513.0 0.9870120498165867 0.9998317010879125 0.9999978241961269 0.9999999719357411 0.9999999996388559 0.9999999999953633 0.9999999999999405 0.9999999999999999
514.0 0.9867482089739197 0.9998247938399515 0.9999976888824242 0.9999999695848307 0.9999999996006518 0.9999999999947686 0.9999999999999315 0.9999999999999999
515.0 0.9864801010044836 0.9998176325841305 0.9999975457485653 0.9999999670476397 0.9999999995585847 0.9999999999941006 0.9999999999999213 0.9999999999999999
516.0 0.9862076774009555 0.9998102091365882 0.9999973943783941 0.9999999643102757 0.9999999995122825 0.9999999999933507 0.9999999999999096 1.0
517.0 0.9859308894268933 0.9998025150908765 0.9999972343356165 0.9999999613578767 0.9999999994613383 0.9999999999925087 0.9999999999998961 1.0
518.0 0.9856496881200428 0.9997945418132118 0.9999970651629316 0.9999999581745497 0.9999999994053095 0.9999999999915641 0.9999999999998807 1.0
519.0 0.9853640242961585 0.9997862804376735 0.9999968863811284 0.999999954743303 0.9999999993437126 0.999999999990505 0.9999999999998631 1.0000000000000002
520.0 0.9850738485524916 0.9997777218613281 0.999996697488149 0.9999999510459763 0.9999999992760203 0.999999999989318 0.9999999999998429 1.0
521.0 0.9847791112715131 0.9997688567392956 0.99999649795812 0.9999999470631663 0.9999999992016585 0.9999999999879883 0.9999999999998198 1.0
522.0 0.9844797626248215 0.9997596754797555 0.9999962872403445 0.9999999427741482 0.9999999991200015 0.9999999999864991 0.9999999999997935 1.0
523.0 0.9841757525767663 0.9997501682388794 0.9999960647582604 0.9999999381567911 0.9999999990303676 0.9999999999848325 0.9999999999997633 1.0
524.0 0.9838670308886356 0.9997403249157168 0.9999958299083589 0.9999999331874713 0.9999999989320153 0.9999999999829676 0.9999999999997286 0.9999999999999996
525.0 0.9835535471225141 0.9997301351470074 0.9999955820590669 0.9999999278409786 0.9999999988241384 0.9999999999808831 0.9999999999996897 0.9999999999999998
526.0 0.9832352506453235 0.999719588301931 0.9999953205495842 0.9999999220904163 0.9999999987058582 0.999999999978553 0.9999999999996454 1.0
527.0 0.9829120906330566 0.999708673476806 0.9999950446886857 0.9999999159070986 0.9999999985762202 0.9999999999759499 0.9999999999995948 1.0
528.0 0.9825840160749132 0.9996973794897175 0.9999947537534776 0.9999999092604395 0.9999999984341869 0.9999999999730427 0.9999999999995369 1.0
529.0 0.9822509757776721 0.9996856948750927 0.9999944469881116 0.9999999021178376 0.9999999982786312 0.9999999999697979 0.9999999999994714 1.0
530.0 0.9819129183698734 0.9996736078782055 0.999994123602452 0.9999998944445517 0.9999999981083282 0.9999999999661775 0.9999999999993966 0.9999999999999999
531.0 0.9815697923064748 0.9996611064496386 0.9999937827707015 0.9999998862035734 0.999999997921949 0.9999999999621402 0.9999999999993118 0.9999999999999999
532.0 0.9812215458731744 0.9996481782396707 0.9999934236299743 0.9999998773554877 0.9999999977180508 0.9999999999576399 0.9999999999992155 1.0
533.0 0.9808681271911142 0.9996348105926178 0.9999930452788248 0.9999998678583304 0.9999999974950676 0.9999999999526253 0.999999999999106 1.0
534.0 0.9805094842212528 0.9996209905411032 0.9999926467757246 0.9999998576674358 0.9999999972513018 0.9999999999470406 0.9999999999989821 1.0
535.0 0.9801455647694934 0.9996067048002947 0.9999922271374894 0.9999998467352755 0.9999999969849125 0.9999999999408233 0.9999999999988415 1.0000000000000002
536.0 0.9797763164911052 0.999591939762059 0.9999917853376517 0.99999983501129 0.9999999966939042 0.9999999999339048 0.9999999999986818 1.0
537.0 0.9794016868957129 0.9995766814890796 0.9999913203047831 0.9999998224417104 0.9999999963761158 0.9999999999262095 0.9999999999985012 1.0000000000000002
538.0 0.9790216233522379 0.9995609157089149 0.9999908309207566 0.9999998089693697 0.9999999960292058 0.9999999999176532 0.9999999999982963 1.0
539.0 0.9786360730939373 0.9995446278080078 0.9999903160189577 0.9999997945335073 0.9999999956506399 0.9999999999081447 0.9999999999980647 1.0000000000000002
540.0 0.9782449832232076 0.9995278028256254 0.9999897743824318 0.999999779069558 0.9999999952376744 0.9999999998975815 0.9999999999978023 0.9999999999999998
541.0 0.977848300717145 0.9995104254477838 0.9999892047419785 0.9999997625089361 0.9999999947873424 0.9999999998858526 0.9999999999975063 1.0
542.0 0.977445972432397 0.9994924800010819 0.9999886057741776 0.9999997447788012 0.9999999942964328 0.9999999998728338 0.9999999999971714 1.0
543.0 0.9770379451105871 0.9994739504465153 0.9999879760993596 0.999999725801819 0.9999999937614757 0.9999999998583897 0.999999999996793 1.0
544.0 0.9766241653836419 0.9994548203732311 0.9999873142795084 0.9999997054959048 0.9999999931787201 0.9999999998423708 0.9999999999963657 0.9999999999999998
545.0 0.9762045797792643 0.9994350729922418 0.9999866188161002 0.9999996837739564 0.9999999925441141 0.9999999998246134 0.9999999999958841 1.0000000000000002
546.0 0.9757791347262169 0.9994146911300792 0.9999858881478714 0.9999996605435698 0.9999999918532795 0.9999999998049355 0.9999999999953401 0.9999999999999999
547.0 0.975347776560131 0.9993936572224329 0.9999851206485267 0.9999996357067469 0.9999999911014914 0.9999999997831398 0.9999999999947272 1.0
548.0 0.9749104515291218 0.9993719533077252 0.9999843146243671 0.9999996091595814 0.9999999902836486 0.9999999997590073 0.9999999999940365 1.0
549.0 0.974467105799131 0.9993495610206364 0.9999834683118533 0.9999995807919341 0.999999989394248 0.999999999732299 0.9999999999932587 1.0000000000000002
550.0 0.9740176854602508 0.99932646158563 0.9999825798750916 0.9999995504870883 0.9999999884273526 0.9999999997027511 0.9999999999923829 1.0000000000000002
551.0 0.9735621365320245 0.9993026358103895 0.9999816474032482 0.9999995181213918 0.9999999873765617 0.9999999996700749 0.9999999999913969 0.9999999999999999
552.0 0.9731004049696828 0.9992780640792622 0.9999806689078858 0.999999483563879 0.9999999862349768 0.9999999996339546 0.9999999999902885 1.0000000000000002
553.0 0.9726324366700053 0.9992527263466429 0.9999796423202184 0.9999994466758727 0.9999999849951624 0.999999999594042 0.999999999989042 0.9999999999999999
554.0 0.9721581774773784 0.9992266021303368 0.9999785654882937 0.9999994073105716 0.9999999836491109 0.9999999995499572 0.9999999999876416 1.0
555.0 0.9716775731898009 0.9991996705048797 0.9999774361740864 0.9999993653126128 0.9999999821881985 0.9999999995012828 0.9999999999860685 1.0
556.0 0.9711905695652231 0.9991719100948476 0.999976252050514 0.9999993205176159 0.9999999806031419 0.9999999994475622 0.9999999999843023 0.9999999999999999
557.0 0.9706971123277008 0.9991432990681236 0.9999750106983646 0.9999992727517053 0.9999999788839512 0.9999999993882956 0.9999999999823206 1.0
558.0 0.9701971471736417 0.9991138151291401 0.9999737096031385 0.9999992218310082 0.9999999770198792 0.9999999993229358 0.9999999999800978 1.0
559.0 0.9696906197783356 0.999083435512112 0.9999723461518029 0.9999991675611302 0.9999999749993675 0.999999999250884 0.9999999999776055 1.0
560.0 0.9691774758021592 0.9990521369742246 0.9999709176294546 0.9999991097366054 0.9999999728099899 0.9999999991714853 0.9999999999748119 0.9999999999999996
561.0 0.9686576608973433 0.9990198957888347 0.9999694212158955 0.9999990481403243 0.9999999704383926 0.9999999990840259 0.9999999999716838 1.0
562.0 0.9681311207143155 0.998986687738618 0.9999678539821059 0.9999989825429262 0.9999999678702255 0.9999999989877226 0.9999999999681809 1.0
563.0 0.9675978009085174 0.9989524881087372 0.9999662128866322 0.9999989127021746 0.9999999650900767 0.9999999988817218 0.9999999999642604 0.9999999999999999
564.0 0.9670576471468473 0.9989172716799635 0.9999644947718735 0.999998838362298 0.9999999620813986 0.9999999987650917 0.9999999999598752 1.0000000000000002
565.0 0.9665106051147037 0.9988810127218218 0.9999626963602667 0.9999987592532986 0.9999999588264273 0.999999998636814 0.9999999999549712 1.0
566.0 0.9659566205226652 0.9988436849857073 0.9999608142503785 0.9999986750902367 0.9999999553061024 0.9999999984957793 0.9999999999494904 1.0
567.0 0.9653956391133025 0.9988052616979937 0.9999588449128879 0.9999985855724752 0.9999999514999766 0.9999999983407765 0.9999999999433673 1.0
568.0 0.9648276066683197 0.9987657155531617 0.9999567846864698 0.9999984903828962 0.9999999473861217 0.9999999981704857 0.9999999999365297 1.0
569.0 0.9642524690153208 0.9987250187068971 0.9999546297735705 0.9999983891870787 0.99999994294103 0.9999999979834683 0.9999999999288972 0.9999999999999999
570.0 0.9636701720350889 0.9986831427692218 0.9999523762360789 0.9999982816324432 0.999999938139507 0.9999999977781574 0.9999999999203816 1.0
571.0 0.9630806616685348 0.9986400587976025 0.9999500199908845 0.999998167347356 0.999999932954559 0.9999999975528465 0.9999999999108846 1.0000000000000002
572.0 0.9624838839241122 0.9985957372900989 0.9999475568053288 0.9999980459401956 0.9999999273572733 0.9999999973056773 0.9999999999002973 1.0000000000000002
573.0 0.9618797848846723 0.9985501481784754 0.9999449822925419 0.9999979169983793 0.9999999213166915 0.9999999970346283 0.9999999998884995 1.0
574.0 0.961268310715289 0.9985032608213968 0.9999422919066683 0.9999977800873474 0.9999999147996753 0.9999999967375006 0.999999999875359 1.0
575.0 0.9606494076701085 0.9984550439975597 0.9999394809379712 0.999997634749502 0.9999999077707623 0.9999999964119024 0.9999999998607287 1.0
576.0 0.9600230221000772 0.9984054658989101 0.9999365445078268 0.9999974805031044 0.999999900192016 0.9999999960552344 0.9999999998444468 1.0
577.0 0.9593891004602916 0.9983544941238477 0.9999334775635937 0.9999973168411221 0.999999892022864 0.9999999956646716 0.9999999998263343 1.0000000000000002
578.0 0.958747589317671 0.998302095670479 0.9999302748733662 0.9999971432300294 0.9999998832199283 0.9999999952371451 0.9999999998061933 0.9999999999999999
579.0 0.9580984353582571 0.9982482369298663 0.9999269310206028 0.9999969591085597 0.9999998737368468 0.9999999947693242 0.9999999997838069 1.0000000000000002
580.0 0.9574415853951014 0.9981928836793474 0.9999234403986312 0.9999967638863996 0.9999998635240788 0.9999999942575909 0.999999999758934 0.9999999999999999
581.0 0.9567769863758343 0.9981360010758692 0.9999197972050317 0.9999965569428392 0.9999998525287074 0.9999999936980218 0.9999999997313109 1.0
582.0 0.9561045853904026 0.9980775536493605 0.9999159954358875 0.9999963376253567 0.9999998406942222 0.9999999930863593 0.999999999700645 0.9999999999999998
583.0 0.9554243296790369 0.998017505296172 0.9999120288799161 0.9999961052481543 0.9999998279602961 0.9999999924179888 0.9999999996666163 1.0000000000000002
584.0 0.9547361666397008 0.9979558192725044 0.9999078911124585 0.9999958590906268 0.9999998142625425 0.9999999916879053 0.9999999996288697 0.9999999999999999
585.0 0.954040043836366 0.9978924581879627 0.9999035754893529 0.9999955983957788 0.9999997995322676 0.9999999908906889 0.9999999995870175 1.0000000000000002
586.0 0.9533359090067643 0.9978273839991045 0.9998990751406619 0.9999953223685678 0.9999997836961979 0.9999999900204665 0.9999999995406309 1.0000000000000002
587.0 0.9526237100704605 0.9977605580030773 0.999894382964276 0.9999950301741906 0.9999997666762017 0.9999999890708795 0.9999999994892395 1.0
588.0 0.9519033951366802 0.997691940831284 0.9998894916193768 0.9999947209362978 0.9999997483889895 0.9999999880350453 0.9999999994323264 1.0000000000000002
589.0 0.9511749125126793 0.9976214924431615 0.9998843935197668 0.9999943937351398 0.999999728745798 0.9999999869055157 0.999999999369323 1.0
590.0 0.9504382107116438 0.9975491721199782 0.9998790808270605 0.9999940476056411 0.9999997076520598 0.9999999856742348 0.9999999992996054 0.9999999999999998
591.0 0.9496932384609442 0.9974749384587341 0.9998735454437391 0.999993681535402 0.9999996850070516 0.9999999843324917 0.9999999992224892 1.0
592.0 0.9489399447103283 0.997398749366123 0.9998677790060614 0.9999932944626186 0.9999996607035225 0.9999999828708689 0.9999999991372219 1.0000000000000002
593.0 0.9481782786401506 0.9973205620525789 0.9998617728768402 0.9999928852739317 0.9999996346273062 0.9999999812791909 0.999999999042979 0.9999999999999998
594.0 0.9474081896697217 0.9972403330264118 0.9998555181380736 0.9999924528021898 0.9999996066569088 0.9999999795464667 0.9999999989388572 0.9999999999999999
595.0 0.9466296274655052 0.9971580180880093 0.9998490055834326 0.999991995824128 0.9999995766630728 0.999999977660826 0.9999999988238651 1.0
596.0 0.945842541949663 0.9970735723241659 0.9998422257106092 0.999991513057963 0.9999995445083225 0.9999999756094555 0.9999999986969171 0.9999999999999999
597.0 0.9450468833083593 0.9969869501024784 0.9998351687135194 0.9999910031608995 0.9999995100464816 0.9999999733785284 0.9999999985568248 1.0
598.0 0.9442426020000874 0.9968981050658366 0.9998278244743575 0.9999904647265431 0.9999994731221645 0.9999999709531274 0.9999999984022856 0.9999999999999999
599.0 0.9434296487643459 0.9968069901270575 0.9998201825555131 0.9999898962822227 0.9999994335702458 0.9999999683171673 0.9999999982318765 1.0000000000000002
600.0 0.9426079746301089 0.996713557463596 0.9998122321913334 0.9999892962862111 0.9999993912152935 0.9999999654533047 0.9999999980440376 0.9999999999999997
601.0 0.9417775309242371 0.9966177585123666 0.9998039622797479 0.9999886631248553 0.9999993458709839 0.9999999623428522 0.9999999978370674 1.0
602.0 0.9409382692802204 0.9965195439647049 0.9997953613737369 0.999987995109592 0.9999992973394729 0.9999999589656732 0.9999999976091019 1.0
603.0 0.9400901416465012 0.9964188637614103 0.9997864176726602 0.9999872904738706 0.9999992454107471 0.9999999553000831 0.9999999973581067 1.0000000000000002
604.0 0.9392331002955797 0.9963156670879956 0.9997771190134387 0.9999865473699615 0.9999991898619345 0.999999951322735 0.9999999970818596 1.0000000000000002
605.0 0.9383670978321058 0.9962099023699462 0.9997674528615806 0.9999857638656545 0.9999991304565815 0.9999999470085 0.9999999967779335 1.0
606.0 0.9374920872020265 0.996101517268238 0.9997574063020713 0.9999849379408461 0.9999990669438953 0.9999999423303423 0.9999999964436802 1.0
607.0 0.9366080217009861 0.9959904586749004 0.9997469660301063 0.9999840674840075 0.9999989990579456 0.9999999372591817 0.9999999960762105 1.0
608.0 0.9357148549833282 0.9958766727087939 0.9997361183416834 0.9999831502885341 0.9999989265168279 0.9999999317637499 0.999999995672373 1.0
609.0 0.9348125410705755 0.9957601047114705 0.9997248491240435 0.999982184048973 0.9999988490217848 0.9999999258104372 0.9999999952287324 0.9999999999999997
610.0 0.9339010343603299 0.995640699243236 0.999713143845968 0.9999811663571244 0.9999987662562859 0.999999919363129 0.9999999947415459 1.0
611.0 0.9329802896351365 0.9955184000793612 0.9997009875479275 0.9999800946980115 0.9999986778850568 0.9999999123830292 0.9999999942067342 1.0
612.0 0.9320502620712324 0.9953931502064441 0.999688364832088 0.9999789664457235 0.9999985835530688 0.9999999048284778 0.999999993619857 1.0
613.0 0.9311109072473032 0.995264891818932 0.9996752598521683 0.9999777788591188 0.9999984828844735 0.9999998966547512 0.99999999297608 1.0
614.0 0.9301621811534282 0.9951335663158412 0.999661656303157 0.9999765290773912 0.9999983754814887 0.9999998878138536 0.9999999922701425 0.9999999999999998
615.0 0.9292040401999477 0.9949991142976419 0.9996475374108852 0.9999752141154961 0.9999982609232317 0.9999998782542937 0.9999999914963231 0.9999999999999998
616.0 0.928236441226112 0.9948614755632892 0.9996328859214538 0.9999738308594283 0.9999981387644945 0.9999998679208469 0.9999999906484002 1.0000000000000002
617.0 0.9272593415094064 0.9947205891075356 0.9996176840905283 0.9999723760613529 0.9999980085344633 0.9999998567543034 0.9999999897196102 1.0
618.0 0.9262726987739025 0.9945763931182957 0.9996019136724834 0.9999708463345874 0.999997869735379 0.9999998446912015 0.9999999887026056 1.0000000000000004
619.0 0.9252764711996342 0.9944288249743489 0.9995855559094192 0.9999692381484231 0.9999977218411316 0.9999998316635422 0.9999999875894043 1.0
620.0 0.9242706174310898 0.9942778212431169 0.999568591520034 0.999967547822794 0.999997564295795 0.99999981759849 0.9999999863713416 1.0
621.0 0.9232550965864563 0.9941233176787516 0.999551000688367 0.9999657715227788 0.9999973965120881 0.99999980241805 0.9999999850390109 0.9999999999999999
622.0 0.9222298682663332 0.9939652492203584 0.9995327630524059 0.9999639052529421 0.9999972178697712 0.9999997860387309 0.9999999835822079 1.0
623.0 0.921194892562665 0.9938035499904617 0.9995138576925622 0.9999619448515031 0.9999970277139667 0.9999997683711835 0.9999999819898635 0.9999999999999999
624.0 0.9201501300677154 0.9936381532937 0.9994942631200234 0.9999598859843369 0.9999968253534055 0.9999997493198222 0.9999999802499783 1.0000000000000004
625.0 0.9190955418829005 0.9934689916157191 0.9994739572649706 0.999957724138794 0.9999966100585923 0.9999997287824158 0.9999999783495443 0.9999999999999998
626.0 0.9180310896277113 0.9932959966223148 0.9994529174646821 0.99995545461735 0.9999963810598965 0.999999706649667 0.9999999762744719 0.9999999999999998
627.0 0.9169567354487506 0.9931190991588212 0.9994311204515094 0.9999530725310642 0.9999961375455493 0.9999996828047526 0.9999999740094989 1.0
628.0 0.9158724420283264 0.9929382292496707 0.9994085423407312 0.9999505727928572 0.9999958786595594 0.9999996571228468 0.9999999715381016 1.0
629.0 0.9147781725935626 0.9927533160982811 0.9993851586183028 0.9999479501105996 0.9999956034995373 0.9999996294706136 0.9999999688423974 0.9999999999999999
630.0 0.9136738909252298 0.9925642880871466 0.9993609441284859 0.9999451989800082 0.9999953111144247 0.9999995997056702 0.999999965903039 0.9999999999999999
631.0 0.912559561366564 0.9923710727781803 0.9993358730613698 0.9999423136773452 0.9999950005021265 0.9999995676760184 0.9999999626991017 1.0000000000000002
632.0 0.9114351488321126 0.9921735969133194 0.9993099189402885 0.9999392882519188 0.9999946706070416 0.9999995332194446 0.9999999592079629 1.0000000000000002
633.0 0.9103006188166073 0.9919717864154006 0.9992830546091364 0.9999361165183832 0.999994320317491 0.9999994961628855 0.9999999554051726 0.9999999999999998
634.0 0.9091559374037322 0.9917655663892874 0.9992552522195866 0.9999327920488333 0.9999939484630388 0.9999994563217609 0.9999999512643171 1.0000000000000002
635.0 0.9080010712748214 0.991554861123252 0.999226483218207 0.9999293081646853 0.9999935538116957 0.9999994134992609 0.9999999467568669 1.0000000000000002
636.0 0.9068359877178485 0.9913395940906965 0.9991967183335031 0.9999256579283536 0.9999931350670151 0.9999993674856037 0.9999999418520221 1.0000000000000002
637.0 0.9056606546359488 0.9911196879520682 0.9991659275628583 0.9999218341347068 0.9999926908650649 0.9999993180572451 0.9999999365165413 1.0
638.0 0.9044750405563113 0.9908950645571311 0.9991340801594044 0.9999178293023074 0.9999922197712766 0.9999992649760471 0.9999999307145603 0.9999999999999999
639.0 0.9032791146386947 0.9906656449474623 0.9991011446188091 0.9999136356644315 0.9999917202771696 0.9999992079884016 0.9999999244073996 0.9999999999999999
640.0 0.9020728466843044 0.9904313493593128 0.9990670886659992 0.9999092451598618 0.9999911907969408 0.9999991468243046 0.9999999175533566 0.9999999999999999
641.0 0.9008562071441624 0.9901920972266736 0.9990318792418075 0.9999046494234561 0.9999906296639204 0.9999990811963821 0.9999999101074851 0.9999999999999999
642.0 0.8996291671279633 0.9899478071847442 0.9989954824895715 0.9998998397764854 0.9999900351268883 0.9999990107988631 0.9999999020213599 0.9999999999999999
643.0 0.8983916984124217 0.9896983970736125 0.9989578637416644 0.999894807216738 0.9999894053462449 0.999998935306498 0.999999893242825 0.9999999999999999
644.0 0.8971437734499277 0.9894437839423109 0.9989189875059857 0.9998895424083907 0.9999887383900339 0.9999988543734194 0.9999998837157252 1.0
645.0 0.8958853653770772 0.9891838840531705 0.9988788174524059 0.9998840356716411 0.9999880322298108 0.9999987676319436 0.9999998733796202 1.0
646.0 0.8946164480229498 0.9889186128864471 0.9988373163991671 0.9998782769720995 0.9999872847363555 0.9999986746913094 0.9999998621694796 1.0000000000000002
647.0 0.8933369959176 0.9886478851453201 0.998794446299258 0.9998722559099376 0.9999864936752187 0.9999985751363496 0.999999850015357 0.9999999999999998
648.0 0.8920469843005094 0.9883716147612212 0.9987501682267707 0.9998659617087968 0.9999856567021074 0.9999984685260995 0.9999998368420471 1.0000000000000002
649.0 0.8907463891287298 0.988089714899429 0.9987044423632199 0.9998593832044413 0.9999847713580878 0.9999983543923249 0.9999998225687118 1.0000000000000002
650.0 0.8894351870852848 0.9878020979650683 0.9986572279838717 0.9998525088331709 0.999983835064622 0.9999982322379848 0.9999998071084926 1.0
651.0 0.8881133555872636 0.9875086756093852 0.9986084834440533 0.9998453266199776 0.9999828451184148 0.9999981015356108 0.9999997903680913 1.0
652.0 0.8867808727941203 0.9872093587364174 0.9985581661654755 0.999837824166452 0.9999817986860768 0.9999979617256063 0.9999997722473258 1.0
653.0 0.8854377176157056 0.9869040575099621 0.9985062326225591 0.9998299886384335 0.9999806927985934 0.9999978122144617 0.9999997526386588 1.0
654.0 0.8840838697202479 0.9865926813608901 0.99845263832878 0.9998218067534085 0.9999795243455972 0.9999976523728811 0.9999997314266957 1.0
655.0 0.8827193095425284 0.986275138994863 0.9983973378230471 0.9998132647676469 0.9999782900694365 0.9999974815338155 0.9999997084876515 0.9999999999999999
656.0 0.8813440182915355 0.985951338400302 0.9983402846561008 0.9998043484630847 0.9999769865590374 0.9999972989904035 0.9999996836887858 1.0
657.0 0.87995797795869 0.9856211868568533 0.9982814313769749 0.9997950431339468 0.9999756102435493 0.9999971039938076 0.9999996568878 1.0000000000000002
658.0 0.8785611713253757 0.9852845909440674 0.998220729519485 0.9997853335731065 0.9999741573857731 0.999996895750949 0.9999996279322001 1.0
659.0 0.8771535819706613 0.9849414565504993 0.9981581295887911 0.9997752040581911 0.9999726240753672 0.9999966734221369 0.9999995966586219 1.0000000000000002
660.0 0.875735194279247 0.9845916888832387 0.9980935810480326 0.9997646383374209 0.9999710062218179 0.9999964361185784 0.9999995628921102 1.0000000000000002
661.0 0.8743059934487568 0.9842351924776709 0.9980270323050242 0.9997536196151908 0.9999692995471794 0.9999961828997779 0.9999995264453604 1.0000000000000002
662.0 0.8728659654973808 0.983871871207703 0.9979584306990518 0.9997421305373893 0.9999674995785699 0.9999959127708113 0.9999994871179109 1.0
663.0 0.8714150972714036 0.9835016282963559 0.9978877224877648 0.9997301531764592 0.9999656016404228 0.9999956246794762 0.99999944469529 1.0
664.0 0.8699533764524477 0.9831243663266728 0.9978148528341639 0.9997176690161946 0.9999636008464826 0.9999953175133075 0.9999993989481107 1.0
665.0 0.8684807915648103 0.9827399872530487 0.9977397657937127 0.9997046589362812 0.9999614920915456 0.9999949900964594 0.9999993496311127 0.9999999999999999
666.0 0.8669973319827647 0.9823483924129477 0.997662404301578 0.9996911031965795 0.9999592700429372 0.9999946411864471 0.9999992964821508 0.9999999999999999
667.0 0.8655029879374881 0.981949482538922 0.9975827101599899 0.999676981421145 0.9999569291317162 0.9999942694707373 0.9999992392211211 1.0
668.0 0.863997750524325 0.9815431577711211 0.9975006240257698 0.9996622725819994 0.9999544635436082 0.9999938735631911 0.9999991775488286 1.0
669.0 0.8624816117095941 0.981129317670087 0.9974160853979975 0.9996469549826434 0.9999518672096563 0.9999934520003471 0.9999991111457889 1.0
670.0 0.8609545643375568 0.9807078612299969 0.9973290326058567 0.9996310062413197 0.9999491337965865 0.999993003237541 0.9999990396709618 1.0
671.0 0.8594166021370095 0.9802786868922118 0.9972394027966434 0.9996144032740225 0.9999462566968793 0.9999925256448571 0.9999989627604138 1.0
672.0 0.857867719728283 0.9798416925593505 0.997147131923994 0.9995971222772674 0.9999432290185477 0.9999920175029039 0.9999988800259068 1.0
673.0 0.8563079126294878 0.9793967756095641 0.9970521547362726 0.999579138710607 0.999940043574608 0.9999914769984083 0.9999987910534062 1.0
674.0 0.8547371772632054 0.97894383291135 0.9969544047652044 0.9995604272789135 0.9999366928722451 0.999990902219623 0.999998695401509 1.0
675.0 0.8531555109628342 0.9784827608386828 0.9968538143147156 0.9995409619144189 0.9999331691016623 0.999990291151538 0.9999985925997832 0.9999999999999998
676.0 0.8515629119788819 0.9780134552865493 0.996750314450015 0.9995207157585256 0.9999294641246148 0.9999896416708969 0.9999984821470218 1.0000000000000002
677.0 0.8499593794851154 0.9775358116868544 0.9966438349869129 0.9994996611433803 0.9999255694626134 0.9999889515409971 0.9999983635093941 1.0
678.0 0.8483449135846521 0.9770497250247346 0.9965343044814092 0.99947776957323 0.9999214762848043 0.9999882184062862 0.9999982361185071 1.0000000000000002
679.0 0.8467195153159494 0.9765550898552557 0.9964216502195472 0.9994550117055536 0.9999171753955113 0.9999874397867305 0.9999980993693576 1.0000000000000002
680.0 0.8450831866586048 0.9760518003204772 0.9963057982075468 0.9994313573319779 0.9999126572214382 0.9999866130719597 0.9999979526181777 1.0000000000000002
681.0 0.8434359305392544 0.9755397501669651 0.9961866731622464 0.9994067753589863 0.999907911798527 0.9999857355151731 0.9999977951801671 0.9999999999999999
682.0 0.8417777508369986 0.9750188327635841 0.996064198501829 0.9993812337884211 0.9999029287584685 0.9999848042268088 0.999997626327109 0.9999999999999999
683.0 0.8401086523890792 0.9744889411197841 0.9959382963368911 0.999354699697789 0.9998976973148558 0.9999838161679574 0.9999974452848592 1.0000000000000002
684.0 0.8384286409962017 0.9739499679041994 0.995808887461828 0.9993271392203738 0.9998922062489805 0.9999827681435219 0.9999972512307079 1.0
685.0 0.8367377234278295 0.9734018054636615 0.9956758913465744 0.9992985175251698 0.9998864438952696 0.9999816567951147 0.99999704329061 1.0000000000000002
686.0 0.8350359074274324 0.9728443458426143 0.9955392261287022 0.9992687987966331 0.9998803981263499 0.9999804785936768 0.9999968205362688 1.0
687.0 0.8333232017173858 0.9722774808028407 0.9953988086058781 0.9992379462142665 0.9998740563377471 0.9999792298318225 0.9999965819820805 1.0
688.0 0.8315996160039041 0.9717011018436146 0.9952545542287122 0.9992059219320414 0.999867405432205 0.9999779066158916 0.9999963265819204 0.9999999999999999
689.0 0.8298651609819766 0.9711151002222771 0.9951063770940174 0.9991726870576737 0.9998604318036339 0.9999765048577088 0.999996053225775 1.0000000000000002
690.0 0.8281198483398159 0.9705193669750641 0.9949541899384456 0.999138201631746 0.9998531213206688 0.9999750202660354 0.9999957607362043 1.0
691.0 0.8263636907635051 0.9699137929384187 0.9947979041325771 0.9991024246067058 0.9998454593098518 0.9999734483377121 0.9999954478646367 0.9999999999999999
692.0 0.8245967019413957 0.9692982687706331 0.9946374296754349 0.9990653138257359 0.9998374305384226 0.9999717843484804 0.9999951132874818 1.0
693.0 0.8228188965682565 0.9686726849738163 0.9944726751894359 0.9990268260015075 0.9998290191967192 0.9999700233434724 0.9999947556020573 1.0000000000000002
694.0 0.8210302903494928 0.9680369319162987 0.9943035479158245 0.9989869166948351 0.9998202088801886 0.9999681601273666 0.9999943733223232 1.0000000000000002
695.0 0.8192309000051134 0.9673908998553573 0.9941299537105709 0.9989455402932388 0.9998109825710038 0.9999661892541974 0.9999939648744152 0.9999999999999999
696.0 0.8174207432735642 0.9667344789603005 0.9939517970407576 0.9989026499894247 0.9998013226192841 0.9999641050168112 0.9999935285919692 1.0
697.0 0.8155998389154233 0.966067559335906 0.9937689809814669 0.9988581977596944 0.999791210723917 0.999961901435957 0.9999930627112267 0.9999999999999999
698.0 0.8137682067169628 0.9653900310462147 0.9935814072131852 0.9988121343423032 0.9997806279129864 0.9999595722490108 0.9999925653659194 1.0
699.0 0.8119258674934517 0.964701784138625 0.9933889760197214 0.9987644092157681 0.9997695545237973 0.9999571108983167 0.9999920345819165 1.0
700.0 0.8100728430926714 0.9640027086684654 0.9931915862867041 0.998714970577157 0.9997579701825072 0.9999545105191444 0.9999914682716337 1.0
